-2.197273731231689453e+00,-3.877168893814086914e-01,7.330770492553710938e-01
2.223344802856445312e+00,6.190770864486694336e-01,4.617660343647003174e-01
2.480661720037460327e-01,-8.442778587341308594e-01,8.675733804702758789e-01
2.385184764862060547e-01,1.081224918365478516e+00,2.380795180797576904e-01
-1.175593495368957520e+00,-1.494919300079345703e+00,3.302335739135742188e-02
-7.896566390991210938e-01,3.003925979137420654e-01,1.158601641654968262e+00
1.041567921638488770e+00,3.655745983123779297e-01,1.334973335266113281e+00
1.304522395133972168e+00,-3.435079455375671387e-01,1.016540527343750000e-01
1.316805601119995117e+00,1.466046810150146484e+00,7.368800044059753418e-01
-1.102252840995788574e+00,-3.500235676765441895e-01,2.363371849060058594e-01
-1.302194148302078247e-01,1.164861246943473816e-01,2.303943634033203125e-01
-7.903918027877807617e-01,-9.787628650665283203e-01,9.774694442749023438e-01
8.938781172037124634e-02,7.539547681808471680e-01,1.182680606842041016e+00
1.118257522583007812e+00,6.553725004196166992e-01,2.369848638772964478e-01
-1.837881922721862793e+00,-1.343577861785888672e+00,7.035174369812011719e-01
-1.883675813674926758e+00,1.132539361715316772e-01,2.905035018920898438e-02
-3.883758559823036194e-02,-1.806578040122985840e-01,1.395936012268066406e+00
1.631378650665283203e+00,-1.440339088439941406e-01,9.129142761230468750e-01
-3.324942290782928467e-01,-1.109657287597656250e+00,2.371206581592559814e-01
-1.000161051750183105e+00,5.163259506225585938e-01,3.365240395069122314e-01
-1.579388380050659180e+00,1.986737400293350220e-01,8.363056182861328125e-01
1.711540699005126953e+00,7.615950703620910645e-01,1.123696327209472656e+00
8.813095092773437500e-01,-3.948539793491363525e-01,1.072379469871520996e+00
5.122958421707153320e-01,-3.497741222381591797e-01,2.310724258422851562e-01
9.549922943115234375e-01,1.387056827545166016e+00,4.295532032847404480e-02
-1.483856439590454102e+00,-5.861420035362243652e-01,9.552407264709472656e-01
8.182700872421264648e-01,1.062075138092041016e+00,1.116942405700683594e+00
-3.482048809528350830e-01,8.312988281250000000e-01,5.923323035240173340e-01
-1.698900818824768066e+00,-8.218901753425598145e-01,2.569284439086914062e-01
1.951196193695068359e+00,2.593994167909841053e-06,3.151159584522247314e-01
5.123446583747863770e-01,3.498074114322662354e-01,2.317614555358886719e-01
1.707098007202148438e+00,1.073817372322082520e+00,3.538308143615722656e-01
-6.300842761993408203e-01,-3.789889514446258545e-01,1.127289772033691406e+00
-1.218655109405517578e+00,-1.485492229461669922e+00,7.315812706947326660e-01
4.558375477790832520e-01,1.792882829904556274e-01,1.437870025634765625e+00
2.103655815124511719e+00,3.159695267677307129e-01,9.706710577011108398e-01
-5.024169757962226868e-02,-5.836961269378662109e-01,2.302575111389160156e-01
7.823750972747802734e-01,1.322550773620605469e+00,6.136018037796020508e-01
-2.351031452417373657e-01,-7.518377304077148438e-01,1.198999881744384766e+00
-2.896566689014434814e-01,3.636357486248016357e-01,1.364994049072265625e+00
8.834981918334960938e-01,-5.887460708618164062e-01,5.481504797935485840e-01
-6.145603656768798828e-01,-5.838600993156433105e-01,2.322506904602050781e-01
9.988327026367187500e-01,1.166044771671295166e-01,2.369832992553710938e-01
-1.119674682617187500e+00,-1.935770064592361450e-01,9.944663047790527344e-01
-9.482659697532653809e-01,-1.057701945304870605e+00,2.434463500976562500e-01
1.633317947387695312e+00,5.203901529312133789e-01,2.765835523605346680e-01
2.389703243970870972e-01,1.070031166076660156e+00,7.687878012657165527e-01
1.920248985290527344e+00,1.165573954582214355e+00,8.521239757537841797e-01
-2.154229640960693359e+00,-8.678629994392395020e-01,5.270686149597167969e-01
-2.006130695343017578e+00,8.046233654022216797e-02,5.347393751144409180e-01
-1.946785688400268555e+00,-3.510219752788543701e-01,2.570080757141113281e-01
-3.334467113018035889e-01,-1.092780113220214844e+00,7.664356827735900879e-01
-6.932406425476074219e-01,1.164934709668159485e-01,2.300610542297363281e-01
-1.478936076164245605e+00,3.076992034912109375e-01,2.754653990268707275e-01
4.630685448646545410e-01,-3.640756011009216309e-01,1.358308315277099609e+00
3.014465235173702240e-02,5.837371349334716797e-01,2.309255599975585938e-01
-7.747912406921386719e-01,6.190176010131835938e-01,7.603352069854736328e-01
-1.628112435340881348e+00,-1.298932790756225586e+00,2.526712417602539062e-01
1.381426095962524414e+00,1.155450820922851562e+00,1.098054409027099609e+00
-5.334985256195068359e-01,5.836942791938781738e-01,2.302789688110351562e-01
5.292366147041320801e-01,7.308387756347656250e-01,1.361013412475585938e+00
1.353267431259155273e+00,-3.712682723999023438e-01,5.730186104774475098e-01
6.778903007507324219e-01,8.196348547935485840e-01,2.369832992553710938e-01
-3.564237952232360840e-01,6.856961250305175781e-01,1.034033894538879395e+00
1.471170663833618164e+00,1.872165650129318237e-01,1.191740036010742188e+00
4.518668949604034424e-01,-7.781310081481933594e-01,4.588033854961395264e-01
-6.948624849319458008e-01,-1.277274131774902344e+00,5.526647567749023438e-01
1.336218595504760742e+00,1.384460449218750000e+00,2.961007654666900635e-01
-1.745511054992675781e+00,-9.410632848739624023e-01,8.727799654006958008e-01
-1.285347104072570801e+00,-9.847695827484130859e-01,9.405083656311035156e-01
1.269779205322265625e+00,7.484216690063476562e-01,1.225360393524169922e+00
4.874383658170700073e-02,-9.491338729858398438e-01,4.450359940528869629e-01
-1.135472536087036133e+00,3.924067616462707520e-01,9.191718101501464844e-01
1.496424794197082520e+00,1.167529299855232239e-01,2.462277412414550781e-01
-1.518431782722473145e+00,-1.168349459767341614e-01,2.512826919555664062e-01
-4.845762550830841064e-01,1.487731879024067894e-06,1.279164791107177734e+00
8.396702408790588379e-01,1.258850033991620876e-06,1.376390933990478516e+00
2.107477664947509766e+00,7.951157093048095703e-01,8.669241070747375488e-01
-9.861739277839660645e-01,-5.821385979652404785e-01,9.965639114379882812e-01
-1.627030611038208008e+00,-1.956208795309066772e-01,9.309949874877929688e-01
-1.100753784179687500e+00,1.165568903088569641e-01,2.340707778930664062e-01
-1.277019977569580078e+00,-8.216798901557922363e-01,2.550463676452636719e-01
1.713530182838439941e+00,1.422100543975830078e+00,5.594148039817810059e-01
1.093639254570007324e+00,1.058333158493041992e+00,2.477779388427734375e-01
6.050266623497009277e-01,1.243554115295410156e+00,2.326364070177078247e-01
9.175363183021545410e-01,-3.498103916645050049e-01,2.319674491882324219e-01
8.703399449586868286e-02,-5.512339472770690918e-01,1.315342426300048828e+00
1.903835982084274292e-01,-1.165112778544425964e-01,2.305908203125000000e-01
1.217452406883239746e+00,-1.899493038654327393e-01,1.106983184814453125e+00
5.733056068420410156e-01,-6.231766939163208008e-01,9.823611378669738770e-01
1.981331825256347656e+00,2.212524350397870876e-06,7.067455649375915527e-01
1.640256881713867188e+00,-1.727603524923324585e-01,3.714050352573394775e-02
2.071425437927246094e+00,9.648904204368591309e-01,3.693618774414062500e-01
8.520004153251647949e-02,3.600550889968872070e-01,1.420665264129638672e+00
4.243710339069366455e-01,9.620106816291809082e-01,1.080544471740722656e+00
-1.382788181304931641e+00,-1.578156948089599609e+00,4.115234315395355225e-01
-1.042378783226013184e+00,-1.438364505767822266e+00,4.161626994609832764e-01
1.775766730308532715e+00,3.800573348999023438e-01,1.110551834106445312e+00
-1.474777758121490479e-01,8.984394073486328125e-01,2.453045547008514404e-01
-2.239482879638671875e+00,-5.391552448272705078e-01,4.057827591896057129e-01
1.953569293022155762e+00,3.561879992485046387e-01,3.638243675231933594e-01
-1.967343688011169434e+00,-1.060871720314025879e+00,2.651681900024414062e-01
9.231055974960327148e-01,7.385047674179077148e-01,1.301867008209228516e+00
1.426204204559326172e+00,8.232624530792236328e-01,2.690334320068359375e-01
2.196472644805908203e+00,3.099802732467651367e-01,6.235403418540954590e-01
-9.031748771667480469e-01,-1.284396886825561523e+00,8.572564721107482910e-01
-1.233968973159790039e+00,4.161291122436523438e-01,5.673485994338989258e-01
-8.697875738143920898e-01,-1.361486911773681641e+00,1.027462780475616455e-01
-1.476428210735321045e-01,8.915772438049316406e-01,8.604601621627807617e-01
-8.309912681579589844e-01,6.986751556396484375e-01,1.085851669311523438e+00
-3.713162243366241455e-01,-3.497196435928344727e-01,2.301278114318847656e-01
-1.406441450119018555e+00,1.215931326150894165e-01,5.466241836547851562e-01
-1.953779220581054688e+00,-8.130561560392379761e-02,8.251653909683227539e-01
1.573968172073364258e+00,1.390465021133422852e+00,9.401464462280273438e-01
-2.188265323638916016e+00,-7.752761989831924438e-02,3.003588914871215820e-01
-2.934396266937255859e-01,-3.683897256851196289e-01,1.291568279266357422e+00
1.603869318962097168e+00,-2.596426010131835938e-01,3.554110527038574219e-01
1.246550559997558594e+00,3.500532507896423340e-01,2.369832992553710938e-01
1.116443037986755371e+00,-4.632534980773925781e-01,7.844131588935852051e-01
4.829974845051765442e-02,1.004224777221679688e+00,5.078449845314025879e-01
1.419083237648010254e+00,-4.888343811035156250e-02,6.801461577415466309e-01
6.117646694183349609e-01,1.179443359375000000e+00,8.904334902763366699e-01
4.233905673027038574e-01,1.170225143432617188e+00,4.950691163539886475e-01
-1.424349248409271240e-01,-1.107114315032958984e+00,1.030961275100708008e+00
-1.523855090141296387e+00,-1.198262810707092285e+00,8.793640136718750000e-01
-8.205127716064453125e-01,-9.956514090299606323e-02,1.080927371978759766e+00
-2.022092342376708984e+00,-7.268813848495483398e-01,2.580575644969940186e-01
2.714236378669738770e-01,-5.837048888206481934e-01,2.304477691650390625e-01
9.665307402610778809e-01,1.341000556945800781e+00,8.734436035156250000e-01
1.049901962280273438e+00,1.441715359687805176e+00,4.195028543472290039e-01
7.109422087669372559e-01,3.612822890281677246e-01,1.401517391204833984e+00
-1.733825325965881348e+00,2.017555236816406250e-01,4.378878772258758545e-01
6.651449203491210938e-01,-6.715621948242187500e-01,2.557525634765625000e-01
-4.447441101074218750e-01,-9.700263738632202148e-01,1.031243324279785156e+00
2.082630842924118042e-01,1.325607286162266973e-06,1.435207843780517578e+00
5.021652206778526306e-02,-7.663998603820800781e-01,1.090287089347839355e+00
-1.559662461280822754e+00,1.137107089161872864e-01,5.735349655151367188e-02
-1.713705539703369141e+00,-1.485146403312683105e+00,4.650709331035614014e-01
-1.450885176658630371e+00,-1.059668660163879395e+00,2.569284439086914062e-01
-3.732893168926239014e-01,-8.189319968223571777e-01,2.308230400085449219e-01
-1.524358749389648438e+00,-5.858435034751892090e-01,2.569284439086914062e-01
-1.284075856208801270e+00,-1.324188232421875000e+00,2.450732439756393433e-01
-1.404712677001953125e+00,1.602172801540291402e-06,9.613909721374511719e-01
-6.192469596862792969e-01,-1.056397080421447754e+00,2.345004081726074219e-01
1.367027878761291504e+00,-3.038659095764160156e-01,8.853039145469665527e-01
-1.948881626129150391e+00,-7.375720143318176270e-01,8.346176147460937500e-01
2.014429807662963867e+00,5.760183334350585938e-01,1.059633731842041016e+00
3.484681546688079834e-01,-5.639755725860595703e-01,1.183946132659912109e+00
3.531338274478912354e-01,8.190616369247436523e-01,2.318711280822753906e-01
-7.795846462249755859e-01,-8.194209337234497070e-01,2.350988388061523438e-01
-7.739317417144775391e-01,6.260933876037597656e-01,4.722233414649963379e-01
1.112649083137512207e+00,-4.854702949523925781e-01,4.124859571456909180e-01
-2.043708324432373047e+00,-1.053493976593017578e+00,7.135549783706665039e-01
1.162831068038940430e+00,-1.166044622659683228e-01,2.369832992553710938e-01
8.384451270103454590e-01,5.842331647872924805e-01,2.369832992553710938e-01
7.541223168373107910e-01,-1.165217161178588867e-01,2.318363189697265625e-01
-9.371406435966491699e-01,-1.165474504232406616e-01,2.334461212158203125e-01
-3.713258206844329834e-01,3.497285842895507812e-01,2.303137779235839844e-01
-9.403602480888366699e-01,-5.841280221939086914e-01,2.357091903686523438e-01
-7.753062248229980469e-01,-3.498579561710357666e-01,2.328410148620605469e-01
1.905996650457382202e-01,3.498028516769409180e-01,2.310495376586914062e-01
-5.318307280540466309e-01,-1.164952889084815979e-01,2.300949096679687500e-01
3.509084880352020264e-01,1.165135800838470459e-01,2.311739921569824219e-01
1.182505726814270020e+00,1.207713127136230469e+00,5.007125735282897949e-01
1.961491942405700684e+00,9.674661159515380859e-01,1.046952247619628906e+00
1.476314544677734375e+00,5.628305673599243164e-01,1.195634841918945312e+00
1.109860181808471680e+00,1.411438006471144035e-06,1.307167530059814453e+00
2.077226638793945312e+00,9.637549519538879395e-01,6.497987508773803711e-01
1.675980210304260254e+00,1.162973046302795410e+00,1.059633731842041016e+00
-5.793669223785400391e-01,4.786367416381835938e-01,1.145072937011718750e+00
6.631253957748413086e-01,-6.907782554626464844e-01,6.792193651199340820e-01
1.106730818748474121e+00,1.158904075622558594e+00,1.080426216125488281e+00
1.002955436706542969e+00,1.127735614776611328e+00,7.046749591827392578e-01
3.353190422058105469e-01,5.426940321922302246e-01,1.403411865234375000e+00
8.548116683959960938e-01,1.132979393005371094e+00,5.663879215717315674e-02
-4.312236011028289795e-01,-5.658893585205078125e-01,1.164244651794433594e+00
1.756102561950683594e+00,-1.690260320901870728e-01,5.617306232452392578e-01
4.872182756662368774e-02,-9.517188072204589844e-01,7.154604792594909668e-01
-1.552363634109497070e-01,5.775208473205566406e-01,1.270946979522705078e+00
-1.429479241371154785e+00,-1.352379679679870605e+00,5.510873794555664062e-01
-9.985575079917907715e-01,5.267224311828613281e-01,6.279307603836059570e-01
2.153323650360107422e+00,1.562227606773376465e-01,4.107156395912170410e-01
2.479130923748016357e-01,-8.480539321899414062e-01,2.474588006734848022e-01
7.081119418144226074e-01,-2.627615928649902344e-01,1.340187072753906250e+00
-2.244624137878417969e+00,-2.300164699554443359e-01,5.097308158874511719e-01
-5.380830764770507812e-01,7.318488359451293945e-01,7.692517042160034180e-01
-1.563032507896423340e+00,-1.430686593055725098e+00,7.648534774780273438e-01
-3.319009244441986084e-01,-1.120160102844238281e+00,4.988017082214355469e-01
1.293059825897216797e+00,3.682789206504821777e-01,1.263675451278686523e+00
-2.259751856327056885e-01,1.411438006471144035e-06,1.378778934478759766e+00
1.454669475555419922e+00,1.085634589195251465e+00,2.898565530776977539e-01
-1.232781291007995605e+00,4.224681854248046875e-01,2.689660489559173584e-01
-1.775433897972106934e+00,-3.861474990844726562e-02,2.090390026569366455e-01
-1.943385124206542969e+00,-1.246344923973083496e+00,4.411012232303619385e-01
-1.690088152885437012e+00,-3.510197997093200684e-01,2.569284439086914062e-01
1.076017379760742188e+00,9.407460093498229980e-01,1.211384296417236328e+00
-1.272260665893554688e+00,-1.242915630340576172e+00,8.970318436622619629e-01
1.780346035957336426e+00,8.299710154533386230e-01,3.282971382141113281e-01
8.872844576835632324e-01,-5.612673759460449219e-01,8.419517278671264648e-01
-2.183904647827148438e+00,-7.032538652420043945e-01,7.405047416687011719e-01
-1.084012269973754883e+00,-1.256075620651245117e+00,1.335382461547851562e-02
1.939350128173828125e+00,1.228642463684082031e-01,9.562809467315673828e-01
-1.266125798225402832e+00,-1.166243329644203186e-01,2.381906509399414062e-01
1.865652084350585938e+00,5.930029153823852539e-01,3.456368446350097656e-01
-1.199026465415954590e+00,-1.059609293937683105e+00,2.564983367919921875e-01
-1.332681536674499512e+00,-3.883946239948272705e-01,9.814424514770507812e-01
-1.352201938629150391e+00,-3.505892157554626465e-01,2.480611801147460938e-01
-1.778866887092590332e+00,-5.858412981033325195e-01,2.569284439086914062e-01
-6.472584605216979980e-01,-7.770200371742248535e-01,1.004690170288085938e+00
2.468949854373931885e-01,-8.733215332031250000e-01,5.878388881683349609e-01
-1.188415050506591797e+00,-5.848780870437622070e-01,2.449789047241210938e-01
-5.495824813842773438e-01,7.305464148521423340e-01,4.774401783943176270e-01
3.008483909070491791e-02,-3.497627973556518555e-01,2.303662300109863281e-01
4.326702654361724854e-01,5.838249325752258301e-01,2.318148612976074219e-01
-7.750094532966613770e-01,3.497240245342254639e-01,2.300739288330078125e-01
9.181728959083557129e-01,3.500530123710632324e-01,2.369832992553710938e-01
-1.026368737220764160e+00,-8.202016949653625488e-01,2.420101165771484375e-01
6.731887459754943848e-01,1.165213286876678467e-01,2.318868637084960938e-01
9.647707939147949219e-01,-1.945328116416931152e-01,1.264272451400756836e+00
-2.104093879461288452e-01,-1.164962723851203918e-01,2.302856445312500000e-01
-1.130720138549804688e+00,-7.799153923988342285e-01,9.823522567749023438e-01
-2.006131172180175781e+00,8.046203106641769409e-02,2.562014758586883545e-01
9.229653477668762207e-01,8.196352124214172363e-01,2.369832992553710938e-01
-8.929696083068847656e-01,4.930109977722167969e-01,9.321630597114562988e-01
-1.260417103767395020e+00,1.939385980367660522e-01,9.831905364990234375e-01
1.731737613677978516e+00,1.698116660118103027e-01,2.703842222690582275e-01
1.811296939849853516e+00,-1.672473102807998657e-01,2.086517214775085449e-01
-1.310449242591857910e-01,-8.188644051551818848e-01,2.301468849182128906e-01
1.108987405896186829e-01,8.190003633499145508e-01,2.313351631164550781e-01
-2.915536463260650635e-01,5.837100744247436523e-01,2.304220199584960938e-01
-4.513403177261352539e-01,1.164986789226531982e-01,2.302036285400390625e-01
-6.947877407073974609e-01,-1.277903079986572266e+00,2.956799268722534180e-01
-2.915415763854980469e-01,-5.836851596832275391e-01,2.301139831542968750e-01
2.100082337856292725e-01,-3.614380955696105957e-01,1.399251461029052734e+00
4.312991201877593994e-01,-1.165162697434425354e-01,2.311229705810546875e-01
-5.014343187212944031e-02,3.497847318649291992e-01,2.305173873901367188e-01
1.102297976613044739e-01,1.165371090173721313e-01,2.306432723999023438e-01
6.377390623092651367e-01,9.323072433471679688e-01,1.206999540328979492e+00
1.498666405677795410e+00,1.495683670043945312e+00,4.831744134426116943e-01
1.504189372062683105e+00,9.531204700469970703e-01,1.135234355926513672e+00
-9.732901453971862793e-01,1.917768418788909912e-01,1.050296783447265625e+00
-1.706302046775817871e+00,-1.059851884841918945e+00,2.581639289855957031e-01
4.516860246658325195e-01,-7.806200981140136719e-01,7.376134991645812988e-01
-8.432822823524475098e-01,-3.856326639652252197e-01,1.024281024932861328e+00
1.806766986846923828e+00,1.319476246833801270e+00,3.673648834228515625e-01
1.328580141067504883e+00,1.373290956507844385e-06,1.216088294982910156e+00
-1.552191734313964844e+00,-1.541352510452270508e+00,2.514843940734863281e-01
8.846194148063659668e-01,-5.806064605712890625e-01,2.604452371597290039e-01
1.424478173255920410e+00,-1.177119389176368713e-01,3.057479858398437500e-01
-7.766195535659790039e-01,5.836802721023559570e-01,2.301349639892578125e-01
2.708660960197448730e-01,-3.497438728809356689e-01,2.305388450622558594e-01
-1.733825325965881348e+00,2.017555236816406250e-01,2.041400074958801270e-01
1.245255708694458008e+00,1.166041567921638489e-01,2.369832992553710938e-01
1.343762040138244629e+00,1.352758407592773438e+00,9.491052031517028809e-01
-3.494175672531127930e-01,8.098187446594238281e-01,3.180407583713531494e-01
-5.205373167991638184e-01,-1.140854835510253906e+00,8.949373960494995117e-01
7.823757529258728027e-01,1.322551250457763672e+00,3.577007949352264404e-01
-1.077423095703125000e-01,7.689410448074340820e-01,1.067005157470703125e+00
1.560229778289794922e+00,2.708434976739226840e-06,1.076163768768310547e+00
2.186939239501953125e+00,6.237967014312744141e-01,7.383968830108642578e-01
-1.785776019096374512e+00,-1.938343048095703125e-03,6.927608847618103027e-01
1.334650278091430664e+00,5.853305459022521973e-01,2.506065368652343750e-01
1.385424613952636719e+00,-1.351078450679779053e-01,5.808440968394279480e-02
1.138150691986083984e+00,1.259187698364257812e+00,1.501473933458328247e-01
-2.172160625457763672e+00,-3.897444903850555420e-01,2.484573274850845337e-01
-3.659192323684692383e-01,5.174770355224609375e-01,1.209890127182006836e+00
1.353267788887023926e+00,-3.712677955627441406e-01,3.470449745655059814e-01
2.009826660156250000e+00,1.145019531250000000e+00,4.908387660980224609e-01
-1.440584212541580200e-01,-1.039951801300048828e+00,6.383004784584045410e-01
-5.658493041992187500e-01,6.307888031005859375e-01,9.728462100028991699e-01
-1.671066284179687500e-01,-5.542901754379272461e-01,1.283783912658691406e+00
-1.480436682701110840e+00,3.009090423583984375e-01,6.577348113059997559e-01
-1.007041931152343750e-01,1.801480650901794434e-01,1.412006855010986328e+00
6.114685535430908203e-01,1.182258605957031250e+00,6.263090372085571289e-01
-1.469090580940246582e-01,9.219536781311035156e-01,5.828701853752136230e-01
2.791671752929687500e-01,7.395218014717102051e-01,1.294049739837646484e+00
-1.945803165435791016e+00,-1.223990991711616516e-01,5.965957641601562500e-01
-1.443677097558975220e-01,-1.027076721191406250e+00,3.729028105735778809e-01
5.820884704589843750e-01,1.335144020231382456e-06,1.417414665222167969e+00
-6.963510513305664062e-01,1.015655472874641418e-01,1.174788832664489746e+00
2.101777076721191406e+00,1.578838378190994263e-01,8.012765049934387207e-01
3.329638540744781494e-01,-1.798773556947708130e-01,1.419704914093017578e+00
-1.566959619522094727e+00,-7.863927483558654785e-01,9.323630332946777344e-01
6.853137016296386719e-01,-4.075026214122772217e-01,1.179139733314514160e+00
1.544999003410339355e+00,1.319093465805053711e+00,3.652191162109375000e-01
-5.431365966796875000e-01,3.123166859149932861e-01,1.278871417045593262e+00
1.184467434883117676e+00,5.536383390426635742e-01,1.290446758270263672e+00
1.500068306922912598e+00,3.509883880615234375e-01,2.562999725341796875e-01
-1.822072386741638184e+00,-1.392240047454833984e+00,3.024624586105346680e-01
6.339302062988281250e-01,1.034592151641845703e+00,1.876635700464248657e-01
5.147693678736686707e-02,6.098761558532714844e-01,1.337964773178100586e+00
4.850692674517631531e-02,9.785652160644531250e-01,8.479867577552795410e-01
-6.792614459991455078e-01,-1.218924641609191895e+00,7.738552093505859375e-01
-5.151857733726501465e-01,-1.201071262359619141e+00,4.281722903251647949e-01
-8.894309997558593750e-01,-1.234139919281005859e+00,6.246249079704284668e-01
6.637946963310241699e-01,-6.844239234924316406e-01,4.670487940311431885e-01
1.722044944763183594e+00,1.391466617584228516e+00,7.686563134193420410e-01
-1.505385398864746094e+00,-9.883355498313903809e-01,9.185481071472167969e-01
-1.346467733383178711e+00,-7.831946611404418945e-01,9.570598602294921875e-01
-1.069846034049987793e+00,-9.812292456626892090e-01,9.622912406921386719e-01
-5.552257895469665527e-01,-1.865787655115127563e-01,1.211723804473876953e+00
8.477427363395690918e-01,5.479812026023864746e-01,1.348800182342529297e+00
1.288966178894042969e+00,9.481816887855529785e-01,1.165628910064697266e+00
-7.096146941184997559e-01,-5.789943933486938477e-01,1.029021263122558594e+00
1.672556877136230469e+00,1.717190891504287720e-01,1.116003990173339844e+00
2.290684431791305542e-01,9.820295572280883789e-01,9.573378562927246094e-01
-3.492335379123687744e-01,8.130664825439453125e-01,8.027271628379821777e-01
4.532263576984405518e-01,-7.594084739685058594e-01,2.514813244342803955e-01
2.160092830657958984e+00,7.865650057792663574e-01,5.800123214721679688e-01
-4.373225271701812744e-01,-7.642605900764465332e-01,1.103165626525878906e+00
-1.553120136260986328e+00,-3.905349671840667725e-01,9.482626914978027344e-01
-1.193781137466430664e+00,-5.823948383331298828e-01,9.939126968383789062e-01
-1.212339639663696289e+00,-1.514070510864257812e+00,2.881991565227508545e-01
-1.952258110046386719e+00,-1.173775419592857361e-01,2.849678993225097656e-01
-9.219782948493957520e-01,-7.788841128349304199e-01,9.903030395507812500e-01
-1.427728414535522461e+00,1.162646859884262085e-01,2.159104347229003906e-01
-1.446490883827209473e-01,-1.015438556671142578e+00,8.430125117301940918e-01
-1.190886139869689941e+00,1.754760660332976840e-06,9.803991317749023438e-01
-2.143793582916259766e+00,-7.824424654245376587e-02,6.291514635086059570e-01
7.999199032783508301e-01,1.108529686927795410e+00,5.915307998657226562e-01
-1.051660776138305664e+00,-3.872253000736236572e-01,9.995460510253906250e-01
1.060516357421875000e+00,-3.832893371582031250e-01,9.731269478797912598e-01
1.707790851593017578e+00,2.593994167909841053e-06,1.539871245622634888e-01
1.131790995597839355e+00,1.456130504608154297e+00,6.057986021041870117e-01
4.247052669525146484e-01,1.152135372161865234e+00,7.595240473747253418e-01
2.383062690496444702e-01,1.086508274078369141e+00,5.012657046318054199e-01
1.605709910392761230e+00,-2.519092559814453125e-01,7.426583766937255859e-01
4.921716451644897461e-02,-8.904356956481933594e-01,9.295565485954284668e-01
4.885847121477127075e-02,-9.349122047424316406e-01,2.437747120857238770e-01
8.678492307662963867e-01,9.323767423629760742e-01,1.262880802154541016e+00
1.944732666015625000e+00,7.685585021972656250e-01,1.069970130920410156e+00
1.727804780006408691e+00,9.595424532890319824e-01,1.095715999603271484e+00
1.546186685562133789e+00,3.757651448249816895e-01,1.177053928375244141e+00
-2.075824260711669922e+00,-1.046667933464050293e+00,4.826252758502960205e-01
-1.392307281494140625e+00,2.712430655956268311e-01,8.541672825813293457e-01
4.835601523518562317e-02,9.970974922180175781e-01,3.079385161399841309e-01
4.242611527442932129e-01,1.158250808715820312e+00,2.354089319705963135e-01
7.970885038375854492e-01,1.215784549713134766e+00,9.546582102775573730e-01
-1.082498192787170410e+00,-1.189128041267395020e+00,9.260559082031250000e-01
-2.153918743133544922e+00,-8.679188489913940430e-01,3.072759807109832764e-01
-8.697876334190368652e-01,-1.361486911773681641e+00,3.560845851898193359e-01
-1.019655704498291016e+00,3.498213887214660645e-01,2.321372032165527344e-01
7.243148684501647949e-01,7.346372604370117188e-01,1.331718921661376953e+00
5.880087018013000488e-01,5.442986488342285156e-01,1.386807441711425781e+00
-1.017704755067825317e-01,-3.639202415943145752e-01,1.360943794250488281e+00
-3.549050688743591309e-01,-1.831906139850616455e-01,1.316965579986572266e+00
-5.159583091735839844e-01,-1.192396163940429688e+00,6.242416501045227051e-01
-1.630136728286743164e+00,1.983642505365423858e-06,9.162745475769042969e-01
1.177945852279663086e+00,1.837854087352752686e-01,1.298213005065917969e+00
9.730029106140136719e-01,1.821972429752349854e-01,1.347466945648193359e+00
8.445873856544494629e-01,1.056757926940917969e+00,2.369832992553710938e-01
1.141051769256591797e+00,1.410768508911132812e+00,8.033295869827270508e-01
-9.791362285614013672e-01,1.678466787780052982e-06,1.011507511138916016e+00
-1.042379260063171387e+00,-1.438364982604980469e+00,1.646441668272018433e-01
1.488877654075622559e+00,7.559124827384948730e-01,1.167538642883300781e+00
-1.212339520454406738e+00,-1.514070510864257812e+00,5.386232137680053711e-01
-1.403118729591369629e+00,-1.943217068910598755e-01,9.713563919067382812e-01
1.743603229522705078e+00,3.128051730527658947e-06,9.794887900352478027e-01
-1.049665331840515137e+00,-1.399482727050781250e+00,8.024169802665710449e-01
7.823756933212280273e-01,1.322551250457763672e+00,1.032128855586051941e-01
1.701758980751037598e+00,5.686196684837341309e-01,1.135937690734863281e+00
-1.393630504608154297e+00,-1.535645961761474609e+00,6.670560836791992188e-01
6.050277352333068848e-01,1.243554592132568359e+00,4.257000684738159180e-01
1.310097336769104004e+00,1.494235992431640625e+00,5.425727963447570801e-01
-3.523889183998107910e-01,1.818917095661163330e-01,1.357262134552001953e+00
1.499499678611755371e+00,1.492622852325439453e+00,6.751698255538940430e-01
5.197903513908386230e-01,3.596392869949340820e-01,1.426965236663818359e+00
7.740337848663330078e-01,1.806984990835189819e-01,1.393966674804687500e+00
1.406018137931823730e+00,-1.128759384155273438e-01,1.069439053535461426e+00
-2.226730346679687500e+00,-5.406002402305603027e-01,6.222793459892272949e-01
1.574285507202148438e+00,7.031977772712707520e-01,2.806484997272491455e-01
2.184987068176269531e+00,4.668969213962554932e-01,8.460909724235534668e-01
6.235494613647460938e-01,1.067332744598388672e+00,1.043333530426025391e+00
1.466139256954193115e-01,1.794228702783584595e-01,1.434707164764404297e+00
-2.022977352142333984e+00,-5.636757612228393555e-01,8.189468383789062500e-01
-1.042378783226013184e+00,-1.438364505767822266e+00,6.058260798454284668e-01
2.523437738418579102e-01,-7.381372451782226562e-01,1.024647235870361328e+00
5.211106538772583008e-01,-1.803718507289886475e-01,1.404242515563964844e+00
-1.284075140953063965e+00,-1.324187278747558594e+00,5.833465605974197388e-02
1.468019038438796997e-01,-1.796529293060302734e-01,1.427570819854736328e+00
2.711149454116821289e-01,3.598375916481018066e-01,1.423946857452392578e+00
3.940873742103576660e-01,1.325607286162266973e-06,1.431159973144531250e+00
9.564391374588012695e-01,1.400084495544433594e+00,2.283300757408142090e-01
1.760919094085693359e+00,3.524307310581207275e-01,2.861638069152832031e-01
2.363708429038524628e-02,1.357793735223822296e-06,1.428955078125000000e+00
9.564397335052490234e-01,1.400084972381591797e+00,6.082382202148437500e-01
-1.118072509765625000e+00,-1.250244379043579102e+00,2.416867017745971680e-01
4.929924011230468750e-02,8.802642822265625000e-01,1.000610947608947754e+00
1.749482393264770508e+00,1.305067062377929688e+00,9.740684032440185547e-01
-2.097949504852294922e+00,-5.551851391792297363e-01,2.530660927295684814e-01
-1.586679100990295410e+00,-1.522151470184326172e+00,6.105947494506835938e-01
-1.009155213832855225e-01,3.608574867248535156e-01,1.408102035522460938e+00
1.975201129913330078e+00,1.152964830398559570e+00,6.678245663642883301e-01
-2.124610900878906250e+00,-8.731678724288940430e-01,7.535574436187744141e-01
2.481829077005386353e-01,8.414254188537597656e-01,1.148533582687377930e+00
-1.738582730293273926e+00,1.831021308898925781e-01,7.532159090042114258e-01
1.644853591918945312e+00,-8.740329742431640625e-02,6.812109351158142090e-01
-2.036924362182617188e+00,-2.400632053613662720e-01,8.124126791954040527e-01
2.042769432067871094e+00,9.705007076263427734e-01,8.258950710296630859e-01
1.879198908805847168e+00,-9.806537628173828125e-02,4.464593529701232910e-01
2.043304443359375000e+00,5.938304662704467773e-01,3.558969497680664062e-01
-1.901240348815917969e+00,-8.215236663818359375e-02,9.183654934167861938e-02
5.133401155471801758e-01,-5.837413668632507324e-01,2.308444976806640625e-01
-2.208471775054931641e+00,-6.996663212776184082e-01,5.184465050697326660e-01
-1.870992660522460938e+00,-8.601965904235839844e-01,2.593295276165008545e-01
-5.153861641883850098e-01,-1.198834419250488281e+00,2.340777516365051270e-01
2.129829168319702148e+00,3.562431931495666504e-01,3.649535179138183594e-01
-1.687994956970214844e+00,-1.210339069366455078e+00,8.176903724670410156e-01
2.012397766113281250e+00,2.441406195430317894e-06,5.339988470077514648e-01
-1.938719272613525391e+00,8.154822885990142822e-02,7.128391861915588379e-01
1.882250070571899414e+00,1.074293613433837891e+00,3.570756912231445312e-01
-1.891904354095458984e+00,-1.085761189460754395e+00,7.945222258567810059e-01
2.139875888824462891e+00,6.298950314521789551e-01,9.132212400436401367e-01
1.960130572319030762e+00,8.324534296989440918e-01,3.502111434936523438e-01
1.171425700187683105e+00,8.205544948577880859e-01,2.451548576354980469e-01
9.641237258911132812e-01,1.181670904159545898e+00,2.471984773874282837e-01
-1.426692008972167969e+00,-1.406013488769531250e+00,2.961379885673522949e-01
-1.688735008239746094e+00,4.119872755836695433e-06,6.017730757594108582e-02
1.159599423408508301e+00,1.319917201995849609e+00,9.478504657745361328e-01
-4.500178396701812744e-01,-9.723496437072753906e-01,2.323403805494308472e-01
-2.193411827087402344e+00,-7.018648982048034668e-01,3.031799197196960449e-01
7.848295569419860840e-01,1.304737567901611328e+00,8.096060156822204590e-01
-1.914497375488281250e+00,-1.253465056419372559e+00,2.686761319637298584e-01
1.262933611869812012e+00,1.060651540756225586e+00,2.636666297912597656e-01
4.456812441349029541e-01,8.633031845092773438e-01,1.217236042022705078e+00
-1.529127120971679688e+00,-8.218899965286254883e-01,2.569284439086914062e-01
-1.521177649497985840e+00,-3.510156273841857910e-01,2.568364143371582031e-01
-2.231202125549316406e+00,-2.306658178567886353e-01,2.449090480804443359e-01
1.928352832794189453e+00,3.272821605205535889e-01,1.064077377319335938e+00
-1.356069207191467285e+00,-5.855799317359924316e-01,2.536911964416503906e-01
2.236184120178222656e+00,4.619322717189788818e-01,5.661434531211853027e-01
-1.600424766540527344e+00,2.611764073371887207e-01,5.182606577873229980e-01
-7.213505506515502930e-01,5.885691046714782715e-01,9.302759170532226562e-01
2.056021690368652344e-01,-8.805850148200988770e-01,4.276123046875000000e-01
2.172562599182128906e+00,3.115231692790985107e-01,7.909292578697204590e-01
-2.195580482482910156e+00,-2.323887646198272705e-01,6.773658394813537598e-01
2.139486789703369141e+00,7.899134755134582520e-01,4.170754849910736084e-01
9.986444115638732910e-01,-1.165825277566909790e-01,2.356238365173339844e-01
1.081516981124877930e+00,-3.499556183815002441e-01,2.349267005920410156e-01
1.888031482696533203e+00,1.647741347551345825e-01,3.192242383956909180e-01
-1.100923776626586914e+00,-1.165748983621597290e-01,2.351884841918945312e-01
-9.369999766349792480e-01,1.165299564599990845e-01,2.323594093322753906e-01
-7.829723954200744629e-01,-1.056652665138244629e+00,2.362875938415527344e-01
1.081824660301208496e+00,3.500550389289855957e-01,2.369832992553710938e-01
-9.951099753379821777e-01,-1.195472717285156250e+00,1.486782729625701904e-01
-1.774037003517150879e+00,4.408884048461914062e-02,8.491366505622863770e-01
-1.265717148780822754e+00,1.165866032242774963e-01,2.358531951904296875e-01
2.150829792022705078e+00,1.563032567501068115e-01,5.738949179649353027e-01
-1.404786944389343262e+00,-1.421795010566711426e+00,8.036108016967773438e-01
1.206655859947204590e+00,-3.628696799278259277e-01,5.019540786743164062e-01
-2.246137142181396484e+00,-3.837718069553375244e-01,5.641528367996215820e-01
-6.165702939033508301e-01,-8.192238211631774902e-01,2.333669662475585938e-01
7.551751732826232910e-01,3.499287068843841553e-01,2.344446182250976562e-01
-9.382586479187011719e-01,-3.499353229999542236e-01,2.345480918884277344e-01
6.756155490875244141e-01,5.840968489646911621e-01,2.352623939514160156e-01
-7.743778824806213379e-01,-1.165204942226409912e-01,2.317452430725097656e-01
-1.241843819618225098e+00,3.741168975830078125e-01,7.974072098731994629e-01
7.548794150352478027e-01,-3.497922122478485107e-01,2.316088676452636719e-01
-7.770290970802307129e-01,-5.839881300926208496e-01,2.339487075805664062e-01
8.354519605636596680e-01,1.165509372949600220e-01,2.336611747741699219e-01
-6.131922602653503418e-01,-3.497779369354248047e-01,2.311458587646484375e-01
5.151281356811523438e-01,8.192306160926818848e-01,2.334189414978027344e-01
-6.131097078323364258e-01,3.497306704521179199e-01,2.301692962646484375e-01
1.142797589302062988e+00,1.402216911315917969e+00,2.930700480937957764e-01
-4.527560472488403320e-01,-5.837109088897705078e-01,2.305588722229003906e-01
2.714620828628540039e-01,5.837866067886352539e-01,2.314586639404296875e-01
-2.186697483062744141e+00,-7.755279541015625000e-02,4.615097045898437500e-01
5.924093723297119141e-01,-1.165181919932365417e-01,2.314791679382324219e-01
5.118045210838317871e-01,1.165204718708992004e-01,2.315306663513183594e-01
-1.306429952383041382e-01,5.837151408195495605e-01,2.305698394775390625e-01
1.105380207300186157e-01,-5.837084650993347168e-01,2.303524017333984375e-01
3.512930274009704590e-01,3.497998416423797607e-01,2.314047813415527344e-01
-2.106321603059768677e-01,-3.497375845909118652e-01,2.302231788635253906e-01
-3.709316849708557129e-01,-1.164935752749443054e-01,2.301902770996093750e-01
-2.106376588344573975e-01,3.497466146945953369e-01,2.304086685180664062e-01
-2.906664907932281494e-01,1.165078133344650269e-01,2.302994728088378906e-01
3.005493059754371643e-02,-1.165215298533439636e-01,2.304282188415527344e-01
-2.046517372131347656e+00,-3.998869657516479492e-01,8.125305175781250000e-01
-5.007009506225585938e-01,7.360823154449462891e-01,2.628884911537170410e-01
-2.442426979541778564e-01,7.810659408569335938e-01,9.734821319580078125e-01
1.373166561126708984e+00,-3.631132543087005615e-01,7.304126024246215820e-01
-1.035178184509277344e+00,4.815307557582855225e-01,7.751928567886352539e-01
-1.600426197052001953e+00,2.611759603023529053e-01,9.735595434904098511e-02
-6.939921379089355469e-01,-1.890115737915039062e-01,1.136138916015625000e+00
4.853153824806213379e-01,-5.718538761138916016e-01,1.102658271789550781e+00
1.855123400688171387e+00,5.719997286796569824e-01,1.101075172424316406e+00
-2.253578186035156250e+00,-3.831708729267120361e-01,4.033190906047821045e-01
-1.733823180198669434e+00,2.017569541931152344e-01,5.942269563674926758e-01
1.892304897308349609e+00,2.899169885495211929e-06,8.351100087165832520e-01
1.226903438568115234e+00,-3.725520372390747070e-01,8.801620006561279297e-01
1.603869318962097168e+00,-2.596426010131835938e-01,5.868324041366577148e-01
5.308068990707397461e-01,1.083854675292968750e+00,4.225206375122070312e-01
-1.579378485679626465e+00,-1.547358036041259766e+00,4.175082445144653320e-01
-9.084675312042236328e-01,3.845291733741760254e-01,1.041268348693847656e+00
-1.733823776245117188e+00,2.017569541931152344e-01,4.859130829572677612e-02
1.603869080543518066e+00,-2.596426010131835938e-01,2.015997320413589478e-01
1.827677369117736816e+00,1.167022824287414551e+00,1.038946628570556641e+00
-1.480735778808593750e+00,2.995557785034179688e-01,4.282913208007812500e-01
-4.928204119205474854e-01,-3.747087419033050537e-01,1.193611145019531250e+00
-2.462748736143112183e-01,-9.829279780387878418e-01,9.518752098083496094e-01
-5.684607028961181641e-01,-5.722845196723937988e-01,1.098250389099121094e+00
-1.109138488769531250e+00,4.755596816539764404e-01,4.346633851528167725e-01
1.321720719337463379e+00,1.853732317686080933e-01,1.248931884765625000e+00
-1.922820091247558594e+00,-1.251413226127624512e+00,6.185415387153625488e-01
-1.633319377899169922e+00,-5.883134603500366211e-01,9.328398704528808594e-01
7.493224143981933594e-01,-6.061089634895324707e-01,8.843703866004943848e-01
2.228969097137451172e+00,4.626318514347076416e-01,4.059906005859375000e-01
8.435459733009338379e-01,-1.820086836814880371e-01,1.353381633758544922e+00
1.113887786865234375e+00,-4.782180786132812500e-01,6.342943906784057617e-01
-8.697869181632995605e-01,-1.361486911773681641e+00,5.469555258750915527e-01
1.327896952629089355e+00,5.579425096511840820e-01,1.246051311492919922e+00
-1.951290726661682129e+00,-5.859856605529785156e-01,2.586851119995117188e-01
1.494213581085205078e+00,-1.774679124355316162e-01,9.634571671485900879e-01
4.736244082450866699e-01,-4.785361289978027344e-01,1.218424320220947266e+00
1.563224792480468750e+00,1.258568286895751953e+00,1.040726542472839355e+00
4.283283054828643799e-01,1.102226734161376953e+00,8.996667265892028809e-01
-1.059071063995361328e+00,-6.728439331054687500e-01,2.403033375740051270e-01
4.537664949893951416e-01,-7.519679069519042969e-01,8.821865916252136230e-01
9.070118665695190430e-01,1.167113780975341797e+00,1.038498878479003906e+00
1.837331771850585938e+00,1.361072778701782227e+00,5.118545293807983398e-01
8.843717575073242188e-01,-5.824031829833984375e-01,6.935951113700866699e-01
-8.038586378097534180e-01,-1.192248106002807617e+00,9.101004600524902344e-01
1.128585219383239746e+00,7.440496087074279785e-01,1.259082317352294922e+00
1.877822637557983398e+00,-1.031203269958496094e-01,6.054147481918334961e-01
-9.032344818115234375e-01,5.729807019233703613e-01,1.090984821319580078e+00
-5.740199089050292969e-01,7.277783751487731934e-01,6.199945211410522461e-01
2.161494344472885132e-01,-5.575292706489562988e-01,1.250445842742919922e+00
-1.337084531784057617e+00,-5.840092897415161133e-01,9.772381782531738281e-01
-1.600426197052001953e+00,2.611760199069976807e-01,3.374029397964477539e-01
-9.105753898620605469e-01,-1.928138285875320435e-01,1.018166542053222656e+00
-1.820988535881042480e+00,-1.395570755004882812e+00,4.991104006767272949e-01
8.840806484222412109e-01,-5.845179557800292969e-01,4.041998088359832764e-01
-1.118067979812622070e+00,1.932992488145828247e-01,1.003083705902099609e+00
2.030612468719482422e+00,1.181512400507926941e-01,3.330383300781250000e-01
6.832776665687561035e-01,-4.990553855895996094e-01,1.068761110305786133e+00
-2.976489067077636719e-01,-5.600265264511108398e-01,1.224698543548583984e+00
1.112462162971496582e+00,-4.865665435791015625e-01,2.655777037143707275e-01
-7.728821635246276855e-01,6.347384452819824219e-01,6.147172451019287109e-01
3.209778666496276855e-01,9.649815559387207031e-01,2.319448739290237427e-01
2.233743667602539062e-01,-8.782823085784912109e-01,7.316104173660278320e-01
-1.094205856323242188e+00,4.767656624317169189e-01,2.381369024515151978e-01
-1.681936740875244141e+00,-1.494071602821350098e+00,2.833599746227264404e-01
1.146133422851562500e+00,-2.894253730773925781e-01,1.035749435424804688e+00
-4.828509390354156494e-01,1.836599856615066528e-01,1.302301883697509766e+00
-1.349884510040283203e+00,3.499880135059356689e-01,2.356371879577636719e-01
1.215074181556701660e+00,1.333321928977966309e+00,4.446630477905273438e-01
1.717146873474121094e+00,-1.702818572521209717e-01,8.041642308235168457e-01
1.510493874549865723e+00,1.452238082885742188e+00,8.096949458122253418e-01
1.047100901603698730e+00,5.508014559745788574e-01,1.319715023040771484e+00
-6.512374877929687500e-01,-9.757245182991027832e-01,9.961805343627929688e-01
-1.259662032127380371e+00,-1.938226222991943359e-01,9.867944717407226562e-01
1.713158130645751953e+00,1.423308849334716797e+00,3.641171157360076904e-01
-9.296821951866149902e-01,-9.802112579345703125e-01,9.685649871826171875e-01
4.834590852260589600e-02,9.984602928161621094e-01,7.099310159683227539e-01
-1.190847396850585938e+00,-3.876452445983886719e-01,9.930634498596191406e-01
9.029119610786437988e-01,1.256091475486755371e+00,1.344299316406250000e-02
6.669897437095642090e-01,1.263341546058654785e+00,5.391836166381835938e-02
4.512177109718322754e-01,-7.870693206787109375e-01,5.971999764442443848e-01
-2.070263385772705078e+00,-7.942885905504226685e-02,7.501211166381835938e-01
9.070816040039062500e-01,3.635936677455902100e-01,1.365664958953857422e+00
1.337070465087890625e-01,1.041674494743347168e+00,6.106161475181579590e-01
-3.487063944339752197e-01,8.224086761474609375e-01,4.550653100013732910e-01
-8.487686514854431152e-01,-5.817094445228576660e-01,1.001011371612548828e+00
1.180888295173645020e+00,-8.593893051147460938e-02,1.226773381233215332e+00
-7.847484350204467773e-01,-7.786320447921752930e-01,9.922609329223632812e-01
-1.470564007759094238e-01,9.158596992492675781e-01,7.198889255523681641e-01
-5.037084817886352539e-01,5.739828348159790039e-01,1.080733776092529297e+00
9.728976488113403320e-01,1.335144020231382456e-06,1.345186710357666016e+00
-2.266444414854049683e-01,-1.816687881946563721e-01,1.364506244659423828e+00
5.979649424552917480e-01,-3.693309426307678223e-01,1.276888370513916016e+00
1.001942992210388184e+00,5.842289328575134277e-01,2.369832992553710938e-01
6.055961251258850098e-01,1.238134860992431641e+00,7.504995465278625488e-01
1.241771936416625977e+00,1.155431747436523438e+00,1.098153114318847656e+00
1.505317687988281250e+00,5.866217017173767090e-01,2.665805816650390625e-01
-5.180193185806274414e-01,-1.169197559356689453e+00,7.582934498786926270e-01
-1.232923150062561035e+00,4.217109680175781250e-01,4.177261292934417725e-01
-1.386852741241455078e+00,-1.383517980575561523e+00,1.682135015726089478e-01
-8.898773193359375000e-01,5.091477036476135254e-01,2.300488203763961792e-01
-1.471826583147048950e-01,9.106268882751464844e-01,3.801730275154113770e-01
4.868072271347045898e-02,-9.570331573486328125e-01,5.793555974960327148e-01
-1.031922459602355957e+00,3.104391098022460938e-01,1.029806494712829590e+00
-8.725270032882690430e-01,-1.343728065490722656e+00,7.413763403892517090e-01
1.865436196327209473e+00,1.919926851987838745e-01,1.043558597564697266e+00
6.443696618080139160e-01,1.797635257244110107e-01,1.422973632812500000e+00
-1.441728919744491577e-01,-1.035160064697265625e+00,5.053558349609375000e-01
-1.445559710264205933e-01,-1.019324302673339844e+00,2.404446303844451904e-01
1.481387317180633545e-01,5.431138873100280762e-01,1.399060726165771484e+00
1.108828708529472351e-01,-8.188820481300354004e-01,2.302904129028320312e-01
-1.058416739106178284e-01,-7.553773522377014160e-01,1.171662330627441406e+00
-3.320961594581604004e-01,-1.116707324981689453e+00,6.308988928794860840e-01
2.208085060119628906e+00,3.092304468154907227e-01,4.603544473648071289e-01
4.239205420017242432e-01,1.162940979003906250e+00,6.265920996665954590e-01
-1.112925052642822266e+00,4.752541482448577881e-01,5.662277340888977051e-01
2.383986264467239380e-01,1.084205627441406250e+00,3.695282042026519775e-01
9.641261100769042969e-01,1.181671977043151855e+00,1.107650697231292725e-01
-4.174547493457794189e-01,3.655247092247009277e-01,1.335805892944335938e+00
-3.323266208171844482e-01,-1.112617492675781250e+00,3.680401444435119629e-01
1.049901962280273438e+00,1.441715836524963379e+00,1.472787410020828247e-01
7.170808315277099609e-01,5.461339354515075684e-01,1.367862701416015625e+00
1.106712818145751953e+00,1.899583041667938232e-01,2.369848638772964478e-01
-6.204270720481872559e-01,1.335144020231382456e-06,1.205326557159423828e+00
4.230977892875671387e-01,1.174265861511230469e+00,3.645648062229156494e-01
-9.987577795982360840e-01,5.254311561584472656e-01,4.818159341812133789e-01
-3.526248037815093994e-01,1.430511474609375000e-06,1.350883483886718750e+00
9.582670331001281738e-01,1.389381408691406250e+00,7.373207211494445801e-01
7.564272880554199219e-01,-5.837787389755249023e-01,2.313818931579589844e-01
-6.945038437843322754e-01,-1.280226707458496094e+00,4.237603545188903809e-01
7.268772125244140625e-01,1.128290057182312012e+00,5.408325046300888062e-02
-3.351917564868927002e-01,-1.061866760253906250e+00,9.048826694488525391e-01
-3.943252563476562500e-02,-5.495244264602661133e-01,1.333056926727294922e+00
7.823757529258728027e-01,1.322551250457763672e+00,4.854110479354858398e-01
-2.257664501667022705e-01,1.809649765491485596e-01,1.386339187622070312e+00
4.019998013973236084e-01,7.301759123802185059e-01,1.366137981414794922e+00
3.054232597351074219e-01,-6.491517424583435059e-01,1.099699020385742188e+00
-7.345495223999023438e-01,-3.030582964420318604e-01,1.097102642059326172e+00
2.141784667968750000e+00,4.710860848426818848e-01,9.656212925910949707e-01
7.088059782981872559e-01,1.392364424646075349e-06,1.406822681427001953e+00
7.823759317398071289e-01,1.322551250457763672e+00,2.303436249494552612e-01
-1.008657813072204590e-01,1.349449121335055679e-06,1.404382228851318359e+00
1.762078762054443359e+00,2.670288040462764911e-06,2.686874270439147949e-01
1.500316619873046875e+00,1.489619255065917969e+00,3.564446866512298584e-01
-6.898341178894042969e-01,3.755577802658081055e-01,1.180299758911132812e+00
1.530281066894531250e+00,-1.130535900592803955e-01,1.662445068359375000e-02
1.601052165031433105e+00,8.262523412704467773e-01,2.954540252685546875e-01
-8.697869777679443359e-01,-1.361486911773681641e+00,2.293026745319366455e-01
-1.688326835632324219e+00,-1.169253513216972351e-01,2.569284439086914062e-01
-1.385618448257446289e+00,-1.567060470581054688e+00,5.375263690948486328e-01
-2.003994464874267578e+00,8.141374588012695312e-02,1.297201514244079590e-01
2.341338992118835449e-02,-3.628135919570922852e-01,1.378097534179687500e+00
-1.100201129913330078e+00,-4.762817323207855225e-01,2.378951907157897949e-01
-5.040252581238746643e-02,8.189583420753479004e-01,2.309789657592773438e-01
1.311048150062561035e+00,1.490246295928955078e+00,4.165386855602264404e-01
-7.605177164077758789e-01,1.468658410885836929e-06,1.129184246063232422e+00
-1.042380094528198242e+00,-1.438365459442138672e+00,2.902603149414062500e-01
-6.185978055000305176e-01,1.861368864774703979e-01,1.225363731384277344e+00
-1.042378783226013184e+00,-1.438364505767822266e+00,3.919006139039993286e-02
4.603460729122161865e-01,5.424314141273498535e-01,1.406079292297363281e+00
-1.212339639663696289e+00,-1.514070987701416016e+00,4.132070839405059814e-01
-1.212339520454406738e+00,-1.514070510864257812e+00,1.634750366210937500e-01
3.346375823020935059e-01,-3.613747954368591309e-01,1.400228500366210938e+00
2.074944496154785156e+00,8.004026412963867188e-01,9.871192574501037598e-01
2.084197998046875000e+00,4.766701757907867432e-01,3.632369935512542725e-01
-9.415000081062316895e-01,-1.188936233520507812e+00,9.270224571228027344e-01
3.952952623367309570e-01,3.597415387630462646e-01,1.425454139709472656e+00
-5.287784337997436523e-01,-1.048072814941406250e+00,9.769746065139770508e-01
-1.015410304069519043e+00,4.174752235412597656e-01,9.379382133483886719e-01
3.319117724895477295e-01,1.793090254068374634e-01,1.437336444854736328e+00
-8.286037445068359375e-01,1.895596086978912354e-01,1.119155406951904297e+00
-7.078364491462707520e-01,-1.170424461364746094e+00,2.360220253467559814e-01
2.315322868525981903e-02,1.794787794351577759e-01,1.432954788208007812e+00
-7.189220190048217773e-01,-1.079123020172119141e+00,9.751751422882080078e-01
-2.015197277069091797e+00,-4.273700714111328125e-02,2.107562273740768433e-01
2.038579702377319336e+00,1.945780068635940552e-01,9.633541107177734375e-01
-1.576090455055236816e+00,-1.409263610839843750e+00,2.489443868398666382e-01
1.371304512023925781e+00,-3.632338643074035645e-01,2.266982942819595337e-01
-3.436133861541748047e-01,-9.126644134521484375e-01,1.066364407539367676e+00
1.436448812484741211e+00,3.618049621582031250e-02,1.174146056175231934e+00
9.564389586448669434e-01,1.400084495544433594e+00,3.545742630958557129e-01
2.073921203613281250e+00,2.489485740661621094e-01,3.622784316539764404e-01
-1.571621000766754150e-01,4.977602958679199219e-01,1.361793518066406250e+00
-7.878887057304382324e-01,5.111508369445800781e-01,9.944821000099182129e-01
9.263136982917785645e-01,-2.780427932739257812e-01,1.186774730682373047e+00
2.218743801116943359e+00,4.636237323284149170e-01,7.308454513549804688e-01
1.179107069969177246e+00,3.677379786968231201e-01,1.301452636718750000e+00
-1.600424766540527344e+00,2.611763179302215576e-01,2.172723412513732910e-01
-3.610815405845642090e-01,6.031732559204101562e-01,1.120580077171325684e+00
9.564401507377624512e-01,1.400084972381591797e+00,4.811682105064392090e-01
-8.002854585647583008e-01,4.090447425842285156e-01,1.085538029670715332e+00
2.131899833679199219e+00,7.911465167999267578e-01,7.503634691238403320e-01
-9.299801588058471680e-01,-1.265623807907104492e+00,6.668138504028320312e-02
-1.518050909042358398e+00,1.307020187377929688e-01,9.113141894340515137e-01
-9.026660919189453125e-01,9.824119508266448975e-02,1.066556930541992188e+00
-1.504326105117797852e+00,1.928110122680664062e-01,1.255499273538589478e-01
-1.458499550819396973e+00,-1.299693465232849121e+00,2.569284439086914062e-01
5.085758119821548462e-02,-6.868171691894531250e-01,1.176450967788696289e+00
6.659932732582092285e-01,-6.634931564331054688e-01,8.253484964370727539e-01
1.765029430389404297e+00,-1.687383949756622314e-01,6.784866452217102051e-01
-1.533773541450500488e-01,6.544189453125000000e-01,1.182794809341430664e+00
-6.535067558288574219e-01,-1.243821382522583008e+00,6.567391753196716309e-01
6.474416851997375488e-01,-1.806205958127975464e-01,1.396382808685302734e+00
1.811297893524169922e+00,-1.672471612691879272e-01,3.818106055259704590e-01
1.304978728294372559e+00,1.413421392440795898e+00,8.400940895080566406e-01
6.458525061607360840e-01,8.551197052001953125e-01,1.293662428855895996e+00
-1.580053329467773438e+00,2.621618509292602539e-01,7.029174566268920898e-01
1.437082290649414062e-01,1.043134808540344238e+00,4.505957067012786865e-01
-2.061101913452148438e+00,-1.049797177314758301e+00,5.972623825073242188e-01
2.383682131767272949e-01,1.084969043731689453e+00,6.338082551956176758e-01
2.092666625976562500e+00,9.607324004173278809e-01,5.353789925575256348e-01
1.636572957038879395e+00,9.891724586486816406e-01,3.195593059062957764e-01
-3.917968645691871643e-02,5.459981560707092285e-01,1.369419574737548828e+00
-1.188711166381835938e+00,-1.281709074974060059e+00,1.565051078796386719e-01
-7.880887985229492188e-01,-1.265692710876464844e+00,2.295825183391571045e-01
1.004811763763427734e+00,1.116862297058105469e+00,1.112151503562927246e+00
-1.756672561168670654e-01,-9.684590101242065430e-01,1.040878295898437500e+00
1.381758451461791992e+00,-2.317109107971191406e-01,9.727934002876281738e-01
2.015334129333496094e+00,9.758717417716979980e-01,9.464864730834960938e-01
-3.509607315063476562e-01,7.530413866043090820e-01,9.423264861106872559e-01
2.036758661270141602e+00,1.058932781219482422e+00,6.021094918251037598e-01
-2.139829635620117188e+00,-8.704420924186706543e-01,6.396008133888244629e-01
1.780392169952392578e+00,1.376084208488464355e+00,6.385114789009094238e-01
