3.870229721069335938e-01,-1.743428707122802734e+00,8.859109282493591309e-01
-1.031438037753105164e-01,2.732655048370361328e+00,5.049215555191040039e-01
-7.177462577819824219e-01,4.919118881225585938e-01,1.927062034606933594e+00
1.104830265045166016e+00,5.954208374023437500e-01,3.755764961242675781e-01
9.303061962127685547e-01,1.876676082611083984e+00,1.928780078887939453e+00
-1.122988581657409668e+00,-5.939357876777648926e-01,3.572177886962890625e-01
-1.194923400878906250e+00,-2.473309278488159180e+00,3.938323855400085449e-01
7.802587151527404785e-01,-3.365309834480285645e-01,1.785103797912597656e+00
-9.408850669860839844e-01,1.287906885147094727e+00,1.802407801151275635e-01
-5.682120323181152344e-01,2.032685756683349609e+00,1.807409286499023438e+00
1.152097463607788086e+00,2.087002754211425781e+00,4.285593032836914062e-01
-6.394987106323242188e-01,-8.672347664833068848e-01,1.663709640502929688e+00
2.639016211032867432e-01,-4.513130187988281250e-01,4.090612828731536865e-01
3.389007598161697388e-02,-2.793041229248046875e+00,4.033325016498565674e-01
4.129711687564849854e-01,8.087720870971679688e-01,2.023475646972656250e+00
1.988534480333328247e-01,1.331690549850463867e+00,4.355082511901855469e-01
-6.487299203872680664e-01,-2.102921962738037109e+00,1.317423343658447266e+00
-4.633969068527221680e-01,3.587055504322052002e-01,4.156341552734375000e-01
-5.561694502830505371e-01,-1.572249293327331543e+00,3.968396186828613281e-01
1.154004096984863281e+00,1.144498467445373535e+00,1.247231602668762207e+00
8.446478843688964844e-01,-2.054607868194580078e+00,3.474731370806694031e-02
6.925301551818847656e-01,2.568105220794677734e+00,1.191106081008911133e+00
-9.318857192993164062e-01,1.086782693862915039e+00,1.148736834526062012e+00
9.451303482055664062e-01,-9.840164184570312500e-01,1.072884440422058105e+00
-1.056879997253417969e+00,-9.575685113668441772e-02,1.175894737243652344e+00
-5.046397447586059570e-01,1.934959053993225098e+00,8.503832817077636719e-01
-1.229902267456054688e+00,-1.422202587127685547e+00,1.039387226104736328e+00
-9.074050933122634888e-02,-1.623239815235137939e-01,1.964887619018554688e+00
2.649179100990295410e-01,-1.049008250236511230e+00,1.641772747039794922e+00
3.220934867858886719e-01,-2.565010547637939453e+00,1.191480994224548340e+00
1.056173801422119141e+00,2.956390289909904823e-06,1.039569020271301270e+00
1.381478905677795410e-01,1.661808013916015625e+00,2.022292137145996094e+00
-1.264167785644531250e+00,-1.729770421981811523e+00,1.794242858886718750e-02
1.237702846527099609e+00,1.322187662124633789e+00,4.094634950160980225e-02
3.603366017341613770e-01,3.588048219680786133e-01,4.175643920898437500e-01
3.759391605854034424e-01,2.095664262771606445e+00,4.593834877014160156e-01
1.211275100708007812e+00,1.932561397552490234e+00,1.207331538200378418e+00
1.017130732536315918e+00,-3.560963273048400879e-01,3.619427680969238281e-01
-3.822422623634338379e-01,-8.385734558105468750e-01,4.042477607727050781e-01
6.939111351966857910e-01,-1.077227473258972168e+00,3.771543502807617188e-01
7.282276153564453125e-01,-2.553570747375488281e+00,5.735468864440917969e-01
-3.925634026527404785e-01,2.581303119659423828e+00,1.188649296760559082e+00
-3.773507177829742432e-01,1.147461652755737305e+00,1.999207019805908203e+00
-2.967483401298522949e-01,-1.474744558334350586e+00,1.406163692474365234e+00
-5.225083827972412109e-01,-2.696743011474609375e+00,8.575767278671264648e-01
9.341578483581542969e-01,3.914393186569213867e-01,1.628717660903930664e+00
-5.318359285593032837e-02,-2.076918363571166992e+00,3.926677703857421875e-01
-6.184968948364257812e-01,1.906217575073242188e+00,1.493020653724670410e-01
-1.286474704742431641e+00,-6.470890045166015625e-01,1.540720820426940918e+00
7.044477462768554688e-01,1.023131251335144043e+00,7.544559836387634277e-01
-9.996805191040039062e-01,4.843962788581848145e-01,8.477343320846557617e-01
-1.229821205139160156e+00,-2.241669654846191406e+00,1.012118220329284668e+00
-7.746365070343017578e-01,-1.640287786722183228e-01,1.911186695098876953e+00
7.474802732467651367e-01,2.623532772064208984e+00,5.251783728599548340e-01
1.259449481964111328e+00,1.513423919677734375e+00,7.022378444671630859e-01
3.123901225626468658e-02,-1.325269579887390137e+00,3.997168540954589844e-01
-1.226891040802001953e+00,-1.227114200592041016e+00,4.340789616107940674e-01
-3.848556578159332275e-01,1.084035754203796387e+00,4.237804412841796875e-01
4.659926593303680420e-01,1.612937897443771362e-01,1.996106624603271484e+00
3.881773352622985840e-01,2.231212615966796875e+00,1.988621234893798828e+00
-1.050514698028564453e+00,9.585888683795928955e-02,3.713790774345397949e-01
-4.173538088798522949e-02,-2.091493129730224609e+00,1.348306179046630859e+00
7.426224946975708008e-01,-1.493913650512695312e+00,1.333462238311767578e+00
9.046010971069335938e-01,-1.606976032257080078e+00,6.043303012847900391e-01
8.941005468368530273e-01,1.162242054939270020e+00,1.934784889221191406e+00
-9.016059339046478271e-02,4.831848144531250000e-01,2.017086029052734375e+00
7.237262725830078125e-01,-2.095330238342285156e+00,1.232988595962524414e+00
-1.129010200500488281e+00,-6.649227738380432129e-01,9.660447239875793457e-01
-7.575306892395019531e-01,1.538633227348327637e+00,1.495579481124877930e+00
-6.230921745300292969e-01,2.477379322052001953e+00,6.558654904365539551e-01
-9.168376922607421875e-01,1.499368309974670410e+00,7.410979866981506348e-01
1.123612880706787109e+00,5.698150396347045898e-01,9.652972221374511719e-01
-5.699905157089233398e-01,-2.335436820983886719e+00,3.897514343261718750e-01
7.083688378334045410e-01,1.582371473312377930e+00,4.444665908813476562e-01
-1.292470455169677734e+00,-1.803792238235473633e+00,5.738540291786193848e-01
1.742580980062484741e-01,2.675836086273193359e+00,1.006701827049255371e+00
-1.381616145372390747e-01,1.835946559906005859e+00,4.487137794494628906e-01
1.162662029266357422e+00,2.376689195632934570e+00,8.875582814216613770e-01
-6.280308365821838379e-01,-3.582420647144317627e-01,4.061288833618164062e-01
-9.065718650817871094e-01,4.919124841690063477e-01,1.422062397003173828e+00
-8.152185082435607910e-01,-1.294657468795776367e+00,1.357693195343017578e+00
-7.394847869873046875e-01,-1.330715775489807129e+00,8.291009068489074707e-01
5.826625823974609375e-01,-1.611747384071350098e+00,1.396087557077407837e-01
-2.071641534566879272e-01,-6.624911427497863770e-01,1.888375282287597656e+00
-9.567251205444335938e-01,8.824476599693298340e-01,5.172793269157409668e-01
-1.334941089153289795e-01,-1.194154396653175354e-01,4.122190475463867188e-01
3.044748604297637939e-01,-4.927751123905181885e-01,1.918207645416259766e+00
-4.287471771240234375e-01,1.396764993667602539e+00,8.702529668807983398e-01
7.454290390014648438e-01,-8.664925694465637207e-01,1.668273925781250000e+00
2.172808796167373657e-01,-1.480340242385864258e+00,1.384936809539794922e+00
8.533620834350585938e-01,1.190496012568473816e-01,3.887343406677246094e-01
1.076903343200683594e+00,1.561549901962280273e+00,1.568776488304138184e+00
-7.207870483398437500e-01,2.209364652633666992e+00,1.240397930145263672e+00
1.138381958007812500e-01,8.407086730003356934e-01,4.230074882507324219e-01
-1.846348494291305542e-01,-2.580962419509887695e+00,1.203068256378173828e+00
8.437321186065673828e-01,1.682478904724121094e+00,9.154381752014160156e-01
-1.596884131431579590e-01,2.232241392135620117e+00,1.986307621002197266e+00
-7.741111516952514648e-01,1.056131243705749512e+00,1.605377197265625000e+00
9.849219322204589844e-01,-5.832635164260864258e-01,7.828440666198730469e-01
8.540120124816894531e-01,-2.051833629608154297e+00,7.664383053779602051e-01
9.107372760772705078e-01,-5.471186041831970215e-01,1.357693672180175781e+00
1.039343833923339844e+00,2.205822467803955078e+00,1.552899718284606934e+00
8.970837593078613281e-01,1.153144240379333496e+00,3.207641541957855225e-01
2.946968078613281250e-01,-2.373385667800903320e+00,5.098161697387695312e-01
-8.588271737098693848e-01,-2.169595479965209961e+00,7.225408554077148438e-01
-8.669252395629882812e-01,1.938280940055847168e+00,5.447815060615539551e-01
-3.297674357891082764e-01,1.673138499259948730e+00,1.988352775573730469e+00
-1.080916881561279297e+00,-2.863047719001770020e-01,7.009728550910949707e-01
-2.193141132593154907e-01,-1.048381447792053223e+00,1.644967555999755859e+00
7.766776531934738159e-02,1.139852285385131836e+00,2.032379150390625000e+00
-7.994638085365295410e-01,-1.078908205032348633e+00,3.887009620666503906e-01
-1.052724003791809082e+00,-1.906038522720336914e+00,1.290719032287597656e+00
-8.409039974212646484e-01,-2.513341903686523438e+00,1.115319132804870605e+00
-4.241598546504974365e-01,1.613358110189437866e-01,1.994864940643310547e+00
6.014202237129211426e-01,1.489210605621337891e+00,2.009446144104003906e+00
6.349418312311172485e-02,-8.820290565490722656e-01,4.043340981006622314e-01
1.078260183334350586e+00,1.718339920043945312e+00,1.568499654531478882e-01
-1.090301871299743652e+00,-2.066301345825195312e+00,2.591879069805145264e-01
3.085945844650268555e-01,-2.750875473022460938e+00,7.938758730888366699e-01
-8.111651539802551270e-01,-2.672009468078613281e+00,5.208618044853210449e-01
-8.537154197692871094e-01,1.726753950119018555e+00,1.116596698760986328e+00
3.219741284847259521e-01,2.566663742065429688e+00,4.759063720703125000e-01
3.551743924617767334e-01,-1.886051177978515625e+00,1.350594997406005859e+00
1.011808753013610840e+00,8.846089243888854980e-01,1.556804180145263672e+00
2.850005924701690674e-01,-1.822812438011169434e+00,3.954191207885742188e-01
-6.077499389648437500e-01,1.491872549057006836e+00,1.868772506713867188e-02
8.206835985183715820e-01,6.565650701522827148e-01,1.934094429016113281e+00
-9.427819252014160156e-01,-1.554994821548461914e+00,2.354977428913116455e-01
1.106405258178710938e+00,-9.578067064285278320e-01,1.458882570266723633e+00
9.429879188537597656e-01,2.851486215149634518e-06,1.479918003082275391e+00
-8.996315002441406250e-01,9.829023480415344238e-02,1.562548160552978516e+00
5.284658670425415039e-01,8.404417037963867188e-01,4.207024574279785156e-01
-3.762280046939849854e-01,-2.765192985534667969e+00,4.551863074302673340e-01
4.873370230197906494e-01,-2.210349559783935547e+00,8.676047325134277344e-01
-5.143981799483299255e-02,3.588307797908782959e-01,4.175119400024414062e-01
-9.198412895202636719e-01,-4.908416569232940674e-01,1.634472727775573730e+00
-1.022552102804183960e-01,-2.769450664520263672e+00,7.885598540306091309e-01
1.265877723693847656e+00,1.914332270622253418e+00,7.830952405929565430e-01
1.153131484985351562e+00,8.691272735595703125e-01,6.740140914916992188e-01
1.224260330200195312e+00,1.522701263427734375e+00,1.113037824630737305e+00
6.356024742126464844e-01,-6.164100766181945801e-01,3.929544091224670410e-01
5.246157646179199219e-01,-1.194371953606605530e-01,4.125499725341796875e-01
-9.456977844238281250e-01,-1.700912475585937500e+00,9.567794799804687500e-01
-1.152404308319091797e+00,-1.047286868095397949e+00,1.175251126289367676e+00
9.086995124816894531e-01,-1.397680282592773438e+00,9.508306384086608887e-01
-6.950064897537231445e-01,-1.680100083351135254e+00,1.369760036468505859e+00
-5.156953334808349609e-01,2.135879516601562500e+00,4.693855047225952148e-01
-1.000830650329589844e+00,4.843031167984008789e-01,4.426547288894653320e-01
6.506218314170837402e-01,-2.278650760650634766e+00,2.974630594253540039e-01
-1.031611442565917969e+00,9.616393595933914185e-02,7.732412815093994141e-01
-7.499090433120727539e-01,1.130216598510742188e+00,7.400598526000976562e-01
9.488167762756347656e-01,-9.834172129631042480e-01,6.563711166381835938e-01
1.072332859039306641e+00,1.910661607980728149e-01,7.015339732170104980e-01
8.253806233406066895e-01,2.248429775238037109e+00,1.949950695037841797e+00
4.458741247653961182e-01,-2.757797241210937500e+00,4.089382886886596680e-01
1.022506713867187500e+00,-1.926722675561904907e-01,7.074307203292846680e-01
-1.189568042755126953e+00,-1.040631055831909180e+00,7.646555900573730469e-01
5.604479908943176270e-01,-1.396263241767883301e+00,7.961063385009765625e-01
-5.485460758209228516e-01,-4.944880902767181396e-01,1.900494098663330078e+00
-2.430667877197265625e-01,2.693895339965820312e+00,8.532437086105346680e-01
-7.845635414123535156e-01,2.186924695968627930e+00,8.535284399986267090e-01
-5.427627265453338623e-02,2.361503601074218750e+00,4.722151756286621094e-01
4.947704970836639404e-01,1.844915270805358887e+00,2.014608383178710938e+00
-5.469793081283569336e-01,8.195185661315917969e-01,1.957345485687255859e+00
-1.138700723648071289e+00,-2.535211086273193359e+00,7.533611655235290527e-01
-1.304442405700683594e+00,-2.212679624557495117e+00,6.541969180107116699e-01
2.123077660799026489e-01,1.731649398803710938e+00,4.465792775154113770e-01
1.085430860519409180e+00,2.438410758972167969e+00,5.020236372947692871e-01
-1.009263992309570312e+00,-8.747764229774475098e-01,1.479247212409973145e+00
7.607894390821456909e-02,1.608402281999588013e-01,2.010715961456298828e+00
-3.705574572086334229e-01,-1.880093336105346680e+00,1.368442058563232422e+00
-3.902000486850738525e-01,1.581530928611755371e+00,4.404993057250976562e-01
1.063605308532714844e+00,5.756335258483886719e-01,1.317906260490417480e+00
8.796539306640625000e-01,-1.826346278190612793e+00,3.276327550411224365e-01
-3.061039745807647705e-01,-1.822642803192138672e+00,3.947410583496093750e-01
5.323672294616699219e-01,1.141905069351196289e+00,2.023416519165039062e+00
6.094613671302795410e-01,-2.577339172363281250e+00,9.865028262138366699e-01
5.978893637657165527e-01,2.661304950714111328e+00,8.664464950561523438e-01
8.208832144737243652e-01,2.193758487701416016e+00,4.674447476863861084e-01
-8.922095298767089844e-01,1.715939760208129883e+00,2.549868822097778320e-01
8.245709538459777832e-01,1.653477102518081665e-01,1.870235919952392578e+00
-1.275351047515869141e+00,-1.809203028678894043e+00,9.816119074821472168e-01
-6.312071084976196289e-01,8.386713266372680664e-01,4.050765037536621094e-01
8.550057411193847656e-01,-1.833701491355895996e+00,1.048486709594726562e+00
-1.338339149951934814e-01,-5.979717373847961426e-01,4.071664810180664062e-01
2.985794842243194580e-01,4.832329750061035156e-01,2.016609191894531250e+00
-2.026897370815277100e-01,8.089717030525207520e-01,2.022257328033447266e+00
-9.802131652832031250e-01,6.817749142646789551e-01,1.128910779953002930e+00
9.729232788085937500e-01,-7.811370491981506348e-01,3.793200552463531494e-01
-7.093711495399475098e-01,1.192040517926216125e-01,3.982906341552734375e-01
4.178297221660614014e-01,-1.246786117553710938e+00,4.885673522949218750e-01
-1.068883895874023438e+00,-4.788098037242889404e-01,1.245858311653137207e+00
-7.109723091125488281e-01,-7.477090358734130859e-01,3.974017202854156494e-01
6.888193488121032715e-01,4.463291168212890625e-01,4.112939238548278809e-01
1.066330909729003906e+00,1.161663055419921875e+00,9.199026226997375488e-01
1.216113567352294922e+00,1.132339119911193848e+00,4.334613084793090820e-01
-7.927594184875488281e-01,7.030050754547119141e-01,1.673857092857360840e+00
3.564441502094268799e-01,-1.622780412435531616e-01,1.965570926666259766e+00
8.932745456695556641e-01,-1.498947143554687500e+00,2.486556917428970337e-01
-9.593791961669921875e-01,8.820602297782897949e-01,8.596818447113037109e-01
5.531933307647705078e-01,-1.870883703231811523e+00,5.904526710510253906e-01
-1.359904408454895020e-01,1.331191658973693848e+00,4.327754974365234375e-01
-3.021281361579895020e-01,-1.325206398963928223e+00,3.993687629699707031e-01
1.010002613067626953e+00,-3.865493834018707275e-01,1.049823760986328125e+00
-1.025082111358642578e+00,2.890053987503051758e-01,1.114680171012878418e+00
1.259449481964111328e+00,1.513424396514892578e+00,3.705328404903411865e-01
4.662493765354156494e-01,-1.273050546646118164e+00,1.451855182647705078e+00
-1.111426427960395813e-01,-2.401720523834228516e+00,3.895773291587829590e-01
-7.767091989517211914e-01,1.644676625728607178e-01,1.897570610046386719e+00
1.951739490032196045e-01,-1.194427236914634705e-01,4.125146865844726562e-01
-1.248553752899169922e+00,-1.417605400085449219e+00,7.006857395172119141e-01
-5.796169638633728027e-01,1.638534665107727051e+00,7.086849212646484375e-01
5.964650511741638184e-01,-6.638704538345336914e-01,1.877702713012695312e+00
-3.860490322113037109e-01,-2.332453727722167969e+00,1.271323204040527344e+00
-4.277984797954559326e-01,-1.627198755741119385e-01,1.951927185058593750e+00
9.274044036865234375e-01,1.419776678085327148e+00,5.577819794416427612e-02
-1.248553752899169922e+00,-1.417605400085449219e+00,1.066790744662284851e-01
2.336532622575759888e-02,-1.257401585578918457e+00,1.520049095153808594e+00
-6.422201395034790039e-01,1.552495837211608887e+00,1.797378540039062500e+00
8.492888212203979492e-01,8.369765281677246094e-01,4.575540125370025635e-01
-6.250290870666503906e-01,1.239193201065063477e+00,2.247756868600845337e-01
-4.051757603883743286e-02,-1.672909021377563477e+00,1.393857955932617188e+00
9.086217880249023438e-01,2.549285411834716797e+00,7.944822311401367188e-01
-4.065164029598236084e-01,2.630305767059326172e+00,4.755520820617675781e-01
1.417010426521301270e-01,2.029813051223754883e+00,2.014625072479248047e+00
-5.802130699157714844e-01,2.258826017379760742e+00,1.583112001419067383e+00
-1.095601439476013184e+00,-1.498846411705017090e+00,1.314743995666503906e+00
9.085625410079956055e-01,1.510060429573059082e+00,1.939579963684082031e+00
1.719913482666015625e-01,2.732086181640625000e+00,6.983712315559387207e-01
2.196525596082210541e-02,-8.478418588638305664e-01,1.783063888549804688e+00
7.936450242996215820e-01,-2.353231430053710938e+00,8.244839310646057129e-01
-9.164980649948120117e-01,-2.334842443466186523e+00,3.878660202026367188e-01
-7.058100700378417969e-01,1.989198684692382812e+00,1.458619475364685059e+00
-1.094587326049804688e+00,-2.856435775756835938e-01,3.690112233161926270e-01
5.548071265220642090e-01,2.362685203552246094e+00,4.759588241577148438e-01
-9.740190505981445312e-01,-1.829680085182189941e+00,5.666290223598480225e-02
-7.361086606979370117e-01,-2.076741695404052734e+00,3.920235633850097656e-01
6.117016673088073730e-01,1.180055618286132812e+00,4.303958117961883545e-01
-6.403937339782714844e-01,2.470657825469970703e+00,9.607909917831420898e-01
-9.408850669860839844e-01,1.287906646728515625e+00,5.246580243110656738e-01
5.430486798286437988e-01,1.836575388908386230e+00,4.512486457824707031e-01
-8.179181218147277832e-01,-2.635980129241943359e+00,8.273602128028869629e-01
8.369665145874023438e-01,-1.206564903259277344e+00,1.314870715141296387e+00
-5.357308983802795410e-01,-2.587845325469970703e+00,1.138281702995300293e+00
-9.721376299858093262e-01,-1.813137531280517578e+00,3.881191909313201904e-01
3.615899682044982910e-01,-8.386743664741516113e-01,4.050407409667968750e-01
8.363061547279357910e-01,-1.733133912086486816e+00,3.158187866210937500e-02
9.190092086791992188e-01,1.904528021812438965e+00,7.269406318664550781e-01
1.114918589591979980e+00,2.314487934112548828e+00,1.176780939102172852e+00
-1.049080789089202881e-01,2.659692764282226562e+00,1.163321256637573242e+00
1.625555455684661865e-01,-2.328543186187744141e+00,1.280922412872314453e+00
-4.262084364891052246e-01,4.856706261634826660e-01,1.991463184356689453e+00
5.816447138786315918e-01,-2.356539487838745117e+00,1.212168216705322266e+00
-1.157711982727050781e+00,-8.530995249748229980e-01,5.000758171081542969e-01
-1.361971944570541382e-01,-1.572332024574279785e+00,3.972334861755371094e-01
1.017635822296142578e+00,1.171194791793823242e+00,1.633399009704589844e+00
-8.785948753356933594e-01,8.938567042350769043e-01,1.366980314254760742e+00
-2.173066735267639160e-01,8.404533267021179199e-01,4.208288192749023438e-01
1.162266254425048828e+00,1.045299649238586426e+00,1.585168838500976562e-01
-9.571479260921478271e-02,1.844578504562377930e+00,2.015520572662353516e+00
-9.354377537965774536e-02,1.485286235809326172e+00,2.022606372833251953e+00
1.236717224121093750e+00,1.802624702453613281e+00,3.929223418235778809e-01
-4.626557826995849609e-01,-1.194193437695503235e-01,4.114718437194824219e-01
-2.981547415256500244e-01,-3.584012389183044434e-01,4.094214439392089844e-01
-2.980667054653167725e-01,1.194740086793899536e-01,4.143753051757812500e-01
-9.169588088989257812e-01,1.292992472648620605e+00,9.461666941642761230e-01
-8.499975204467773438e-01,1.307225346565246582e+00,1.316414475440979004e+00
-4.086632728576660156e-01,2.319185972213745117e+00,1.872278094291687012e+00
5.821750760078430176e-01,4.865605831146240234e-01,1.982247352600097656e+00
9.936733245849609375e-01,-1.936014294624328613e-01,1.258217930793762207e+00
-7.204818725585937500e-01,4.982164800167083740e-01,3.968582153320312500e-01
2.122123725712299347e-02,-4.928110539913177490e-01,1.917880535125732422e+00
1.045559406280517578e+00,1.919290721416473389e-01,1.247348308563232422e+00
3.066976964473724365e-01,1.311097264289855957e+00,2.026887893676757812e+00
-1.270396709442138672e+00,-1.609690308570861816e+00,3.714520037174224854e-01
-1.347183138132095337e-01,-1.080843210220336914e+00,4.019484519958496094e-01
3.219070285558700562e-02,2.095128536224365234e+00,4.574871063232421875e-01
1.326102465391159058e-01,8.080668449401855469e-01,2.027801036834716797e+00
3.486993536353111267e-02,-2.671392440795898438e+00,1.057648897171020508e+00
8.275885581970214844e-01,-2.284187078475952148e+00,5.574380159378051758e-01
-8.732714653015136719e-01,-1.189349368214607239e-01,3.816270828247070312e-01
9.362875223159790039e-01,1.429346680641174316e+00,9.808268547058105469e-01
-1.033927440643310547e+00,-1.294338345527648926e+00,2.270178794860839844e-01
9.274044036865234375e-01,1.419776678085327148e+00,4.131191968917846680e-01
5.496687293052673340e-01,-1.688697576522827148e+00,1.340936183929443359e+00
-4.837155938148498535e-01,-1.277245640754699707e+00,1.433584690093994141e+00
4.345809221267700195e-01,-8.510931730270385742e-01,1.763068199157714844e+00
7.374596595764160156e-01,-1.436972141265869141e+00,4.725588858127593994e-01
-7.266429066658020020e-01,-1.077724695205688477e+00,1.495073795318603516e+00
5.899088382720947266e-01,-2.719225883483886719e+00,7.557784914970397949e-01
-6.686579585075378418e-01,1.790075778961181641e+00,1.638093471527099609e+00
-5.088822841644287109e-01,1.695170760154724121e+00,9.751262664794921875e-01
6.416566967964172363e-01,-1.631231606006622314e-01,1.939312934875488281e+00
9.274120330810546875e-01,-1.188858151435852051e+00,4.550973474979400635e-01
8.459362387657165527e-01,-9.088337421417236328e-01,1.407740592956542969e+00
5.748301744461059570e-01,-1.059232592582702637e+00,1.589533805847167969e+00
-3.938816785812377930e-01,-2.076812744140625000e+00,3.923001289367675781e-01
-1.134684562683105469e+00,-6.642802357673645020e-01,6.982296705245971680e-01
-1.083232402801513672e+00,-2.861930429935455322e-01,9.685236811637878418e-01
5.338870286941528320e-01,-2.040657043457031250e+00,2.636008262634277344e-01
1.124553203582763672e+00,5.697236657142639160e-01,6.982522606849670410e-01
5.542101860046386719e-01,-1.861947178840637207e+00,5.388580262660980225e-02
7.810139656066894531e-01,-6.030356287956237793e-01,1.674187779426574707e+00
-6.450390219688415527e-01,-1.822576761245727539e+00,3.944497108459472656e-01
3.642251491546630859e-01,1.084649085998535156e+00,4.279808998107910156e-01
-5.765910148620605469e-01,-2.602092266082763672e+00,3.953495025634765625e-01
1.990905702114105225e-01,-1.572419881820678711e+00,3.976254463195800781e-01
6.889953613281250000e-01,-3.576442599296569824e-01,3.938131332397460938e-01
-4.917092919349670410e-01,1.138315916061401367e+00,7.954392433166503906e-01
-5.593574643135070801e-01,1.331854343414306641e+00,1.948153495788574219e+00
-5.268203467130661011e-02,1.581464052200317383e+00,4.401779174804687500e-01
-8.728528618812561035e-01,-1.951028108596801758e+00,9.156079292297363281e-01
1.216112613677978516e+00,1.132337927818298340e+00,6.971502304077148438e-01
9.253412485122680664e-01,2.467386722564697266e+00,1.076122760772705078e+00
2.957606315612792969e-01,6.500890851020812988e-01,4.204009771347045898e-01
1.168806076049804688e+00,9.476653337478637695e-01,1.033250093460083008e+00
-1.314822673797607422e+00,-2.000350952148437500e+00,3.761581480503082275e-01
-5.198669433593750000e-02,1.084531903266906738e+00,4.271602630615234375e-01
-3.148142993450164795e-01,2.360379219055175781e+00,4.686641693115234375e-01
1.053955078125000000e+00,2.756118647084804252e-06,5.036163330078125000e-01
-6.366540193557739258e-01,-1.325145840644836426e+00,3.990240097045898438e-01
1.119982242584228516e+00,1.349198937416076660e+00,1.403352737426757812e+00
-8.362073898315429688e-01,1.947989344596862793e+00,9.834945201873779297e-01
-7.257843017578125000e-01,1.546459317207336426e+00,9.831455945968627930e-01
2.063226252794265747e-01,-2.601381063461303711e+00,3.933467864990234375e-01
-2.253980934619903564e-01,2.095178365707397461e+00,4.576764106750488281e-01
-4.682887792587280273e-01,-1.062263369560241699e+00,1.574061393737792969e+00
-1.028689861297607422e+00,-2.345096111297607422e+00,1.164780497550964355e+00
-3.924886286258697510e-01,-8.560522794723510742e-01,1.732545852661132812e+00
-3.393560051918029785e-01,2.050341606140136719e+00,1.964211463928222656e+00
-4.668621718883514404e-01,-1.080794811248779297e+00,4.015221595764160156e-01
-9.603142738342285156e-01,-2.921382486820220947e-01,1.477409839630126953e+00
4.523289799690246582e-01,2.696373939514160156e+00,6.583720445632934570e-01
-7.749807834625244141e-01,1.732264399528503418e+00,2.804422378540039062e-02
-1.111878976225852966e-01,-2.328187704086303711e+00,1.281794548034667969e+00
2.021520882844924927e-01,-2.077010393142700195e+00,3.929991722106933594e-01
-2.991390824317932129e-01,5.988961458206176758e-01,4.185314178466796875e-01
6.853812932968139648e-01,2.039502859115600586e+00,1.990825176239013672e+00
4.537123143672943115e-01,1.581868290901184082e+00,4.420781135559082031e-01
4.605111181735992432e-01,2.618525505065917969e+00,1.076428532600402832e+00
-1.232789993286132812e+00,-2.029214620590209961e+00,8.609649538993835449e-01
-5.590738058090209961e-01,1.819185495376586914e+00,3.806848526000976562e-01
-4.637801945209503174e-01,-5.979237556457519531e-01,4.066162109375000000e-01
1.112938404083251953e+00,1.965391159057617188e+00,1.516434788703918457e+00
3.093414194881916046e-02,5.990226864814758301e-01,4.202718734741210938e-01
-7.306947708129882812e-01,1.332584500312805176e+00,1.641481399536132812e+00
1.019336581230163574e+00,3.568686246871948242e-01,3.779082298278808594e-01
-5.274948105216026306e-02,-1.822719335556030273e+00,3.950252532958984375e-01
3.082275390625000000e-02,1.194977387785911560e-01,4.151096343994140625e-01
-9.168376922607421875e-01,1.499367952346801758e+00,4.339263960719108582e-02
4.422704875469207764e-01,1.194803938269615173e-01,4.150710105895996094e-01
-9.315565228462219238e-01,-2.125035524368286133e+00,1.257668972015380859e+00
7.277264595031738281e-01,1.227953314781188965e+00,9.000512361526489258e-01
1.201951503753662109e+00,2.145647525787353516e+00,1.010811686515808105e+00
-9.168376922607421875e-01,1.499367952346801758e+00,3.910372853279113770e-01
9.324617385864257812e-01,-1.187869548797607422e+00,8.009055852890014648e-01
3.083190880715847015e-02,-3.584504723548889160e-01,4.099583625793457031e-01
9.683541655540466309e-01,2.122469186782836914e+00,1.787051677703857422e+00
-7.689670920372009277e-01,2.015071392059326172e+00,3.148089647293090820e-01
5.586550831794738770e-01,-2.379072427749633789e+00,5.278124809265136719e-01
4.883277714252471924e-01,-1.959709882736206055e+00,9.508237838745117188e-01
8.540120124816894531e-01,-2.051834106445312500e+00,4.765420556068420410e-01
-3.873042166233062744e-01,1.331053256988525391e+00,4.319796562194824219e-01
7.707592844963073730e-01,-1.190922707319259644e-01,3.913741111755371094e-01
-9.822816848754882812e-01,9.695839881896972656e-02,1.329897165298461914e+00
-7.826442718505859375e-01,1.746720790863037109e+00,1.352146744728088379e+00
9.625482559204101562e-01,-7.824833393096923828e-01,9.262371659278869629e-01
1.185321807861328125e+00,2.151801347732543945e+00,6.638108491897583008e-01
9.045592695474624634e-02,-1.879768013954162598e+00,1.369410514831542969e+00
-6.642255783081054688e-01,-2.339473724365234375e+00,1.254083156585693359e+00
-8.072147369384765625e-01,-6.819322109222412109e-01,1.738360881805419922e+00
-1.217651367187500000e+00,-2.034541130065917969e+00,1.142246961593627930e+00
2.256704717874526978e-01,-2.093163490295410156e+00,1.343793869018554688e+00
-9.222567677497863770e-01,-1.374500393867492676e+00,6.745805740356445312e-01
-2.258740961551666260e-01,-1.256854176521301270e+00,1.522443771362304688e+00
1.147798061370849609e+00,1.746330857276916504e+00,1.420655488967895508e+00
-9.792675971984863281e-01,6.818820238113403320e-01,6.487321257591247559e-01
9.383678436279296875e-01,-7.856171131134033203e-01,1.209217548370361328e+00
9.985644817352294922e-01,1.387421250343322754e+00,1.737391948699951172e+00
7.064520716667175293e-01,9.835443496704101562e-01,1.976140022277832031e+00
-7.491115927696228027e-01,2.143787860870361328e+00,5.812240242958068848e-01
8.630810379981994629e-01,-1.730702221393585205e-01,1.630659103393554688e+00
1.969314515590667725e-01,-1.080904841423034668e+00,4.023385047912597656e-01
1.259624004364013672e+00,1.712961196899414062e+00,9.114118814468383789e-01
9.885315895080566406e-01,-5.829132795333862305e-01,5.115455389022827148e-01
-5.307111740112304688e-01,2.629198551177978516e+00,8.204464316368103027e-01
9.435548186302185059e-01,1.977312088012695312e+00,4.630419909954071045e-01
-9.988798499107360840e-01,-1.097273111343383789e+00,1.395239830017089844e+00
2.264358475804328918e-02,-1.046813964843750000e+00,1.652975082397460938e+00
-5.624628067016601562e-01,2.367699146270751953e+00,4.473583996295928955e-01
-1.270396709442138672e+00,-1.609690189361572266e+00,8.380999565124511719e-01
4.976708889007568359e-01,-2.108718872070312500e+00,1.301754951477050781e+00
2.061970531940460205e-01,2.360421895980834961e+00,4.688000679016113281e-01
-1.260442733764648438e+00,-2.229773044586181641e+00,3.843118250370025635e-01
-1.017168045043945312e+00,2.893882691860198975e-01,5.742422342300415039e-01
-2.431630790233612061e-01,-2.692209720611572266e+00,1.003671884536743164e+00
-1.292470455169677734e+00,-1.803792238235473633e+00,2.405792176723480225e-01
-2.603135704994201660e-01,-3.268027007579803467e-01,1.935984134674072266e+00
-9.612005352973937988e-01,-8.350349068641662598e-01,3.729605674743652344e-01
-5.969457626342773438e-01,1.111030428546655457e-06,1.953586101531982422e+00
8.796539306640625000e-01,-1.826345801353454590e+00,6.838288903236389160e-01
-1.199438095092773438e+00,-1.733659982681274414e+00,1.190259933471679688e+00
1.135832786560058594e+00,7.600248456001281738e-01,1.169825911521911621e+00
8.930127024650573730e-01,1.117348432540893555e+00,6.519250869750976562e-01
1.698598861694335938e-01,-2.784948825836181641e+00,5.940597653388977051e-01
-1.211167812347412109e+00,-1.230456471443176270e+00,9.004049301147460938e-01
1.101234912872314453e+00,3.806577324867248535e-01,1.101474761962890625e+00
-8.922095298767089844e-01,1.715939164161682129e+00,6.082211136817932129e-01
1.237702846527099609e+00,1.322187423706054688e+00,8.325533866882324219e-01
-1.062556743621826172e+00,-9.566520154476165771e-02,5.692940950393676758e-01
-2.574484050273895264e-01,1.156329972218372859e-06,1.981546878814697266e+00
1.100731849670410156e+00,3.806903064250946045e-01,8.324830532073974609e-01
-1.107125282287597656e+00,-4.757224917411804199e-01,8.325545787811279297e-01
-8.741537332534790039e-01,-3.570394515991210938e-01,3.813147544860839844e-01
-2.564998567104339600e-01,3.220105767250061035e-01,2.010029792785644531e+00
-1.106173038482666016e+00,-4.757993519306182861e-01,5.668768286705017090e-01
1.237702846527099609e+00,1.322187662124633789e+00,5.667849779129028320e-01
1.059528350830078125e+00,1.772670388221740723e+00,1.661101818084716797e+00
7.190322875976562500e-01,-1.874276638031005859e+00,1.296723246574401855e+00
-8.035135269165039062e-01,1.958320856094360352e+00,1.210957050323486328e+00
-9.687963724136352539e-01,-1.694332122802734375e+00,1.322063922882080078e+00
-3.760900795459747314e-01,-2.766733169555664062e+00,6.948661804199218750e-01
-8.668426275253295898e-01,-1.708026826381683350e-01,1.701004981994628906e+00
-7.838310599327087402e-01,-4.972359240055084229e-01,1.872139930725097656e+00
5.891265869140625000e-01,-8.595115542411804199e-01,3.917849659919738770e-01
8.779854774475097656e-01,-1.613993763923645020e+00,1.107319712638854980e+00
-2.280996590852737427e-01,-2.601916790008544922e+00,3.948645591735839844e-01
7.301331162452697754e-01,1.675441265106201172e+00,1.981453418731689453e+00
8.571404814720153809e-01,5.972601771354675293e-01,3.983516693115234375e-01
-7.731692194938659668e-01,-1.890068411827087402e+00,1.338550090789794922e+00
-1.484162807464599609e-01,1.140762329101562500e+00,2.028403282165527344e+00
-1.004444718360900879e+00,-2.097226381301879883e+00,4.649600982666015625e-01
-8.759251236915588379e-01,-5.958581566810607910e-01,3.810448646545410156e-01
8.897108435630798340e-01,-3.566333949565887451e-01,1.473591327667236328e+00
8.339557647705078125e-01,-2.058529853820800781e+00,9.890173077583312988e-01
1.325798779726028442e-01,-1.622483432292938232e-01,1.967417240142822266e+00
-8.648924827575683594e-01,1.512171030044555664e+00,1.177443265914916992e+00
-8.495364189147949219e-01,2.974965870380401611e-01,1.649937868118286133e+00
5.266738533973693848e-01,5.989040136337280273e-01,4.186630249023437500e-01
-3.092903196811676025e-01,-2.092601060867309570e+00,1.345314025878906250e+00
-1.068004369735717773e+00,-7.366570234298706055e-01,1.316122531890869141e+00
-7.620315551757812500e-01,-1.537522673606872559e+00,9.047424197196960449e-01
4.504031240940093994e-01,1.331508040428161621e+00,4.345040321350097656e-01
-9.121756553649902344e-01,-1.285859465599060059e+00,4.111926257610321045e-01
-5.565458536148071289e-01,-1.479914546012878418e+00,1.386559963226318359e+00
-1.014658808708190918e+00,-2.599777698516845703e+00,3.887925148010253906e-01
3.715265691280364990e-01,1.662614107131958008e+00,2.019873142242431641e+00
-6.710580587387084961e-01,9.952852129936218262e-01,1.916170597076416016e+00
-9.473457336425781250e-01,1.084014058113098145e+00,6.583398580551147461e-01
8.917312622070312500e-01,-1.610368967056274414e+00,8.895788192749023438e-01
-1.129964351654052734e+00,-1.247716903686523438e+00,1.256487607955932617e+00
8.698959350585937500e-01,-1.406583547592163086e+00,1.171981692314147949e+00
-1.061089754104614258e+00,-1.088711500167846680e+00,4.557967185974121094e-01
1.181076020002365112e-01,-2.335675716400146484e+00,3.905019760131835938e-01
8.540120124816894531e-01,-2.051833629608154297e+00,2.604205310344696045e-01
-4.562458693981170654e-01,1.869538784027099609e+00,1.948075771331787109e+00
-1.013670325279235840e+00,-1.496580481529235840e+00,4.085206985473632812e-02
-9.904832243919372559e-01,-2.517986774444580078e+00,9.610557556152343750e-01
-4.308399856090545654e-01,-1.675085663795471191e+00,1.386563777923583984e+00
6.410711407661437988e-01,-2.597748279571533203e+00,3.830204010009765625e-01
9.830164909362792969e-01,5.834480524063110352e-01,1.548217773437500000e+00
2.577171921730041504e-01,1.843451619148254395e+00,2.018559932708740234e+00
-8.922095298767089844e-01,1.715940356254577637e+00,8.218304514884948730e-01
4.781051576137542725e-01,-1.488025188446044922e+00,1.355788707733154297e+00
7.272815704345703125e-01,-2.553955793380737305e+00,8.011288046836853027e-01
1.229474067687988281e+00,1.721957802772521973e+00,1.191341161727905273e+00
1.208703592419624329e-01,2.632698535919189453e+00,4.823503494262695312e-01
9.245061874389648438e-01,-1.189427018165588379e+00,1.012201786041259766e+00
4.745847284793853760e-01,-4.653201103210449219e-01,4.089294373989105225e-01
-3.114961087703704834e-01,-2.335500955581665039e+00,3.899450302124023438e-01
9.918103218078613281e-01,-5.825952887535095215e-01,1.124830007553100586e+00
-8.488955497741699219e-01,1.101646065711975098e+00,1.380825042724609375e+00
-1.314823150634765625e+00,-2.000350713729858398e+00,6.452636718750000000e-01
1.132452338933944702e-01,-5.980067253112792969e-01,4.074640274047851562e-01
3.702004849910736084e-01,-2.340968370437622070e+00,1.250402450561523438e+00
1.015612125396728516e+00,3.861829340457916260e-01,1.394981145858764648e+00
6.348795890808105469e-01,2.096451044082641602e+00,4.621934890747070312e-01
7.715021967887878418e-01,-1.074108123779296875e+00,1.513541221618652344e+00
-9.416785240173339844e-01,1.085029006004333496e+00,9.363957047462463379e-01
1.081450581550598145e+00,2.455138683319091797e+00,7.107737660408020020e-01
-6.763922572135925293e-01,-2.615191936492919922e+00,9.803625345230102539e-01
3.145201504230499268e-01,-2.669291496276855469e+00,1.010061144828796387e+00
7.558234930038452148e-01,2.574682712554931641e+00,9.920141100883483887e-01
-9.347796440124511719e-01,1.289204239845275879e+00,7.334685921669006348e-01
8.351638913154602051e-02,2.229160308837890625e+00,1.993230819702148438e+00
-9.807562828063964844e-01,6.817132234573364258e-01,3.780865371227264404e-01
9.391918182373046875e-01,1.953577399253845215e-01,1.553020119667053223e+00
-9.577660560607910156e-01,8.822962641716003418e-01,1.067987918853759766e+00
1.281402111053466797e+00,1.706462502479553223e+00,5.721284151077270508e-01
-9.691810607910156250e-01,-9.716968238353729248e-02,1.403068661689758301e+00
9.843320250511169434e-01,-1.429929733276367188e-01,3.698736429214477539e-01
-1.155710697174072266e+00,-8.533923625946044922e-01,1.100586533546447754e+00
-8.900183439254760742e-01,-1.491296052932739258e+00,1.343393802642822266e+00
2.845115661621093750e-01,-1.676734328269958496e+00,1.381033897399902344e+00
-9.816308021545410156e-01,6.816140413284301758e-01,9.215047955513000488e-01
1.007409572601318359e+00,-3.867166042327880859e-01,5.757020711898803711e-01
-5.978597402572631836e-01,3.254852890968322754e-01,1.956230163574218750e+00
9.476423263549804688e-01,-9.836083054542541504e-01,8.634957671165466309e-01
1.214163780212402344e+00,1.327588677406311035e+00,1.038234591484069824e+00
1.256836891174316406e+00,1.917350888252258301e+00,9.899551272392272949e-01
-4.387949407100677490e-01,-6.658756136894226074e-01,1.862249851226806641e+00
-6.922679543495178223e-01,1.195168018341064453e+00,1.791285991668701172e+00
-1.041911125183105469e+00,9.599788486957550049e-02,1.042199850082397461e+00
-9.872303009033203125e-01,4.854014813899993896e-01,1.193390965461730957e+00
-6.627995371818542480e-01,-2.703312397003173828e+00,6.614419221878051758e-01
9.672169685363769531e-01,-7.818781733512878418e-01,7.195719480514526367e-01
-9.710676074028015137e-01,-2.605842590332031250e+00,6.337301731109619141e-01
1.162784099578857422e+00,1.538908839225769043e+00,1.333910942077636719e+00
1.209864139556884766e+00,1.933032751083374023e+00,5.852151513099670410e-01
1.098692893981933594e+00,3.808216154575347900e-01,5.669326782226562500e-01
-9.069924354553222656e-01,6.900676488876342773e-01,1.354968190193176270e+00
1.142427444458007812e+00,7.591701149940490723e-01,5.002723336219787598e-01
1.105567932128906250e+00,9.579427242279052734e-01,1.319569706916809082e+00
1.355564147233963013e-01,-6.618494391441345215e-01,1.893368244171142578e+00
-4.444877803325653076e-01,1.500626921653747559e+00,1.971196651458740234e+00
-8.329889774322509766e-01,-8.782624602317810059e-01,1.595874309539794922e+00
9.463272094726562500e-01,-9.838218688964843750e-01,4.510691761970520020e-01
-5.722754001617431641e-01,1.692632913589477539e+00,1.929965496063232422e+00
1.079785346984863281e+00,1.908260732889175415e-01,9.684591293334960938e-01
3.107501864433288574e-01,2.721199989318847656e+00,8.487153649330139160e-01
7.767582535743713379e-01,1.326213836669921875e+00,1.969550132751464844e+00
1.028071403503417969e+00,-1.924928277730941772e-01,9.769184589385986328e-01
1.045885086059570312e+00,2.794265583361266181e-06,7.712920904159545898e-01
1.057504177093505859e+00,7.701765894889831543e-01,1.393902420997619629e+00
1.281401634216308594e+00,1.706462264060974121e+00,1.736440956592559814e-01
1.237702846527099609e+00,1.322187662124633789e+00,3.032675087451934814e-01
-1.019557476043701172e+00,2.892726361751556396e-01,9.109448194503784180e-01
-1.054913520812988281e+00,-9.578835964202880859e-02,8.373160958290100098e-01
7.068949937820434570e-01,-4.943883717060089111e-01,1.901479244232177734e+00
4.095869064331054688e-01,-1.512204289436340332e+00,7.239408493041992188e-01
1.259449481964111328e+00,1.513424158096313477e+00,1.069152802228927612e-01
1.000611782073974609e+00,-3.871553838253021240e-01,8.466116189956665039e-01
-8.223071098327636719e-01,4.987154901027679443e-01,1.660692095756530762e+00
5.744627118110656738e-01,-1.687876701354980469e+00,9.408001899719238281e-01
3.810056149959564209e-01,2.030389547348022461e+00,2.013212203979492188e+00
-1.342063844203948975e-01,-8.386189341545104980e-01,4.045662879943847656e-01
4.719138145446777344e-01,-3.265164494514465332e-01,1.940366744995117188e+00
1.159825801849365234e+00,9.491250514984130859e-01,3.692907691001892090e-01
-1.158238887786865234e+00,-8.530227541923522949e-01,8.982070684432983398e-01
6.355252265930175781e-01,-1.460361599922180176e+00,2.624472081661224365e-01
1.149117946624755859e+00,7.583031058311462402e-01,8.976144194602966309e-01
-1.182513713836669922e+00,-1.041894435882568359e+00,9.662945270538330078e-01
-2.642227113246917725e-01,1.313102126121520996e+00,2.019288063049316406e+00
-1.292470455169677734e+00,-1.803792715072631836e+00,7.753941416740417480e-01
-3.507690504193305969e-02,9.730874300003051758e-01,2.029577255249023438e+00
-1.108409404754638672e+00,-4.756193459033966064e-01,1.033786296844482422e+00
-5.470263361930847168e-01,5.984950661659240723e-01,4.136176109313964844e-01
-1.270396709442138672e+00,-1.609690189361572266e+00,6.371906995773315430e-01
6.981983184814453125e-01,3.258156776428222656e-01,1.951100349426269531e+00
3.437149152159690857e-02,2.733177185058593750e+00,8.441436290740966797e-01
-9.327950477600097656e-01,2.934692800045013428e-01,1.413001060485839844e+00
-6.596067547798156738e-01,-3.279133141040802002e-01,1.918680191040039062e+00
2.456954866647720337e-01,9.728934168815612793e-01,2.030559062957763672e+00
-5.700787305831909180e-01,-1.883037328720092773e+00,1.359626770019531250e+00
-1.169185519218444824e+00,-2.415682792663574219e+00,9.359582066535949707e-01
6.617999076843261719e-01,-1.281674146652221680e+00,1.414275169372558594e+00
8.931790590286254883e-01,8.327794671058654785e-01,1.875740051269531250e+00
-1.248553752899169922e+00,-1.417605400085449219e+00,5.017130970954895020e-01
-9.518446922302246094e-01,-6.994910240173339844e-01,1.602904319763183594e+00
-2.426162213087081909e-01,2.701878547668457031e+00,6.549688577651977539e-01
-4.006866365671157837e-02,-1.474877119064331055e+00,1.405665397644042969e+00
-1.725636273622512817e-01,-1.878045916557312012e+00,1.374565124511718750e+00
-9.969625473022460938e-01,4.846160113811492920e-01,6.448076963424682617e-01
-1.050669193267822266e+00,-2.093293905258178711e+00,8.169857859611511230e-01
-3.884329199790954590e-01,2.627783775329589844e+00,9.699258208274841309e-01
2.431271374225616455e-01,1.192092781820974778e-06,1.989969730377197266e+00
-3.136612772941589355e-01,6.459267139434814453e-01,2.016191005706787109e+00
-1.248553752899169922e+00,-1.417605400085449219e+00,3.038592338562011719e-01
-1.018263250589370728e-01,-2.787193775177001953e+00,5.458834767341613770e-01
6.033270955085754395e-01,-1.259734153747558594e+00,4.245031774044036865e-01
8.131535649299621582e-01,-2.239006042480468750e+00,1.941238343715667725e-01
2.085548266768455505e-02,6.450302600860595703e-01,2.023089885711669922e+00
-1.270396709442138672e+00,-1.609690189361572266e+00,1.731683313846588135e-01
1.132792949676513672e+00,2.171240329742431641e+00,1.309854149818420410e+00
-1.092098712921142578e+00,-1.867117524147033691e+00,9.426644444465637207e-01
-1.453250050544738770e-01,1.609039008617401123e-01,2.008335113525390625e+00
1.869641840457916260e-01,3.217765986919403076e-01,2.013660430908203125e+00
5.911018252372741699e-01,-2.710568428039550781e+00,5.609013438224792480e-01
7.461488842964172363e-01,2.631325244903564453e+00,7.246224880218505859e-01
-2.350917011499404907e-01,-1.672572493553161621e+00,1.394974708557128906e+00
9.105876088142395020e-01,2.539654254913330078e+00,5.897079110145568848e-01
2.745996117591857910e-01,-1.265721321105957031e+00,1.483793258666992188e+00
-1.027550697326660156e+00,2.888859212398529053e-01,3.732000589370727539e-01
8.541156053543090820e-01,-5.951526761054992676e-01,3.722429275512695312e-01
7.302875518798828125e-01,-2.320194721221923828e+00,1.093040108680725098e+00
1.025611281394958496e+00,1.940022110939025879e+00,1.757603645324707031e+00
1.022767543792724609e+00,2.670288040462764911e-06,1.251473307609558105e+00
-1.040222167968750000e+00,9.602486342191696167e-02,5.714355111122131348e-01
6.244750022888183594e-01,-1.462897181510925293e+00,6.271027922630310059e-01
-1.246544837951660156e+00,-1.616391539573669434e+00,1.045231342315673828e+00
1.074841976165771484e+00,1.909853368997573853e-01,5.021078586578369141e-01
6.352175474166870117e-01,2.237327575683593750e+00,1.974883079528808594e+00
-1.048786163330078125e+00,-2.878590226173400879e-01,1.247482299804687500e+00
9.416344761848449707e-01,1.544912099838256836e+00,2.682065963745117188e-01
-7.300470471382141113e-01,2.267373085021972656e+00,1.058129072189331055e+00
-6.201036572456359863e-01,-6.737962365150451660e-01,1.801137924194335938e+00
-1.072782039642333984e+00,-9.550044685602188110e-02,3.699890077114105225e-01
8.240467905998229980e-01,-1.393315196037292480e+00,7.796797752380371094e-01
6.728433370590209961e-01,-2.117397308349609375e+00,8.876281231641769409e-02
9.660968780517578125e-01,-3.893826901912689209e-01,1.265966296195983887e+00
-1.282420635223388672e+00,-1.971693038940429688e+00,1.509918123483657837e-01
8.772954344749450684e-01,2.059185743331909180e+00,1.942487716674804688e+00
9.655822813510894775e-02,-2.577269792556762695e+00,1.211364746093750000e+00
-1.161487102508544922e+00,-8.525484800338745117e-01,6.979478001594543457e-01
8.390332460403442383e-01,1.401901158715190832e-06,1.777587890625000000e+00
4.460064470767974854e-01,-1.080656051635742188e+00,4.006066322326660156e-01
5.616349577903747559e-01,2.634332418441772461e+00,4.869985580444335938e-01
-5.327576398849487305e-01,1.003256797790527344e+00,5.099105834960937500e-01
-1.567758917808532715e-01,2.031825065612792969e+00,2.009681701660156250e+00
1.059486627578735352e+00,1.810300350189208984e+00,3.305908143520355225e-01
9.050352573394775391e-01,2.361710071563720703e+00,4.728784561157226562e-01
-5.608410835266113281e-01,2.501562833786010742e+00,1.208203673362731934e+00
7.738400101661682129e-01,-8.352340459823608398e-01,3.747348785400390625e-01
1.942266821861267090e-01,1.484281420707702637e+00,2.025963306427001953e+00
4.763986170291900635e-01,-2.467376708984375000e+00,3.860174417495727539e-01
-1.219183444976806641e+00,-2.462973594665527344e+00,6.024096608161926270e-01
-6.381278038024902344e-01,2.010589599609375000e+00,1.630183696746826172e+00
7.514014244079589844e-01,1.433771729469299316e+00,9.753834605216979980e-01
-7.290238142013549805e-01,6.653816103935241699e-01,1.866071701049804688e+00
1.065920352935791016e+00,1.258549809455871582e+00,2.718496322631835938e-02
-3.561813384294509888e-02,1.311060190200805664e+00,2.027037620544433594e+00
8.235015869140625000e-01,-7.088921666145324707e-01,1.530331134796142578e+00
9.686222672462463379e-01,8.601807355880737305e-01,5.949797630310058594e-01
-2.966774106025695801e-01,1.744146347045898438e+00,4.458673000335693359e-01
-5.936484932899475098e-01,1.422982096672058105e+00,9.452505111694335938e-01
-3.169268071651458740e-01,9.755895733833312988e-01,2.016784191131591797e+00
7.388742566108703613e-01,1.858230590820312500e+00,1.978625297546386719e+00
-2.133174091577529907e-01,-8.513883948326110840e-01,1.761260032653808594e+00
9.188066720962524414e-01,1.691159367561340332e+00,1.934373855590820312e+00
3.644093275070190430e-01,-6.618980765342712402e-01,1.892952442169189453e+00
9.046010971069335938e-01,-1.606976032257080078e+00,3.934371769428253174e-01
2.812927067279815674e-01,-1.325312018394470215e+00,3.999795913696289062e-01
-2.519074082374572754e-01,2.537275314331054688e+00,4.785632193088531494e-01
2.561475336551666260e-01,-8.468516469001770020e-01,1.789146900177001953e+00
-2.739028930664062500e-01,1.853178620338439941e+00,1.992281436920166016e+00
-1.528223454952239990e-01,1.663216710090637207e+00,2.018078804016113281e+00
6.440588831901550293e-01,8.152740001678466797e-01,1.983457565307617188e+00
-4.540743827819824219e-01,1.172357320785522461e+00,5.632463097572326660e-01
-3.191802799701690674e-01,-4.935659766197204590e-01,1.910023689270019531e+00
2.900757789611816406e-01,8.696373701095581055e-01,4.222958385944366455e-01
-7.089743614196777344e-01,9.991189241409301758e-01,3.987511992454528809e-01
-8.669252395629882812e-01,1.938281059265136719e+00,1.871536225080490112e-01
2.458880543708801270e-01,-3.263586759567260742e-01,1.942753791809082031e+00
9.329726696014404297e-01,2.430003643035888672e+00,1.249783635139465332e+00
-1.122490882873535156e+00,-1.920643329620361328e+00,9.368225187063217163e-02
7.031378149986267090e-01,1.331810235977172852e+00,4.362144470214843750e-01
8.970837593078613281e-01,1.153144121170043945e+00,1.437286287546157837e-01
-4.858104288578033447e-01,6.513112783432006836e-01,1.974619865417480469e+00
8.095283061265945435e-02,1.843739390373229980e+00,2.017784595489501953e+00
1.001634836196899414e+00,1.561026573181152344e+00,1.768785953521728516e+00
4.255346655845642090e-01,1.485557198524475098e+00,2.021688461303710938e+00
5.478098988533020020e-01,1.663787841796875000e+00,2.016358375549316406e+00
1.179139137268066406e+00,9.459860920906066895e-01,8.304678201675415039e-01
4.653884768486022949e-01,-2.572120189666748047e+00,1.087829232215881348e+00
1.940350234508514404e-01,2.185068130493164062e+00,4.619801342487335205e-01
-7.453608512878417969e-01,1.389771461486816406e+00,5.833587422966957092e-02
3.436536714434623718e-02,-2.734033584594726562e+00,8.932092189788818359e-01
7.586441636085510254e-01,4.903879463672637939e-01,1.942745685577392578e+00
5.816173553466796875e-01,1.225471464749716688e-06,1.963580608367919922e+00
7.299316525459289551e-01,2.363286256790161133e+00,4.778637886047363281e-01
4.716569483280181885e-01,9.736033678054809570e-01,2.026936531066894531e+00
-7.206291556358337402e-01,2.328425884246826172e+00,7.728375196456909180e-01
3.605801165103912354e-01,-5.980019569396972656e-01,4.075417518615722656e-01
-5.171787738800048828e-01,-2.740635395050048828e+00,5.558077692985534668e-01
5.326318144798278809e-01,-4.930390119552612305e-01,1.915435314178466797e+00
-4.912975132465362549e-01,9.845886826515197754e-01,1.970840454101562500e+00
-3.510322421789169312e-02,-3.264043033123016357e-01,1.942343235015869141e+00
-8.605233430862426758e-01,-3.389372229576110840e-01,1.747822284698486328e+00
7.551615834236145020e-01,-1.703984618186950684e+00,1.289709091186523438e+00
-1.090663790702819824e+00,-2.333903789520263672e+00,3.848876953125000000e-01
-5.316500067710876465e-01,2.621466159820556641e+00,6.211288571357727051e-01
-4.021551311016082764e-01,-2.602087736129760742e+00,3.953528404235839844e-01
-2.670929729938507080e-01,1.488879561424255371e+00,2.010560035705566406e+00
3.801692128181457520e-01,2.361169815063476562e+00,4.711751937866210938e-01
-6.687293052673339844e-01,2.227681636810302734e+00,1.405260920524597168e+00
-5.544419288635253906e-01,1.158149242401123047e+00,1.952635765075683594e+00
-5.428360030055046082e-02,-2.601509571075439453e+00,3.936948776245117188e-01
5.959413051605224609e-01,1.315567731857299805e+00,2.009935855865478516e+00
3.174742758274078369e-01,2.628614902496337891e+00,1.174393534660339355e+00
-3.502532839775085449e-02,1.210272216667362954e-06,1.990215778350830078e+00
4.531178176403045654e-01,-2.688868045806884766e+00,9.076089262962341309e-01
-1.185800075531005859e+00,-1.041305780410766602e+00,5.662738084793090820e-01
4.472624361515045166e-01,-2.744577884674072266e+00,6.509979367256164551e-01
-3.039711415767669678e-01,-1.614933013916015625e+00,3.966845571994781494e-01
-7.429791092872619629e-01,-2.335400581359863281e+00,3.896212577819824219e-01
9.373865127563476562e-01,9.852750897407531738e-01,3.150714039802551270e-01
6.391356587409973145e-01,1.624823361635208130e-01,1.959194660186767578e+00
-4.874209165573120117e-01,-3.274158537387847900e-01,1.926409244537353516e+00
5.235705375671386719e-01,3.233788311481475830e-01,1.988839149475097656e+00
5.251157283782958984e-01,6.473259329795837402e-01,2.005367755889892578e+00
-2.462092787027359009e-01,2.638218879699707031e+00,1.067416548728942871e+00
-6.061884760856628418e-01,2.007583618164062500e+00,3.698727190494537354e-01
3.609551787376403809e-01,1.140785455703735352e+00,2.028309345245361328e+00
-7.502207159996032715e-01,8.545767664909362793e-01,1.741630554199218750e+00
7.144329547882080078e-01,1.836970925331115723e+00,4.528579711914062500e-01
7.572930455207824707e-01,1.239776565853389911e-06,1.928102016448974609e+00
-3.567092865705490112e-02,-6.619797348976135254e-01,1.892337799072265625e+00
2.435608655214309692e-01,6.451991796493530273e-01,2.021815776824951172e+00
1.353149414062500000e-01,1.310379266738891602e+00,2.029620647430419922e+00
-7.914767265319824219e-01,1.319664001464843750e+00,1.476488947868347168e+00
