7.861108779907226562e-01,2.002918720245361328e-01,1.301698327064514160e+00
-1.856097817420959473e+00,1.277652263641357422e+00,1.338415145874023438e-01
5.070174932479858398e-01,-2.176047325134277344e+00,1.949514746665954590e-01
-7.795800566673278809e-01,-5.795745849609375000e-01,1.881872564554214478e-01
-3.990268707275390625e-02,1.855982065200805664e+00,6.166368126869201660e-01
1.800191283226013184e+00,-8.002413511276245117e-01,6.578779220581054688e-02
1.247729182243347168e+00,-1.458647370338439941e+00,1.467219352722167969e+00
-7.537441253662109375e-01,5.615820884704589844e-01,1.208547592163085938e+00
-1.469954252243041992e-01,-9.183931350708007812e-01,1.486361384391784668e+00
1.096508800983428955e-01,5.790260434150695801e-01,1.723508834838867188e-01
5.103549361228942871e-01,-8.116390109062194824e-01,1.663875579833984375e-01
-1.099498152732849121e+00,1.602589368820190430e+00,9.212403297424316406e-01
-1.478482723236083984e+00,2.670745551586151123e-01,4.065643250942230225e-01
1.186327338218688965e+00,5.409479141235351562e-02,2.832110524177551270e-01
1.434719681739807129e+00,-1.730549812316894531e+00,4.625575244426727295e-01
3.090267181396484375e-01,-1.801514267921447754e+00,1.145295858383178711e+00
1.515666007995605469e+00,-5.778340697288513184e-01,1.040914535522460938e+00
2.404910624027252197e-01,1.032296180725097656e+00,1.181564331054687500e+00
-7.746499180793762207e-01,1.045420765876770020e+00,1.593675613403320312e-01
-1.977230757474899292e-01,-1.519736409187316895e+00,3.767762184143066406e-01
-9.204545617103576660e-01,2.088894367218017578e+00,1.453863531351089478e-01
-9.863647073507308960e-02,1.316070552093151491e-06,1.528067111968994141e+00
7.534359693527221680e-01,-7.017338275909423828e-01,1.585566520690917969e+00
-8.053393363952636719e-01,-2.996342778205871582e-01,1.084707021713256836e+00
-1.659880518913269043e+00,9.937113523483276367e-01,8.854751586914062500e-01
1.945077896118164062e+00,-1.159877896308898926e+00,7.303503155708312988e-01
7.687244415283203125e-01,6.042273044586181641e-01,6.001917719841003418e-01
2.792630195617675781e-01,1.315750956535339355e+00,1.992648243904113770e-01
-4.973492622375488281e-01,-9.495270252227783203e-01,7.773402333259582520e-01
-6.972174644470214844e-01,3.048641681671142578e-01,1.836062520742416382e-01
-4.971008375287055969e-02,-3.467616140842437744e-01,1.680245399475097656e-01
-3.805300891399383545e-01,1.363529682159423828e+00,1.057558059692382812e+00
9.104895591735839844e-01,-2.032979011535644531e+00,8.316296339035034180e-01
7.665710449218750000e-01,-1.528613448143005371e+00,1.915574073791503906e-01
-2.911833822727203369e-01,1.841472148895263672e+00,-2.147125266492366791e-02
-1.469141960144042969e+00,1.747957706451416016e+00,3.620318472385406494e-01
1.160486102104187012e+00,-8.128908276557922363e-01,1.774883270263671875e-01
3.943394422531127930e-01,-1.246302843093872070e+00,1.568433761596679688e+00
5.873818993568420410e-01,-1.155293211340904236e-01,1.701083183288574219e-01
-1.300105571746826172e+00,2.757024765014648438e-01,9.980714321136474609e-01
-1.549878418445587158e-01,5.876941680908203125e-01,1.342958211898803711e+00
-1.773453712463378906e+00,5.919361710548400879e-01,-2.185852080583572388e-02
1.882037371397018433e-01,-1.710955977439880371e+00,-5.839014053344726562e-02
-6.059100031852722168e-01,2.009873390197753906e+00,7.647880315780639648e-01
1.593418598175048828e+00,-3.489002287387847900e-01,4.588772356510162354e-01
1.152635097503662109e+00,2.441406195430317894e-06,8.896335959434509277e-01
-1.119990497827529907e-01,-1.390841603279113770e+00,9.385061264038085938e-01
8.101173043251037598e-01,-1.858984470367431641e+00,1.431660175323486328e+00
1.339836716651916504e+00,-8.903353810310363770e-01,1.521564006805419922e+00
4.445646703243255615e-01,-1.748544871807098389e-01,1.575423717498779297e+00
1.835387706756591797e+00,-1.361585617065429688e+00,2.146676629781723022e-01
-1.043827056884765625e+00,-2.332539558410644531e-01,5.799065828323364258e-01
-2.108184695243835449e-01,1.046870231628417969e+00,1.692843437194824219e-01
-1.124269247055053711e+00,9.678216576576232910e-01,1.044777870178222656e+00
-1.348155975341796875e+00,1.045355319976806641e+00,1.588950157165527344e-01
1.154869079589843750e+00,-3.601820766925811768e-01,1.418622016906738281e+00
1.703104496002197266e+00,-1.215399861335754395e+00,1.264182686805725098e+00
1.027872562408447266e+00,-2.014581918716430664e+00,1.707973480224609375e-01
3.928814530372619629e-01,5.358564853668212891e-01,1.473915576934814453e+00
-3.718045055866241455e-01,-1.047273874282836914e+00,1.720237731933593750e-01
1.017224118113517761e-01,-1.908797740936279297e+00,6.033606529235839844e-01
2.280990481376647949e-01,1.339791297912597656e+00,7.338146567344665527e-01
-1.030626535415649414e+00,1.521614551544189453e+00,1.586265563964843750e-01
1.463302016258239746e+00,-1.625567913055419922e+00,9.742022752761840820e-01
-1.887929916381835938e+00,7.464721798896789551e-01,4.952894449234008789e-01
5.908792018890380859e-01,8.118262887001037598e-01,1.680479049682617188e-01
-4.652713537216186523e-01,-3.537620902061462402e-01,1.518192768096923828e+00
1.341610431671142578e+00,-1.289070725440979004e+00,1.976037025451660156e-01
-1.174403905868530273e+00,5.779822468757629395e-01,1.595578193664550781e-01
2.726000845432281494e-01,-1.284357905387878418e+00,1.713066101074218750e-01
7.481567263603210449e-01,3.466770052909851074e-01,1.672081947326660156e-01
-2.084927260875701904e-01,1.154350638389587402e-01,1.644225120544433594e-01
-4.297146499156951904e-01,2.163117408752441406e+00,3.030779957771301270e-01
2.651429772377014160e-01,-7.023711204528808594e-01,1.580694198608398438e+00
-5.388336181640625000e-01,1.810703277587890625e-01,1.382612228393554688e+00
5.042396187782287598e-01,-2.202486515045166016e+00,6.793237328529357910e-01
2.999572642147541046e-02,-8.123348951339721680e-01,1.725664138793945312e-01
5.761075019836425781e-01,6.229048967361450195e-01,1.055234193801879883e+00
9.904827475547790527e-01,-3.467666804790496826e-01,1.690640449523925781e-01
-7.782891392707824707e-01,-5.901970863342285156e-01,6.913073658943176270e-01
-1.108452320098876953e+00,1.984165668487548828e+00,5.499784946441650391e-01
-1.559063434600830078e+00,1.427052736282348633e+00,7.806963920593261719e-01
-9.822645187377929688e-01,9.695899486541748047e-02,1.260117769241333008e+00
-8.485761880874633789e-01,-1.155715137720108032e-01,1.728806495666503906e-01
-5.382888913154602051e-01,1.521702527999877930e+00,1.590328216552734375e-01
8.348792791366577148e-01,-1.250520348548889160e+00,1.550035476684570312e+00
-5.021002292633056641e-01,9.509455561637878418e-01,1.148652076721191406e+00
-4.302294850349426270e-01,-7.518653869628906250e-01,1.198804855346679688e+00
1.430299758911132812e+00,-4.077714383602142334e-01,5.845580995082855225e-02
1.763145923614501953e+00,-6.787219643592834473e-01,6.840522885322570801e-01
-3.697584569454193115e-01,5.800222158432006836e-01,1.847386360168457031e-01
4.233299195766448975e-02,1.744968891143798828e+00,2.112158089876174927e-01
4.314447939395904541e-01,1.059328556060791016e+00,5.044863820075988770e-01
4.564888030290603638e-02,-1.333297252655029297e+00,1.318228840827941895e+00
-1.558946609497070312e+00,5.874902606010437012e-01,9.413399696350097656e-01
4.703845083713531494e-01,-1.642129421234130859e+00,1.496994018554687500e+00
-4.346999898552894592e-02,1.600079059600830078e+00,9.307656288146972656e-01
-1.287883520126342773e+00,-1.284627914428710938e-01,9.845227003097534180e-01
-9.826385229825973511e-02,-5.266127586364746094e-01,1.569228649139404297e+00
8.376281261444091797e-01,-1.048050999641418457e+00,1.773552894592285156e-01
-1.173963546752929688e+00,1.156737878918647766e-01,1.792063713073730469e-01
-4.477775394916534424e-01,-3.466147482395172119e-01,1.656775474548339844e-01
1.886761486530303955e-01,1.154664605855941772e-01,1.657519340515136719e-01
-7.948612570762634277e-01,1.372290372848510742e+00,1.019361495971679688e+00
1.700352787971496582e+00,-1.464989185333251953e+00,6.849206686019897461e-01
1.538672447204589844e-01,-2.009826898574829102e+00,2.162142843008041382e-01
1.943425178527832031e+00,-9.899488687515258789e-01,3.789547681808471680e-01
2.651901245117187500e-01,1.760798543691635132e-01,1.537566661834716797e+00
-1.837231636047363281e+00,1.272510528564453125e+00,5.692956447601318359e-01
-1.431864947080612183e-01,1.076043605804443359e+00,1.172293663024902344e+00
9.230991005897521973e-01,3.013620376586914062e-01,8.759376406669616699e-01
8.346249461174011230e-01,-2.113288879394531250e+00,4.752709865570068359e-01
8.130633234977722168e-01,-1.754314005374908447e-01,1.557429790496826172e+00
-2.890140414237976074e-01,1.879899978637695312e+00,8.969258069992065430e-01
1.041514992713928223e+00,-1.898328781127929688e+00,1.150559067726135254e+00
-3.258024454116821289e-01,-1.228193283081054688e+00,6.189431548118591309e-01
-1.102828383445739746e+00,5.711993575096130371e-01,1.109376907348632812e+00
-1.306258201599121094e+00,9.173861891031265259e-02,6.735867261886596680e-01
4.417016506195068359e-01,-1.772594213485717773e+00,1.916685104370117188e-01
-1.757780075073242188e+00,9.314422607421875000e-01,1.137823462486267090e-01
1.235029101371765137e+00,-1.809714317321777344e+00,7.513210773468017578e-01
5.133490562438964844e-01,-2.115806102752685547e+00,1.028253555297851562e+00
1.825999975204467773e+00,-9.734803438186645508e-01,1.009953022003173828e+00
4.372624754905700684e-01,9.792275428771972656e-01,8.500991463661193848e-01
1.599095344543457031e+00,-8.777363300323486328e-01,1.272839307785034180e+00
-1.343426346778869629e+00,1.732490539550781250e+00,7.041918635368347168e-01
-6.464203000068664551e-01,1.676249027252197266e+00,9.379577636718750000e-01
-7.520163655281066895e-01,2.124956130981445312e+00,4.728964269161224365e-01
-1.358203411102294922e+00,1.199203252792358398e+00,9.430427551269531250e-01
1.376150608062744141e+00,-1.812731176614761353e-01,6.655772328376770020e-01
-1.298741102218627930e-01,-1.626793861389160156e+00,3.722533956170082092e-02
-7.892578244209289551e-01,1.764177680015563965e+00,1.575193405151367188e-01
-1.611145257949829102e+00,1.515946030616760254e+00,1.319556236267089844e-01
1.585798859596252441e+00,-1.050748944282531738e+00,1.958389282226562500e-01
-1.566010594367980957e+00,3.423990607261657715e-01,7.872676849365234375e-02
4.282157868146896362e-02,-1.684299945831298828e+00,8.691462278366088867e-01
1.499819904565811157e-01,7.322816252708435059e-01,1.349933624267578125e+00
2.692330777645111084e-01,-5.789931416511535645e-01,1.720805168151855469e-01
1.271121501922607422e+00,-1.768134593963623047e+00,1.736011505126953125e-01
7.497714161872863770e-01,-5.786421298980712891e-01,1.677513122558593750e-01
1.189489364624023438e-01,1.578890442848205566e+00,5.192306637763977051e-01
-5.401326417922973633e-01,-9.202766418457031250e-01,4.489050209522247314e-01
1.082393169403076172e+00,1.907419562339782715e-01,5.676131844520568848e-01
-6.459188461303710938e-01,-5.822650194168090820e-01,9.952783584594726562e-01
-7.281688451766967773e-01,-1.810937672853469849e-01,1.381743431091308594e+00
-1.729118376970291138e-01,-1.141736626625061035e+00,1.168100833892822266e+00
-2.772765159606933594e-01,2.087844371795654297e+00,5.819720625877380371e-01
-2.129690498113632202e-01,1.521755814552307129e+00,1.593003273010253906e-01
1.240349292755126953e+00,-2.621908187866210938e-01,1.120889306068420410e+00
-1.654250502586364746e+00,4.856181144714355469e-01,6.493111848831176758e-01
-1.311178505420684814e-01,-1.283488154411315918e+00,1.664695739746093750e-01
4.278155565261840820e-01,3.466032743453979492e-01,1.653223037719726562e-01
1.714614868164062500e+00,-5.125074386596679688e-01,2.134255915880203247e-01
1.105734258890151978e-01,1.048454523086547852e+00,1.800622940063476562e-01
1.001877784729003906e+00,2.555847004259703681e-06,1.186623692512512207e+00
-9.049632549285888672e-01,1.837557077407836914e+00,8.420925140380859375e-01
1.067560434341430664e+00,-7.038174867630004883e-01,1.569503307342529297e+00
-8.507629036903381348e-01,5.787416100502014160e-01,1.690149307250976562e-01
1.261193990707397461e+00,-1.699759483337402344e+00,1.267364025115966797e+00
2.306350693106651306e-02,3.573906719684600830e-01,1.461962223052978516e+00
1.596891403198242188e+00,-1.612318396568298340e+00,2.266232222318649292e-01
1.083074331283569336e+00,-1.067356467247009277e+00,1.548033714294433594e+00
1.458172649145126343e-01,-1.064219713211059570e+00,1.564067363739013672e+00
1.518210411071777344e+00,-6.876612901687622070e-01,-3.551391512155532837e-02
5.698443651199340820e-01,1.760727465152740479e-01,1.537528038024902344e+00
1.719704151153564453e+00,-1.392084002494812012e+00,1.017561316490173340e+00
1.495437860488891602e+00,-1.507543563842773438e+00,1.257839679718017578e+00
5.104450583457946777e-01,-8.797352313995361328e-01,1.586802005767822266e+00
1.432112157344818115e-01,-1.752588748931884766e-01,1.563863754272460938e+00
1.373331546783447266e+00,-1.813644766807556152e-01,2.887786924839019775e-01
5.355179905891418457e-01,-1.904878139495849609e+00,1.312082767486572266e+00
5.066406130790710449e-01,-5.253606438636779785e-01,1.582139015197753906e+00
1.101782798767089844e+00,-1.969115853309631348e+00,4.573306143283843994e-01
9.074584841728210449e-01,4.148654937744140625e-01,4.148882925510406494e-01
-1.002457141876220703e+00,-1.975240260362625122e-01,8.719973564147949219e-01
5.974041819572448730e-01,-1.285799503326416016e+00,1.793394088745117188e-01
1.098835110664367676e+00,-1.530116438865661621e+00,1.986241340637207031e-01
-1.284760236740112305e+00,1.757946252822875977e+00,1.322546005249023438e-01
-1.216648817062377930e-01,1.966355800628662109e+00,3.142614662647247314e-01
-1.443844437599182129e+00,5.872707366943359375e-01,2.746100425720214844e-01
-1.714204788208007812e+00,1.485005736351013184e+00,4.038037061691284180e-01
-6.288734078407287598e-01,2.008225679397583008e+00,1.481523513793945312e-01
-1.773453712463378906e+00,5.919359326362609863e-01,2.698177993297576904e-01
4.949967861175537109e-01,1.161078810691833496e+00,1.069326400756835938e+00
-4.200256243348121643e-02,1.356353759765625000e+00,1.088830471038818359e+00
-6.110372543334960938e-01,-8.118721842765808105e-01,1.684508323669433594e-01
6.011056900024414062e-01,8.293264508247375488e-01,4.745541214942932129e-01
-8.424176573753356934e-01,9.595982432365417480e-01,1.095412254333496094e+00
-3.731013536453247070e-01,1.282240986824035645e+00,1.594352722167968750e-01
-6.108478903770446777e-01,8.116210699081420898e-01,1.662340164184570312e-01
-1.189089059829711914e+00,1.282119512557983398e+00,1.587624549865722656e-01
-1.926626205444335938e+00,1.070451259613037109e+00,3.891320824623107910e-01
-5.040405318140983582e-02,1.282950520515441895e+00,1.633682250976562500e-01
1.345532417297363281e+00,-5.482967495918273926e-01,1.321510314941406250e+00
-1.332290410995483398e+00,7.749481797218322754e-01,1.020686626434326172e+00
-5.007995665073394775e-02,8.137091398239135742e-01,1.846299171447753906e-01
2.702355980873107910e-01,8.127602338790893555e-01,1.763424873352050781e-01
-1.014665484428405762e+00,8.108491301536560059e-01,1.594309806823730469e-01
-1.011480331420898438e+00,3.470163941383361816e-01,1.741490364074707031e-01
1.507951617240905762e+00,-3.864245414733886719e-01,8.071409463882446289e-01
-2.092791646718978882e-01,-5.787540078163146973e-01,1.690096855163574219e-01
9.087493419647216797e-01,1.155276075005531311e-01,1.701688766479492188e-01
2.306327819824218750e-01,-1.536920309066772461e+00,1.377472758293151855e+00
4.281603991985321045e-01,-3.468822836875915527e-01,1.710901260375976562e-01
-4.971252381801605225e-02,3.467787206172943115e-01,1.683788299560546875e-01
-3.606157600879669189e-01,-6.114664077758789062e-01,1.488464355468750000e+00
-1.324729919433593750e-01,-1.519221305847167969e+00,6.484974622726440430e-01
9.936831593513488770e-01,-1.651533722877502441e+00,1.465482711791992188e+00
-5.797362923622131348e-01,-4.745001792907714844e-01,1.296040892601013184e+00
7.498426437377929688e-01,3.810508549213409424e-01,1.095183849334716797e+00
-3.660464286804199219e-01,-9.686994552612304688e-01,1.020011544227600098e+00
6.022043228149414062e-01,4.128607511520385742e-01,1.342315077781677246e+00
-4.956420883536338806e-02,1.712613224983215332e+00,-5.169105529785156250e-02
-4.870803654193878174e-01,5.550348758697509766e-01,1.276135444641113281e+00
1.508879303932189941e+00,-1.273480772972106934e+00,1.449971675872802734e+00
-1.141381740570068359e+00,-9.439517557621002197e-02,3.657070696353912354e-01
4.027938842773437500e-01,1.072154998779296875e+00,1.944769173860549927e-01
4.114654362201690674e-01,7.473686337471008301e-01,1.233482360839843750e+00
1.107681244611740112e-01,-1.511359930038452148e+00,1.103873252868652344e-01
7.631750106811523438e-01,6.047654151916503906e-01,2.518450915813446045e-01
3.535842895507812500e-01,-2.131393432617187500e+00,4.134460389614105225e-01
2.055535018444061279e-01,-1.899213790893554688e+00,8.928471207618713379e-01
-1.769206523895263672e+00,7.638084292411804199e-01,8.042672276496887207e-01
-9.495716094970703125e-01,3.740076720714569092e-01,1.204293251037597656e+00
-2.886195182800292969e-01,3.623336255550384521e-01,1.385170936584472656e+00
-1.586417317390441895e+00,7.797365188598632812e-01,-2.667663432657718658e-02
-8.470973968505859375e-01,-4.967138469219207764e-01,4.539980888366699219e-01
6.519731283187866211e-01,-1.439259648323059082e+00,1.540762424468994141e+00
1.822142601013183594e+00,-6.576633453369140625e-01,4.037795960903167725e-01
8.561880588531494141e-01,-1.774336338043212891e+00,1.987442970275878906e-01
-6.453987956047058105e-01,1.158161401748657227e+00,1.084230422973632812e+00
1.007928729057312012e+00,-1.287615776062011719e+00,1.894931793212890625e-01
-3.256416916847229004e-01,-1.231053829193115234e+00,3.606359660625457764e-01
2.337446510791778564e-01,1.199706077575683594e+00,9.491190910339355469e-01
1.472644567489624023e+00,-8.111233711242675781e-01,1.851052790880203247e-01
-6.848812103271484375e-01,-7.152225971221923828e-01,3.966714441776275635e-01
3.562219142913818359e-01,-1.526454567909240723e+00,1.813974380493164062e-01
5.540275573730468750e-02,-1.499674677848815918e+00,1.097409605979919434e+00
-4.601853787899017334e-01,1.764504909515380859e+00,1.588268280029296875e-01
1.459761738777160645e+00,-1.638574123382568359e+00,7.197976708412170410e-01
-5.276049971580505371e-01,1.155698001384735107e-01,1.726498603820800781e-01
-2.806167602539062500e-01,-1.762372404336929321e-01,1.532566547393798828e+00
-9.918489456176757812e-01,-2.906125783920288086e-01,3.085580468177795410e-01
1.249696969985961914e+00,-1.049534678459167480e+00,1.875352859497070312e-01
-1.521649003028869629e+00,1.281224131584167480e+00,1.537632942199707031e-01
-8.603023886680603027e-01,1.282167911529541016e+00,1.590337753295898438e-01
6.653311252593994141e-01,6.697888374328613281e-01,8.245280385017395020e-01
1.906552016735076904e-01,-1.046458125114440918e+00,1.664366722106933594e-01
-1.360776543617248535e+00,1.518287658691406250e+00,1.429834365844726562e-01
7.780160307884216309e-01,-2.018248319625854492e+00,1.838378906250000000e-01
3.016906604170799255e-02,1.509434342384338379e+00,1.012902259826660156e-01
-1.100759148597717285e+00,1.045384526252746582e+00,1.590991020202636719e-01
-1.466373443603515625e+00,5.635583996772766113e-01,-1.912117004394531250e-02
-2.900427281856536865e-01,-8.121103644371032715e-01,1.705117225646972656e-01
-1.425361156463623047e+00,8.108099102973937988e-01,1.590929031372070312e-01
1.237864017486572266e+00,-5.789560675621032715e-01,1.716265678405761719e-01
9.146035313606262207e-01,-8.122099637985229492e-01,1.714205741882324219e-01
-5.288326740264892578e-01,-5.785896778106689453e-01,1.670432090759277344e-01
5.085918903350830078e-01,5.783417224884033203e-01,1.639561653137207031e-01
-2.650241851806640625e-01,-1.206214070320129395e+00,8.863259553909301758e-01
-2.796507179737091064e-01,2.045805931091308594e+00,1.443814039230346680e-01
-8.731951713562011719e-01,-3.993119001388549805e-01,8.123092651367187500e-01
-6.957149505615234375e-02,-1.708199143409729004e+00,2.868826091289520264e-01
-4.485896229743957520e-01,3.472433388233184814e-01,1.786723136901855469e-01
-3.675520122051239014e-01,-1.154321581125259399e-01,1.643114089965820312e-01
-1.336249709129333496e+00,3.464528918266296387e-01,1.625509262084960938e-01
2.978973276913166046e-02,-1.154937520623207092e-01,1.666512489318847656e-01
1.234559535980224609e+00,2.708434976739226840e-06,5.527305603027343750e-01
5.072817802429199219e-01,1.154907569289207458e-01,1.676273345947265625e-01
1.236405014991760254e+00,-1.803932666778564453e+00,9.952798485755920410e-01
-1.695417165756225586e+00,1.215662837028503418e+00,7.905101776123046875e-01
-1.565952420234680176e+00,1.593708038330078125e+00,6.026183962821960449e-01
-9.306106567382812500e-01,1.157352402806282043e-01,1.830406188964843750e-01
-6.160218715667724609e-01,1.282205343246459961e+00,1.592350006103515625e-01
-7.835867404937744141e-01,1.521656513214111328e+00,1.588306427001953125e-01
1.661701202392578125e+00,-7.713795304298400879e-01,1.048193454742431641e+00
-5.321500897407531738e-01,1.045452952384948730e+00,1.595678329467773438e-01
4.319482445716857910e-01,-1.046592831611633301e+00,1.673326492309570312e-01
8.282904028892517090e-01,-1.155519858002662659e-01,1.716537475585937500e-01
-5.019225925207138062e-02,-1.047097325325012207e+00,1.707940101623535156e-01
-1.313936233520507812e+00,9.161494672298431396e-02,4.182458519935607910e-01
-2.903163135051727295e-01,8.128749132156372070e-01,1.772642135620117188e-01
6.683843731880187988e-01,-3.469454050064086914e-01,1.726317405700683594e-01
-6.876484751701354980e-01,-3.465388119220733643e-01,1.642637252807617188e-01
-1.036215186119079590e+00,1.760953187942504883e+00,1.444311141967773438e-01
-6.070992946624755859e-01,-1.154749840497970581e-01,1.666612625122070312e-01
3.478707671165466309e-01,-1.155048757791519165e-01,1.685714721679687500e-01
-1.297027617692947388e-01,5.795146226882934570e-01,1.785349845886230469e-01
-9.943993091583251953e-01,1.168508052825927734e+00,1.031373500823974609e+00
2.903494834899902344e-01,-2.048170804977416992e+00,7.259814143180847168e-01
1.826152324676513672e+00,-1.364020109176635742e+00,4.531860351562500000e-01
9.228262901306152344e-01,3.921701312065124512e-01,6.520072817802429199e-01
1.889785677194595337e-01,-3.468280732631683350e-01,1.695556640625000000e-01
1.347514629364013672e+00,-1.526971459388732910e+00,1.838421821594238281e-01
6.657901406288146973e-01,-2.168577194213867188e+00,8.529966473579406738e-01
2.793979644775390625e-01,1.315724015235900879e+00,5.036618113517761230e-01
1.592197537422180176e+00,-1.287193298339843750e+00,1.871299743652343750e-01
-1.462789535522460938e+00,2.678338289260864258e-01,6.557494997978210449e-01
-3.185110390186309814e-01,1.582896947860717773e+00,9.959325790405273438e-01
-1.104920983314514160e+00,2.000148296356201172e+00,2.626632750034332275e-01
1.714614391326904297e+00,-5.125072598457336426e-01,-2.206725999712944031e-02
-1.654623985290527344e+00,4.315233826637268066e-01,3.944140672683715820e-01
-1.153631210327148438e+00,9.419799596071243286e-02,1.022657275199890137e+00
-6.957149505615234375e-02,-1.708199143409729004e+00,5.249650478363037109e-01
1.888964772224426270e+00,-9.384899139404296875e-01,7.823089361190795898e-01
1.172055244445800781e+00,-1.878515183925628662e-01,1.696633845567703247e-01
2.420059219002723694e-02,9.341271519660949707e-01,1.252135753631591797e+00
2.989318780601024628e-02,-5.788628458976745605e-01,1.705441474914550781e-01
1.748633384704589844e-01,1.566061258316040039e+00,2.814431786537170410e-01
2.700240910053253174e-01,-8.121258616447448730e-01,1.707391738891601562e-01
-9.710959196090698242e-01,7.633910179138183594e-01,1.109857082366943359e+00
5.091708302497863770e-01,-5.790000557899475098e-01,1.721110343933105469e-01
7.006438970565795898e-01,-1.062248349189758301e+00,1.574128627777099609e+00
-6.098756194114685059e-01,5.794090628623962402e-01,1.771159172058105469e-01
-1.619969844818115234e+00,8.250291943550109863e-01,2.846179008483886719e-01
1.880039691925048828e+00,-8.320783972740173340e-01,5.553616285324096680e-01
9.920559525489807129e-01,-5.784635543823242188e-01,1.655669212341308594e-01
8.477671742439270020e-01,-2.036344051361083984e+00,1.054307222366333008e+00
1.888299584388732910e-01,3.465553522109985352e-01,1.639156341552734375e-01
-6.279171705245971680e-01,7.538008689880371094e-01,1.183841705322265625e+00
-3.622993528842926025e-01,7.460877299308776855e-01,1.243372917175292969e+00
-1.141428232192993164e+00,1.834945201873779297e+00,7.449099421501159668e-01
-1.228568792343139648e+00,1.388855576515197754e+00,9.471626281738281250e-01
8.778443336486816406e-01,3.128051730527658947e-06,1.424133896827697754e+00
1.585150718688964844e+00,-1.060089826583862305e+00,1.413105726242065430e+00
-1.879654884338378906e+00,9.170402288436889648e-01,6.738399863243103027e-01
-1.305302500724792480e+00,1.881966590881347656e+00,4.473615884780883789e-01
4.142204299569129944e-02,-1.858033180236816406e+00,3.561401367187500000e-02
-1.425111532211303711e+00,9.827410578727722168e-01,9.529871940612792969e-01
-5.133132934570312500e-01,-7.789595127105712891e-01,9.897241592407226562e-01
-1.887930393218994141e+00,7.464725971221923828e-01,1.503231823444366455e-01
-4.064303636550903320e-01,1.487731879024067894e-06,1.474242210388183594e+00
1.839501261711120605e+00,-1.049894094467163086e+00,1.899847984313964844e-01
-8.798812031745910645e-01,1.592814326286315918e+00,9.583168029785156250e-01
1.606945991516113281e-01,-1.282459497451782227e+00,1.523114323616027832e+00
8.830239772796630859e-01,-8.816712498664855957e-01,1.574886798858642578e+00
-6.772700548171997070e-01,3.687174916267395020e-01,1.286295413970947266e+00
9.418511986732482910e-01,1.652812957763671875e-01,1.049680113792419434e+00
1.027936816215515137e+00,-1.804914474487304688e-01,1.400403976440429688e+00
9.374333024024963379e-01,-5.258798003196716309e-01,1.576732158660888672e+00
-3.742755055427551270e-01,1.152124881744384766e+00,1.115059375762939453e+00
7.270619273185729980e-01,-1.640579938888549805e+00,1.502189636230468750e+00
6.031789779663085938e-01,8.290575146675109863e-01,6.906062364578247070e-01
-1.008549332618713379e+00,1.379540801048278809e+00,9.877681732177734375e-01
6.647024154663085938e-01,-2.176466941833496094e+00,3.581078946590423584e-01
6.887755990028381348e-01,-3.500206768512725830e-01,1.576116561889648438e+00
1.909523487091064453e+00,-1.168036341667175293e+00,9.732208251953125000e-01
-9.118247032165527344e-01,-9.809333831071853638e-02,1.204595327377319336e+00
-1.931258678436279297e+00,1.077395915985107422e+00,1.507797241210937500e-01
1.434167474508285522e-01,-5.258043408393859863e-01,1.577601432800292969e+00
2.274520881474018097e-02,-7.034699916839599609e-01,1.572182178497314453e+00
6.902536153793334961e-01,1.373290956507844385e-06,1.553217411041259766e+00
-4.942124783992767334e-01,2.127916574478149414e+00,6.261343955993652344e-01
1.027271032333374023e+00,-1.968100070953369141e+00,6.652737259864807129e-01
1.360596299171447754e+00,-3.582732975482940674e-01,4.069113731384277344e-01
2.260864153504371643e-02,-3.503441810607910156e-01,1.571313381195068359e+00
9.112282991409301758e-01,-1.445909261703491211e+00,1.515539646148681641e+00
2.635879516601562500e-01,-3.498509824275970459e-01,1.578719615936279297e+00
-1.514441967010498047e+00,3.991587758064270020e-01,8.145747184753417969e-01
1.308235168457031250e+00,-1.834626793861389160e-01,8.664104938507080078e-01
1.430080890655517578e+00,-7.260611057281494141e-01,1.397865295410156250e+00
-1.660726547241210938e+00,1.122472405433654785e+00,1.572775244712829590e-01
-1.216652616858482361e-01,1.966356277465820312e+00,-2.092407271265983582e-02
3.627523779869079590e-01,-2.022156715393066406e+00,1.977367401123046875e-01
1.394873142242431641e+00,-3.617127835750579834e-01,9.823704361915588379e-01
1.161948800086975098e+00,-1.258508682250976562e+00,1.515233039855957031e+00
1.714614391326904297e+00,-5.125071406364440918e-01,5.090844631195068359e-01
-2.228323370218276978e-01,1.786132007837295532e-01,1.459292888641357422e+00
-9.239459037780761719e-01,2.070265769958496094e+00,3.688790798187255859e-01
-1.164380073547363281e+00,2.822678983211517334e-01,1.155825495719909668e+00
4.294975101947784424e-02,1.668452262878417969e+00,6.906676888465881348e-01
3.373808264732360840e-01,-1.442264318466186523e+00,1.529359340667724609e+00
4.142181202769279480e-02,-1.858033180236816406e+00,3.781869411468505859e-01
1.685519933700561523e+00,-1.513276576995849609e+00,4.221426248550415039e-01
1.944498538970947266e+00,-1.160011410713195801e+00,4.972640872001647949e-01
-1.148093223571777344e+00,-9.428668767213821411e-02,6.922981142997741699e-01
-5.859577655792236328e-01,1.366917252540588379e+00,1.042791843414306641e+00
1.474517732858657837e-01,5.405954718589782715e-01,1.425032615661621094e+00
-6.300091743469238281e-01,-7.214375138282775879e-01,8.304395675659179688e-01
-3.017904460430145264e-01,9.437392950057983398e-01,1.192951679229736328e+00
-1.952993869781494141e+00,9.039053320884704590e-01,2.630136013031005859e-01
1.736184120178222656e+00,-1.030521392822265625e+00,1.185215711593627930e+00
1.593418598175048828e+00,-3.489001691341400146e-01,2.177523821592330933e-01
-7.507948875427246094e-01,2.132874488830566406e+00,2.526199221611022949e-01
1.063314437866210938e+00,1.913568526506423950e-01,7.694335579872131348e-01
1.891865730285644531e+00,-8.301562070846557617e-01,2.654675245285034180e-01
4.460482597351074219e-01,8.494238257408142090e-01,1.005476236343383789e+00
-8.033902049064636230e-01,1.837913990020751953e-01,1.298101902008056641e+00
-1.319431781768798828e+00,5.762982964515686035e-01,1.056753158569335938e+00
-4.637576639652252197e-01,1.779929161071777344e+00,9.165810942649841309e-01
1.818428039550781250e+00,-1.366056442260742188e+00,8.152752518653869629e-01
-9.412701129913330078e-01,1.977834224700927734e+00,6.618957519531250000e-01
8.648238778114318848e-01,-1.936482429504394531e+00,1.255091547966003418e+00
1.642913818359375000e+00,-5.194603204727172852e-01,6.972084045410156250e-01
1.203733086585998535e+00,-5.327635407447814941e-01,1.505730152130126953e+00
-1.836442470550537109e+00,1.272705793380737305e+00,3.319232165813446045e-01
6.828569173812866211e-01,-2.044732570648193359e+00,1.163585782051086426e+00
-4.806168377399444580e-01,3.654255270957946777e-01,1.337332248687744141e+00
4.365707337856292725e-01,-1.953695774078369141e+00,1.147970199584960938e+00
4.233375564217567444e-02,1.744968414306640625e+00,4.451032876968383789e-01
-1.563276171684265137e+00,7.845443487167358398e-01,9.466261863708496094e-01
4.500309526920318604e-01,3.538219034671783447e-01,1.517169475555419922e+00
-1.037264987826347351e-01,-1.106592655181884766e+00,1.347625732421875000e+00
3.589076101779937744e-01,-2.058105945587158203e+00,9.233083724975585938e-01
9.453765302896499634e-02,1.387432813644409180e+00,9.533910751342773438e-01
-1.092398643493652344e+00,-1.156722232699394226e-01,1.791601181030273438e-01
6.654758453369140625e-01,-2.170853614807128906e+00,5.766265988349914551e-01
-5.976693630218505859e-01,1.354217488369613420e-06,1.417879581451416016e+00
-1.260376721620559692e-01,1.785462856292724609e+00,8.528269529342651367e-01
6.220728754997253418e-01,-1.081371784210205078e+00,1.731625348329544067e-01
-1.773453712463378906e+00,5.919362306594848633e-01,5.042703151702880859e-01
1.081880092620849609e+00,1.907585114240646362e-01,3.695651292800903320e-01
-7.950389981269836426e-01,1.487731879024067894e-06,1.354478836059570312e+00
1.718609333038330078e+00,-6.844943165779113770e-01,8.707310557365417480e-01
1.137800931930541992e+00,-8.839251995086669922e-01,1.561001300811767578e+00
2.009037733078002930e-01,-2.014583110809326172e+00,4.783378541469573975e-01
6.439989805221557617e-01,-1.247199654579162598e+00,1.564519882202148438e+00
1.508098125457763672e+00,-7.117772698402404785e-01,1.223685264587402344e+00
-3.972259536385536194e-02,7.371693849563598633e-01,1.312194824218750000e+00
4.523358047008514404e-01,-1.061012148857116699e+00,1.580457210540771484e+00
1.280772328376770020e+00,-1.071260690689086914e+00,1.528086185455322266e+00
5.388502478599548340e-01,5.587589740753173828e-01,1.237686157226562500e+00
3.826875090599060059e-01,-1.730672836303710938e+00,1.353064537048339844e+00
-2.743115425109863281e-01,-9.820958971977233887e-01,1.188790917396545410e+00
1.034454703330993652e+00,-1.932912826538085938e+00,9.636872410774230957e-01
2.279235795140266418e-02,1.766829192638397217e-01,1.519674777984619141e+00
-5.167255401611328125e-01,-9.466976523399353027e-01,2.633379995822906494e-01
-5.282312631607055664e-01,-1.775074750185012817e-01,1.493143558502197266e+00
1.267183780670166016e+00,-7.090533375740051270e-01,1.529100418090820312e+00
8.379333466291427612e-02,-8.820686340332031250e-01,1.572443485260009766e+00
1.002973556518554688e+00,-3.520319163799285889e-01,1.544888973236083984e+00
2.059870809316635132e-01,3.545160889625549316e-01,1.506320953369140625e+00
1.108134746551513672e+00,-1.758165836334228516e+00,1.358644723892211914e+00
1.382941246032714844e+00,-1.810544580221176147e-01,4.759988188743591309e-01
-4.165252670645713806e-02,-1.345006346702575684e+00,1.138271808624267578e+00
3.245155215263366699e-01,1.287460349885805044e-06,1.558747291564941406e+00
-1.267050743103027344e+00,1.610630273818969727e+00,8.385894298553466797e-01
-8.154726028442382812e-02,-1.470565438270568848e+00,1.273794472217559814e-01
-2.194747924804687500e-01,-3.516601622104644775e-01,1.550854682922363281e+00
2.157674431800842285e-01,-1.645764350891113281e+00,1.184076189994812012e+00
-1.429074764251708984e+00,4.497320950031280518e-01,9.775198101997375488e-01
1.561411380767822266e+00,-1.622905969619750977e+00,5.441143512725830078e-01
-2.277102470397949219e-01,1.669222950935363770e+00,4.830810427665710449e-02
-7.615708112716674805e-01,2.063020229339599609e+00,6.470972895622253418e-01
1.213587045669555664e+00,-1.899832725524902344e+00,3.272094726562500000e-01
1.076998233795166016e+00,1.909155547618865967e-01,1.724307239055633545e-01
5.691875815391540527e-01,-7.016547322273254395e-01,1.586178302764892578e+00
2.037242799997329712e-01,-1.944600105285644531e+00,3.504180908203125000e-02
9.026961773633956909e-02,1.138107538223266602e+00,1.186683654785156250e+00
1.431104540824890137e+00,-1.743824481964111328e+00,2.794390916824340820e-01
1.664791584014892578e+00,-8.855366706848144531e-01,1.843890398740768433e-01
1.219105243682861328e+00,-1.876636028289794922e+00,5.638494491577148438e-01
-1.597535610198974609e-01,-7.056755423545837402e-01,1.555145263671875000e+00
3.272946178913116455e-01,-8.804051280021667480e-01,1.582694053649902344e+00
2.253150939941406250e-02,-1.730900526046752930e+00,6.933962702751159668e-01
6.272414922714233398e-01,-1.749851554632186890e-01,1.571214675903320312e+00
6.952673196792602539e-01,-8.800951242446899414e-01,1.584599494934082031e+00
8.331115543842315674e-02,1.301765450989478268e-06,1.541863918304443359e+00
8.895345926284790039e-01,-1.063773989677429199e+00,1.566340446472167969e+00
5.058400034904479980e-01,1.316070552093151491e-06,1.565505504608154297e+00
-3.776275366544723511e-02,-1.756583601236343384e-01,1.551020622253417969e+00
9.234423637390136719e-01,3.921306133270263672e-01,1.771771162748336792e-01
3.246798515319824219e-01,-5.254755020141601562e-01,1.580981731414794922e+00
1.493386864662170410e+00,-3.150768280029296875e-01,6.323492527008056641e-01
-1.648479938507080078e+00,4.594974517822265625e-01,-3.174712881445884705e-02
-1.849452018737792969e+00,1.094784855842590332e+00,6.821039915084838867e-01
6.572514772415161133e-01,7.466773986816406250e-01,3.225408792495727539e-01
1.831208229064941406e+00,-6.699009537696838379e-01,2.094805836677551270e-01
-1.654623985290527344e+00,4.315236210823059082e-01,2.155392467975616455e-01
1.034265398979187012e+00,-9.444036483764648438e-01,1.787509173154830933e-01
1.938924789428710938e+00,-9.908294677734375000e-01,6.100273132324218750e-01
-1.483622550964355469e+00,2.668258845806121826e-01,2.219723463058471680e-01
5.968160629272460938e-01,-1.688119292259216309e+00,1.926791369915008545e-01
-6.845502853393554688e-01,-7.152602076530456543e-01,6.093301177024841309e-01
-1.309703588485717773e+00,1.864715576171875000e+00,2.718545496463775635e-01
7.513285875320434570e-01,-5.254643559455871582e-01,1.580999851226806641e+00
-7.268543243408203125e-01,-3.034308552742004395e-01,1.242483496665954590e+00
1.510589122772216797e+00,-8.921198844909667969e-01,1.424319982528686523e+00
5.056472420692443848e-01,-3.498563766479492188e-01,1.578693866729736328e+00
-1.542624592781066895e+00,1.674244403839111328e+00,1.613333076238632202e-01
-1.678555011749267578e+00,6.026839017868041992e-01,8.147953748703002930e-01
1.593418598175048828e+00,-3.489002585411071777e-01,3.752349689602851868e-02
1.125997066497802734e+00,-1.893367320299148560e-01,1.230498671531677246e+00
-1.435014247894287109e+00,1.758743762969970703e+00,5.595225691795349121e-01
1.936689853668212891e+00,-1.161802649497985840e+00,3.242337107658386230e-01
-5.900974273681640625e-01,2.140103816986083984e+00,4.146450757980346680e-01
-4.455505907535552979e-01,1.984873294830322266e+00,8.232037425041198730e-01
-1.332034617662429810e-01,1.489076614379882812e+00,1.027217030525207520e+00
-1.945021152496337891e+00,9.053332209587097168e-01,4.349572658538818359e-01
-1.887929916381835938e+00,7.464722990989685059e-01,3.224481046199798584e-01
-1.521466970443725586e+00,1.196386098861694336e+00,8.889546394348144531e-01
1.579922199249267578e+00,-5.255681872367858887e-01,8.903402686119079590e-01
-1.684549689292907715e+00,1.471018314361572266e+00,5.890908241271972656e-01
5.052653551101684570e-01,-2.192726612091064453e+00,4.634100198745727539e-01
-7.572121620178222656e-01,-5.039703249931335449e-01,8.819906711578369141e-01
4.142204299569129944e-02,-1.858033657073974609e+00,2.066714465618133545e-01
3.563574850559234619e-01,-1.842888832092285156e+00,6.129546836018562317e-02
1.234090566635131836e+00,-3.465543985366821289e-01,1.646456718444824219e-01
-2.755045890808105469e-01,2.119225978851318359e+00,3.595367372035980225e-01
-3.255939483642578125e-01,-7.559145092964172363e-01,1.406377196311950684e+00
2.249060720205307007e-01,1.419027328491210938e+00,3.486132621765136719e-01
-1.216645017266273499e-01,1.966355800628662109e+00,4.827142357826232910e-01
-2.831610739231109619e-01,1.983590126037597656e+00,7.644251585006713867e-01
-1.419592857360839844e+00,1.433848381042480469e+00,8.739576339721679688e-01
4.312429726123809814e-01,1.062100410461425781e+00,7.042300105094909668e-01
-1.216666400432586670e-01,1.966358661651611328e+00,1.465063393115997314e-01
1.240571498870849609e+00,-3.716702163219451904e-01,1.275297164916992188e+00
1.416921973228454590e+00,-1.050136804580688477e+00,1.916675567626953125e-01
8.350379467010498047e-01,-2.110871315002441406e+00,6.425054669380187988e-01
1.104150652885437012e+00,-1.769750595092773438e+00,1.801509857177734375e-01
1.637360572814941406e+00,-1.413793325424194336e+00,1.161158084869384766e+00
1.823230743408203125e+00,-1.364790320396423340e+00,6.332708597183227539e-01
-1.094027042388916016e+00,-9.515804052352905273e-02,9.657528400421142578e-01
6.122543215751647949e-01,-2.021737813949584961e+00,1.962571144104003906e-01
8.337621688842773438e-01,-2.118340969085693359e+00,3.090960681438446045e-01
1.174097299575805664e+00,-1.288354754447937012e+00,1.936035156250000000e-01
5.394568443298339844e-01,8.373181223869323730e-01,8.438940048217773438e-01
-1.355184197425842285e+00,1.282095313072204590e+00,1.586260795593261719e-01
9.322357177734375000e-01,-1.529491424560546875e+00,1.956601142883300781e-01
1.403497338294982910e+00,-5.792846679687500000e-01,1.757097244262695312e-01
6.949234604835510254e-01,-1.957161903381347656e+00,1.303710579872131348e+00
-1.350509285926818848e+00,2.056760787963867188e-01,7.849104404449462891e-01
-1.260154724121093750e+00,8.108279705047607422e-01,1.592283248901367188e-01
-1.195751786231994629e+00,1.520553112030029297e+00,1.536178588867187500e-01
-4.639504849910736084e-01,2.010528564453125000e+00,1.563534736633300781e-01
-5.993382334709167480e-01,-3.604955673217773438e-01,1.413858890533447266e+00
-1.514754772186279297e+00,1.045335531234741211e+00,1.587576866149902344e-01
8.429718017578125000e-01,-1.286887764930725098e+00,1.854138374328613281e-01
-9.294888377189636230e-01,-3.466643691062927246e-01,1.669268608093261719e-01
-6.836645603179931641e-01,1.825913906097412109e+00,8.811168670654296875e-01
-6.244729757308959961e-01,1.764467239379882812e+00,1.586914062500000000e-01
3.536131978034973145e-01,-2.131002902984619141e+00,5.774589180946350098e-01
-1.025757670402526855e+00,1.716613724056514911e-06,1.135237693786621094e+00
8.105382919311523438e-01,3.994165062904357910e-01,9.436404109001159668e-01
-1.024185419082641602e+00,1.282144188880920410e+00,1.588988304138183594e-01
-4.305869340896606445e-01,2.153300762176513672e+00,4.664816260337829590e-01
5.198184251785278320e-01,-1.527321338653564453e+00,1.854486465454101562e-01
1.078710556030273438e+00,2.365112322877394035e-06,1.035628199577331543e+00
1.079586505889892578e+00,4.043578883283771574e-06,1.722659319639205933e-01
1.415842533111572266e+00,-5.414789319038391113e-01,1.174657583236694336e+00
5.051246285438537598e-01,-2.194068908691406250e+00,8.451826572418212891e-01
-9.372420907020568848e-01,1.045404911041259766e+00,1.592340469360351562e-01
7.520849704742431641e-01,-8.117536902427673340e-01,1.674094200134277344e-01
-3.754464685916900635e-01,1.521732091903686523e+00,1.591668128967285156e-01
-5.891490578651428223e-01,2.147918224334716797e+00,2.507232725620269775e-01
-8.523105978965759277e-01,8.108694553375244141e-01,1.595644950866699219e-01
4.346975684165954590e-01,-1.285081505775451660e+00,1.753158569335937500e-01
-1.173464059829711914e+00,3.467520475387573242e-01,1.686878204345703125e-01
-7.687157988548278809e-01,1.156687140464782715e-01,1.788659095764160156e-01
-9.224815964698791504e-01,2.078077316284179688e+00,5.361424088478088379e-01
1.109548956155776978e-01,-1.283646821975708008e+00,1.673088073730468750e-01
-1.332349061965942383e+00,1.087732315063476562e-01,2.104452401399612427e-01
-1.741295814514160156e+00,1.477394938468933105e+00,2.195394784212112427e-01
1.109863221645355225e-01,1.284013986587524414e+00,1.693406105041503906e-01
-1.808875799179077148e+00,7.948399186134338379e-01,1.809358596801757812e-02
-1.012004375457763672e+00,5.782607197761535645e-01,1.629781723022460938e-01
-2.116375714540481567e-01,1.282263755798339844e+00,1.595683097839355469e-01
7.475845217704772949e-01,1.155114173889160156e-01,1.691355705261230469e-01
8.291976451873779297e-01,-3.469119966030120850e-01,1.719889640808105469e-01
-2.109289467334747314e-01,-1.047421336174011230e+00,1.730566024780273438e-01
-5.021972581744194031e-02,1.047663092613220215e+00,1.746702194213867188e-01
-3.713537454605102539e-01,1.046003937721252441e+00,1.633276939392089844e-01
-4.503419399261474609e-01,-8.119915723800659180e-01,1.694827079772949219e-01
-4.504934549331665039e-01,8.122635483741760254e-01,1.718845367431640625e-01
4.304388463497161865e-01,8.122957944869995117e-01,1.721987724304199219e-01
1.101187095046043396e-01,8.132415413856506348e-01,1.804857254028320312e-01
-1.299829035997390747e-01,-8.122272491455078125e-01,1.715393066406250000e-01
-2.887031435966491699e-01,3.470400571823120117e-01,1.745457649230957031e-01
5.876675248146057129e-01,3.466346263885498047e-01,1.662631034851074219e-01
1.814510822296142578e+00,-8.427276611328125000e-01,9.188358783721923828e-01
3.488302528858184814e-01,5.785161256790161133e-01,1.661701202392578125e-01
-3.688963353633880615e-01,-5.786697268486022949e-01,1.679859161376953125e-01
-1.687537550926208496e+00,1.278909921646118164e+00,1.408376693725585938e-01
-2.883844077587127686e-01,-3.466565310955047607e-01,1.666159629821777344e-01
-3.677684068679809570e-01,1.155001744627952576e-01,1.685290336608886719e-01
3.477789163589477539e-01,1.154745295643806458e-01,1.666879653930664062e-01
-2.085168361663818359e-01,-1.154484376311302185e-01,1.652483940124511719e-01
1.887249648571014404e-01,-1.154961585998535156e-01,1.675877571105957031e-01
-7.760629057884216309e-01,1.969076156616210938e+00,7.744720578193664551e-01
2.978210337460041046e-02,1.154641881585121155e-01,1.648159027099609375e-01
-8.502630591392517090e-01,3.472812473773956299e-01,1.795792579650878906e-01
2.971496433019638062e-02,-1.711218953132629395e+00,-5.732822418212890625e-02
1.224091529846191406e+00,2.899169885495211929e-06,7.482072114944458008e-01
-8.892292976379394531e-01,-2.955765128135681152e-01,9.307965040206909180e-01
-1.210646986961364746e+00,1.175732374191284180e+00,9.944863319396972656e-01
6.650086641311645508e-01,-2.174249172210693359e+00,1.957888752222061157e-01
-1.220332622528076172e+00,9.312320500612258911e-02,8.794486522674560547e-01
1.563444137573242188e-01,-1.763882160186767578e+00,9.547721743583679199e-01
-1.338446617126464844e+00,5.779697895050048828e-01,1.594228744506835938e-01
-1.272925138473510742e+00,9.752525091171264648e-01,9.990687370300292969e-01
1.528666973114013672e+00,-4.878959655761718750e-01,-3.175903111696243286e-02
-4.756956398487091064e-01,-5.420624613761901855e-01,1.409916400909423828e+00
-3.990268707275390625e-02,1.855982303619384766e+00,5.042388662695884705e-02
-1.793599128723144531e-01,-1.449774026870727539e+00,5.128422379493713379e-01
1.711058020591735840e+00,-7.156133651733398438e-01,-2.706634439527988434e-02
2.453863024711608887e-01,9.108157157897949219e-01,1.275948643684387207e+00
4.684238508343696594e-02,-1.185098171234130859e+00,1.489283442497253418e+00
1.485003948211669922e+00,-2.740135192871093750e-01,3.808282315731048584e-01
-1.185292959213256836e+00,7.700719833374023438e-01,1.058287620544433594e+00
-5.676276087760925293e-01,-6.108112335205078125e-01,1.121864557266235352e+00
6.795875430107116699e-01,5.341515541076660156e-01,9.891507029533386230e-01
-7.939701676368713379e-01,2.005753040313720703e+00,1.393504142761230469e-01
1.842175006866455078e+00,-1.183489918708801270e+00,1.107975602149963379e+00
-5.200481414794921875e-01,-9.462122917175292969e-01,6.278185844421386719e-01
-5.279411077499389648e-01,1.589023232460021973e+00,9.727053642272949219e-01
1.468308448791503906e+00,-1.458361506462097168e+00,1.397747159004211426e+00
6.728875041007995605e-01,-2.117078781127929688e+00,1.032015800476074219e+00
-3.418402671813964844e-01,-1.192456841468811035e+00,1.968145668506622314e-01
6.989349722862243652e-01,3.500905036926269531e-01,1.245983958244323730e+00
3.620271086692810059e-01,9.738340377807617188e-01,1.007809162139892578e+00
1.285702824592590332e+00,-1.596760272979736328e+00,1.422442555427551270e+00
-2.957678139209747314e-01,1.761096119880676270e+00,1.450371742248535156e-01
-3.990268707275390625e-02,1.855982303619384766e+00,3.734619021415710449e-01
1.505958676338195801e+00,-6.711220741271972656e-01,1.171603351831436157e-01
2.562475800514221191e-01,6.413125991821289062e-01,1.406207799911499023e+00
4.166731834411621094e-01,1.069898843765258789e+00,3.421325683593750000e-01
-1.042677879333496094e+00,2.002611875534057617e+00,1.281790733337402344e-01
1.661723136901855469e+00,-8.675581216812133789e-01,3.745757788419723511e-02
-1.002717971801757812e+00,-2.900874912738800049e-01,7.102337479591369629e-01
-9.034973978996276855e-01,-1.913150399923324585e-01,1.064663410186767578e+00
7.011311054229736328e-01,1.782429069280624390e-01,1.470242500305175781e+00
1.365888237953186035e+00,-1.265426635742187500e+00,1.485073566436767578e+00
-9.610401988029479980e-01,5.673013925552368164e-01,1.149570465087890625e+00
1.547155380249023438e-01,-1.570685386657714844e+00,-2.918579056859016418e-02
1.014962792396545410e+00,-2.028390884399414062e+00,3.166982829570770264e-01
1.326080918312072754e+00,-8.133566379547119141e-01,1.815752983093261719e-01
-1.387599110603332520e-01,-1.259170055389404297e+00,1.070070981979370117e+00
-1.810171127319335938e+00,9.294845461845397949e-01,8.021584749221801758e-01
9.722965955734252930e-01,-5.564308166503906250e-02,1.327187776565551758e+00
9.899590611457824707e-01,-1.155686527490615845e-01,1.726903915405273438e-01
1.822144389152526855e+00,-6.576657295227050781e-01,5.451720952987670898e-02
-7.782154083251953125e-01,-5.908045768737792969e-01,5.468310713768005371e-01
3.640077114105224609e-01,1.172752976417541504e+00,1.009706020355224609e+00
-1.834988117218017578e+00,7.542030811309814453e-01,6.761677265167236328e-01
-1.917819976806640625e+00,1.080252528190612793e+00,5.562807917594909668e-01
-2.925694286823272705e-01,5.504682064056396484e-01,1.323266506195068359e+00
1.831207275390625000e+00,-6.699000597000122070e-01,5.580270290374755859e-01
-7.785032391548156738e-01,-5.884456634521484375e-01,3.313064575195312500e-01
-8.531950116157531738e-01,1.164026141166687012e+00,1.054259300231933594e+00
-1.044200062751770020e+00,-2.308387756347656250e-01,4.274883866310119629e-01
-8.243722915649414062e-01,-2.106637954711914062e-01,1.196170568466186523e+00
-1.586416006088256836e+00,7.797341346740722656e-01,1.156079098582267761e-01
1.622063279151916504e+00,-4.126223921775817871e-01,6.059827804565429688e-01
4.818363189697265625e-01,-1.945057630538940430e+00,1.979226619005203247e-01
-6.747865676879882812e-02,-1.241593241691589355e+00,1.231783986091613770e+00
7.608275413513183594e-01,6.049926877021789551e-01,7.414785623550415039e-01
-9.818066954612731934e-01,9.632601141929626465e-01,1.072849273681640625e+00
-6.843190193176269531e-01,-7.152868509292602539e-01,2.554614245891571045e-01
-7.643918395042419434e-01,7.584341168403625488e-01,1.148100852966308594e+00
1.708272814750671387e+00,-1.439213275909423828e+00,8.850542902946472168e-01
6.131742596626281738e-01,-1.862312316894531250e+00,1.421700477600097656e+00
-8.120079636573791504e-01,3.713271319866180420e-01,1.245868682861328125e+00
1.490635633468627930e+00,-3.016014099121093750e-01,1.342083662748336792e-01
-2.291564941406250000e-01,-9.146052598953247070e-01,1.372276306152343750e+00
1.184342026710510254e+00,6.572055816650390625e-02,4.390631020069122314e-01
1.418157219886779785e+00,-1.076270461082458496e+00,1.502496242523193359e+00
7.674298286437988281e-01,6.043527722358703613e-01,4.605352580547332764e-01
-7.049651145935058594e-01,9.560148119926452637e-01,1.117428302764892578e+00
4.358528181910514832e-02,1.589640140533447266e+00,8.231736421585083008e-01
-1.731065750122070312e+00,5.967366099357604980e-01,6.868975758552551270e-01
3.106510937213897705e-01,1.230098128318786621e+00,7.167806625366210938e-01
1.111193776130676270e+00,-1.453011155128479004e+00,1.488604068756103516e+00
-1.233373209834098816e-01,1.897176265716552734e+00,7.188067436218261719e-01
-3.990221023559570312e-02,1.855981826782226562e+00,2.118386775255203247e-01
3.637604713439941406e-01,8.600889444351196289e-01,1.170379281044006348e+00
-6.698401570320129395e-01,1.824337542057037354e-01,1.340207576751708984e+00
-3.466475605964660645e-01,-8.589215278625488281e-01,1.216838836669921875e+00
-1.335196644067764282e-01,-1.475892543792724609e+00,7.781509160995483398e-01
-6.193313598632812500e-01,5.582971572875976562e-01,1.242434978485107422e+00
-6.957149505615234375e-02,-1.708198308944702148e+00,1.285470575094223022e-01
-2.446032613515853882e-01,1.361080646514892578e+00,1.068237304687500000e+00
1.238329410552978516e+00,-1.857160180807113647e-01,1.008234262466430664e+00
1.683960199356079102e+00,-1.524220585823059082e+00,1.708736419677734375e-01
2.259213626384735107e-01,1.393833637237548828e+00,6.007125973701477051e-01
-5.090634226799011230e-01,1.154757857322692871e+00,1.101612567901611328e+00
-3.895492479205131531e-02,-1.080669403076171875e+00,1.480060100555419922e+00
-1.436856269836425781e+00,1.758160948753356934e+00,1.697619557380676270e-01
-1.099803447723388672e+00,-9.506484866142272949e-02,8.309936523437500000e-01
2.034457325935363770e-01,-1.951540470123291016e+00,7.687103152275085449e-01
-4.940255582332611084e-01,7.496883869171142578e-01,1.215568542480468750e+00
-1.081085801124572754e+00,1.869055926799774170e-01,1.201440334320068359e+00
4.652747213840484619e-01,5.935220718383789062e-01,1.344879746437072754e+00
-2.320289611816406250e-01,7.420068383216857910e-01,1.274851322174072266e+00
3.522095680236816406e-01,1.080375552177429199e+00,8.724483847618103027e-01
-1.535477399826049805e+00,1.698919773101806641e+00,4.674447476863861084e-01
-1.704609692096710205e-01,9.397555589675903320e-01,1.217497825622558594e+00
8.593626022338867188e-01,-1.645782589912414551e+00,1.484758377075195312e+00
2.716757059097290039e-01,1.049093723297119141e+00,1.845269203186035156e-01
1.029536128044128418e+00,-1.254916191101074219e+00,1.530889511108398438e+00
-3.267241716384887695e-01,-1.211874485015869141e+00,7.509835362434387207e-01
4.396716952323913574e-01,9.460592269897460938e-01,1.766149848699569702e-01
-1.171144366264343262e+00,1.700474739074707031e+00,8.257380723953247070e-01
-4.110482037067413330e-01,1.800532639026641846e-01,1.414246559143066406e+00
9.876184463500976562e-01,1.937958449125289917e-01,9.152156114578247070e-01
-3.874360620975494385e-01,2.042828083038330078e+00,2.713341712951660156e-01
-3.545217514038085938e-01,-1.190185427665710449e+00,4.965301454067230225e-01
4.233345016837120056e-02,1.744968414306640625e+00,3.639679029583930969e-02
1.130935668945312500e+00,-1.658766269683837891e+00,1.441237926483154297e+00
1.466925621032714844e+00,-1.612263679504394531e+00,1.104670405387878418e+00
-1.146863460540771484e+00,-9.430644661188125610e-02,5.612103343009948730e-01
