-5.124345421791076660e-01,7.776242494583129883e-01,1.000021934509277344e+00
2.325337409973144531e+00,-3.016675412654876709e-01,2.402929663658142090e-01
-1.909035801887512207e+00,-1.124587059020996094e+00,2.482958883047103882e-01
2.463053613901138306e-01,-8.879494667053222656e-01,2.458538711071014404e-01
1.187355875968933105e+00,1.183956623077392578e+00,1.069027706980705261e-01
-2.149957418441772461e+00,3.831100463867187500e-01,9.797663688659667969e-01
-8.585668206214904785e-01,-7.253141403198242188e-01,1.403635978698730469e+00
8.715780377388000488e-01,1.880569607019424438e-01,1.165738105773925781e+00
-1.099549889564514160e+00,-1.164294406771659851e-01,2.261581420898437500e-01
2.157179832458496094e+00,7.870383858680725098e-01,6.909298300743103027e-01
2.704894840717315674e-01,3.492574989795684814e-01,2.204833030700683594e-01
1.282720446586608887e+00,-7.168292999267578125e-01,6.147894263267517090e-01
2.550405859947204590e-01,-6.712055206298828125e-01,1.326157927513122559e+00
-9.050117135047912598e-01,-1.133141517639160156e+00,4.365921020507812500e-01
4.254706799983978271e-01,1.141596317291259766e+00,9.603732228279113770e-01
-1.239989876747131348e+00,1.807845979928970337e-01,1.391309261322021484e+00
-1.767684459686279297e+00,5.925893783569335938e-01,9.483245760202407837e-02
-2.169415950775146484e+00,-7.053691148757934570e-01,1.078725218772888184e+00
-2.200970649719238281e+00,-2.321280688047409058e-01,2.464614808559417725e-01
1.487529516220092773e+00,1.160590127110481262e-01,2.031517028808593750e-01
-3.454479873180389404e-01,1.430511474609375000e-06,1.465854644775390625e+00
-9.397079348564147949e-01,7.391977310180664062e-01,2.268408089876174927e-01
1.344119191169738770e+00,9.887526631355285645e-01,9.159846305847167969e-01
1.843936681747436523e+00,-1.974279582500457764e-01,8.749361038208007812e-01
-1.496585845947265625e+00,-1.131961822509765625e+00,9.901372790336608887e-01
-3.715585172176361084e-01,-3.499476611614227295e-01,2.348399162292480469e-01
-1.392733216285705566e+00,6.977744102478027344e-01,8.360833525657653809e-01
-3.406256139278411865e-01,-9.655971527099609375e-01,9.195522665977478027e-01
1.488966345787048340e-01,5.458935499191284180e-01,1.370393276214599609e+00
7.524093389511108398e-01,-3.486476838588714600e-01,2.079477310180664062e-01
-1.466798186302185059e-01,9.314203262329101562e-01,3.788745105266571045e-01
1.726317763328552246e+00,-6.595692634582519531e-01,4.551208391785621643e-02
9.153792858123779297e-01,5.812464356422424316e-01,1.999959945678710938e-01
1.755288839340209961e+00,1.286169528961181641e+00,4.396157860755920410e-01
6.515496969223022461e-01,-8.009133338928222656e-01,8.074490427970886230e-01
-1.534311532974243164e+00,-5.526514053344726562e-01,1.300614833831787109e+00
2.173313140869140625e+00,3.489663302898406982e-01,2.144885063171386719e-01
-3.716184794902801514e-01,3.500039577484130859e-01,2.360053062438964844e-01
1.614163279533386230e+00,3.922852873802185059e-01,9.210534095764160156e-01
-1.520720124244689941e+00,-5.844448804855346680e-01,2.396025657653808594e-01
4.355349540710449219e-01,1.003014564514160156e+00,2.416644245386123657e-01
1.090471148490905762e+00,-3.827424645423889160e-01,1.068994045257568359e+00
-3.387848138809204102e-01,-9.982080459594726562e-01,2.416070550680160522e-01
-1.361846923828125000e+00,-1.198428511619567871e+00,3.992187231779098511e-02
3.357789516448974609e-01,1.344680754300497938e-06,1.369892597198486328e+00
-2.213768482208251953e+00,3.863848745822906494e-01,4.067013561725616455e-01
8.222703337669372559e-01,7.658447027206420898e-01,1.090899944305419922e+00
-2.289731502532958984e+00,-2.278346419334411621e-01,8.247845172882080078e-01
2.240067958831787109e+00,1.534268707036972046e-01,7.245652675628662109e-01
1.580531001091003418e+00,8.156620860099792480e-01,2.019443511962890625e-01
-2.863771617412567139e-01,-5.388186573982238770e-01,1.443407058715820312e+00
-9.161105155944824219e-01,-1.061187267303466797e+00,9.824819564819335938e-01
1.905160546302795410e-01,-3.496501743793487549e-01,2.278923988342285156e-01
-2.228281497955322266e+00,-6.967738270759582520e-01,5.163032412528991699e-01
1.960739374160766602e+00,-6.173791885375976562e-01,5.655264258384704590e-01
-9.285780787467956543e-01,-6.475291252136230469e-01,2.241540551185607910e-01
-8.438649773597717285e-01,-1.786878556013107300e-01,1.456406593322753906e+00
-1.599662184715270996e+00,1.166270971298217773e-01,2.383456230163574219e-01
-8.707835674285888672e-01,5.523948669433593750e-01,1.303280353546142578e+00
8.148916959762573242e-01,1.086592674255371094e+00,5.722733736038208008e-01
-1.693875551223754883e+00,3.583874702453613281e-01,1.198795795440673828e+00
-3.496506512165069580e-01,5.406833887100219727e-01,1.424115657806396484e+00
-1.997741699218750000e+00,-1.063264846801757812e+00,7.780599594116210938e-01
1.323418259620666504e+00,-3.484836518764495850e-01,2.045183181762695312e-01
-1.848117589950561523e+00,6.195611953735351562e-01,6.368331909179687500e-01
-1.470336556434631348e+00,-1.234886169433593750e+00,5.039222836494445801e-01
2.107974290847778320e+00,1.054471135139465332e+00,2.213401794433593750e-01
9.937096834182739258e-01,1.160063520073890686e-01,1.998682022094726562e-01
4.938707128167152405e-02,8.693099021911621094e-01,1.002401590347290039e+00
6.345100402832031250e-01,-4.107806682586669922e-01,1.261920571327209473e+00
8.575526475906372070e-01,-7.770228385925292969e-01,3.920712172985076904e-01
-8.226933479309082031e-01,2.521480619907379150e-01,2.277346700429916382e-01
-1.387709736824035645e+00,7.205100059509277344e-01,3.298882842063903809e-01
1.908403873443603516e+00,-1.160250827670097351e-01,2.010607719421386719e-01
1.389302015304565430e+00,1.468658410885836929e-06,9.517359733581542969e-01
4.867880791425704956e-02,-9.572381973266601562e-01,6.469906568527221680e-01
1.630973935127258301e+00,-5.940454602241516113e-01,8.737344741821289062e-01
-9.589708447456359863e-01,7.833495140075683594e-01,6.734594702720642090e-01
2.262675285339355469e+00,-3.057112395763397217e-01,6.685137748718261719e-01
1.809097766876220703e+00,1.004688858985900879e+00,8.179183006286621094e-01
-5.442665219306945801e-01,8.737134933471679688e-01,5.209260582923889160e-01
1.179941415786743164e+00,5.841351747512817383e-01,9.759340286254882812e-01
1.587354660034179688e+00,1.241958022117614746e+00,3.846191242337226868e-02
-1.947350382804870605e+00,-5.848016142845153809e-01,2.440242767333984375e-01
1.375856041908264160e+00,1.217881679534912109e+00,5.698062181472778320e-01
9.583302140235900879e-01,-7.666853070259094238e-01,1.084432601928710938e+00
-1.265720605850219727e+00,3.496375083923339844e-01,2.283468246459960938e-01
-5.013061314821243286e-02,1.166021972894668579e-01,2.335624694824218750e-01
5.906939506530761719e-01,1.161808595061302185e-01,2.105407714843750000e-01
5.347239375114440918e-01,3.699716925621032715e-01,1.266850948333740234e+00
2.420625239610671997e-01,9.932937622070312500e-01,6.436313986778259277e-01
-1.006361007690429688e+00,-1.032557606697082520e+00,7.124137878417968750e-02
-6.932020187377929688e-01,-1.164869591593742371e-01,2.296557426452636719e-01
-5.024322494864463806e-02,5.837180614471435547e-01,2.305254936218261719e-01
-1.377783060073852539e+00,-1.816662549972534180e-01,1.363957881927490234e+00
-5.277177691459655762e-01,-1.060031414031982422e+00,5.717051625251770020e-01
-1.231935143470764160e+00,-9.438478350639343262e-01,1.192307949066162109e+00
-2.125653743743896484e+00,-7.853624224662780762e-02,1.134015679359436035e+00
-5.456819534301757812e-01,-8.578090667724609375e-01,1.219911217689514160e+00
-7.181451916694641113e-01,1.786008030176162720e-01,1.459082126617431641e+00
-2.333574771881103516e+00,7.518630474805831909e-02,6.045640707015991211e-01
8.402969241142272949e-01,1.051390171051025391e+00,2.002234458923339844e-01
4.765757620334625244e-01,7.478366494178771973e-01,1.229851245880126953e+00
4.951849952340126038e-02,-8.529882431030273438e-01,1.005070209503173828e+00
-1.206048130989074707e+00,5.651044845581054688e-01,1.145053744316101074e+00
2.091350078582763672e+00,-5.826095938682556152e-01,2.168831825256347656e-01
4.918813705444335938e-01,-6.048077344894409180e-01,2.186999469995498657e-01
8.527923375368118286e-02,-3.603887856006622314e-01,1.415733814239501953e+00
2.321548387408256531e-02,1.799611598253250122e-01,1.417990207672119141e+00
-1.181424498558044434e+00,-5.445970296859741211e-01,1.383721351623535156e+00
2.354631423950195312e+00,4.504466056823730469e-01,5.520669221878051758e-01
1.947670936584472656e+00,4.899088144302368164e-01,8.299313187599182129e-01
2.396242141723632812e+00,2.136230477844947018e-06,4.413603246212005615e-01
1.981606960296630859e+00,6.504084467887878418e-01,2.033853083848953247e-01
1.498970270156860352e+00,-7.004861831665039062e-01,3.321658372879028320e-01
-1.248944282531738281e+00,-8.397778272628784180e-01,2.335964888334274292e-01
-1.855773687362670898e+00,-1.167358011007308960e-01,2.451109886169433594e-01
1.325994253158569336e+00,5.815342664718627930e-01,2.035808563232421875e-01
1.740465044975280762e+00,3.483369648456573486e-01,2.015256881713867188e-01
-1.470411568880081177e-01,9.165039062500000000e-01,7.198124527931213379e-01
-6.784987449645996094e-01,-9.951693415641784668e-01,2.252905219793319702e-01
4.448559582233428955e-01,-8.746533393859863281e-01,5.201690793037414551e-01
2.260020256042480469e+00,7.703251242637634277e-01,3.531835973262786865e-01
1.078364253044128418e+00,-5.811578035354614258e-01,1.988964080810546875e-01
-6.147213578224182129e-01,5.840132236480712891e-01,2.341451644897460938e-01
-5.029144138097763062e-02,-5.842748284339904785e-01,2.374215126037597656e-01
5.118871927261352539e-01,5.820890069007873535e-01,2.103729248046875000e-01
1.010013580322265625e+00,1.086416244506835938e+00,8.448301553726196289e-01
1.656403183937072754e+00,-3.483934402465820312e-01,2.026815414428710938e-01
-1.886382102966308594e+00,3.558582365512847900e-01,3.569664955139160156e-01
-2.055799007415771484e+00,-3.991374075412750244e-01,1.153859853744506836e+00
-1.392947912216186523e+00,5.665690302848815918e-01,1.817417144775390625e-02
-1.516333967447280884e-01,7.265901565551757812e-01,1.241447091102600098e+00
-1.093235731124877930e+00,-1.167017459869384766e+00,7.019836306571960449e-01
2.025639057159423828e+00,1.141391754150390625e+00,5.464214682579040527e-01
1.304034829139709473e+00,-6.124267578125000000e-01,9.180737137794494629e-01
-6.143264770507812500e-01,-5.836380124092102051e-01,2.294974327087402344e-01
-2.254274845123291016e+00,7.646407932043075562e-02,2.962377965450286865e-01
8.696369528770446777e-01,-1.876381188631057739e-01,1.178730487823486328e+00
-2.294102191925048828e+00,-3.798996508121490479e-01,5.054771304130554199e-01
-5.973260998725891113e-01,-5.384609699249267578e-01,1.447015285491943359e+00
-2.245944499969482422e+00,-5.384236574172973633e-01,7.822582721710205078e-01
-1.502855420112609863e-01,-7.823519706726074219e-01,1.230412602424621582e+00
-1.145167827606201172e+00,6.056653857231140137e-01,5.025229454040527344e-01
1.159555315971374512e+00,1.916137486696243286e-01,1.055345535278320312e+00
-1.876529335975646973e+00,5.214734077453613281e-01,9.498291015625000000e-01
4.555734992027282715e-01,-7.270917892456054688e-01,1.100015044212341309e+00
1.912902742624282837e-01,8.177534937858581543e-01,2.202997207641601562e-01
-2.081543922424316406e+00,-8.808808922767639160e-01,3.118649125099182129e-01
1.843590855598449707e+00,1.973906606435775757e-01,8.760848045349121094e-01
1.608585476875305176e+00,1.220792174339294434e+00,7.643008232116699219e-01
-9.678942561149597168e-01,7.255072593688964844e-01,9.659097194671630859e-01
6.520013809204101562e-01,3.204345603080582805e-06,1.255840778350830078e+00
-1.678688526153564453e+00,-1.204494953155517578e+00,7.137153744697570801e-01
-1.250424385070800781e+00,-4.641543328762054443e-01,2.318377643823623657e-01
-8.959608078002929688e-01,-8.523979783058166504e-01,5.262393951416015625e-01
1.944611072540283203e+00,-4.902052283287048340e-01,8.304340839385986328e-01
-1.696178436279296875e+00,-8.205727934837341309e-01,2.452950477600097656e-01
1.557034850120544434e+00,7.905161976814270020e-01,9.005408287048339844e-01
-3.735963404178619385e-01,8.196057081222534180e-01,2.367682456970214844e-01
1.082608580589294434e+00,8.159736990928649902e-01,2.046909332275390625e-01
-5.647070407867431641e-01,6.436524391174316406e-01,1.262445330619812012e+00
-1.431503415107727051e+00,-1.165720596909523010e-01,2.349896430969238281e-01
-1.686821699142456055e+00,-3.503407835960388184e-01,2.429003715515136719e-01
-2.263269901275634766e+00,7.631908357143402100e-02,8.827673196792602539e-01
1.158850073814392090e+00,3.484931886196136475e-01,2.047343254089355469e-01
6.747598052024841309e-01,8.158501982688903809e-01,2.035665512084960938e-01
-2.117949724197387695e+00,4.816188812255859375e-01,6.570739746093750000e-01
-9.367541074752807617e-01,-3.493739366531372070e-01,2.229428291320800781e-01
1.157333016395568848e+00,-1.160531565546989441e-01,2.027673721313476562e-01
-1.733963727951049805e+00,-1.013659000396728516e+00,1.090041756629943848e+00
-5.321274995803833008e-01,1.165604218840599060e-01,2.341308593750000000e-01
-2.105966210365295410e-01,-1.166000366210937500e-01,2.367172241210937500e-01
3.503964245319366455e-01,-1.163436695933341980e-01,2.206230163574218750e-01
1.360591292381286621e+00,9.662265777587890625e-01,5.597259476780891418e-02
7.519757151603698730e-01,3.484467864036560059e-01,2.037963867187500000e-01
6.268073916435241699e-01,1.036319732666015625e+00,7.767865061759948730e-01
-7.203102707862854004e-01,-1.067694187164306641e+00,7.741110324859619141e-01
-1.449810415506362915e-01,-1.001734733581542969e+00,4.412817358970642090e-01
-1.281546115875244141e+00,-1.200908184051513672e+00,3.046508729457855225e-01
-1.613476395606994629e+00,5.811663866043090820e-01,1.006547451019287109e+00
-1.894610404968261719e+00,-1.168984889984130859e+00,5.192892551422119141e-01
-1.611806869506835938e+00,6.801781654357910156e-01,4.796804785728454590e-01
-1.482501983642578125e+00,-9.881677031517028809e-01,2.252868562936782837e-01
1.072508335113525391e+00,-7.204875946044921875e-01,8.252229094505310059e-01
2.230509042739868164e+00,-4.937767982482910156e-01,4.292797744274139404e-01
-1.525213599205017090e+00,1.833793073892593384e-01,1.310783386230468750e+00
1.738991618156433105e+00,1.040878176689147949e+00,1.282534599304199219e-01
-9.406600594520568848e-01,-9.020466804504394531e-01,1.220642685890197754e+00
1.467488884925842285e+00,-3.914863765239715576e-01,9.335002899169921875e-01
-1.944601893424987793e+00,2.864613533020019531e-01,1.142784237861633301e+00
-1.044278979301452637e+00,3.608917295932769775e-01,1.407540321350097656e+00
1.375856280326843262e+00,1.217881679534912109e+00,3.048840165138244629e-01
-1.037720680236816406e+00,1.449584942747605965e-06,1.431184768676757812e+00
1.991034984588623047e+00,-3.630191981792449951e-01,5.050454139709472656e-01
-1.001890525221824646e-01,-1.792261898517608643e-01,1.440601348876953125e+00
2.007062911987304688e+00,1.449584942747605965e-06,8.287343978881835938e-01
-1.842590689659118652e+00,6.386427879333496094e-01,3.397290110588073730e-01
-1.196371912956237793e+00,6.167349815368652344e-01,1.889675855636596680e-01
2.363071441650390625e-01,-8.766081929206848145e-01,8.067523241043090820e-01
-1.624580323696136475e-01,3.595546782016754150e-01,1.428255558013916016e+00
-5.335490107536315918e-01,3.583970963954925537e-01,1.446210861206054688e+00
-1.279491901397705078e+00,9.216993302106857300e-02,2.299475073814392090e-01
-5.310439467430114746e-01,-1.784527301788330078e-01,1.463817119598388672e+00
-1.334587216377258301e+00,-7.374008893966674805e-01,1.310389041900634766e+00
1.684907317161560059e+00,1.354217488369613420e-06,9.146418571472167969e-01
2.354357242584228516e+00,1.497430801391601562e-01,2.384292483329772949e-01
6.093044281005859375e-01,-8.282641172409057617e-01,3.305624425411224365e-01
-1.773740291595458984e+00,-5.919018387794494629e-01,1.223503112792968750e+00
3.362176418304443359e-01,-3.630809783935546875e-01,1.373790264129638672e+00
-2.139854907989501953e+00,-8.704374432563781738e-01,6.953125000000000000e-01
6.349372863769531250e-01,1.034428000450134277e+00,1.054342746734619141e+00
-1.684867620468139648e+00,-1.183157920837402344e+00,3.779754638671875000e-01
-2.190221786499023438e+00,-5.447348952293395996e-01,3.021163940429687500e-01
2.487969398498535156e-01,8.261880874633789062e-01,1.151374816894531250e+00
-7.668015956878662109e-01,6.848125457763671875e-01,1.112632274627685547e+00
1.726317048072814941e+00,-6.595692634582519531e-01,4.832934439182281494e-01
7.505825757980346680e-01,-9.075286388397216797e-01,1.013035774230957031e+00
1.474061846733093262e+00,-5.744418501853942871e-01,1.157016754150390625e-01
2.081009149551391602e+00,1.160649880766868591e-01,2.036218643188476562e-01
-1.311563104391098022e-01,-8.195595145225524902e-01,2.362813949584960938e-01
-1.941510677337646484e+00,1.167313382029533386e-01,2.448649406433105469e-01
6.735537648200988770e-01,5.629315972328186035e-01,1.194655895233154297e+00
-7.491084337234497070e-01,8.305296897888183594e-01,3.878890872001647949e-01
2.176470756530761719e+00,4.677226841449737549e-01,7.373071312904357910e-01
-1.516604423522949219e+00,3.499602377414703369e-01,2.350192070007324219e-01
1.237665057182312012e+00,-1.931028366088867188e-01,1.009143829345703125e+00
-2.072093009948730469e+00,-8.825730681419372559e-01,9.328873753547668457e-01
-7.533398270606994629e-01,7.956848144531250000e-01,8.096057176589965820e-01
1.005071043968200684e+00,1.115346431732177734e+00,3.726031482219696045e-01
-1.511713862419128418e+00,-9.468572735786437988e-01,1.173777580261230469e+00
1.659629821777343750e+00,5.813845992088317871e-01,2.017407417297363281e-01
1.570911526679992676e+00,-1.160554289817810059e-01,2.029223442077636719e-01
1.823298931121826172e+00,1.160289347171783447e-01,2.012996673583984375e-01
1.405978918075561523e+00,3.484263420104980469e-01,2.033715248107910156e-01
1.239670038223266602e+00,1.160811409354209900e-01,2.045187950134277344e-01
8.320168852806091309e-01,-1.160716116428375244e-01,2.039146423339843750e-01
8.557081222534179688e-01,-7.904000282287597656e-01,6.711151003837585449e-01
2.168799161911010742e+00,-1.161206811666488647e-01,2.069997787475585938e-01
4.746923446655273438e-01,-3.615493178367614746e-01,2.177450507879257202e-01
8.349249362945556641e-01,-5.817804336547851562e-01,2.066016197204589844e-01
1.792429447174072266e+00,6.749259829521179199e-01,8.585601449012756348e-01
1.013799428939819336e+00,1.392364424646075349e-06,1.107450485229492188e+00
9.947420954704284668e-01,-3.482584357261657715e-01,1.998977661132812500e-01
-2.918246388435363770e-01,5.842520594596862793e-01,2.371330261230468750e-01
-2.917461991310119629e-01,-5.840950012207031250e-01,2.351880073547363281e-01
-1.304589807987213135e-01,3.499802052974700928e-01,2.349491119384765625e-01
-1.304971277713775635e-01,-3.500828444957733154e-01,2.370700836181640625e-01
-4.516078233718872070e-01,-1.165674775838851929e-01,2.344875335693359375e-01
-2.909100353717803955e-01,1.166055426001548767e-01,2.363629341125488281e-01
3.006255999207496643e-02,-1.165498048067092896e-01,2.321796417236328125e-01
-1.456800222396850586e+00,4.078598022460937500e-01,1.258031010627746582e+00
1.902328431606292725e-01,1.164190992712974548e-01,2.248711585998535156e-01
-2.270487308502197266e+00,-3.818061053752899170e-01,1.048471927642822266e+00
1.319371938705444336e+00,3.896309435367584229e-01,9.621963500976562500e-01
8.053213357925415039e-01,-5.632261037826538086e-01,1.191571712493896484e+00
-1.288254618644714355e+00,-1.170548439025878906e+00,8.407299518585205078e-01
1.041604638099670410e+00,7.781475782394409180e-01,9.959979057312011719e-01
-8.400626182556152344e-01,5.059327483177185059e-01,2.285961806774139404e-01
-1.017284631729125977e+00,1.163767203688621521e-01,2.228550910949707031e-01
-1.459205597639083862e-01,-9.629034996032714844e-01,7.822701930999755859e-01
4.345014095306396484e-01,1.017239570617675781e+00,5.080605745315551758e-01
1.895483016967773438e+00,-4.949690103530883789e-01,3.551940992474555969e-02
4.861850664019584656e-02,9.647059440612792969e-01,5.111920237541198730e-01
1.021934986114501953e+00,3.825169801712036133e-01,1.072408676147460938e+00
6.261553764343261719e-01,1.042538642883300781e+00,3.738769590854644775e-01
2.423420697450637817e-01,9.863600730895996094e-01,3.756396472454071045e-01
1.907366961240768433e-01,5.830234885215759277e-01,2.218370437622070312e-01
-7.086942195892333984e-01,-9.610718488693237305e-01,1.086311817169189453e+00
-1.041632533073425293e+00,-3.599810004234313965e-01,1.421741485595703125e+00
-1.943398952484130859e+00,-3.504104614257812500e-01,2.443823814392089844e-01
1.909359693527221680e-01,-5.836343169212341309e-01,2.294006347656250000e-01
-6.131643652915954590e-01,-3.497620224952697754e-01,2.308139801025390625e-01
1.501155376434326172e+00,-6.913051605224609375e-01,6.943005323410034180e-01
-1.173622369766235352e+00,7.381129264831542969e-01,7.536010742187500000e-01
5.109341144561767578e-01,3.488443195819854736e-01,2.118506431579589844e-01
1.188713788986206055e+00,1.177302360534667969e+00,7.029595971107482910e-01
-1.614693284034729004e+00,6.688699722290039062e-01,7.728667855262756348e-01
5.908126831054687500e-01,-1.162042394280433655e-01,2.119870185852050781e-01
-6.134148836135864258e-01,3.499048054218292236e-01,2.337670326232910156e-01
1.067768812179565430e+00,-7.482452392578125000e-01,5.371767878532409668e-01
2.187526226043701172e+00,9.421609044075012207e-01,5.250298976898193359e-01
-2.084071636199951172e+00,-1.044914841651916504e+00,5.380834937095642090e-01
-5.351933240890502930e-01,-8.189137578010559082e-01,2.306175231933593750e-01
4.648110866546630859e-01,-1.828178018331527710e-01,1.328372478485107422e+00
8.410325646400451660e-01,9.776226878166198730e-01,9.844655990600585938e-01
4.678117334842681885e-01,-5.512287616729736328e-01,1.315355300903320312e+00
-4.133467078208923340e-01,-7.223609685897827148e-01,1.426451683044433594e+00
1.287948012351989746e+00,-6.912255287170410156e-01,2.587908804416656494e-01
2.083875656127929688e+00,-3.172492086887359619e-01,8.054594397544860840e-01
-3.473973870277404785e-01,8.455944061279296875e-01,8.680641055107116699e-01
2.742167711257934570e-01,3.639545440673828125e-01,1.360148906707763672e+00
1.834524154663085938e+00,8.155027627944946289e-01,2.005429267883300781e-01
1.960182905197143555e+00,8.048823475837707520e-01,7.897014617919921875e-01
2.443249523639678955e-01,9.371547698974609375e-01,9.231664538383483887e-01
-1.387709140777587891e+00,7.205104827880859375e-01,6.165371537208557129e-01
-1.236839532852172852e+00,-1.021787881851196289e+00,-2.506256103515625000e-03
2.272435188293457031e+00,5.841736197471618652e-01,2.362551689147949219e-01
1.472815632820129395e+00,5.888493061065673828e-01,9.272999763488769531e-01
1.262507796287536621e+00,7.858715653419494629e-01,9.363894462585449219e-01
-3.883300721645355225e-02,-5.411674380302429199e-01,1.419236183166503906e+00
2.095492482185363770e-01,-1.804180741310119629e-01,1.403079986572265625e+00
8.618391156196594238e-01,-7.459101676940917969e-01,8.890454173088073730e-01
1.726317048072814941e+00,-6.595692634582519531e-01,2.641100883483886719e-01
-1.018270730972290039e+00,3.493461012840270996e-01,2.223119735717773438e-01
-7.190846204757690430e-01,-3.574818372726440430e-01,1.460490703582763672e+00
-1.611807227134704590e+00,6.801781654357910156e-01,2.621359229087829590e-01
-2.312439441680908203e+00,-7.552684843540191650e-02,4.494529664516448975e-01
-1.229638576507568359e+00,4.392352104187011719e-01,1.320532679557800293e+00
-3.055335879325866699e-01,7.655501961708068848e-01,1.093178272247314453e+00
-4.081220030784606934e-01,-3.573570847511291504e-01,1.462474346160888672e+00
-1.433227658271789551e+00,-3.500137329101562500e-01,2.361526489257812500e-01
2.369719505310058594e+00,2.988001108169555664e-01,3.929897844791412354e-01
6.483253240585327148e-01,-8.316078186035156250e-01,5.946184992790222168e-01
8.889038115739822388e-02,-7.497564554214477539e-01,1.215074539184570312e+00
4.880644753575325012e-02,-9.412460327148437500e-01,3.108035326004028320e-01
5.049064382910728455e-02,7.323074340820312500e-01,1.312330245971679688e+00
4.486342668533325195e-01,-8.226399421691894531e-01,8.722082376480102539e-01
4.062559306621551514e-01,5.540980696678161621e-01,1.285796165466308594e+00
6.605731248855590820e-01,-7.150759696960449219e-01,1.033246755599975586e+00
-3.438032567501068115e-01,9.092798233032226562e-01,5.848443508148193359e-01
-3.462179899215698242e-01,-8.665242195129394531e-01,1.144744038581848145e+00
-1.927634835243225098e+00,-1.067347526550292969e+00,1.019907951354980469e+00
1.330097913742065430e+00,8.158199191093444824e-01,2.033257484436035156e-01
1.535450458526611328e+00,1.953965127468109131e-01,9.379577636718750000e-01
-9.568769335746765137e-01,7.969298362731933594e-01,4.616116285324096680e-01
-1.170881986618041992e+00,-1.801621466875076294e-01,1.410599708557128906e+00
1.690654277801513672e+00,-3.932262659072875977e-01,9.065480232238769531e-01
-3.379645347595214844e-01,-1.012714862823486328e+00,7.093490362167358398e-01
-5.038909614086151123e-02,8.187345862388610840e-01,2.290000915527343750e-01
2.451468408107757568e-01,-9.166955947875976562e-01,5.836772322654724121e-01
-5.461992621421813965e-01,8.519735336303710938e-01,7.300997972488403320e-01
-1.696434736251831055e+00,-1.143227100372314453e+00,9.276925325393676758e-01
1.870955109596252441e+00,1.244475126266479492e+00,6.433315277099609375e-01
-1.483591496944427490e-01,8.620181083679199219e-01,9.341222643852233887e-01
1.611858487129211426e+00,-1.959660649299621582e-01,9.202938079833984375e-01
2.329816818237304688e+00,-3.013785183429718018e-01,4.486598074436187744e-01
-1.183314204216003418e+00,6.864004135131835938e-01,9.772938489913940430e-01
-5.314363837242126465e-01,-1.018175601959228516e+00,8.456988334655761719e-01
-7.490916252136230469e-01,8.306713104248046875e-01,5.957949757575988770e-01
-1.948893070220947266e+00,8.138462156057357788e-02,1.175139188766479492e+00
4.887233674526214600e-02,9.331960678100585938e-01,7.859151959419250488e-01
2.507328391075134277e-01,-7.781023979187011719e-01,1.089088082313537598e+00
-1.651059627532958984e+00,4.318115115165710449e-01,3.716705366969108582e-02
1.570325136184692383e+00,9.950268864631652832e-01,8.773732185363769531e-01
2.057550907135009766e+00,9.676073193550109863e-01,7.092254757881164551e-01
-1.419542670249938965e+00,5.764627456665039062e-01,1.075589776039123535e+00
1.726315379142761230e+00,-6.595697402954101562e-01,7.035515904426574707e-01
6.740303039550781250e-01,-2.039044201374053955e-01,1.252132654190063477e+00
1.187355875968933105e+00,1.183956623077392578e+00,4.365741014480590820e-01
-1.101917862892150879e+00,-1.120694637298583984e+00,9.100686311721801758e-01
8.841643929481506348e-01,5.715242624282836914e-01,1.106004714965820312e+00
-1.479210376739501953e+00,-1.200094699859619141e+00,7.753655910491943359e-01
-3.369102478027343750e-01,-1.031418800354003906e+00,5.063296556472778320e-01
1.021487116813659668e+00,-5.730319023132324219e-01,1.090462684631347656e+00
1.565032720565795898e+00,1.251928806304931641e+00,3.718200623989105225e-01
4.662879705429077148e-01,1.833986192941665649e-01,1.310354232788085938e+00
2.097435951232910156e+00,8.171751499176025391e-01,2.153048515319824219e-01
2.119874477386474609e+00,-3.545783162117004395e-01,3.305301666259765625e-01
-7.170086503028869629e-01,-1.094885826110839844e+00,5.038229227066040039e-01
-7.783053517341613770e-01,-8.180758953094482422e-01,2.232213020324707031e-01
-6.166687011718750000e-01,8.193545937538146973e-01,2.345190048217773438e-01
1.001809954643249512e+00,1.134444236755371094e+00,6.370910406112670898e-01
-1.470336556434631348e+00,-1.234886169433593750e+00,2.391275018453598022e-01
-1.281545519828796387e+00,-1.200908184051513672e+00,5.693702697753906250e-01
1.864044189453125000e+00,1.063901305198669434e+00,2.859115600585937500e-01
1.375857234001159668e+00,1.217881679534912109e+00,4.116455093026161194e-02
-1.093235731124877930e+00,-1.167017459869384766e+00,2.385201901197433472e-01
-1.475625485181808472e-01,-8.949275016784667969e-01,9.984722733497619629e-01
4.344850778579711914e-01,1.017464160919189453e+00,7.095239162445068359e-01
4.334384202957153320e-01,-8.179559707641601562e-01,2.221755981445312500e-01
-6.650011539459228516e-01,5.425922870635986328e-01,1.404419898986816406e+00
-1.453257918357849121e+00,-3.654240667819976807e-01,1.337375640869140625e+00
-1.056814908981323242e+00,-7.289388775825500488e-01,1.375673770904541016e+00
1.375713348388671875e+00,1.218482971191406250e+00,7.698444724082946777e-01
-8.665647506713867188e-01,-1.058516383171081543e+00,2.489976882934570312e-01
1.755288004875183105e+00,1.286169528961181641e+00,2.402410805225372314e-01
-1.093235731124877930e+00,-1.167017459869384766e+00,5.026425123214721680e-01
-5.280593037605285645e-01,-1.056184768676757812e+00,3.724383413791656494e-01
8.065716624259948730e-01,3.763883113861083984e-01,1.167417526245117188e+00
-8.479044437408447266e-01,3.588945567607879639e-01,1.438508510589599609e+00
1.545246839523315430e+00,1.023879051208496094e+00,1.182842254638671875e-02
-9.038154482841491699e-01,-1.140892505645751953e+00,6.347265243530273438e-01
-2.238211154937744141e+00,3.844116628170013428e-01,7.810863852500915527e-01
1.070450067520141602e+00,-7.325439453125000000e-01,3.261547684669494629e-01
-1.846834421157836914e+00,3.651877641677856445e-01,5.498771667480468750e-01
-1.551215052604675293e+00,-7.440836429595947266e-01,1.258805274963378906e+00
2.360624313354492188e+00,-1.495407074689865112e-01,6.012939214706420898e-01
-1.024315714836120605e+00,-8.185605406761169434e-01,2.275180816650390625e-01
-6.644238233566284180e-01,-7.219538092613220215e-01,1.429564476013183594e+00
-1.446920752525329590e+00,1.678466787780052982e-06,1.350350856781005859e+00
-1.012692227959632874e-01,5.427172183990478516e-01,1.403149127960205078e+00
-7.473603487014770508e-01,-8.449158668518066406e-01,1.298176884651184082e+00
-9.162483215332031250e-01,-5.408614873886108398e-01,1.422242641448974609e+00
8.171229958534240723e-01,1.070397853851318359e+00,7.753756642341613770e-01
6.248647570610046387e-01,1.054818153381347656e+00,5.731014609336853027e-01
-1.243095040321350098e+00,-3.622855544090270996e-01,1.386023521423339844e+00
1.565033793449401855e+00,1.251928806304931641e+00,5.711258053779602051e-01
8.546645939350128174e-02,3.611803650856018066e-01,1.403226375579833984e+00
-4.692336916923522949e-01,1.784804612398147583e-01,1.462985515594482422e+00
-2.233221381902694702e-01,1.790056526660919189e-01,1.447116374969482422e+00
2.310027122497558594e+00,6.078423261642456055e-01,4.533863663673400879e-01
1.472755372524261475e-01,1.344680754300497938e-06,1.408739089965820312e+00
2.382874965667724609e+00,1.488234698772430420e-01,5.984100103378295898e-01
-9.737873077392578125e-01,1.793698221445083618e-01,1.435232162475585938e+00
-1.618881225585937500e-01,-3.582992553710937500e-01,1.447923660278320312e+00
-6.550153493881225586e-01,1.277923502129851840e-06,1.462681770324707031e+00
8.721421360969543457e-01,-3.761608302593231201e-01,1.170997619628906250e+00
4.328051805496215820e-01,8.167617321014404297e-01,2.116317749023437500e-01
2.029000282287597656e+00,3.207871317863464355e-01,8.144502043724060059e-01
-1.313640713691711426e+00,-1.055676460266113281e+00,1.064740419387817383e+00
2.098083496093750000e-01,1.806413233280181885e-01,1.396153926849365234e+00
-2.332130432128906250e+00,-2.257838845252990723e-01,6.053796410560607910e-01
-3.893432393670082092e-02,1.350641241515404545e-06,1.431094646453857422e+00
-1.247870445251464844e+00,-6.514610648155212402e-01,2.326663136482238770e-01
-3.567028641700744629e-01,6.807532310485839844e-01,1.252142667770385742e+00
-2.188577175140380859e+00,-7.025713920593261719e-01,8.504372835159301758e-01
6.652973890304565430e-01,1.856018453836441040e-01,1.241842746734619141e+00
-1.256566524505615234e+00,-2.778086960315704346e-01,2.311090081930160522e-01
-2.278197288513183594e+00,-7.607852667570114136e-02,9.887487292289733887e-01
-9.821108579635620117e-01,6.333432197570800781e-01,1.126692533493041992e+00
-1.611806869506835938e+00,6.801781654357910156e-01,4.517181217670440674e-02
1.947821497917175293e+00,-3.717294931411743164e-01,6.851339340209960938e-01
-2.841885387897491455e-01,-1.784803867340087891e-01,1.462975502014160156e+00
2.175357341766357422e+00,-4.678305983543395996e-01,6.826095581054687500e-01
-2.128145694732666016e+00,-7.113958001136779785e-01,2.525598108768463135e-01
-1.946008205413818359e+00,5.723932385444641113e-01,4.876216053962707520e-01
1.960737228393554688e+00,-6.173796653747558594e-01,3.425073027610778809e-01
-2.308401584625244141e+00,2.269316762685775757e-01,5.028942823410034180e-01
-1.173902511596679688e+00,7.366237640380859375e-01,3.268847465515136719e-01
-2.326831340789794922e+00,-7.529502362012863159e-02,7.110812067985534668e-01
2.351366519927978516e+00,-1.164748370647430420e-01,2.290005683898925781e-01
-1.703211307525634766e+00,-1.057932257652282715e+00,2.450156211853027344e-01
-3.474152982234954834e-01,3.584599494934082031e-01,1.445310115814208984e+00
4.873937368392944336e-02,9.495830535888671875e-01,3.103756606578826904e-01
-1.387709617614746094e+00,7.205100059509277344e-01,1.158172562718391418e-01
1.126614451408386230e+00,9.849819540977478027e-01,9.391889572143554688e-01
-1.237176537513732910e+00,1.773834242158045527e-06,1.401154994964599609e+00
1.482095271348953247e-01,-5.433758497238159180e-01,1.396394252777099609e+00
1.383518934249877930e+00,-6.067626476287841797e-01,5.160880088806152344e-01
-8.429907560348510742e-01,1.668930053710937500e-06,1.459329128265380859e+00
-2.296031475067138672e+00,-3.797439038753509521e-01,7.180029153823852539e-01
1.995975255966186523e+00,3.482863903045654297e-01,2.004466056823730469e-01
-1.521158814430236816e-01,-7.065072059631347656e-01,1.391068100929260254e+00
-2.016990661621093750e+00,-1.059173226356506348e+00,3.746716082096099854e-01
8.160305619239807129e-01,1.078330039978027344e+00,3.730877637863159180e-01
-1.409811854362487793e+00,-1.029670119285583496e+00,5.148983001708984375e-02
-1.020558118820190430e+00,5.831484198570251465e-01,2.235236167907714844e-01
-1.782884597778320312e+00,4.211694896221160889e-01,1.522958278656005859e-01
2.324356079101562500e+00,3.017276227474212646e-01,6.598095297813415527e-01
-2.164380073547363281e+00,2.338978201150894165e-01,1.069767713546752930e+00
-2.284404277801513672e+00,2.280923724174499512e-01,7.182824611663818359e-01
1.998133063316345215e+00,1.171601772308349609e+00,3.160583376884460449e-01
-1.441193699836730957e+00,-8.198161125183105469e-01,2.386145591735839844e-01
2.099160671234130859e+00,6.351728439331054688e-01,7.518633604049682617e-01
4.376548528671264648e-01,9.738183021545410156e-01,9.192547202110290527e-01
-5.380066633224487305e-01,-9.442214965820312500e-01,1.063322067260742188e+00
-2.197855472564697266e+00,2.322788238525390625e-01,2.466216981410980225e-01
-2.141480445861816406e+00,-8.701464533805847168e-01,4.731954932212829590e-01
1.215390205383300781e+00,9.400945901870727539e-01,1.705221533775329590e-01
-3.438839614391326904e-01,9.078426361083984375e-01,3.808410465717315674e-01
-1.775964498519897461e+00,-5.848854780197143555e-01,2.450852394104003906e-01
-1.684790730476379395e+00,-1.166804656386375427e-01,2.417278289794921875e-01
-1.867188215255737305e+00,-8.204637169837951660e-01,2.443351745605468750e-01
1.401542305946350098e+00,-1.348094940185546875e-01,2.038763314485549927e-01
-1.769896030426025391e+00,1.166985481977462769e-01,2.428746223449707031e-01
-2.227504253387451172e+00,-5.405120849609375000e-01,1.005622267723083496e+00
2.791632115840911865e-01,7.395104765892028809e-01,1.294134616851806641e+00
-2.277396678924560547e+00,-5.348619222640991211e-01,6.156739592552185059e-01
-2.127444744110107422e+00,4.523935317993164062e-01,2.767028808593750000e-01
-1.152272939682006836e+00,-8.520255088806152344e-01,1.309636354446411133e+00
-1.116310238838195801e+00,-1.043901443481445312e+00,1.059854269027709961e+00
-2.243972301483154297e+00,7.663013041019439697e-02,1.051067471504211426e+00
1.738772273063659668e+00,-1.160401329398155212e-01,2.019963264465332031e-01
1.828868031501770020e+00,5.813113451004028320e-01,2.008066177368164062e-01
1.241989970207214355e+00,-3.873532712459564209e-01,9.975695610046386719e-01
2.214271545410156250e+00,-4.640571475028991699e-01,2.466430664062500000e-01
-1.266263961791992188e+00,-9.238304942846298218e-02,2.304791212081909180e-01
1.654580354690551758e+00,1.160441339015960693e-01,2.022299766540527344e-01
7.401224374771118164e-01,4.179954528808593750e-02,2.060235589742660522e-01
4.993028566241264343e-02,8.019080162048339844e-01,1.155002713203430176e+00
1.572438001632690430e+00,3.483827114105224609e-01,2.024526596069335938e-01
2.184449195861816406e+00,1.296997083954920527e-06,7.572302818298339844e-01
1.086863398551940918e+00,-1.908377557992935181e-01,1.079403400421142578e+00
1.391331911087036133e+00,-1.951363682746887207e-01,9.460363388061523438e-01
1.492076635360717773e+00,5.814620852470397949e-01,2.026648521423339844e-01
1.489174485206604004e+00,-3.484396338462829590e-01,2.036037445068359375e-01
-2.274377346038818359e+00,-3.814920485019683838e-01,8.834475278854370117e-01
1.161221623420715332e+00,5.816082358360290527e-01,2.044897079467773438e-01
1.236268401145935059e+00,1.525878815300529823e-06,1.012816905975341797e+00
1.004707574844360352e+00,1.051958203315734863e+00,2.041368484497070312e-01
9.183849692344665527e-01,8.155682086944580078e-01,2.010707855224609375e-01
-1.100878000259399414e+00,-3.495870232582092285e-01,2.273101806640625000e-01
-2.159098625183105469e+00,-3.907984197139739990e-01,2.491296380758285522e-01
-2.249243259429931641e+00,3.835210800170898438e-01,6.174117922782897949e-01
9.948794245719909668e-01,3.483063280582427979e-01,2.008895874023437500e-01
2.179520130157470703e+00,9.437283277511596680e-01,3.612609803676605225e-01
-9.356936216354370117e-01,-1.163674816489219666e-01,2.222738265991210938e-01
-2.279952049255371094e+00,-2.283076941967010498e-01,4.002447426319122314e-01
2.240938663482666016e+00,-1.533987373113632202e-01,7.244329452514648438e-01
2.326243877410888672e+00,2.174377414121408947e-06,6.581736803054809570e-01
1.158377051353454590e+00,-3.483512103557586670e-01,2.017965316772460938e-01
2.263370990753173828e+00,7.697803974151611328e-01,5.676353573799133301e-01
2.053904056549072266e+00,1.594274640083312988e-01,8.091077804565429688e-01
1.310528874397277832e+00,1.936120986938476562e-01,9.933204650878906250e-01
-2.226866245269775391e+00,-6.969802975654602051e-01,6.792971491813659668e-01
-1.093235492706298828e+00,-1.167017459869384766e+00,4.110229387879371643e-02
1.960738182067871094e+00,-6.173791885375976562e-01,1.202474981546401978e-01
1.842553377151489258e+00,1.411438006471144035e-06,8.763613700866699219e-01
7.533913850784301758e-01,5.814357399940490723e-01,2.023563385009765625e-01
-3.734554946422576904e-01,-8.192967176437377930e-01,2.340402603149414062e-01
-7.760223150253295898e-01,-5.832315683364868164e-01,2.245774269104003906e-01
9.935723543167114258e-01,-1.159903854131698608e-01,1.988706588745117188e-01
-2.118601948022842407e-01,8.193889260292053223e-01,2.348375320434570312e-01
6.734466552734375000e-01,-5.822215676307678223e-01,2.120318412780761719e-01
2.345561981201171875e+00,4.513264894485473633e-01,2.918646037578582764e-01
-7.745623588562011719e-01,-3.495225906372070312e-01,2.259025573730468750e-01
-1.870377540588378906e+00,4.141057431697845459e-01,1.077501535415649414e+00
-4.530743360519409180e-01,5.841213464736938477e-01,2.356405258178710938e-01
-6.933242678642272949e-01,1.165074482560157776e-01,2.309288978576660156e-01
-4.529522657394409180e-01,-5.839642882347106934e-01,2.336974143981933594e-01
-1.169388413429260254e+00,7.607049942016601562e-01,5.376554727554321289e-01
3.007995523512363434e-02,3.497036993503570557e-01,2.291431427001953125e-01
3.512600660324096680e-01,5.825451016426086426e-01,2.160739898681640625e-01
1.676268577575683594e+00,-4.196694195270538330e-01,6.016143783926963806e-02
3.009857051074504852e-02,-3.499239981174468994e-01,2.336974143981933594e-01
2.301832199096679688e+00,6.089059114456176758e-01,6.136877536773681641e-01
4.303207397460937500e-01,1.197188347578048706e-01,2.162277102470397949e-01
1.902728229761123657e-01,-1.164434626698493958e-01,2.263827323913574219e-01
-2.239539146423339844e+00,-7.670137286186218262e-02,2.442272901535034180e-01
-2.245941162109375000e+00,-5.384241938591003418e-01,4.586833119392395020e-01
-1.899426579475402832e+00,-1.154163837432861328e+00,8.655958175659179688e-01
-1.103340983390808105e+00,-5.835443735122680664e-01,2.284960746765136719e-01
2.369001388549804688e+00,-1.492708623409271240e-01,3.924386501312255859e-01
-1.498880386352539062e-01,7.987608909606933594e-01,1.084907531738281250e+00
1.174278855323791504e+00,-5.813328623771667480e-01,1.004841327667236328e+00
-8.014755249023437500e-01,3.824233772320440039e-06,2.269992083311080933e-01
2.087408065795898438e+00,-1.583473533391952515e-01,8.036271333694458008e-01
1.029743075370788574e+00,5.776625871658325195e-01,1.042702674865722656e+00
1.769045114517211914e+00,3.944071531295776367e-01,8.881788253784179688e-01
8.699995279312133789e-01,1.373290956507844385e-06,1.173263072967529297e+00
-1.858697295188903809e+00,5.830378532409667969e-01,7.902474999427795410e-01
-2.127922058105468750e+00,-2.356617450714111328e-01,1.134665966033935547e+00
1.168645739555358887e+00,3.860271871089935303e-01,1.018045902252197266e+00
-2.239624977111816406e+00,2.302582114934921265e-01,8.880953788757324219e-01
6.810400485992431641e-01,7.580030560493469238e-01,1.151394367218017578e+00
-1.431281447410583496e+00,1.165540292859077454e-01,2.338671684265136719e-01
-2.277844429016113281e+00,-2.284097224473953247e-01,1.044666171073913574e+00
4.914795607328414917e-02,-8.989987373352050781e-01,8.591915965080261230e-01
-2.120794296264648438e+00,4.728622436523437500e-01,5.047540068626403809e-01
6.692991256713867188e-01,-6.320557594299316406e-01,1.193152189254760742e+00
-3.507507741451263428e-01,-7.861995697021484375e-01,1.303075194358825684e+00
1.109368875622749329e-01,-8.192830681800842285e-01,2.338290214538574219e-01
1.685465693473815918e+00,1.961117535829544067e-01,9.157581329345703125e-01
1.622744083404541016e+00,5.910472869873046875e-01,9.046478271484375000e-01
-2.302228927612304688e+00,7.569140940904617310e-02,4.504319727420806885e-01
1.013264179229736328e+00,1.897362470626831055e-01,1.113574504852294922e+00
-7.575321197509765625e-01,7.611556053161621094e-01,9.561663866043090820e-01
1.481438279151916504e+00,-5.922970771789550781e-01,8.917469978332519531e-01
2.382408142089843750e+00,1.488385200500488281e-01,3.913024961948394775e-01
2.351544857025146484e+00,2.999730110168457031e-01,2.389459162950515747e-01
1.962576508522033691e+00,-6.113996505737304688e-01,7.155444025993347168e-01
-2.120990276336669922e+00,4.722595214843750000e-01,8.118878006935119629e-01
-1.389921426773071289e+00,-5.490365028381347656e-01,1.337901592254638672e+00
-1.010059237480163574e+00,5.573779940605163574e-01,1.251911163330078125e+00
-1.686035275459289551e+00,3.501776754856109619e-01,2.395257949829101562e-01
-1.815828800201416016e+00,2.507568001747131348e-01,1.207350134849548340e+00
1.287283778190612793e+00,-6.944746971130371094e-01,7.612501382827758789e-01
-9.634909033775329590e-01,7.540478706359863281e-01,8.186663389205932617e-01
1.762468338012695312e+00,-5.267958641052246094e-01,8.690594434738159180e-01
1.961510658264160156e+00,9.864079356193542480e-01,2.063504010438919067e-01
1.465568542480468750e+00,3.909707665443420410e-01,9.414258003234863281e-01
4.461514055728912354e-01,-8.568263053894042969e-01,7.285752892494201660e-01
1.535554647445678711e+00,1.411438006471144035e-06,9.344115257263183594e-01
-1.520500183105468750e+00,-1.828126311302185059e-01,1.328364372253417969e+00
-1.381061196327209473e+00,1.820985227823257446e-01,1.350546836853027344e+00
-9.104099869728088379e-01,-1.098146438598632812e+00,8.409495353698730469e-01
1.327237010002136230e+00,5.874247550964355469e-01,9.420137405395507812e-01
1.407970428466796875e+00,7.878303527832031250e-01,9.212722778320312500e-01
1.498970508575439453e+00,-7.004861831665039062e-01,5.484510660171508789e-01
-1.611809253692626953e+00,6.801776885986328125e-01,6.252731084823608398e-01
1.617810964584350586e+00,-5.667349696159362793e-01,2.027463912963867188e-02
1.196498394012451172e+00,1.139172077178955078e+00,8.423656821250915527e-01
1.712615966796875000e+00,7.950147986412048340e-01,8.658304214477539062e-01
9.831497073173522949e-01,9.816434383392333984e-01,9.597363471984863281e-01
1.498970270156860352e+00,-7.004861831665039062e-01,1.884143054485321045e-01
-1.459399610757827759e-01,-9.620547294616699219e-01,2.427468746900558472e-01
-1.387709021568298340e+00,7.205104827880859375e-01,4.729788005352020264e-01
-1.661853790283203125e+00,4.839468002319335938e-01,1.099479079246520996e+00
1.285070419311523438e+00,-7.053217887878417969e-01,4.009796082973480225e-01
-1.451927125453948975e-01,-9.930214881896972656e-01,6.433265805244445801e-01
6.688702106475830078e-01,3.729986250400543213e-01,1.219968795776367188e+00
3.516262769699096680e-01,-5.831523537635803223e-01,2.235960960388183594e-01
-7.236166000366210938e-01,-1.040463447570800781e+00,9.133596420288085938e-01
1.067624211311340332e+00,-7.490921020507812500e-01,6.789460778236389160e-01
5.690850615501403809e-01,-7.858669757843017578e-01,9.364271163940429688e-01
-3.450909852981567383e-01,8.864607810974121094e-01,7.243072390556335449e-01
2.431167215108871460e-01,9.671301841735839844e-01,7.821282744407653809e-01
1.848280191421508789e+00,-3.955801427364349365e-01,8.700628280639648438e-01
-1.850083351135253906e+00,5.832572579383850098e-01,2.083078026771545410e-01
6.300449967384338379e-01,1.005517482757568359e+00,9.170407056808471680e-01
-1.896250128746032715e+00,-1.163938522338867188e+00,7.258599400520324707e-01
-1.465437263250350952e-01,9.370489120483398438e-01,5.814223885536193848e-01
2.024817466735839844e+00,-4.824280440807342529e-01,1.454415917396545410e-01
5.385699272155761719e-01,5.584688186645507812e-01,1.240681171417236328e+00
8.588852286338806152e-01,-7.673530578613281250e-01,2.528686523437500000e-01
8.562301993370056152e-01,-7.866206169128417969e-01,5.312319993972778320e-01
3.377735912799835205e-01,-5.466668009757995605e-01,1.362443923950195312e+00
4.656709134578704834e-01,-3.661217689514160156e-01,1.326602935791015625e+00
-7.523838877677917480e-01,8.035593032836914062e-01,2.508752346038818359e-01
-1.225095868110656738e+00,-9.418411254882812500e-01,1.447180211544036865e-01
4.650019705295562744e-01,1.354217488369613420e-06,1.323148250579833984e+00
-1.902419686317443848e+00,-1.144952297210693359e+00,3.842428624629974365e-01
1.994260311126708984e+00,4.853910803794860840e-01,2.021334767341613770e-01
-8.368703126907348633e-01,-9.532791972160339355e-01,1.134295940399169922e+00
1.565032958984375000e+00,1.251928806304931641e+00,1.733398437500000000e-01
4.032017290592193604e-01,3.669369518756866455e-01,1.313953399658203125e+00
-5.445765852928161621e-01,8.702368736267089844e-01,3.840896487236022949e-01
-1.675451159477233887e+00,-1.215669631958007812e+00,5.773354768753051758e-01
4.451527297496795654e-01,-8.705811500549316406e-01,3.835690319538116455e-01
-5.291478633880615234e-01,-1.043931961059570312e+00,7.073042392730712891e-01
-1.095613360404968262e+00,-9.431535005569458008e-01,1.196567058563232422e+00
2.454153597354888916e-01,-9.100489616394042969e-01,3.804064989089965820e-01
-1.367989659309387207e+00,-9.433502554893493652e-01,1.195365905761718750e+00
-5.495367646217346191e-01,8.144040107727050781e-01,8.745077252388000488e-01
4.862409457564353943e-02,-9.640173912048339844e-01,5.112503170967102051e-01
8.225840330123901367e-01,-7.661370038986206055e-01,1.088645935058593750e+00
-1.552565574645996094e+00,5.653745532035827637e-01,3.381729125976562500e-03
4.864393174648284912e-02,9.615612030029296875e-01,6.465278267860412598e-01
2.386807441711425781e+00,2.250671286674332805e-06,2.879275381565093994e-01
2.480819225311279297e-01,-8.438930511474609375e-01,9.373669028282165527e-01
6.239870935678482056e-02,7.460741996765136719e-01,2.253942787647247314e-01
1.759450197219848633e+00,1.272620201110839844e+00,5.744062662124633789e-01
2.764372229576110840e-01,5.498816370964050293e-01,1.329246520996093750e+00
-5.302383899688720703e-01,-1.031659126281738281e+00,2.408233582973480225e-01
2.428733259439468384e-01,9.731593132019042969e-01,2.424261420965194702e-01
4.466322660446166992e-01,8.502054214477539062e-01,1.148983716964721680e+00
-1.105784893035888672e+00,1.800717860460281372e-01,1.413453102111816406e+00
-1.483215332031250000e+00,-1.184389114379882812e+00,6.425809860229492188e-01
2.420871555805206299e-01,9.926834106445312500e-01,5.092187523841857910e-01
-1.038566470146179199e+00,-1.795544922351837158e-01,1.429501056671142578e+00
2.014940261840820312e+00,2.403259259153855965e-06,2.003585696220397949e-01
4.350124895572662354e-01,1.010210514068603516e+00,3.748312294483184814e-01
3.367834389209747314e-01,1.819407939910888672e-01,1.355690002441406250e+00
6.273373365402221680e-01,1.031278610229492188e+00,2.412151992321014404e-01
-1.281545996665954590e+00,-1.200908184051513672e+00,7.025112509727478027e-01
-3.372932672500610352e-01,-1.024631500244140625e+00,3.735403418540954590e-01
-2.244192123413085938e+00,-3.839288353919982910e-01,3.509118556976318359e-01
-7.166459560394287109e-01,-1.097872257232666016e+00,6.365539431571960449e-01
1.003622531890869141e+00,1.123835086822509766e+00,5.049046277999877930e-01
1.187356114387512207e+00,1.183956623077392578e+00,5.690824985504150391e-01
2.237596035003662109e+00,-4.617954194545745850e-01,5.659756064414978027e-01
-7.181344628334045410e-01,-1.085613727569580078e+00,3.718515038490295410e-01
1.375857234001159668e+00,1.217881679534912109e+00,4.371291995048522949e-01
-1.470335960388183594e+00,-1.234886169433593750e+00,3.713418543338775635e-01
6.489585041999816895e-01,-8.255829811096191406e-01,4.566097855567932129e-01
-1.281545519828796387e+00,-1.200908184051513672e+00,4.367947280406951904e-01
1.230734586715698242e+00,1.033609390258789062e+00,7.847404479980468750e-02
1.187356114387512207e+00,1.183956623077392578e+00,3.044967651367187500e-01
-9.109742045402526855e-01,-3.588084578514099121e-01,1.439898967742919922e+00
-1.093235731124877930e+00,-1.167017459869384766e+00,3.703985512256622314e-01
-1.281545996665954590e+00,-1.200908184051513672e+00,1.728070080280303955e-01
-1.047126412391662598e+00,-5.423497557640075684e-01,1.406900882720947266e+00
1.375856161117553711e+00,1.217881679534912109e+00,1.729394495487213135e-01
1.243248581886291504e+00,-5.814740061759948730e-01,2.028183937072753906e-01
2.170163154602050781e+00,-3.484588861465454102e-01,2.040295600891113281e-01
3.129998743534088135e-01,-7.670221328735351562e-01,2.261801064014434814e-01
-9.584874510765075684e-01,-8.938584327697753906e-01,1.432064771652221680e-01
-7.867571115493774414e-01,-5.392094850540161133e-01,1.439300060272216797e+00
-5.366856455802917480e-01,5.402953028678894043e-01,1.428141117095947266e+00
-1.194332599639892578e+00,-7.331737875938415527e-01,1.342993736267089844e+00
3.355815112590789795e-01,-1.812913864850997925e-01,1.375836372375488281e+00
-5.536521673202514648e-01,-7.680993080139160156e-01,1.382475733757019043e+00
-8.548614382743835449e-01,1.164275556802749634e-01,2.260107994079589844e-01
2.089474201202392578e+00,5.820868015289306641e-01,2.104101181030273438e-01
2.295986652374267578e+00,4.561335742473602295e-01,6.655424237251281738e-01
9.332183599472045898e-01,2.279281616210937500e-01,1.989086866378784180e-01
1.970682621002197266e+00,8.173474073410034180e-01,2.047894299030303955e-01
6.005273461341857910e-01,-5.558875799179077148e-01,1.267297267913818359e+00
-2.898509204387664795e-01,-7.262552380561828613e-01,1.396369934082031250e+00
-7.215224504470825195e-01,3.586898446083068848e-01,1.441672325134277344e+00
-3.997055068612098694e-02,-7.417679429054260254e-01,1.276711463928222656e+00
-7.176964282989501953e-01,-1.784892231225967407e-01,1.462546348571777344e+00
-8.439356088638305664e-01,1.787028014659881592e-01,1.455942630767822266e+00
2.099992334842681885e-01,-3.614224791526794434e-01,1.399492263793945312e+00
-1.943588852882385254e+00,3.504448235034942627e-01,2.450895309448242188e-01
8.511520177125930786e-02,-1.799439638853073120e-01,1.418117046356201172e+00
2.342239394783973694e-02,5.439295172691345215e-01,1.390720844268798828e+00
2.220132827758789062e+00,3.084534406661987305e-01,7.287345528602600098e-01
-5.577664971351623535e-01,7.217731475830078125e-01,1.102380514144897461e+00
-5.942478775978088379e-01,-3.574337959289550781e-01,1.461302757263183594e+00
-4.726481437683105469e-01,-5.385898351669311523e-01,1.445728302001953125e+00
-1.352598905563354492e+00,-5.840815901756286621e-01,2.351284027099609375e-01
3.508416712284088135e-01,-3.493505120277404785e-01,2.221136093139648438e-01
-2.255810499191284180e-01,5.416997671127319336e-01,1.413641929626464844e+00
-3.875732421875000000e-02,3.603777587413787842e-01,1.415766239166259766e+00
-3.864608705043792725e-02,-3.593483567237854004e-01,1.431872844696044922e+00
-5.307554602622985840e-01,1.392364424646075349e-06,1.463971138000488281e+00
-5.932770967483520508e-01,1.785178482532501221e-01,1.461732864379882812e+00
-1.627119481563568115e-01,-5.397132635116577148e-01,1.434110641479492188e+00
