-6.078355312347412109e-01,5.774711966514587402e-01,1.531090736389160156e-01
2.416239261627197266e+00,-7.449368834495544434e-01,2.898443639278411865e-01
-2.270101070404052734e+00,-1.005372762680053711e+00,3.556405603885650635e-01
6.472495794296264648e-01,-5.409484505653381348e-01,1.421375751495361328e+00
1.415409207344055176e+00,1.051661014556884766e+00,-9.317260235548019409e-02
-2.375011920928955078e+00,8.283226490020751953e-01,1.888442933559417725e-01
-3.376015126705169678e-01,-1.019171237945556641e+00,1.743008345365524292e-01
1.908167481422424316e+00,3.778351545333862305e-01,1.144989013671875000e+00
4.472494423389434814e-01,8.417201042175292969e-01,1.009532809257507324e+00
-1.543042540550231934e+00,1.680850914453912992e-06,9.750342369079589844e-01
1.031140685081481934e+00,-9.626979827880859375e-01,1.782110482454299927e-01
-4.184267222881317139e-01,1.496672553003008943e-06,1.311143875122070312e+00
6.671044826507568359e-01,1.154680475592613220e-01,1.665234565734863281e-01
1.655211329460144043e+00,-7.683670520782470703e-01,1.071441173553466797e+00
2.414745807647705078e+00,7.451796531677246094e-01,2.899386584758758545e-01
-1.129739165306091309e+00,-9.722466468811035156e-01,8.636294603347778320e-01
-1.330344319343566895e+00,9.800887107849121094e-01,7.986306548118591309e-01
1.652469396591186523e+00,-1.158961281180381775e-01,1.930437088012695312e-01
-2.431110858917236328e+00,-7.361476868391036987e-02,5.919280648231506348e-01
-1.008637070655822754e+00,-3.460410535335540771e-01,1.539850234985351562e-01
-1.584468603134155273e+00,3.464347720146179199e-01,1.621608734130859375e-01
-1.496300399303436279e-01,-8.094344139099121094e-01,1.083040714263916016e+00
-5.058788657188415527e-01,9.581021666526794434e-01,1.104616165161132812e+00
2.417062520980834961e-01,1.002120494842529297e+00,1.746618598699569702e-01
1.027341127395629883e+00,3.605812788009643555e-01,1.412352561950683594e+00
1.429063439369201660e+00,9.942750930786132812e-01,7.996992468833923340e-01
-1.516843438148498535e+00,-1.052533626556396484e+00,-2.550689689815044403e-02
-1.289111226797103882e-01,-1.153158247470855713e-01,1.577525138854980469e-01
2.481011390686035156e+00,2.152919705622480251e-06,6.875311136245727539e-01
1.779003620147705078e+00,-1.015364766120910645e+00,-4.648208618164062500e-02
4.384671747684478760e-01,-9.626321792602539062e-01,6.480950713157653809e-01
-1.836313605308532715e+00,-3.464129269123077393e-01,1.616978645324707031e-01
-1.730801343917846680e+00,1.024583816528320312e+00,-9.479705244302749634e-02
2.679769694805145264e-01,1.779303699731826782e-01,1.480161190032958984e+00
-2.113420009613037109e+00,5.534325242042541504e-01,8.040654063224792480e-01
-9.719476103782653809e-01,3.828207254409790039e-01,1.067723751068115234e+00
1.444381356239318848e+00,-1.838074475526809692e-01,1.297504901885986328e+00
-1.120182752609252930e+00,1.023242473602294922e+00,1.769335865974426270e-01
-9.001359939575195312e-01,-3.810068070888519287e-01,1.095929145812988281e+00
8.304442167282104492e-01,9.737286567687988281e-01,4.474012553691864014e-01
1.742854237556457520e+00,5.809570550918579102e-01,1.964221000671386719e-01
1.038998365402221680e+00,-9.166955947875976562e-01,8.690771460533142090e-01
-1.722193837165832520e+00,-1.054301261901855469e+00,6.627444028854370117e-01
2.271393775939941406e+00,-6.128494739532470703e-01,8.885090351104736328e-01
2.094149827957153320e+00,8.915286064147949219e-01,8.364965915679931641e-01
3.486700356006622314e-01,-5.782490968704223633e-01,1.628603935241699219e-01
1.072205185890197754e+00,-3.469423651695251465e-01,1.726341247558593750e-01
-2.111225605010986328e+00,-5.536813139915466309e-01,8.044262528419494629e-01
-3.394318222999572754e-01,9.867196083068847656e-01,5.101218819618225098e-01
-9.211800098419189453e-01,-1.028333663940429688e+00,3.099493384361267090e-01
1.626690626144409180e+00,-1.025479793548583984e+00,5.244492888450622559e-01
2.315963618457317352e-02,-3.588829338550567627e-01,1.439005374908447266e+00
1.156609177589416504e+00,5.792982578277587891e-01,1.758718490600585938e-01
-1.638635247945785522e-01,5.435327291488647461e-01,1.394694805145263672e+00
-1.558106660842895508e+00,-5.871739983558654785e-01,9.446029663085937500e-01
-1.942120194435119629e+00,1.022765159606933594e+00,5.323110818862915039e-01
-5.342126488685607910e-01,-9.869241714477539062e-01,7.140743732452392578e-01
1.979016423225402832e+00,-1.888927370309829712e-01,1.139734745025634766e+00
2.177491426467895508e+00,1.165861114859580994e-01,2.358865737915039062e-01
-2.442410469055175781e+00,-5.161727666854858398e-01,1.843487471342086792e-01
1.887533515691757202e-01,3.464148640632629395e-01,1.610140800476074219e-01
1.062933206558227539e+00,7.765679359436035156e-01,1.104235529899597168e+00
1.826242208480834961e+00,1.055196762084960938e+00,3.881521522998809814e-01
1.914637088775634766e+00,-5.814147591590881348e-01,2.020926475524902344e-01
-2.475891113281250000e+00,2.188301831483840942e-01,1.820446699857711792e-01
2.340780258178710938e+00,4.517900049686431885e-01,8.722814917564392090e-01
-1.633695602416992188e+00,5.884490609169006348e-01,9.314432144165039062e-01
-1.089774608612060547e+00,3.460606634616851807e-01,1.544175148010253906e-01
2.102422714233398438e+00,-9.588209390640258789e-01,5.903207063674926758e-01
3.543255627155303955e-01,-7.636849880218505859e-01,1.107619762420654297e+00
-5.278546214103698730e-01,-5.775200128555297852e-01,1.537957191467285156e-01
5.831831097602844238e-01,5.398318171501159668e-01,1.432873249053955078e+00
1.461791992187500000e+00,5.572940111160278320e-01,1.252733707427978516e+00
-1.965858936309814453e+00,-9.015996456146240234e-01,-7.793151587247848511e-02
9.551829099655151367e-01,-1.788603961467742920e-01,1.450991153717041016e+00
-1.421581029891967773e+00,-5.782151222229003906e-01,1.624398231506347656e-01
1.087270736694335938e+00,-6.340541839599609375e-01,1.277628421783447266e+00
4.873124510049819946e-02,9.507207870483398438e-01,7.836453318595886230e-01
1.235190153121948242e+00,1.156620755791664124e-01,1.784868240356445312e-01
-1.417460441589355469e+00,-8.994610607624053955e-02,1.624560505151748657e-01
-6.857853531837463379e-01,1.152405440807342529e-01,1.523056030273437500e-01
-6.341779232025146484e-01,-7.613168954849243164e-01,1.125852108001708984e+00
6.692034602165222168e-01,5.785529017448425293e-01,1.665892601013183594e-01
1.353919029235839844e+00,-7.815370559692382812e-01,-9.938621520996093750e-02
2.485451698303222656e+00,-2.913350164890289307e-01,3.327212333679199219e-01
-2.095001220703125000e+00,7.903029024600982666e-02,8.579919338226318359e-01
-9.257849454879760742e-01,9.984803199768066406e-01,5.821686983108520508e-01
-1.523516654968261719e+00,1.026368141174316406e+00,3.847729265689849854e-01
4.847700893878936768e-02,-9.822816848754882812e-01,4.425982534885406494e-01
-5.777478218078613281e-01,5.184582471847534180e-01,1.200630426406860352e+00
-1.949557304382324219e+00,5.775304436683654785e-01,1.615100055932998657e-01
-1.321688055992126465e+00,-1.019258022308349609e+00,4.504772722721099854e-01
4.362759292125701904e-01,-9.927945137023925781e-01,1.752517670392990112e-01
-2.401882648468017578e+00,5.207628607749938965e-01,4.954461455345153809e-01
-1.297341883182525635e-01,8.106734156608581543e-01,1.578235626220703125e-01
1.214717030525207520e+00,1.049933433532714844e+00,3.115136623382568359e-01
4.379413425922393799e-01,9.698719978332519531e-01,5.796287655830383301e-01
-1.109449267387390137e+00,1.587867700436618179e-06,1.046261787414550781e+00
-1.919185638427734375e+00,1.153890714049339294e-01,1.615562438964843750e-01
4.522160291671752930e-01,-1.778638809919357300e-01,1.482060432434082031e+00
-9.890576004981994629e-01,7.775108814239501953e-01,1.000913143157958984e+00
-1.457229614257812500e+00,7.750821113586425781e-01,5.478729307651519775e-02
-1.293264776468276978e-01,-5.778331756591796875e-01,1.577091217041015625e-01
7.532567977905273438e-01,-7.639916539192199707e-01,1.105226993560791016e+00
-2.084994465112686157e-01,3.461960554122924805e-01,1.570053100585937500e-01
7.497289776802062988e-01,-5.786092281341552734e-01,1.673450469970703125e-01
2.680352628231048584e-01,-1.154028400778770447e-01,1.619291305541992188e-01
1.278970837593078613e+00,-7.351961135864257812e-01,6.129925251007080078e-01
-7.266625165939331055e-01,1.015393257141113281e+00,2.422988861799240112e-01
8.985732495784759521e-02,7.579139471054077148e-01,1.152135848999023438e+00
8.328707218170166016e-01,-9.561305046081542969e-01,5.167394876480102539e-01
1.686763525009155273e+00,8.048367500305175781e-01,1.049784541130065918e+00
1.798099517822265625e+00,1.018399715423583984e+00,-2.202758751809597015e-02
-3.575724661350250244e-01,-5.529338121414184570e-01,1.297784328460693359e+00
2.485861301422119141e+00,2.913052439689636230e-01,4.336688220500946045e-01
2.262652397155761719e+00,1.526987105607986450e-01,1.102572917938232422e+00
1.595481038093566895e+00,1.856416463851928711e-01,1.240587711334228516e+00
7.006675601005554199e-01,1.781251132488250732e-01,1.473898887634277344e+00
1.421217441558837891e+00,-1.027247905731201172e+00,1.786413490772247314e-01
1.488866567611694336e+00,-5.802110433578491211e-01,1.871690750122070312e-01
-2.066688060760498047e+00,8.835430741310119629e-01,-2.082733064889907837e-02
-7.440590858459472656e-01,1.007965728640556335e-01,1.165897607803344727e+00
-1.001951545476913452e-01,1.792371124029159546e-01,1.440265655517578125e+00
-2.378582954406738281e+00,-5.234016180038452148e-01,5.501515269279479980e-01
2.091865539550781250e-01,5.395684242248535156e-01,1.435666561126708984e+00
-1.193462014198303223e+00,-5.822391510009765625e-01,9.955191612243652344e-01
-2.281887531280517578e+00,8.450013399124145508e-01,6.209062337875366211e-01
-1.328782677650451660e+00,3.872540891170501709e-01,9.990477561950683594e-01
8.368405699729919434e-01,9.273123741149902344e-01,8.632589578628540039e-01
1.995887279510498047e+00,-5.707168579101562500e-01,1.114316463470458984e+00
-1.931287765502929688e+00,-1.056100368499755859e+00,2.511904835700988770e-01
2.093296527862548828e+00,5.831515192985534668e-01,2.236022949218750000e-01
-2.248707771301269531e+00,-8.509421348571777344e-01,6.797398328781127930e-01
2.447806835174560547e+00,-4.414119720458984375e-01,6.440624594688415527e-01
-1.742803931236267090e+00,9.831471443176269531e-01,8.114575147628784180e-01
-1.724272370338439941e+00,-8.024625778198242188e-01,1.439065486192703247e-01
4.873463511466979980e-02,-9.502944946289062500e-01,7.837005257606506348e-01
1.485813260078430176e+00,3.476530313491821289e-01,1.873416900634765625e-01
1.274484634399414062e+00,7.571716308593750000e-01,6.108422875404357910e-01
1.461520552635192871e+00,-5.571910738945007324e-01,1.253800392150878906e+00
2.201780319213867188e+00,9.393703937530517578e-01,4.687357842922210693e-01
-5.259671211242675781e-01,-1.079735279083251953e+00,1.039527893066406250e+00
1.435548424720764160e+00,-9.670224189758300781e-01,8.033282160758972168e-01
1.852509260177612305e+00,-9.696874618530273438e-01,8.171920776367187500e-01
6.312126517295837402e-01,9.944076538085937500e-01,1.757070869207382202e-01
-1.177604436874389648e+00,-8.105384707450866699e-01,1.566553115844726562e-01
2.065170764923095703e+00,-9.760556221008300781e-01,2.559460401535034180e-01
-7.346608042716979980e-01,9.495210647583007812e-01,8.583074808120727539e-01
1.218992948532104492e+00,-1.028988838195800781e+00,4.482067823410034180e-01
9.096050858497619629e-01,3.467867970466613770e-01,1.694536209106445312e-01
2.326167106628417969e+00,-1.506515145301818848e-01,9.790847301483154297e-01
1.098052933812141418e-01,-8.109273910522460938e-01,1.600542068481445312e-01
9.143746495246887207e-01,8.120062947273254395e-01,1.696224212646484375e-01
4.847489669919013977e-02,9.825434684753417969e-01,4.425791800022125244e-01
-2.369430512189865112e-01,7.577220797538757324e-01,1.153599262237548828e+00
-2.362587451934814453e+00,2.243106365203857422e-01,7.063741683959960938e-01
2.179674625396728516e+00,-3.499857485294342041e-01,2.356057167053222656e-01
-1.451132655143737793e+00,-1.000684738159179688e+00,8.425760269165039062e-01
-2.074552059173583984e+00,-2.382427901029586792e-01,8.624636530876159668e-01
-4.466227591037750244e-01,-1.152809187769889832e-01,1.546306610107421875e-01
2.413656234741210938e+00,5.944126248359680176e-01,5.990810990333557129e-01
1.552082777023315430e+00,8.009808063507080078e-01,7.231616973876953125e-02
-2.480331420898437500e+00,-2.186153680086135864e-01,2.824203372001647949e-01
1.743732690811157227e+00,1.010246157646179199e+00,7.837328910827636719e-01
2.151182413101196289e+00,5.728956460952758789e-01,1.091835975646972656e+00
1.299474000930786133e+00,1.822531968355178833e-01,1.345730304718017578e+00
7.504171729087829590e-01,7.611115574836730957e-01,1.127449989318847656e+00
3.345255851745605469e-01,-5.414103865623474121e-01,1.416653633117675781e+00
-7.707000374794006348e-01,-8.100821375846862793e-01,1.526403427124023438e-01
1.297325968742370605e+00,-7.646582722663879395e-01,1.100083351135253906e+00
-9.172105193138122559e-01,-7.748564481735229492e-01,1.021380901336669922e+00
2.327668666839599609e+00,-7.593311071395874023e-01,6.131916642189025879e-01
-9.235842823982238770e-01,-1.012737751007080078e+00,6.486099362373352051e-01
-3.418824374675750732e-01,9.433002471923828125e-01,8.542832732200622559e-01
-6.216278076171875000e-01,-3.739026188850402832e-01,1.206108093261718750e+00
5.125749483704566956e-02,-6.371245384216308594e-01,1.332261323928833008e+00
-2.158046007156372070e+00,1.020906925201416016e+00,3.260735869407653809e-01
-2.446953773498535156e+00,5.156583189964294434e-01,1.841650307178497314e-01
1.752040028572082520e+00,-3.749823570251464844e-01,1.189250469207763672e+00
1.995921850204467773e+00,-1.161331608891487122e-01,2.077612876892089844e-01
1.947129249572753906e+00,3.260705173015594482e-01,2.035064697265625000e-01
2.506341457366943359e+00,2.133846237484249286e-06,3.806024193763732910e-01
6.391002535820007324e-01,-9.193758964538574219e-01,8.610115051269531250e-01
-1.325022220611572266e+00,-1.931819468736648560e-01,1.006693840026855469e+00
-3.379585146903991699e-01,1.012848854064941406e+00,1.744851619005203247e-01
1.164790749549865723e+00,-3.632761240005493164e-01,1.370671749114990234e+00
1.415408253669738770e+00,1.051661014556884766e+00,5.178771615028381348e-01
1.168654441833496094e+00,9.251462221145629883e-01,5.693725496530532837e-02
1.028568625450134277e+00,9.777731895446777344e-01,6.541082859039306641e-01
8.819641470909118652e-01,5.998682975769042969e-01,1.352681875228881836e+00
-1.256345510482788086e+00,5.780130028724670410e-01,1.599478721618652344e-01
-9.325887560844421387e-01,8.101784586906433105e-01,1.534905433654785156e-01
9.086465239524841309e-01,-1.155145168304443359e-01,1.693582534790039062e-01
5.876156687736511230e-01,-3.466039299964904785e-01,1.656298637390136719e-01
-3.390697538852691650e-01,-9.931612014770507812e-01,5.095754861831665039e-01
3.486758470535278320e-01,5.782588720321655273e-01,1.629815101623535156e-01
-8.462285995483398438e-01,-1.152519509196281433e-01,1.530394554138183594e-01
2.984619140625000000e-02,5.779613852500915527e-01,1.593813896179199219e-01
5.076037645339965820e-01,3.465701341629028320e-01,1.648364067077636719e-01
-6.864959597587585449e-01,-3.459582924842834473e-01,1.522593498229980469e-01
1.092385873198509216e-01,-3.463483452796936035e-01,1.600875854492187500e-01
-2.879638671875000000e-01,-3.461511135101318359e-01,1.561675071716308594e-01
-2.148643970489501953e+00,-8.688633441925048828e-01,1.434057652950286865e-01
2.975952066481113434e-02,1.153759062290191650e-01,1.593413352966308594e-01
-2.252330034971237183e-01,-1.805372387170791626e-01,1.399608135223388672e+00
-2.067517280578613281e+00,-1.048433065414428711e+00,5.398959517478942871e-01
-7.035654783248901367e-01,7.644849419593811035e-01,1.101406574249267578e+00
-1.730801820755004883e+00,1.024583816528320312e+00,1.810131818056106567e-01
1.899945259094238281e+00,8.288432955741882324e-01,1.503430157899856567e-01
2.108481645584106445e+00,-8.497242927551269531e-01,8.422210216522216797e-01
1.512401342391967773e+00,-1.002115726470947266e+00,-1.372146606445312500e-01
-1.516843438148498535e+00,-1.052533626556396484e+00,2.466912716627120972e-01
1.619082331657409668e+00,1.053413867950439453e+00,1.793264746665954590e-01
-3.545376360416412354e-01,3.658086359500885010e-01,1.331433773040771484e+00
-3.440253436565399170e-01,-9.053692817687988281e-01,9.287304282188415527e-01
1.673654437065124512e+00,-7.802329063415527344e-01,-1.108717918395996094e-01
-1.724269986152648926e+00,-8.024625778198242188e-01,-1.217639148235321045e-01
-1.252440214157104492e+00,1.153628677129745483e-01,1.599521636962890625e-01
-1.274558305740356445e+00,7.824225425720214844e-01,9.630031585693359375e-01
2.234120845794677734e+00,-3.836715519428253174e-01,1.054576396942138672e+00
1.930804133415222168e+00,7.148275375366210938e-01,1.075024247169494629e+00
-1.706703662872314453e+00,7.729350924491882324e-01,-2.223053015768527985e-02
1.218406677246093750e+00,-1.023256421089172363e+00,7.573127746582031250e-03
-1.418914794921875000e+00,-8.163558244705200195e-01,5.858245864510536194e-02
2.459997177124023438e+00,2.929743826389312744e-01,6.921654939651489258e-01
2.053404092788696289e+00,1.010377883911132812e+00,2.544879019260406494e-01
1.893023967742919922e+00,-8.299680948257446289e-01,9.317932277917861938e-02
1.359068870544433594e+00,7.604674100875854492e-01,1.132401466369628906e+00
-1.948656082153320312e+00,-5.774779915809631348e-01,1.614935249090194702e-01
-1.347115039825439453e+00,-7.835710644721984863e-01,9.541563987731933594e-01
8.455901592969894409e-02,1.322925072599900886e-06,1.460113525390625000e+00
1.908537983894348145e+00,-7.873048782348632812e-01,9.888125658035278320e-01
-1.479408383369445801e+00,1.020943403244018555e+00,-8.286476135253906250e-03
-2.072865009307861328e+00,8.824364542961120605e-01,7.615557909011840820e-01
-2.326435565948486328e+00,-2.260593324899673462e-01,7.650225758552551270e-01
2.271601438522338867e+00,3.506170511245727539e-01,2.486472129821777344e-01
1.244258999824523926e+00,9.052233695983886719e-01,9.464028477668762207e-01
-1.584466338157653809e+00,-3.464339673519134521e-01,1.621508598327636719e-01
1.400783658027648926e+00,-1.157534644007682800e-01,1.842212677001953125e-01
-2.490778446197509766e+00,2.181100845336914062e-01,4.328027367591857910e-01
2.269563198089599609e+00,-1.168082952499389648e-01,2.496848106384277344e-01
1.824610233306884766e+00,-3.482155501842498779e-01,1.990075111389160156e-01
1.239035367965698242e+00,-5.795037150382995605e-01,1.784114837646484375e-01
1.821537613868713379e+00,1.385211930937657598e-06,1.180721759796142578e+00
4.600346982479095459e-01,6.656646728515625000e-01,1.256438255310058594e+00
1.835924386978149414e+00,-1.023679256439208984e+00,3.902099430561065674e-01
7.006683349609375000e-01,-1.781252175569534302e-01,1.473895549774169922e+00
1.173713803291320801e+00,5.486118793487548828e-01,1.342283248901367188e+00
-1.722190976142883301e+00,-1.054301261901855469e+00,3.863485753536224365e-01
8.330804109573364258e-01,-8.118467330932617188e-01,1.682162284851074219e-01
-1.671446323394775391e+00,5.781785249710083008e-01,1.620092391967773438e-01
2.288716793060302734e+00,7.656613588333129883e-01,7.261916995048522949e-01
-1.336257576942443848e+00,-3.464546799659729004e-01,1.625967025756835938e-01
9.019315838813781738e-01,-5.418297052383422852e-01,1.412250041961669922e+00
1.737345814704895020e+00,1.159448772668838501e-01,1.960887908935546875e-01
4.299462735652923584e-01,8.113664984703063965e-01,1.639933586120605469e-01
-1.750097632408142090e+00,-1.153932139277458191e-01,1.618566513061523438e-01
-2.387240886688232422e+00,-8.261314034461975098e-01,1.883450299501419067e-01
1.569735407829284668e+00,-3.477839231491088867e-01,1.900734901428222656e-01
-1.092043161392211914e+00,-5.775691270828247070e-01,1.544761657714843750e-01
1.405233740806579590e+00,5.800012946128845215e-01,1.845874786376953125e-01
-1.722192525863647461e+00,-1.054301261901855469e+00,1.114788800477981567e-01
-7.330140471458435059e-01,-9.630675315856933594e-01,8.563856482505798340e-01
1.319151282310485840e+00,-3.473600447177886963e-01,1.812901496887207031e-01
-5.295149087905883789e-01,8.102246522903442383e-01,1.538963317871093750e-01
-1.836316227912902832e+00,3.464136421680450439e-01,1.617088317871093750e-01
-2.095779329538345337e-01,-8.105614781379699707e-01,1.568965911865234375e-01
-5.267822146415710449e-01,3.460471630096435547e-01,1.538839340209960938e-01
-1.666244506835937500e+00,1.153960078954696655e-01,1.620111465454101562e-01
-2.885622978210449219e-01,5.777212977409362793e-01,1.562395095825195312e-01
-1.336260199546813965e+00,3.464560210704803467e-01,1.626071929931640625e-01
-1.007580518722534180e+00,1.152664944529533386e-01,1.539559364318847656e-01
-1.170167803764343262e+00,-1.152998134493827820e-01,1.559934616088867188e-01
9.897201061248779297e-01,1.155406832695007324e-01,1.709604263305664062e-01
2.461264133453369141e-01,-8.924226760864257812e-01,9.299783110618591309e-01
-1.010728836059570312e+00,5.775318145751953125e-01,1.539511680603027344e-01
1.152957439422607422e+00,-1.156142950057983398e-01,1.755347251892089844e-01
3.475961089134216309e-01,1.154138818383216858e-01,1.629199981689453125e-01
-2.876881361007690430e-01,1.153139919042587280e-01,1.562089920043945312e-01
-8.488717675209045410e-01,-5.774548053741455078e-01,1.530780792236328125e-01
9.927944540977478027e-01,-5.788946151733398438e-01,1.709041595458984375e-01
-1.531514763832092285e+00,9.950075149536132812e-01,6.635067462921142578e-01
-8.471176028251647949e-01,3.459969162940979004e-01,1.530222892761230469e-01
6.340062022209167480e-01,-9.678421020507812500e-01,3.785650432109832764e-01
6.349720954895019531e-01,9.586510658264160156e-01,7.185534238815307617e-01
8.287609815597534180e-01,-3.467294871807098389e-01,1.682128906250000000e-01
-1.326481699943542480e+00,9.975624084472656250e-01,5.206590294837951660e-01
-1.945199847221374512e+00,-1.013287067413330078e+00,7.445977330207824707e-01
-5.350952148437500000e-01,9.769592285156250000e-01,7.152575254440307617e-01
1.760580420494079590e+00,5.647249221801757812e-01,1.176102638244628906e+00
-7.274491190910339355e-01,-1.008900165557861328e+00,5.111593604087829590e-01
5.070806741714477539e-01,-1.154451519250869751e-01,1.647872924804687500e-01
5.906786918640136719e-01,-8.115512728691101074e-01,1.656193733215332031e-01
-4.494035243988037109e-01,-8.102999925613403320e-01,1.545453071594238281e-01
-1.122136712074279785e+00,5.811998844146728516e-01,1.006246566772460938e+00
-1.116524577140808105e+00,-1.042759418487548828e+00,1.763558983802795410e-01
2.190670490264892578e+00,8.193333148956298828e-01,2.343621253967285156e-01
-1.454665511846542358e-01,9.816894531250000000e-01,6.445403695106506348e-01
-1.453914642333984375e-01,-9.847970008850097656e-01,6.442077755928039551e-01
-5.320032238960266113e-01,-1.011792182922363281e+00,3.752200305461883545e-01
-5.328609943389892578e-01,1.002107143402099609e+00,3.758270144462585449e-01
2.423413544893264771e-01,-9.863305091857910156e-01,3.087313771247863770e-01
-1.449981927871704102e-01,-1.001023292541503906e+00,3.078170716762542725e-01
-1.450702995061874390e-01,9.980382919311523438e-01,3.079702556133270264e-01
1.158280611038208008e+00,1.339316327175765764e-06,1.390510559082031250e+00
-7.568863034248352051e-01,-1.882356405258178711e-01,1.160174846649169922e+00
2.183722257614135742e+00,-5.839900374412536621e-01,2.339978218078613281e-01
-3.683544695377349854e-01,-7.585569024085998535e-01,1.147164344787597656e+00
-8.366305232048034668e-01,5.733898282051086426e-01,1.086805343627929688e+00
2.387241840362548828e+00,1.486828029155731201e-01,8.599978685379028320e-01
1.024273157119750977e+00,-7.651997208595275879e-01,1.095902442932128906e+00
1.098077371716499329e-01,8.109431266784667969e-01,1.601920127868652344e-01
1.154182434082031250e+00,3.470897972583770752e-01,1.757168769836425781e-01
-7.662984132766723633e-01,-5.709363818168640137e-01,1.112097740173339844e+00
9.115056991577148438e-01,5.787867903709411621e-01,1.695284843444824219e-01
-1.952802658081054688e+00,4.074520766735076904e-01,8.856228590011596680e-01
1.484238862991333008e+00,1.158020943403244019e-01,1.872167587280273438e-01
3.479641675949096680e-01,-3.464849889278411865e-01,1.628756523132324219e-01
1.094631925225257874e-01,-5.780346393585205078e-01,1.600704193115234375e-01
-1.671441912651062012e+00,-5.781769752502441406e-01,1.619906425476074219e-01
4.365914463996887207e-01,9.884600639343261719e-01,3.091836571693420410e-01
-7.244990468025207520e-01,-1.033207416534423828e+00,1.748907417058944702e-01
-5.514605045318603516e-01,1.853134483098983765e-01,1.250976562500000000e+00
-1.260297536849975586e+00,8.109202384948730469e-01,1.600437164306640625e-01
4.542855620384216309e-01,3.571670353412628174e-01,1.465333461761474609e+00
1.332043886184692383e+00,7.990865707397460938e-01,-3.287963941693305969e-02
2.459334731101989746e-01,8.972377777099609375e-01,9.292449951171875000e-01
2.395955085754394531e+00,-2.971103191375732422e-01,8.069183230400085449e-01
-1.942119836807250977e+00,1.022765159606933594e+00,2.525991797447204590e-01
-1.645147323608398438e+00,-7.891411185264587402e-01,9.111523628234863281e-01
-1.494422554969787598e+00,7.861340641975402832e-01,9.343576431274414062e-01
-7.593337893486022949e-01,3.774870336055755615e-01,1.150389671325683594e+00
8.482452481985092163e-02,3.584685921669006348e-01,1.445248603820800781e+00
8.984863013029098511e-02,-7.578414082527160645e-01,1.152694702148437500e+00
-1.730801820755004883e+00,1.024583816528320312e+00,4.575372338294982910e-01
-2.408323287963867188e+00,-6.704837083816528320e-01,3.412844836711883545e-01
1.328136563301086426e+00,-7.761931419372558594e-01,1.420712321996688843e-01
-1.549129128456115723e+00,3.895280361175537109e-01,9.638009071350097656e-01
-2.312775135040283203e+00,5.308545827865600586e-01,7.176864743232727051e-01
-1.516843438148498535e+00,-1.052533626556396484e+00,5.884329080581665039e-01
-4.332623481750488281e-01,-3.176314532756805420e-01,1.300634026527404785e+00
8.260287046432495117e-01,1.319646798947360367e-06,1.467755317687988281e+00
1.644579887390136719e+00,-9.597702026367187500e-01,8.815710544586181641e-01
-1.474639534950256348e+00,-3.886713981628417969e-01,9.771370887756347656e-01
1.231426954269409180e+00,-9.680800437927246094e-01,7.282184958457946777e-01
1.626690626144409180e+00,-1.025479793548583984e+00,2.488684058189392090e-01
2.052026271820068359e+00,1.014397144317626953e+00,6.066225767135620117e-01
-1.410540699958801270e+00,5.852335095405578613e-01,9.646129608154296875e-01
-1.113532304763793945e+00,-3.848289847373962402e-01,1.036698818206787109e+00
2.069093286991119385e-01,-1.781453043222427368e-01,1.473586559295654297e+00
1.619083166122436523e+00,1.053413867950439453e+00,5.908502340316772461e-01
5.750654339790344238e-01,1.314878431912802625e-06,1.484769344329833984e+00
-1.127560734748840332e+00,9.838738441467285156e-01,7.240246534347534180e-01
2.432983398437500000e+00,-5.919066667556762695e-01,4.414999186992645264e-01
1.421217322349548340e+00,-1.027247905731201172e+00,5.885925292968750000e-01
-1.323430776596069336e+00,1.011373043060302734e+00,2.465011477470397949e-01
-1.123841404914855957e+00,1.003718852996826172e+00,4.486860632896423340e-01
-2.410730838775634766e+00,6.701322793960571289e-01,3.411056399345397949e-01
-1.639793366193771362e-01,-5.439170598983764648e-01,1.390759468078613281e+00
-2.088294982910156250e+00,-1.044016838073730469e+00,3.477813675999641418e-02
4.607274234294891357e-01,-6.561250686645507812e-01,1.258330702781677246e+00
2.054839134216308594e+00,1.891846805810928345e-01,1.130664348602294922e+00
1.031896471977233887e+00,-9.582762718200683594e-01,6.562261581420898438e-01
5.126384645700454712e-02,6.363196372985839844e-01,1.332429051399230957e+00
-2.158048152923583984e+00,1.020906925201416016e+00,1.144781485199928284e-01
-1.473194062709808350e-01,9.050273895263671875e-01,9.275771975517272949e-01
2.492306232452392578e+00,-1.452962607145309448e-01,5.334817171096801758e-01
8.433756232261657715e-01,-8.798952102661132812e-01,9.399291872978210449e-01
1.415408253669738770e+00,1.051661014556884766e+00,2.457498162984848022e-01
-1.120727777481079102e+00,-1.020331382751464844e+00,5.152828693389892578e-01
-2.480658531188964844e+00,-3.648392260074615479e-01,4.346771240234375000e-01
1.226795911788940430e+00,9.907641410827636719e-01,7.254800200462341309e-01
1.125831604003906250e+00,8.485513925552368164e-01,4.923377037048339844e-01
1.839756727218627930e+00,-1.011198997497558594e+00,6.006248593330383301e-01
-1.619531035423278809e+00,-1.947193145751953125e-01,9.589686393737792969e-01
6.413023471832275391e-01,8.984112739562988281e-01,9.334263205528259277e-01
-1.252965092658996582e+00,1.927922964096069336e-01,1.018764972686767578e+00
1.027810692787170410e+00,9.822072982788085938e-01,2.453686445951461792e-01
1.739182710647583008e+00,3.480804264545440674e-01,1.962227821350097656e-01
-7.290109992027282715e-01,9.960470199584960938e-01,5.122560262680053711e-01
-9.236756563186645508e-01,1.012154579162597656e+00,3.107891678810119629e-01
1.835922241210937500e+00,-1.023679256439208984e+00,1.819131374359130859e-01
-9.302634000778198242e-01,9.694471359252929688e-01,7.904336452484130859e-01
-1.130821228027343750e+00,-7.799845933914184570e-01,9.818167686462402344e-01
1.122832775115966797e+00,-8.462911248207092285e-01,4.723792076110839844e-01
1.830306410789489746e+00,1.041969299316406250e+00,5.975387692451477051e-01
1.670865535736083984e+00,-1.863575577735900879e-01,1.218393802642822266e+00
2.430917620658874512e-01,-9.676876068115234375e-01,5.787849426269531250e-01
-1.463894546031951904e-01,-9.434323310852050781e-01,8.531559705734252930e-01
-1.619523286819458008e+00,1.947183609008789062e-01,9.589991569519042969e-01
8.348637223243713379e-01,-9.416623115539550781e-01,7.233990430831909180e-01
1.826241731643676758e+00,1.055196762084960938e+00,1.809536665678024292e-01
2.229583978652954102e+00,3.828910291194915771e-01,1.066632270812988281e+00
4.396373331546783447e-01,9.465303421020507812e-01,7.862280011177062988e-01
-1.776245355606079102e+00,-1.002113580703735352e+00,-1.372256278991699219e-01
1.675946950912475586e+00,3.736508786678314209e-01,1.209823131561279297e+00
2.433408647775650024e-01,9.615540504455566406e-01,7.148538231849670410e-01
-2.334223270416259766e+00,-8.356264829635620117e-01,4.544235169887542725e-01
-9.804373979568481445e-01,-5.787521600723266602e-01,1.031487464904785156e+00
6.337606906890869141e-01,9.701790809631347656e-01,5.135252475738525391e-01
1.619082093238830566e+00,1.053413867950439453e+00,3.846612572669982910e-01
2.554744780063629150e-01,-6.604342460632324219e-01,1.255190372467041016e+00
-1.321646571159362793e+00,-1.019445419311523438e+00,6.557589769363403320e-01
2.553461790084838867e-01,6.636691093444824219e-01,1.254550457000732422e+00
1.377288341522216797e+00,3.674196600914001465e-01,1.306371688842773438e+00
1.421218872070312500e+00,-1.027247905731201172e+00,3.831918239593505859e-01
8.314936161041259766e-01,-9.661169052124023438e-01,3.124426305294036865e-01
6.351484060287475586e-01,-9.569754600524902344e-01,5.825337171554565430e-01
2.429092973470687866e-01,9.722828865051269531e-01,5.109481811523437500e-01
4.829440638422966003e-02,-1.004815101623535156e+00,1.744473278522491455e-01
-1.040310859680175781e+00,-1.916233450174331665e-01,1.055081367492675781e+00
4.379593431949615479e-01,-9.696254730224609375e-01,4.446827471256256104e-01
-1.040252327919006348e+00,1.916125863790512085e-01,1.055416584014892578e+00
2.129059553146362305e+00,1.399517032041330822e-06,1.125176429748535156e+00
1.218992948532104492e+00,-1.028988838195800781e+00,2.449359148740768433e-01
4.833628237247467041e-02,9.997496604919433594e-01,2.411688119173049927e-01
1.042407155036926270e+00,8.967480659484863281e-01,9.420121312141418457e-01
2.190000295639038086e+00,-8.190829157829284668e-01,2.321500778198242188e-01
3.497634828090667725e-01,-8.112445473670959473e-01,1.628489494323730469e-01
-1.942120194435119629e+00,1.022765159606933594e+00,-9.576934576034545898e-02
1.214716792106628418e+00,1.049933433532714844e+00,5.143517851829528809e-01
-4.355663955211639404e-01,7.611920237541198730e-01,1.126843452453613281e+00
1.683265209197998047e+00,-5.624408721923828125e-01,1.199663162231445312e+00
-2.888714671134948730e-01,1.814214438199996948e-01,1.371737003326416016e+00
5.787554979324340820e-01,-3.574662208557128906e-01,1.460743427276611328e+00
1.517564415931701660e+00,1.364946342619077768e-06,1.272996902465820312e+00
-1.318477630615234375e+00,-1.033786296844482422e+00,2.455786019563674927e-01
9.553384184837341309e-01,1.788896322250366211e-01,1.450088024139404297e+00
-5.587995648384094238e-01,-5.625583529472351074e-01,1.198553562164306641e+00
8.311471343040466309e-01,3.584766387939453125e-01,1.444948673248291016e+00
8.314141631126403809e-01,-3.585945367813110352e-01,1.443207740783691406e+00
8.290789723396301270e-01,9.836416244506835938e-01,2.440936267375946045e-01
5.528281927108764648e-01,-7.634171843528747559e-01,1.109645366668701172e+00
4.412147402763366699e-01,-9.247999191284179688e-01,8.577839732170104980e-01
1.592655777931213379e+00,8.013296127319335938e-01,-1.213299557566642761e-01
1.527139067649841309e+00,-3.711391985416412354e-01,1.248809337615966797e+00
8.317419290542602539e-01,9.643120765686035156e-01,6.523196101188659668e-01
-9.300848841667175293e-01,-9.706006050109863281e-01,8.591238260269165039e-01
-5.412041544914245605e-01,-9.082283973693847656e-01,9.304696321487426758e-01
1.065960884094238281e+00,-7.690793275833129883e-01,1.741073578596115112e-01
-2.170601606369018555e+00,9.861211776733398438e-01,5.415240526199340820e-01
1.619083166122436523e+00,1.053413867950439453e+00,-9.391387552022933960e-02
6.670129895210266113e-01,-6.537909507751464844e-01,1.262402772903442383e+00
-1.914568305015563965e+00,-8.041004538536071777e-01,9.984970092773437500e-02
1.249368906021118164e+00,-8.801946640014648438e-01,9.502891302108764648e-01
-3.398450911045074463e-01,-9.793982505798339844e-01,7.132966518402099609e-01
-5.315595269203186035e-01,1.016755580902099609e+00,1.747799664735794067e-01
-1.323304772377014160e+00,1.891851411528477911e-06,1.011384010314941406e+00
-5.307054519653320312e-01,-1.026401996612548828e+00,1.744979768991470337e-01
2.361853122711181641e+00,7.537755370140075684e-01,5.030996799468994141e-01
-1.523516297340393066e+00,1.026368141174316406e+00,1.793783456087112427e-01
1.228800535202026367e+00,-1.815379858016967773e-01,1.367917537689208984e+00
-1.520806849002838135e-01,-7.080779075622558594e-01,1.245111107826232910e+00
1.986132740974426270e+00,-3.789466321468353271e-01,1.127818107604980469e+00
-3.847640752792358398e-02,-1.789775043725967407e-01,1.448060989379882812e+00
2.693135142326354980e-01,-3.574506044387817383e-01,1.460956096649169922e+00
-1.672622442245483398e+00,-1.001339435577392578e+00,8.385391235351562500e-01
-1.622157245874404907e-01,1.345127770946419332e-06,1.427166938781738281e+00
-8.958691358566284180e-01,1.708865170257922728e-06,1.111779212951660156e+00
2.368301868438720703e+00,-6.002908945083618164e-01,7.105734348297119141e-01
-3.573480248451232910e-01,5.525862574577331543e-01,1.301366329193115234e+00
-1.357256293296813965e+00,-8.196769356727600098e-01,2.373862266540527344e-01
2.431950569152832031e+00,4.429495632648468018e-01,2.864474356174468994e-01
3.289593458175659180e-01,1.315474492002977058e-06,1.484239578247070312e+00
2.363242626190185547e+00,1.170636788010597229e-01,2.655124664306640625e-01
1.823925733566284180e+00,1.877203881740570068e-01,1.176102638244628906e+00
-2.342077255249023438e+00,8.342214822769165039e-01,4.007928371429443359e-01
6.713003516197204590e-01,8.116671442985534668e-01,1.666331291198730469e-01
6.413719058036804199e-01,3.576637804508209229e-01,1.457599639892578125e+00
5.137803554534912109e-01,1.778344660997390747e-01,1.482960224151611328e+00
3.960183560848236084e-01,5.401348471641540527e-01,1.429795265197753906e+00
2.170231819152832031e+00,-9.455455541610717773e-01,4.168359339237213135e-01
-5.421540141105651855e-01,8.975062370300292969e-01,9.321072101593017578e-01
-1.396250367164611816e+00,8.432264328002929688e-01,4.453158378601074219e-01
-1.628185957670211792e-01,-3.603584468364715576e-01,1.416017532348632812e+00
-1.627427637577056885e-01,3.601848185062408447e-01,1.418491840362548828e+00
-5.516073703765869141e-01,-1.853628307580947876e-01,1.249445915222167969e+00
2.275799512863159180e+00,5.850381255149841309e-01,2.469701766967773438e-01
1.996010661125183105e+00,1.161380708217620850e-01,2.080807685852050781e-01
6.656168699264526367e-01,6.670727729797363281e-01,1.259760737419128418e+00
1.244304418563842773e+00,-5.507201552391052246e-01,1.320549011230468750e+00
-2.317883014678955078e+00,-6.836897730827331543e-01,6.129507422447204590e-01
-1.454070568084716797e+00,6.281077265739440918e-01,1.624014228582382202e-01
-2.375391483306884766e+00,-3.733372390270233154e-01,6.533720493316650391e-01
4.950249940156936646e-02,-8.549785614013671875e-01,1.004745721817016602e+00
1.477340936660766602e+00,-7.913851737976074219e-01,1.043453097343444824e+00
4.949708282947540283e-02,8.556489944458007812e-01,1.004635930061340332e+00
-2.310496807098388672e+00,-5.311126708984375000e-01,7.180353999137878418e-01
-2.398211002349853516e+00,3.714951872825622559e-01,5.980523824691772461e-01
-2.342201232910156250e+00,6.801389455795288086e-01,5.568032860755920410e-01
2.209482192993164062e+00,-1.898196339607238770e-01,1.110970020294189453e+00
2.692597806453704834e-01,3.573755323886871338e-01,1.462098598480224609e+00
-2.050514698028564453e+00,-7.227312326431274414e-01,8.178243637084960938e-01
2.446474552154541016e+00,5.901591777801513672e-01,3.888989090919494629e-01
-1.853985905647277832e+00,7.786563038825988770e-01,-1.248111724853515625e-01
1.863277673721313477e+00,9.346404075622558594e-01,8.935400247573852539e-01
2.350919246673583984e+00,6.025436520576477051e-01,7.664834260940551758e-01
2.164587736129760742e+00,-5.764670372009277344e-01,1.055018424987792969e+00
8.445205539464950562e-02,1.785421967506408691e-01,1.461600303649902344e+00
-2.471592426300048828e+00,3.655711710453033447e-01,2.835555970668792725e-01
2.490480422973632812e+00,1.453551203012466431e-01,5.844637751579284668e-01
-2.187110424041748047e+00,7.027848362922668457e-01,7.400118708610534668e-01
1.450107336044311523e+00,9.058351516723632812e-01,9.530706405639648438e-01
8.757994174957275391e-01,-6.446118354797363281e-01,1.269184827804565430e+00
-1.706706523895263672e+00,7.729350924491882324e-01,1.556521505117416382e-01
6.322899460792541504e-01,-9.841580390930175781e-01,1.760070770978927612e-01
1.030257344245910645e+00,-9.678707122802734375e-01,3.819412291049957275e-01
-2.483025550842285156e+00,-7.277834415435791016e-02,1.815692037343978882e-01
-2.490916728973388672e+00,7.265119999647140503e-02,3.316717445850372314e-01
1.626690745353698730e+00,-1.025479793548583984e+00,4.288543760776519775e-02
-7.481567263603210449e-01,-8.383536338806152344e-01,1.014830350875854492e+00
5.512486100196838379e-01,7.612360119819641113e-01,1.126476764678955078e+00
2.343136787414550781e+00,-4.515615403652191162e-01,8.718403577804565430e-01
1.332043886184692383e+00,7.990865707397460938e-01,1.424893140792846680e-01
2.505569159984588623e-01,7.825121879577636719e-01,1.088315725326538086e+00
1.213969111442565918e+00,-7.940671443939208984e-01,1.126289367675781250e-02
-5.267692804336547852e-01,1.070675373077392578e+00,9.732645750045776367e-01
1.998006820678710938e+00,-3.486402034759521484e-01,2.077736854553222656e-01
-2.497663974761962891e+00,-7.254249602556228638e-02,4.316931068897247314e-01
1.799791336059570312e+00,8.451200127601623535e-01,-2.189392037689685822e-02
1.950911164283752441e+00,8.285378217697143555e-01,3.156371116638183594e-01
2.461413860321044922e+00,4.400925338268280029e-01,5.393767952919006348e-01
1.914731383323669434e+00,5.814434885978698730e-01,2.024474143981933594e-01
1.742768764495849609e+00,-5.809283852577209473e-01,1.960687637329101562e-01
1.027778983116149902e+00,9.823946952819824219e-01,4.489843547344207764e-01
-2.251016139984130859e+00,3.833779394626617432e-01,7.789865136146545410e-01
-1.545410990715026855e+00,9.405140876770019531e-01,8.806332349777221680e-01
-6.418307423591613770e-01,-9.616310596466064453e-01,1.082901000976562500e+00
2.055084466934204102e+00,7.825768589973449707e-01,9.618110656738281250e-01
1.822718739509582520e+00,-1.159921139478683472e-01,1.990108489990234375e-01
-2.144684076309204102e+00,-1.057937145233154297e+00,2.539022862911224365e-01
2.367692232131958008e+00,-5.858094692230224609e-01,2.565355300903320312e-01
2.233977317810058594e+00,6.176999211311340332e-01,9.507604837417602539e-01
-6.189324259757995605e-01,1.328587472926301416e-06,1.219286441802978516e+00
1.296693682670593262e+00,6.483855247497558594e-01,1.282474756240844727e+00
-1.919184803962707520e+00,-1.153890937566757202e-01,1.615524291992187500e-01
2.454608201980590820e+00,-1.171586960554122925e-01,2.714385986328125000e-01
1.473114043474197388e-01,-5.400828719139099121e-01,1.430355548858642578e+00
1.573093175888061523e+00,5.804774761199951172e-01,1.904711723327636719e-01
8.488873243331909180e-01,8.398981094360351562e-01,1.016696810722351074e+00
-3.476577699184417725e-01,8.409914970397949219e-01,1.008602857589721680e+00
2.246453285217285156e+00,-7.725300192832946777e-01,7.874032258987426758e-01
-1.582824468612670898e+00,-1.153991892933845520e-01,1.621575355529785156e-01
-2.036664485931396484e+00,-4.006823003292083740e-01,8.709079027175903320e-01
-1.417358398437500000e+00,8.994916081428527832e-02,1.624591052532196045e-01
-1.931288719177246094e+00,-1.056100368499755859e+00,-2.597198449075222015e-02
2.372777938842773438e+00,-7.520000934600830078e-01,4.494300782680511475e-01
1.319190025329589844e+00,3.473703563213348389e-01,1.815013885498046875e-01
-1.256432414054870605e+00,-5.780520439147949219e-01,1.604428291320800781e-01
2.008713006973266602e+00,-8.164356946945190430e-01,2.087974548339843750e-01
2.441720962524414062e+00,-4.420022368431091309e-01,2.858346402645111084e-01
-1.013901591300964355e+00,-8.102384805679321289e-01,1.540384292602539062e-01
-1.095455288887023926e+00,8.102809190750122070e-01,1.544265747070312500e-01
-1.171412229537963867e+00,-3.461457490921020508e-01,1.561532020568847656e-01
-2.333498477935791016e+00,7.518754899501800537e-02,7.630733847618103027e-01
-7.706913352012634277e-01,8.100730180740356445e-01,1.525597572326660156e-01
-8.488653302192687988e-01,5.774501562118530273e-01,1.530208587646484375e-01
1.838460326194763184e+00,-5.668627619743347168e-01,1.154058933258056641e+00
7.481780648231506348e-01,3.466865420341491699e-01,1.674137115478515625e-01
-1.007582426071166992e+00,-1.152668818831443787e-01,1.539669036865234375e-01
-2.447268962860107422e+00,-5.156224966049194336e-01,3.880712687969207764e-01
7.473989725112915039e-01,-1.154828891158103943e-01,1.673626899719238281e-01
5.888357162475585938e-01,-5.784723162651062012e-01,1.656212806701660156e-01
8.278970122337341309e-01,1.154970154166221619e-01,1.682462692260742188e-01
2.448491096496582031e+00,-1.467084586620330811e-01,7.445595860481262207e-01
-8.471220135688781738e-01,-3.459984958171844482e-01,1.530566215515136719e-01
2.319978713989257812e+00,2.226829565188381821e-06,1.034135818481445312e+00
-6.857832074165344238e-01,-1.152404099702835083e-01,1.522860527038574219e-01
-8.462277054786682129e-01,1.152517199516296387e-01,1.530284881591796875e-01
-6.097178459167480469e-01,-8.101189136505126953e-01,1.529736518859863281e-01
-3.693988025188446045e-01,8.103974461555480957e-01,1.554660797119140625e-01
-6.879205107688903809e-01,-5.773940682411193848e-01,1.522264480590820312e-01
5.086563229560852051e-01,5.784153342247009277e-01,1.648688316345214844e-01
2.696975767612457275e-01,8.111409544944763184e-01,1.620459556579589844e-01
1.377584338188171387e+00,-3.675023615360260010e-01,1.305160045623779297e+00
2.333757877349853516e+00,3.011207580566406250e-01,9.250549077987670898e-01
-6.865014433860778809e-01,3.459606766700744629e-01,1.523180007934570312e-01
-5.267779231071472168e-01,-3.460445702075958252e-01,1.538257598876953125e-01
-2.461778640747070312e+00,7.312066853046417236e-02,5.368853807449340820e-01
-4.989745840430259705e-02,-8.107469081878662109e-01,1.584753990173339844e-01
-2.080087184906005859e+00,2.379750758409500122e-01,8.614944219589233398e-01
-3.682464659214019775e-01,-5.776504874229431152e-01,1.553606986999511719e-01
-5.262240767478942871e-01,1.152670606970787048e-01,1.538701057434082031e-01
5.070822238922119141e-01,1.154454872012138367e-01,1.648092269897460938e-01
-4.480041265487670898e-01,5.775848627090454102e-01,1.546764373779296875e-01
1.891305446624755859e-01,5.781156420707702637e-01,1.610431671142578125e-01
3.479675352573394775e-01,3.464884757995605469e-01,1.629490852355957031e-01
2.155880451202392578e+00,-7.114648818969726562e-01,9.361689686775207520e-01
-1.293283104896545410e-01,5.778412222862243652e-01,1.578073501586914062e-01
-3.674812316894531250e-01,3.461071252822875977e-01,1.554460525512695312e-01
2.978942729532718658e-02,3.463280498981475830e-01,1.593613624572753906e-01
-1.290667653083801270e-01,-3.462448418140411377e-01,1.577320098876953125e-01
1.091546639800071716e-01,-1.154003217816352844e-01,1.601071357727050781e-01
1.668543815612792969e+00,1.375675196868542116e-06,1.223440170288085938e+00
1.885507106781005859e-01,1.153897941112518311e-01,1.609873771667480469e-01
-2.876873612403869629e-01,-1.153136789798736572e-01,1.561894416809082031e-01
-1.289117336273193359e-01,1.153161227703094482e-01,1.577720642089843750e-01
1.823828577995300293e+00,-1.877103447914123535e-01,1.176413536071777344e+00
-1.931288838386535645e+00,-1.056100368499755859e+00,4.596514701843261719e-01
2.325783729553222656e+00,8.674116134643554688e-01,3.364443778991699219e-01
-2.095067977905273438e+00,-7.902919501066207886e-02,8.579800128936767578e-01
1.369449138641357422e+00,1.351833361695753410e-06,1.327045917510986328e+00
1.359146118164062500e+00,-1.007316827774047852e+00,-1.015796661376953125e-01
-2.163488864898681641e+00,8.662061095237731934e-01,1.429669111967086792e-01
2.465582370758056641e+00,-4.396882653236389160e-01,4.877558648586273193e-01
1.995621562004089355e+00,5.706400275230407715e-01,1.115097999572753906e+00
1.506281971931457520e+00,-7.773446440696716309e-01,-1.363821029663085938e-01
-2.447252273559570312e+00,-2.202154099941253662e-01,5.391635298728942871e-01
1.582233667373657227e+00,1.002573013305664062e+00,8.309412002563476562e-01
-1.148234248161315918e+00,8.735742568969726562e-01,9.483212232589721680e-01
2.478999614715576172e+00,-2.917512953281402588e-01,5.868658423423767090e-01
2.062299489974975586e+00,3.795420825481414795e-01,1.118537902832031250e+00
1.083566665649414062e+00,6.557564735412597656e-01,1.273272991180419922e+00
-2.277586460113525391e+00,-3.812329471111297607e-01,7.746279835700988770e-01
-1.573105692863464355e+00,-8.011617660522460938e-01,7.388114929199218750e-02
-2.468569278717041016e+00,-3.658152818679809570e-01,2.332031130790710449e-01
-2.277065753936767578e+00,-1.003892302513122559e+00,1.940646320581436157e-01
1.526704430580139160e+00,3.710298836231231689e-01,1.250426292419433594e+00
-5.532793998718261719e-01,3.716503679752349854e-01,1.240836143493652344e+00
2.427502632141113281e+00,4.433808028697967529e-01,6.989355087280273438e-01
1.976513266563415527e+00,1.395940785187121946e-06,1.144118785858154297e+00
2.440673410892486572e-01,-9.435005187988281250e-01,7.851922512054443359e-01
-2.181726932525634766e+00,-7.035714387893676758e-01,7.408393621444702148e-01
-2.443241119384765625e+00,5.160786509513854980e-01,3.372775316238403320e-01
1.444575309753417969e+00,1.838323026895523071e-01,1.296739578247070312e+00
-2.424901485443115234e+00,-6.680628657341003418e-01,1.858316063880920410e-01
-1.645333766937255859e+00,7.892304658889770508e-01,9.104628562927246094e-01
-1.956214666366577148e+00,9.793863296508789062e-01,7.488137483596801758e-01
-2.432158470153808594e+00,6.670032143592834473e-01,1.855368018150329590e-01
-2.057223796844482422e+00,7.217511534690856934e-01,8.167159557342529297e-01
1.633540034294128418e+00,-1.000323772430419922e+00,7.355227470397949219e-01
-8.972209095954895020e-01,1.899859756231307983e-01,1.105895519256591797e+00
-1.730801463127136230e+00,1.024583816528320312e+00,6.660568118095397949e-01
4.478868246078491211e-01,-8.329296112060546875e-01,1.010973811149597168e+00
2.478065967559814453e+00,2.918083071708679199e-01,2.828192114830017090e-01
-8.973334431648254395e-01,-1.900098174810409546e-01,1.105155944824218750e+00
-1.623547315597534180e+00,-3.902012407779693604e-01,9.534249305725097656e-01
1.608320593833923340e+00,5.606273412704467773e-01,1.218363761901855469e+00
6.484977602958679199e-01,-8.299651145935058594e-01,1.014359235763549805e+00
-1.470945000648498535e+00,1.939500570297241211e-01,9.828653335571289062e-01
-2.333415031433105469e+00,-7.518877089023590088e-02,7.630872726440429688e-01
1.505881905555725098e+00,7.645455002784729004e-01,1.100927352905273438e+00
-8.447186946868896484e-01,7.709767222404479980e-01,1.051324367523193359e+00
-2.120922565460205078e+00,-8.738281130790710449e-01,7.541278004646301270e-01
1.234451532363891602e+00,3.645525574684143066e-01,1.350818157196044922e+00
-1.410276770591735840e+00,-5.851240158081054688e-01,9.657435417175292969e-01
2.395275592803955078e+00,2.186298388551222160e-06,8.580544590950012207e-01
2.493633747100830078e+00,1.452534943819046021e-01,3.316009342670440674e-01
-7.593573331832885742e-01,-3.775028884410858154e-01,1.150246143341064453e+00
-1.494317173957824707e+00,-7.860785722732543945e-01,9.347858428955078125e-01
-1.328289151191711426e+00,-3.871144652366638184e-01,1.001276493072509766e+00
-1.470926642417907715e+00,-1.939476579427719116e-01,9.829397201538085938e-01
-2.479169845581054688e+00,3.649594485759735107e-01,4.348202347755432129e-01
1.159299015998840332e+00,1.808760911226272583e-01,1.388471603393554688e+00
-1.184883117675781250e+00,3.856995701789855957e-01,1.023131370544433594e+00
-3.562266826629638672e-01,6.891884803771972656e-01,1.250471472740173340e+00
-1.123770833015441895e+00,-1.004096031188964844e+00,7.215909957885742188e-01
-2.482089519500732422e+00,7.279344648122787476e-02,1.816067397594451904e-01
2.497638225555419922e+00,2.126693743775831535e-06,5.325739979743957520e-01
-1.265651464462280273e+00,5.834221243858337402e-01,9.833230972290039062e-01
1.400228142738342285e+00,1.030027389526367188e+00,6.620168685913085938e-01
1.035150527954101562e+00,5.445151925086975098e-01,1.384542942047119141e+00
2.088658809661865234e+00,3.493567705154418945e-01,2.225828170776367188e-01
-7.308323979377746582e-01,9.810509681701660156e-01,7.171966433525085449e-01
1.052764892578125000e+00,7.707893848419189453e-01,1.744946241378784180e-01
-7.292002439498901367e-01,-9.944777488708496094e-01,7.155966162681579590e-01
-9.802829027175903320e-01,5.786602497100830078e-01,1.032429218292236328e+00
1.896350622177124023e+00,8.269801139831542969e-01,9.824975132942199707e-01
1.027446746826171875e+00,-3.606216013431549072e-01,1.411783695220947266e+00
-3.402136266231536865e-01,9.728622436523437500e-01,7.140710353851318359e-01
-1.181530594825744629e+00,-1.924065947532653809e-01,1.030778884887695312e+00
-1.543604493141174316e+00,7.861375212669372559e-01,-5.877685546875000000e-02
1.214716792106628418e+00,1.049933433532714844e+00,1.093664541840553284e-01
-1.435676574707031250e+00,4.492001235485076904e-01,1.624316424131393433e-01
-4.185739755630493164e-01,1.833498775959014893e-01,1.311978816986083984e+00
1.032722115516662598e+00,9.534497261047363281e-01,7.946087718009948730e-01
1.021737337112426758e+00,1.328587472926301416e-06,1.431319713592529297e+00
-1.619258642196655273e+00,-1.005785822868347168e+00,-1.120953559875488281e-01
2.049787759780883789e+00,1.020926475524902344e+00,4.648654162883758545e-01
-6.963220238685607910e-01,5.681479573249816895e-01,1.140872955322265625e+00
7.734063267707824707e-01,5.409044027328491211e-01,1.421767711639404297e+00
-1.461105346679687500e-01,9.550414085388183594e-01,7.832888364791870117e-01
1.090345621109008789e+00,-1.801770925521850586e-01,1.410162925720214844e+00
-3.534347414970397949e-01,-1.824315786361694336e-01,1.340515136718750000e+00
-2.190982818603515625e+00,-1.022189974784851074e+00,4.713388085365295410e-01
4.852606728672981262e-02,-9.761743545532226562e-01,6.449635028839111328e-01
4.852432757616043091e-02,9.764075279235839844e-01,6.449386477470397949e-01
1.814409255981445312e+00,-8.427441716194152832e-01,-2.183227427303791046e-02
-1.412572860717773438e+00,-1.031686663627624512e+00,6.529951095581054688e-02
-1.942120432853698730e+00,1.022765159606933594e+00,3.922619521617889404e-01
1.068167686462402344e+00,3.435015514696715400e-06,1.725982576608657837e-01
-2.899963259696960449e-01,-3.640669882297515869e-01,1.358550071716308594e+00
-1.931288838386535645e+00,-1.056100368499755859e+00,5.991644263267517090e-01
1.721283793449401855e+00,8.024370670318603516e-01,8.518028259277343750e-02
-1.942120313644409180e+00,1.022765159606933594e+00,1.131851151585578918e-01
-2.887939512729644775e-01,1.308321884607721586e-06,1.370531082153320312e+00
-1.931288719177246094e+00,-1.056100368499755859e+00,1.125537082552909851e-01
-1.962023735046386719e+00,2.888725697994232178e-01,1.614828407764434814e-01
1.286032676696777344e+00,1.012756705284118652e+00,-6.434535980224609375e-02
-1.730801701545715332e+00,1.024583816528320312e+00,3.191180229187011719e-01
