3.841781616210937500e-02,3.404470682144165039e-01,2.050359994173049927e-01
6.718223690986633301e-01,-2.124802589416503906e+00,5.268968343734741211e-01
-1.766084194183349609e+00,1.290047287940979004e+00,1.128638863563537598e+00
1.686628341674804688e+00,-6.886392831802368164e-01,3.710784763097763062e-02
-4.455327391624450684e-01,1.985072612762451172e+00,2.582617104053497314e-01
-1.471980661153793335e-01,-9.100880622863769531e-01,1.205134749412536621e+00
-2.935690283775329590e-01,1.099541187286376953e+00,1.383642673492431641e+00
-1.391805410385131836e+00,4.260082244873046875e-01,5.232757329940795898e-02
9.778168201446533203e-01,-9.570503234863281250e-02,1.089762449264526367e+00
-9.546794891357421875e-01,9.740322083234786987e-02,1.126644372940063477e+00
5.131106376647949219e-01,-8.160215020179748535e-01,2.050838470458984375e-01
-6.924713253974914551e-01,-5.812140703201293945e-01,1.995458602905273438e-01
1.275948286056518555e+00,-1.187229871749877930e+00,9.357252120971679688e-01
-9.356238245964050293e-01,1.947403192520141602e+00,1.166837215423583984e+00
8.442321419715881348e-02,1.784812062978744507e-01,1.463491439819335938e+00
-1.367937445640563965e+00,1.636384963989257812e+00,2.839422523975372314e-01
-6.177414059638977051e-01,1.053828597068786621e+00,2.169108390808105469e-01
4.352050647139549255e-02,-1.597577095031738281e+00,3.741790726780891418e-02
2.353850156068801880e-01,1.159000396728515625e+00,6.258755326271057129e-01
9.932613968849182129e-01,1.159540563821792603e-01,1.966185569763183594e-01
1.376287460327148438e+00,-1.678148150444030762e+00,2.358758449554443359e-01
5.032319426536560059e-01,-1.374028086662292480e+00,1.011778831481933594e+00
-1.067850947380065918e+00,9.192543029785156250e-01,1.343622684478759766e+00
-1.536753177642822266e+00,6.187430620193481445e-01,7.742710709571838379e-01
6.736134290695190430e-01,5.910043716430664062e-01,7.622808814048767090e-01
-2.214574813842773438e-01,1.656998872756958008e+00,8.764074444770812988e-01
1.540943264961242676e+00,-5.480246543884277344e-01,7.385517954826354980e-01
-1.791130304336547852e+00,1.059212327003479004e+00,2.538080215454101562e-01
-6.926897764205932617e-01,3.490792810916900635e-01,2.167887687683105469e-01
4.729034304618835449e-01,-5.572287440299987793e-01,1.253481388092041016e+00
-6.386718750000000000e-01,-5.135395526885986328e-01,8.987382054328918457e-01
1.882362842559814453e+00,-1.174268603324890137e+00,5.033755302429199219e-01
-2.424898147583007812e-01,-1.210249781608581543e+00,5.814521908760070801e-01
-4.990264773368835449e-02,-3.481047749519348145e-01,1.957902908325195312e-01
-4.974090307950973511e-02,1.493162035942077637e+00,2.475023269653320312e-02
6.816976666450500488e-01,-1.522792577743530273e+00,1.641712188720703125e-01
1.164218068122863770e+00,-1.047055006027221680e+00,1.705369949340820312e-01
-1.067187309265136719e+00,-8.181715011596679688e-02,5.148275494575500488e-01
-4.728027284145355225e-01,-1.798379868268966675e-01,1.420871734619140625e+00
1.723837852478027344e-01,-1.767835855484008789e+00,6.256651282310485840e-01
2.526210546493530273e-01,7.312874794006347656e-01,1.241161584854125977e+00
-5.344592332839965820e-01,5.380539298057556152e-01,1.451253414154052734e+00
-1.193344354629516602e+00,1.054588198661804199e+00,2.221126556396484375e-01
4.326327443122863770e-01,8.164361119270324707e-01,2.087564468383789062e-01
-9.336782693862915039e-01,2.018338680267333984e+00,5.995293855667114258e-01
1.084436774253845215e+00,-1.688083648681640625e+00,8.248389959335327148e-01
-1.345867156982421875e+00,1.722917556762695312e+00,8.904223442077636719e-01
9.606559276580810547e-01,-7.685459256172180176e-01,1.070075035095214844e+00
-6.324958801269531250e-01,1.505999565124511719e+00,1.287604331970214844e+00
5.092828273773193359e-01,-1.159465163946151733e-01,1.959033012390136719e-01
1.328175306320190430e+00,-3.497361540794372559e-01,2.304172515869140625e-01
5.943317413330078125e-01,2.064734995365142822e-01,1.341872572898864746e+00
2.321975678205490112e-02,-3.598123192787170410e-01,1.424602985382080078e+00
-1.349744796752929688e-01,-1.415776729583740234e+00,1.040879964828491211e+00
-7.907424569129943848e-01,1.535552620887756348e+00,2.242088317871093750e-01
-1.308193951845169067e-01,8.174546360969543457e-01,2.176976203918457031e-01
3.023345954716205597e-02,-1.051206946372985840e+00,1.989865303039550781e-01
-5.299574136734008789e-01,-1.160850152373313904e-01,2.046260833740234375e-01
3.688724339008331299e-01,-1.920899391174316406e+00,2.046758979558944702e-01
1.206940770149230957e+00,-6.658554077148437500e-02,6.071905493736267090e-01
-1.306515812873840332e+00,1.322334527969360352e+00,1.237090110778808594e+00
6.897830963134765625e-02,1.126405477523803711e+00,1.068339467048645020e+00
9.163979887962341309e-01,-5.818932652473449707e-01,2.080097198486328125e-01
5.903472900390625000e-01,3.482151627540588379e-01,1.989388465881347656e-01
5.950906276702880859e-01,-1.828243613243103027e+00,8.732972145080566406e-01
-1.226765155792236328e+00,4.660646617412567139e-01,1.145849227905273438e+00
1.584782361984252930e+00,-1.281199932098388672e+00,1.536617279052734375e-01
-5.338902473449707031e-01,1.986215472221374512e+00,8.341787457466125488e-01
-1.773652195930480957e+00,1.025920867919921875e+00,6.961779594421386719e-01
-1.327789306640625000e+00,2.743639647960662842e-01,4.809847772121429443e-01
-4.212121963500976562e-01,-9.606444835662841797e-01,2.672173976898193359e-01
2.866728007793426514e-01,-9.477711915969848633e-01,1.168168544769287109e+00
-1.639042377471923828e+00,1.506122589111328125e+00,5.961933732032775879e-01
-1.302920430898666382e-01,1.609447002410888672e+00,4.567007422447204590e-01
1.472673296928405762e+00,-1.591156005859375000e+00,6.630898714065551758e-01
1.035782814025878906e+00,-1.926406860351562500e+00,3.231948912143707275e-01
-1.491253018379211426e+00,9.340417385101318359e-01,1.252635002136230469e+00
9.244949221611022949e-01,2.912397384643554688e-01,5.735861063003540039e-01
1.644173383712768555e+00,-9.953278899192810059e-01,8.755140304565429688e-01
1.289695739746093750e+00,-3.685002326965332031e-01,1.066283345222473145e+00
-3.631696105003356934e-01,-5.662231445312500000e-01,1.274836421012878418e+00
3.966514468193054199e-01,-1.805832087993621826e-01,1.397682189941406250e+00
-1.562077045440673828e+00,7.955454587936401367e-01,2.429103851318359375e-02
-1.629484593868255615e-01,7.197878360748291016e-01,1.446255683898925781e+00
3.545007109642028809e-01,-1.288051724433898926e+00,1.918954849243164062e-01
-1.019339919090270996e+00,5.824522972106933594e-01,2.149004936218261719e-01
2.044312953948974609e-01,-1.369042754173278809e+00,6.441202163696289062e-01
-5.526863932609558105e-01,-7.789831161499023438e-01,5.987551808357238770e-01
-6.715647578239440918e-01,9.107199907302856445e-01,1.396137237548828125e+00
8.416061401367187500e-01,-1.171708941459655762e+00,1.015005111694335938e+00
1.530942678451538086e+00,-8.343833684921264648e-01,3.672270774841308594e-01
-1.217531681060791016e+00,1.982694566249847412e-01,8.488965034484863281e-01
2.350173145532608032e-01,1.168101787567138672e+00,2.345849573612213135e-01
-9.198637008666992188e-01,5.429950356483459473e-01,1.400235652923583984e+00
-4.013967514038085938e-01,1.626412868499755859e+00,1.223922669887542725e-01
-3.231759071350097656e-01,4.725778400897979736e-01,2.135253846645355225e-01
-3.450680375099182129e-01,1.781130135059356689e-01,1.474486351013183594e+00
4.133272171020507812e-01,8.536651134490966797e-01,8.603693842887878418e-01
-7.949793934822082520e-01,-4.527406692504882812e-01,5.586104989051818848e-01
1.852871894836425781e+00,-1.007676839828491211e+00,1.526086330413818359e-01
-7.243074774742126465e-01,1.801334321498870850e-01,1.411535739898681641e+00
-1.550272941589355469e+00,6.172121167182922363e-01,4.033721685409545898e-01
-2.310638427734375000e-01,1.415658831596374512e+00,1.204724907875061035e+00
-3.421098887920379639e-01,-9.393067359924316406e-01,8.548461794853210449e-01
1.319705486297607422e+00,-7.778487801551818848e-01,9.983057975769042969e-01
-2.946758866310119629e-01,1.292520761489868164e+00,2.168188095092773438e-01
-9.093794822692871094e-01,-2.946015596389770508e-01,2.450793385505676270e-01
-8.539067506790161133e-01,-1.953480988740921021e-01,9.395704269409179688e-01
-1.016466021537780762e+00,1.162829548120498657e-01,2.170419692993164062e-01
-4.373741149902343750e-02,-1.478601813316345215e+00,3.648046851158142090e-01
7.018008232116699219e-01,3.228054046630859375e-01,1.021482348442077637e+00
7.984562516212463379e-01,-3.726041018962860107e-01,1.226139545440673828e+00
6.691390872001647949e-01,6.335768699645996094e-01,3.995425403118133545e-01
-7.866597771644592285e-01,1.900381565093994141e+00,2.646871805191040039e-01
-9.587196707725524902e-01,1.311381459236145020e+00,1.284815788269042969e+00
-1.457272171974182129e+00,1.298602461814880371e+00,2.508068084716796875e-01
-1.129092574119567871e+00,1.890768527984619141e+00,3.265814185142517090e-01
-4.509149193763732910e-01,1.753136754035949707e+00,1.125005245208740234e+00
1.835198402404785156e-01,2.956390289909904823e-06,1.983386129140853882e-01
6.919286847114562988e-01,-2.010712862014770508e+00,1.570105552673339844e-01
7.573901414871215820e-01,-1.049592137336730957e+00,1.879100799560546875e-01
2.701843082904815674e-01,-5.810385942459106445e-01,1.974182128906250000e-01
1.091751933097839355e+00,-1.520249962806701660e+00,1.522107124328613281e-01
-2.901319861412048340e-01,-5.808633565902709961e-01,1.951584815979003906e-01
-2.096582055091857910e-01,1.160804331302642822e-01,2.044768333435058594e-01
4.891580045223236084e-01,5.763809084892272949e-01,1.055968284606933594e+00
4.019355773925781250e-02,1.362553238868713379e+00,8.388873338699340820e-01
2.207393646240234375e-01,-1.534818053245544434e+00,9.562664628028869629e-01
1.792214870452880859e+00,-8.463514447212219238e-01,5.648880004882812500e-01
-1.525782585144042969e+00,1.537941813468933105e+00,1.124905705451965332e+00
-1.200972676277160645e+00,1.735877990722656250e+00,1.182827472686767578e+00
-1.326391100883483887e+00,1.799287319183349609e+00,5.746394395828247070e-01
4.422719478607177734e-01,9.102444648742675781e-01,5.171467661857604980e-01
-7.289075851440429688e-01,-1.010411605238914490e-01,1.240787148475646973e+00
-2.260871827602386475e-01,1.369811654090881348e+00,6.483983993530273438e-01
1.227127313613891602e+00,-1.842924118041992188e+00,5.675594806671142578e-01
5.436872839927673340e-01,-1.838734388351440430e+00,4.600195884704589844e-01
-5.994582176208496094e-01,2.063011646270751953e+00,5.324621200561523438e-01
2.830856144428253174e-01,-1.572978615760803223e+00,4.002561569213867188e-01
1.757199764251708984e+00,-1.279940128326416016e+00,7.751479744911193848e-01
1.369378685951232910e+00,-5.652022361755371094e-01,1.271724700927734375e-03
3.333642482757568359e-01,3.599964678287506104e-01,1.421515464782714844e+00
6.252131462097167969e-01,-9.618934988975524902e-01,1.081274986267089844e+00
1.550362586975097656e+00,-5.284342169761657715e-01,4.026827812194824219e-01
3.481990396976470947e-01,-1.640457153320312500e+00,5.989165976643562317e-02
8.625447154045104980e-01,-1.949827194213867188e+00,7.794732451438903809e-01
8.513656258583068848e-02,5.392152070999145508e-01,1.439256191253662109e+00
7.967069745063781738e-01,-1.602713704109191895e+00,9.207730293273925781e-01
1.711638569831848145e+00,-1.428254604339599609e+00,4.936794936656951904e-01
-2.359962463378906250e-01,-1.211412906646728516e+00,2.761831581592559814e-01
-3.993057310581207275e-01,1.618436336517333984e+00,6.141247749328613281e-01
9.660768508911132812e-02,1.351510167121887207e+00,4.390475451946258545e-01
1.208048105239868164e+00,-7.307672500610351562e-02,2.883962988853454590e-01
-1.796602725982666016e+00,1.282524347305297852e+00,4.539053142070770264e-01
8.787734806537628174e-02,-7.412137985229492188e-01,1.280986309051513672e+00
-5.907688140869140625e-01,-3.503384590148925781e-01,1.167600631713867188e+00
2.474227920174598694e-02,-1.143836021423339844e+00,1.157396316528320312e+00
8.507299423217773438e-01,-1.763025045394897461e+00,1.528525352478027344e-01
-1.656413555145263672e+00,9.570222496986389160e-01,1.011578440666198730e+00
-6.270384788513183594e-01,2.010773181915283203e+00,1.110764741897583008e+00
-4.721508026123046875e-01,7.245511412620544434e-01,2.184365838766098022e-01
-9.505282640457153320e-01,1.293591380119323730e+00,2.228050231933593750e-01
-1.409136503934860229e-01,-1.170052051544189453e+00,8.872433304786682129e-01
1.069605946540832520e+00,-1.390386939048767090e+00,9.404778480529785156e-01
4.908698797225952148e-02,9.065642356872558594e-01,1.346498131752014160e+00
9.028053283691406250e-01,1.965302079916000366e-01,8.590737581253051758e-01
9.226958751678466797e-01,-1.283612489700317383e+00,1.671209335327148438e-01
8.473224639892578125e-01,3.970432281494140625e-01,3.162676990032196045e-01
-1.130010366439819336e+00,1.886611461639404297e+00,7.967352271080017090e-01
7.513830661773681641e-01,-3.481720387935638428e-01,1.981167793273925781e-01
-1.354125976562500000e+00,8.177863359451293945e-01,2.206912040710449219e-01
-7.774752378463745117e-01,8.172038793563842773e-01,2.155218124389648438e-01
1.903625428676605225e-01,5.818808674812316895e-01,2.076830863952636719e-01
7.894314527511596680e-01,1.335144020231382456e-06,1.279553413391113281e+00
1.503810286521911621e+00,-8.680601119995117188e-01,6.645731925964355469e-01
-1.304452419281005859e-01,-8.151163458824157715e-01,1.970505714416503906e-01
1.198236346244812012e+00,-1.980060935020446777e-01,8.570404052734375000e-01
-1.807180404663085938e+00,1.279917955398559570e+00,8.136944174766540527e-01
1.325252056121826172e+00,-8.128476738929748535e-01,1.770830154418945312e-01
-1.731618642807006836e+00,8.357033729553222656e-01,4.116424322128295898e-01
-2.916148304939270020e-01,1.833827018737792969e+00,4.382589757442474365e-01
-1.386004209518432617e+00,3.950514793395996094e-01,7.213048934936523438e-01
6.724883615970611572e-02,-1.347901344299316406e+00,1.503442376852035522e-01
1.394100666046142578e+00,-3.617623746395111084e-01,6.014454364776611328e-01
-1.191322803497314453e+00,1.431713223457336426e+00,2.404482960700988770e-01
-1.418886661529541016e+00,6.320924758911132812e-01,1.046644926071166992e+00
-1.266826629638671875e+00,7.368701100349426270e-01,1.314487934112548828e+00
-7.803426384925842285e-01,1.722538232803344727e+00,1.227533817291259766e+00
5.110808610916137695e-01,-2.137395858764648438e+00,3.051666319370269775e-01
-1.584520339965820312e+00,1.529604434967041016e+00,8.664916753768920898e-01
1.377528071403503418e+00,-1.412768363952636719e+00,8.429369926452636719e-01
1.113971233367919922e+00,-9.739280343055725098e-01,1.007204532623291016e+00
-9.633507728576660156e-01,2.919914424419403076e-01,1.335467100143432617e+00
-3.281569480895996094e-01,-7.556232810020446777e-01,1.097821593284606934e+00
-1.028605937957763672e+00,-9.621208161115646362e-02,7.736306786537170410e-01
-1.615614295005798340e-01,-1.788811385631561279e-01,1.450633525848388672e+00
-1.265895366668701172e+00,2.773575782775878906e-01,2.307336330413818359e-01
3.657388985157012939e-01,-1.964044570922851562e+00,5.972601175308227539e-01
-9.970062226057052612e-02,3.565132915973663330e-01,1.475419521331787109e+00
-5.052719116210937500e-01,-7.355644106864929199e-01,8.467012047767639160e-01
-4.919461607933044434e-01,1.298980355262756348e+00,1.338872432708740234e+00
4.380859434604644775e-02,-1.561794757843017578e+00,7.044847011566162109e-01
-1.528787255287170410e+00,1.055019974708557129e+00,2.250790596008300781e-01
3.807287514209747314e-01,-1.631470322608947754e+00,6.754570007324218750e-01
1.493373036384582520e+00,-1.045005202293395996e+00,1.565122604370117188e-01
1.076766610145568848e+00,-3.484185636043548584e-01,2.031478881835937500e-01
-2.094851583242416382e-01,1.722960114479064941e+00,-9.693145751953125000e-03
1.333005070686340332e+00,-1.280802130699157715e+00,1.514401435852050781e-01
-1.280020236968994141e+00,5.889039635658264160e-01,2.948698997497558594e-01
-1.588585734367370605e+00,1.515569686889648438e+00,2.928967177867889404e-01
-5.052337422966957092e-02,1.054001688957214355e+00,2.180786132812500000e-01
2.400711029767990112e-01,1.042721748352050781e+00,9.070923924446105957e-01
-1.105264663696289062e+00,8.175366520881652832e-01,2.184925079345703125e-01
4.340368509292602539e-01,-1.051654219627380371e+00,2.019958496093750000e-01
-7.565211057662963867e-01,2.095754623413085938e+00,7.549706697463989258e-01
5.915551781654357910e-01,-5.811439156532287598e-01,1.987142562866210938e-01
1.907086074352264404e-01,-8.152668476104736328e-01,1.983466148376464844e-01
-7.032492160797119141e-01,1.293185114860534668e+00,2.205572128295898438e-01
9.987145662307739258e-01,-8.144360184669494629e-01,1.911315917968750000e-01
6.034991145133972168e-01,-1.763275980949401855e+00,1.538686752319335938e-01
5.113842487335205078e-01,5.815168619155883789e-01,2.032895088195800781e-01
3.495971560478210449e-01,-3.481112718582153320e-01,1.964969635009765625e-01
-6.108232140541076660e-01,1.161833330988883972e-01,2.106189727783203125e-01
-6.107282638549804688e-01,-3.483723402023315430e-01,2.020850181579589844e-01
9.004430770874023438e-01,-2.036332607269287109e+00,5.446476340293884277e-01
9.122167825698852539e-01,-1.159684360027313232e-01,1.975278854370117188e-01
6.697848439216613770e-01,1.159322336316108704e-01,1.953144073486328125e-01
-1.296743750572204590e-01,-1.159985959529876709e-01,2.001328468322753906e-01
-8.629949688911437988e-01,1.054156422615051270e+00,2.191390991210937500e-01
-8.110181093215942383e-01,1.106483459472656250e+00,1.348180770874023438e+00
1.160095810890197754e+00,-5.810444951057434082e-01,1.975059509277343750e-01
-3.740164041519165039e-01,1.053504705429077148e+00,2.146959304809570312e-01
-9.362753033638000488e-01,3.491955995559692383e-01,2.192568778991699219e-01
3.834783136844635010e-01,-1.719792366027832031e+00,9.259353280067443848e-01
-1.560435295104980469e-01,1.641989111900329590e+00,2.136297523975372314e-01
5.975808501243591309e-01,-1.286180138587951660e+00,1.814670562744140625e-01
1.161564350128173828e+00,-5.750381946563720703e-01,1.069756507873535156e+00
1.883993148803710938e-01,-1.771782755851745605e+00,2.975610196590423584e-01
1.059125304222106934e+00,1.525878815300529823e-06,8.440003395080566406e-01
1.106307953596115112e-01,8.170220851898193359e-01,2.138657569885253906e-01
-8.927450180053710938e-01,-2.954066991806030273e-01,7.232571244239807129e-01
3.598451018333435059e-01,-1.159339904785156250e+00,1.078207492828369141e+00
-3.697372376918792725e-01,-3.482324182987213135e-01,1.993803977966308594e-01
1.555476188659667969e+00,-5.279383063316345215e-01,1.591619849205017090e-01
3.498471081256866455e-01,3.483601808547973633e-01,2.016425132751464844e-01
4.292819201946258545e-01,1.159712895750999451e-01,1.972994804382324219e-01
-5.011138692498207092e-02,5.821817517280578613e-01,2.114953994750976562e-01
3.000121936202049255e-02,-5.809539556503295898e-01,1.964492797851562500e-01
1.507184624671936035e+00,-1.199554562568664551e+00,8.727698326110839844e-01
3.768825531005859375e-02,1.363044738769531250e+00,2.064276039600372314e-01
-1.675640583038330078e+00,7.774714231491088867e-01,6.364848017692565918e-01
-9.386766552925109863e-01,1.991672992706298828e+00,8.912038803100585938e-01
1.324243545532226562e+00,-6.193559765815734863e-01,6.720700263977050781e-01
-1.112027287483215332e+00,1.521317720413208008e+00,1.229508399963378906e+00
1.805049419403076172e+00,-8.442655205726623535e-01,3.284912109375000000e-01
-1.183153629302978516e+00,9.372188150882720947e-02,6.228625178337097168e-01
-7.750465273857116699e-01,5.824983716011047363e-01,2.154932022094726562e-01
1.145317554473876953e+00,-1.747070789337158203e+00,1.777761727571487427e-01
7.556713819503784180e-01,-8.156242966651916504e-01,2.015881538391113281e-01
1.394321441650390625e+00,-5.435649156570434570e-01,9.208282232284545898e-01
-2.867483496665954590e-01,1.483337998390197754e+00,-2.143955230712890625e-02
1.409914970397949219e+00,-9.846097826957702637e-01,9.414844512939453125e-01
-4.153828322887420654e-01,9.059870243072509766e-01,1.425288200378417969e+00
-1.195764064788818359e+00,9.351878613233566284e-02,3.623126149177551270e-01
-1.639634668827056885e-01,-5.438643097877502441e-01,1.391301631927490234e+00
2.135471999645233154e-01,-5.508168935775756836e-01,1.319665431976318359e+00
2.611968852579593658e-02,-1.405646800994873047e+00,8.739757537841796875e-01
5.689298510551452637e-01,-1.586998462677001953e+00,9.519435167312622070e-01
5.474647283554077148e-01,-7.560105919837951660e-01,1.166790962219238281e+00
-2.928123474121093750e-01,1.812609195709228516e+00,6.730409264564514160e-01
6.567434668540954590e-01,-1.832154542207717896e-01,1.315877437591552734e+00
1.075928926467895508e+00,-3.776386082172393799e-01,1.148089885711669922e+00
-7.718676328659057617e-01,-1.161429211497306824e-01,2.083053588867187500e-01
-6.459045410156250000e-02,1.148112177848815918e+00,1.251801252365112305e+00
-4.206581115722656250e-01,-9.607253670692443848e-01,6.374477744102478027e-01
7.858021259307861328e-01,3.993242979049682617e-01,8.120126724243164062e-01
8.787948489189147949e-01,-5.680540204048156738e-01,1.141798973083496094e+00
2.088280469179153442e-01,-1.817953586578369141e+00,3.591980040073394775e-02
1.150018274784088135e-01,-1.330470204353332520e+00,4.287509918212890625e-01
-1.219564199447631836e+00,1.119108319282531738e+00,1.283704280853271484e+00
2.463500499725341797e-01,8.869051933288574219e-01,1.070042252540588379e+00
-9.351968765258789062e-02,1.388733148574829102e+00,1.017897367477416992e+00
2.697676122188568115e-01,1.316070552093151491e-06,1.440999984741210938e+00
-9.374566078186035156e-01,1.703228473663330078e+00,2.530981302261352539e-01
-1.556056022644042969e+00,6.165573000907897949e-01,1.594146639108657837e-01
-5.560913085937500000e-01,1.809480190277099609e+00,3.413100242614746094e-01
-1.581154942512512207e+00,1.133733272552490234e+00,1.208996772766113281e+00
1.445332884788513184e+00,-1.691570758819580078e+00,4.659789800643920898e-01
5.122385025024414062e-01,4.186665713787078857e-01,1.211457610130310059e+00
-5.523203015327453613e-01,-7.831063270568847656e-01,2.508526444435119629e-01
-2.865405082702636719e-01,-3.597284853458404541e-01,1.425776004791259766e+00
-7.936485409736633301e-01,7.243644595146179199e-01,1.410971641540527344e+00
-2.915785908699035645e-01,1.834470272064208984e+00,2.079425007104873657e-01
-2.855203151702880859e-01,5.372055172920227051e-01,1.460039615631103516e+00
1.350582599639892578e+00,-5.923180580139160156e-01,3.371591567993164062e-01
1.560738325119018555e+00,-7.923965454101562500e-01,8.860330581665039062e-01
5.206549167633056641e-01,1.373290956507844385e-06,1.406339645385742188e+00
-5.974699258804321289e-01,1.277923502129851840e-06,1.419742107391357422e+00
7.820054292678833008e-01,-1.380090355873107910e+00,9.853496551513671875e-01
1.469128429889678955e-01,-1.797888576984405518e-01,1.423354625701904297e+00
3.098359107971191406e-01,1.087261438369750977e+00,4.230380058288574219e-01
-1.117801666259765625e+00,2.845206260681152344e-01,1.097382426261901855e+00
-3.877044469118118286e-02,1.322031039308058098e-06,1.454508304595947266e+00
-1.052676677703857422e+00,-9.582435339689254761e-02,2.390646338462829590e-01
8.485935926437377930e-01,-2.031506061553955078e+00,3.145937919616699219e-01
3.405642509460449219e-01,5.511828064918518066e-01,1.315870285034179688e+00
-1.361233711242675781e+00,4.552089273929595947e-01,9.249387979507446289e-01
-1.609375000000000000e+00,7.871475815773010254e-01,8.907153010368347168e-01
1.466773986816406250e+00,-1.458765387535095215e+00,1.665011495351791382e-01
6.809659600257873535e-01,-2.058448791503906250e+00,7.589260935783386230e-01
1.678404808044433594e+00,-6.897049546241760254e-01,4.544964432716369629e-01
-1.129017353057861328e+00,1.855449676513671875e+00,1.006703734397888184e+00
-1.163081288337707520e+00,5.398321151733398438e-01,1.334306597709655762e+00
1.053304433822631836e+00,-1.176244378089904785e+00,9.918360710144042969e-01
-1.430157184600830078e+00,4.496447741985321045e-01,3.487670719623565674e-01
1.794213771820068359e+00,-1.019160628318786621e+00,6.871556043624877930e-01
1.039993405342102051e+00,-1.905784606933593750e+00,6.735122799873352051e-01
2.287473976612091064e-01,-1.323678016662597656e+00,1.058596134185791016e+00
-5.490477681159973145e-01,1.100323319435119629e+00,1.379682540893554688e+00
9.013773798942565918e-01,-9.683979749679565430e-01,1.041233062744140625e+00
-1.325075507164001465e+00,1.528715014457702637e+00,1.201450347900390625e+00
-1.682636260986328125e+00,7.764495611190795898e-01,2.159808278083801270e-01
-9.037662148475646973e-01,1.514332056045532227e+00,1.256016254425048828e+00
7.534610033035278320e-01,-7.641986012458801270e-01,1.103627681732177734e+00
-1.119952797889709473e+00,1.932126998901367188e+00,5.556845068931579590e-01
-9.882916808128356934e-01,1.728427648544311523e+00,1.207805156707763672e+00
6.331177949905395508e-01,-1.166638612747192383e+00,1.040912628173828125e+00
-9.386221170425415039e-01,1.991961002349853516e+00,3.747381567955017090e-01
-3.334683179855346680e-01,-1.092373371124267578e+00,4.351782202720642090e-01
-1.774203777313232422e+00,1.110779285430908203e+00,9.344061017036437988e-01
-7.937794327735900879e-01,-4.626336097717285156e-01,3.378072977066040039e-01
1.360316753387451172e+00,-1.817837059497833252e-01,9.868871569633483887e-01
3.474389612674713135e-01,-7.488422989845275879e-01,1.222142696380615234e+00
1.480412364006042480e+00,-7.784805297851562500e-01,4.429290816187858582e-02
6.725965738296508789e-01,-5.621322393417358398e-01,1.202911376953125000e+00
-7.554604411125183105e-01,1.304266333580017090e+00,1.315820217132568359e+00
-1.524299263954162598e+00,1.331081151962280273e+00,1.198957443237304688e+00
1.884006977081298828e+00,-1.173891305923461914e+00,2.692529261112213135e-01
-1.301965266466140747e-01,1.613440513610839844e+00,6.979751586914062500e-01
4.830553233623504639e-01,-3.486800193786621094e-01,1.319313049316406250e+00
1.733133077621459961e+00,-1.358281612396240234e+00,3.027487099170684814e-01
-1.375603824853897095e-01,-1.308783054351806641e+00,7.374519109725952148e-01
-3.033593297004699707e-01,1.625770568847656250e+00,1.064889788627624512e+00
-1.665647923946380615e-01,-7.357622385025024414e-01,1.323000431060791016e+00
-1.013093352317810059e+00,1.112887382507324219e+00,1.315486431121826172e+00
1.284322261810302734e+00,-1.705591201782226562e+00,7.055537104606628418e-01
-9.191350936889648438e-01,-2.941297888755798340e-01,4.477505385875701904e-01
8.932815492153167725e-02,-9.403329491615295410e-01,1.213928222656250000e+00
1.640950918197631836e+00,-1.449642777442932129e+00,6.822323799133300781e-01
-6.393277049064636230e-01,2.041611671447753906e+00,2.669873237609863281e-01
2.739655971527099609e-01,-3.636250197887420654e-01,1.365275859832763672e+00
1.348992824554443359e+00,-3.646735548973083496e-01,7.974494695663452148e-01
-1.214980483055114746e+00,5.174431800842285156e-01,1.187783777713775635e-01
-9.915934801101684570e-01,7.287012934684753418e-01,1.377525806427001953e+00
3.871214091777801514e-01,-1.856258392333984375e+00,7.794294357299804688e-01
-4.483744800090789795e-01,1.953083992004394531e+00,6.563488841056823730e-01
2.147145867347717285e-01,-1.671881198883056641e+00,8.112924098968505859e-01
-1.509823322296142578e+00,8.016837835311889648e-01,1.097653985023498535e+00
-4.337928593158721924e-01,1.503612160682678223e+00,1.296673774719238281e+00
-5.263118743896484375e-01,-5.226104855537414551e-01,1.061892628669738770e+00
8.574886918067932129e-01,-1.850170791149139404e-01,1.260047912597656250e+00
-8.675702214241027832e-01,9.147235155105590820e-01,1.371522903442382812e+00
1.669245600700378418e+00,-8.691835403442382812e-01,1.144305393099784851e-01
-1.719151377677917480e+00,1.302868485450744629e+00,2.746129035949707031e-01
-1.386782646179199219e+00,7.247023582458496094e-01,-2.670715190470218658e-02
-5.430186390876770020e-01,1.535073399543762207e+00,2.219371795654296875e-01
8.961512446403503418e-01,-1.526312828063964844e+00,1.543981879949569702e-01
1.434395790100097656e+00,-3.591622710227966309e-01,4.101836979389190674e-01
1.301782131195068359e+00,-1.836705803871154785e-01,4.193029701709747314e-01
-7.596346735954284668e-01,2.075572490692138672e+00,4.220208525657653809e-01
1.653924584388732910e-01,1.207086563110351562e+00,8.343243598937988281e-01
6.986145973205566406e-01,2.031122148036956787e-01,1.174823284149169922e+00
1.009392261505126953e+00,1.930949687957763672e-01,3.740917742252349854e-01
-4.564167261123657227e-01,1.862567424774169922e+00,9.610905051231384277e-01
-6.013169884681701660e-01,7.218677997589111328e-01,1.430230140686035156e+00
-6.585102081298828125e-01,3.585042357444763184e-01,1.444558620452880859e+00
-8.493652343750000000e-01,9.910022467374801636e-02,1.287946701049804688e+00
2.993591316044330597e-02,1.160599812865257263e-01,2.017855644226074219e-01
-4.010733067989349365e-01,1.052842140197753906e-01,2.070712298154830933e-01
-1.647225916385650635e-01,9.081212878227233887e-01,1.412147521972656250e+00
-1.364319622516632080e-01,-1.355424880981445312e+00,4.782220423221588135e-01
-9.866879582405090332e-01,1.678466787780052982e-06,9.653186798095703125e-01
3.943806290626525879e-01,1.795493662357330322e-01,1.429755210876464844e+00
-7.609522938728332520e-01,2.067028999328613281e+00,9.874448776245117188e-01
1.234335660934448242e+00,-1.812633037567138672e+00,3.328039348125457764e-01
-4.079941511154174805e-01,3.572410941123962402e-01,1.464169502258300781e+00
-1.275849461555480957e+00,9.262029528617858887e-01,1.300889015197753906e+00
-7.237693071365356445e-01,5.392491221427917480e-01,1.438861370086669922e+00
1.461665332317352295e-01,3.575657904148101807e-01,1.459113121032714844e+00
-7.115454673767089844e-01,-3.041716217994689941e-01,1.029365658760070801e+00
-4.819591343402862549e-01,-3.664503395557403564e-01,1.321579933166503906e+00
-4.074091911315917969e-01,1.430511474609375000e-06,1.460934638977050781e+00
8.596710115671157837e-02,7.251022458076477051e-01,1.405299663543701172e+00
2.351455576717853546e-02,-5.460700988769531250e-01,1.368645191192626953e+00
-5.320059061050415039e-01,1.787759363651275635e-01,1.453789234161376953e+00
4.357772693037986755e-02,-1.590384483337402344e+00,5.186343193054199219e-01
1.653538227081298828e+00,-6.929275393486022949e-01,6.983695626258850098e-01
1.882269233465194702e-01,-1.486614465713500977e+00,-6.055355072021484375e-03
-1.807086467742919922e+00,1.103789448738098145e+00,5.089645385742187500e-01
-4.119132757186889648e-01,7.198563218116760254e-01,1.445776939392089844e+00
-7.408046722412109375e-01,-5.052946209907531738e-01,7.427941560745239258e-01
-1.435739994049072266e+00,4.491938352584838867e-01,5.351785421371459961e-01
1.301094889640808105e+00,-2.029991894960403442e-01,7.021150588989257812e-01
-2.982113659381866455e-01,1.300144672393798828e+00,1.333786964416503906e+00
5.195135474205017090e-01,-2.057154178619384766e+00,6.438195705413818359e-01
4.374127089977264404e-01,-1.525039434432983398e+00,1.747207641601562500e-01
-1.359012126922607422e+00,1.671374797821044922e+00,1.087920188903808594e+00
-1.114449501037597656e-01,-1.233719348907470703e+00,1.064719319343566895e+00
-1.607347130775451660e-01,1.779655367136001587e-01,1.479038715362548828e+00
-2.224246114492416382e-01,1.382827690576959867e-06,1.467100143432617188e+00
1.690946102142333984e+00,-8.628089427947998047e-01,7.574479579925537109e-01
-1.042240262031555176e+00,1.538761377334594727e+00,2.392969131469726562e-01
1.879501342773437500e+00,-1.002463340759277344e+00,3.837451040744781494e-01
-1.561219692230224609e+00,6.159723997116088867e-01,5.860269069671630859e-01
3.630439043045043945e-01,-2.001154899597167969e+00,3.686169385910034180e-01
-1.566959381103515625e+00,6.153224706649780273e-01,-2.272216789424419403e-02
9.253033399581909180e-01,2.853674888610839844e-01,1.972216814756393433e-01
-1.465748548507690430e+00,8.337838053703308105e-01,3.619461059570312500e-01
4.361801221966743469e-02,-1.585455417633056641e+00,2.176272571086883545e-01
-1.001429706811904907e-01,5.366820693016052246e-01,1.465387821197509766e+00
-1.752028465270996094e-01,-9.965673685073852539e-01,1.049354791641235352e+00
-2.116619795560836792e-01,-1.051060795783996582e+00,1.979808807373046875e-01
-1.307040303945541382e-01,1.279444098472595215e+00,1.438379287719726562e-01
1.435333251953125000e+00,-4.080154597759246826e-01,5.849090591073036194e-02
-4.198317527770996094e-01,1.956145286560058594e+00,4.789269864559173584e-01
1.676096439361572266e+00,-6.900032162666320801e-01,2.753820717334747314e-01
-1.820113182067871094e+00,1.276730060577392578e+00,6.310540437698364258e-01
4.517066851258277893e-02,1.392606735229492188e+00,6.633068919181823730e-01
-1.166038632392883301e+00,1.723584651947021484e+00,2.771923840045928955e-01
-3.051757812500000000e-01,-7.582266330718994141e-01,1.960443109273910522e-01
-4.507319629192352295e-01,3.489016294479370117e-01,2.129545211791992188e-01
1.100595951080322266e+00,-1.932488530874252319e-01,1.004598140716552734e+00
-4.630998969078063965e-01,1.787336349487304688e+00,1.522698998451232910e-01
-5.761527419090270996e-01,1.718467950820922852e+00,1.241182327270507812e+00
9.936800003051757812e-01,1.936010718345642090e-01,7.108422517776489258e-01
1.757537841796875000e+00,-1.202909588813781738e+00,1.565036028623580933e-01
-6.060066223144531250e-01,-7.241554856300354004e-01,4.016256630420684814e-01
-8.355154991149902344e-01,-9.932334721088409424e-02,1.078302860260009766e+00
-1.337182283401489258e+00,1.756968021392822266e+00,3.979513347148895264e-01
-1.299706995487213135e-01,3.486703932285308838e-01,2.078723907470703125e-01
-4.913711547851562500e-02,-1.477454185485839844e+00,1.279763728380203247e-01
6.284761428833007812e-01,-4.111685156822204590e-01,1.263117074966430664e+00
4.745731353759765625e-01,8.457255959510803223e-01,7.044906616210937500e-01
-1.727222919464111328e+00,1.120765089988708496e+00,1.128643512725830078e+00
-1.360338449478149414e+00,1.054801940917968750e+00,2.235898971557617188e-01
-1.332912921905517578e+00,6.418298482894897461e-01,1.194123148918151855e+00
1.660115957260131836e+00,-1.044263720512390137e+00,1.514391899108886719e-01
4.991998672485351562e-01,-2.106845855712890625e+00,4.861758351325988770e-01
1.258269309997558594e+00,-1.520582437515258789e+00,1.537628173828125000e-01
1.528105258941650391e+00,-4.851388931274414062e-01,5.618624687194824219e-01
-5.997454524040222168e-01,2.060646057128906250e+00,7.006855607032775879e-01
5.257281661033630371e-01,-2.009472846984863281e+00,1.526017189025878906e-01
-7.561141848564147949e-01,2.098392963409423828e+00,5.866572260856628418e-01
-1.284356951713562012e+00,1.294587850570678711e+00,2.283730506896972656e-01
1.160287380218505859e+00,2.708434976739226840e-06,4.294918775558471680e-01
3.593214452266693115e-01,7.744531035423278809e-01,1.024536132812500000e+00
-1.546996712684631348e+00,9.342966079711914062e-01,1.127352863550186157e-01
1.168060302734375000e+00,-1.281730651855468750e+00,1.566181182861328125e-01
-1.027622342109680176e+00,1.054372549057006836e+00,2.206358909606933594e-01
6.729071736335754395e-01,-2.116929531097412109e+00,3.625277578830718994e-01
1.838493347167968750e-01,-1.770661234855651855e+00,4.617910683155059814e-01
1.328290700912475586e+00,-1.046034336090087891e+00,1.635551452636718750e-01
-5.393897891044616699e-01,1.292922973632812500e+00,2.190618515014648438e-01
-9.408690929412841797e-01,8.173720240592956543e-01,2.170062065124511719e-01
1.000989675521850586e+00,-1.048065662384033203e+00,1.774826049804687500e-01
1.573715209960937500e-01,8.868378996849060059e-01,1.206778883934020996e+00
4.423115849494934082e-01,-9.096937179565429688e-01,1.137869238853454590e+00
1.161558866500854492e+00,-8.136427998542785645e-01,1.841259002685546875e-01
-8.534951806068420410e-01,1.162413731217384338e-01,2.144613265991210938e-01
-1.099018216133117676e+00,3.489965498447418213e-01,2.151031494140625000e-01
3.666958808898925781e-01,6.432104110717773438e-01,1.165599942207336426e+00
1.074903488159179688e+00,-1.159795001149177551e-01,1.981835365295410156e-01
-6.149233579635620117e-01,8.170357346534729004e-01,2.140450477600097656e-01
7.599245905876159668e-01,-1.284895896911621094e+00,1.743125915527343750e-01
9.133242368698120117e-01,-3.482047915458679199e-01,1.987700462341308594e-01
7.534176707267761230e-01,-5.814561247825622559e-01,2.026071548461914062e-01
-1.368437111377716064e-01,-1.338397979736328125e+00,2.905056774616241455e-01
7.504769563674926758e-01,-1.159584596753120422e-01,1.968760490417480469e-01
5.955852866172790527e-01,-1.050634860992431641e+00,1.950521469116210938e-01
1.111706495285034180e-01,1.054113388061523438e+00,2.188196182250976562e-01
-2.121319472789764404e-01,1.053395032882690430e+00,2.139673233032226562e-01
-6.134866476058959961e-01,5.828399658203125000e-01,2.196121215820312500e-01
2.725497484207153320e-01,-1.052468538284301758e+00,2.076392173767089844e-01
1.288175225257873535e+00,-3.617421388626098633e-01,4.786410331726074219e-01
-5.310969352722167969e-01,-5.810672044754028320e-01,1.977353096008300781e-01
8.310980200767517090e-01,1.159436777234077454e-01,1.959643363952636719e-01
-1.097203731536865234e+00,1.127648353576660156e-01,9.322808384895324707e-01
-2.920399308204650879e-01,8.177027702331542969e-01,2.198920249938964844e-01
1.413150787353515625e+00,-6.791797280311584473e-01,1.520071327686309814e-01
5.453076362609863281e-01,6.258910298347473145e-01,9.132351279258728027e-01
5.902264118194580078e-01,-3.481439054012298584e-01,1.974668502807617188e-01
6.724612116813659668e-01,5.813696384429931641e-01,2.014789581298828125e-01
2.715527415275573730e-01,8.167205452919006348e-01,2.113122940063476562e-01
3.515444993972778320e-01,-8.153755664825439453e-01,1.993241310119628906e-01
7.512804865837097168e-01,3.481243848800659180e-01,1.971302032470703125e-01
3.010070696473121643e-02,-8.151812553405761719e-01,1.976985931396484375e-01
4.306512475013732910e-01,-5.811004638671875000e-01,1.980657577514648438e-01
-3.695275783538818359e-01,-1.160527318716049194e-01,2.028255462646484375e-01
3.507278263568878174e-01,5.816622972488403320e-01,2.051391601562500000e-01
3.491653501987457275e-01,-1.159348636865615845e-01,1.952571868896484375e-01
-1.300149559974670410e-01,-5.809085965156555176e-01,1.958041191101074219e-01
1.896716207265853882e-01,-3.481001853942871094e-01,1.958518028259277344e-01
-2.096813917160034180e-01,-3.481587767601013184e-01,1.975841522216796875e-01
2.992187440395355225e-02,-1.160044074058532715e-01,1.983394622802734375e-01
1.527024865150451660e+00,-5.634782314300537109e-01,-2.010250091552734375e-02
-1.079617500305175781e+00,1.871061682701110840e+00,1.156999826431274414e+00
8.356161117553710938e-01,3.977983891963958740e-01,6.613642573356628418e-01
2.149598598480224609e-01,-1.665795803070068359e+00,-2.218505740165710449e-02
-6.067326068878173828e-01,-1.825664639472961426e-01,1.336127281188964844e+00
4.374343752861022949e-01,-1.755467891693115234e+00,1.221837997436523438e-01
-1.709559440612792969e+00,9.475038647651672363e-01,8.177093267440795898e-01
1.220986247062683105e+00,-1.400650739669799805e+00,8.957500457763671875e-01
-3.343895971775054932e-01,-1.076045513153076172e+00,7.018458247184753418e-01
-1.116617679595947266e+00,1.293857216835021973e+00,2.243061065673828125e-01
-2.105932533740997314e-01,5.823892354965209961e-01,2.140402793884277344e-01
-2.542653083801269531e-01,1.433852791786193848e+00,1.241992190480232239e-01
7.988333702087402344e-01,1.998819559812545776e-01,1.014418482780456543e+00
2.760925292968750000e-01,1.488528251647949219e-01,1.995092779397964478e-01
-1.382838129997253418e+00,3.781609535217285156e-01,2.184204012155532837e-01
6.694650650024414062e-01,6.138518452644348145e-01,6.097521781921386719e-01
-1.758764266967773438e+00,9.386910796165466309e-01,5.700826644897460938e-01
-7.722033262252807617e-01,-3.484578728675842285e-01,2.038969993591308594e-01
-1.571241974830627441e+00,1.575448036193847656e+00,4.783321917057037354e-01
-1.310599446296691895e+00,5.659451484680175781e-01,1.047086715698242188e-02
9.180746078491210938e-01,-1.814882278442382812e+00,8.221777081489562988e-01
-1.320762634277343750e-01,1.535638332366943359e+00,8.936852812767028809e-01
1.898715198040008545e-01,3.484672605991363525e-01,2.034401893615722656e-01
-1.306301593780517578e+00,2.754031419754028320e-01,6.742815971374511719e-01
-1.378391981124877930e-01,1.297221183776855469e+00,1.194358587265014648e+00
1.541333556175231934e+00,-1.338973045349121094e+00,8.262258768081665039e-01
-1.433889627456665039e+00,1.127520680427551270e+00,1.240713119506835938e+00
8.736500740051269531e-01,2.899169885495211929e-06,1.141596794128417969e+00
9.223976135253906250e-01,3.064565658569335938e-01,4.217187464237213135e-01
5.282201170921325684e-01,-1.974313259124755859e+00,7.688335776329040527e-01
-4.301433563232421875e-01,-9.593408107757568359e-01,4.883157312870025635e-01
9.429049491882324219e-01,-1.609887480735778809e+00,8.935499191284179688e-01
-7.313168644905090332e-01,1.373290956507844385e-06,1.354595661163330078e+00
1.174006581306457520e+00,-7.739948630332946777e-01,1.028029441833496094e+00
1.259716510772705078e+00,-9.786376953125000000e-01,9.782123565673828125e-01
-1.257655024528503418e+00,3.868225812911987305e-01,1.005745410919189453e+00
1.272175073623657227e+00,-4.485397338867187500e-01,1.360848993062973022e-01
4.635656774044036865e-01,3.644630610942840576e-01,1.352272033691406250e+00
1.284682273864746094e+00,-1.842217594385147095e-01,2.298281788825988770e-01
-7.215788364410400391e-01,-3.928443789482116699e-01,9.125289916992187500e-01
1.305631279945373535e+00,-5.778627395629882812e-01,1.040630817413330078e+00
-1.272312164306640625e+00,1.810163259506225586e+00,7.105444073677062988e-01
5.003685951232910156e-01,8.423828482627868652e-01,3.361968994140625000e-01
-8.532985448837280273e-01,3.611779212951660156e-01,1.403126239776611328e+00
-1.069631576538085938e+00,3.696531951427459717e-01,1.271769523620605469e+00
4.573314636945724487e-02,-1.322940826416015625e+00,9.929448962211608887e-01
-4.874753952026367188e-02,-1.477536916732788086e+00,5.226635336875915527e-01
7.400544285774230957e-01,-1.832491993904113770e+00,8.590631484985351562e-01
1.024426817893981934e+00,-1.982035160064697266e+00,4.909925758838653564e-01
-2.473468780517578125e-01,-1.209379553794860840e+00,4.281658828258514404e-01
7.644491195678710938e-01,-2.081734180450439453e+00,6.302338838577270508e-01
-1.180575370788574219e+00,1.163252964615821838e-01,2.196407318115234375e-01
1.020118713378906250e+00,-5.722645521163940430e-01,1.098378658294677734e+00
3.087737970054149628e-02,-1.309923410415649414e+00,3.140292167663574219e-01
-4.519613683223724365e-01,5.826862454414367676e-01,2.178673744201660156e-01
1.859991550445556641e+00,-1.006282925605773926e+00,5.607632398605346680e-01
9.234827756881713867e-01,-1.383234739303588867e+00,9.716458320617675781e-01
-1.584834098815917969e+00,9.698415994644165039e-01,1.151831388473510742e+00
1.821670055389404297e+00,-1.188194632530212402e+00,6.882293820381164551e-01
-1.165969848632812500e+00,1.318089246749877930e+00,1.255570888519287109e+00
9.663405418395996094e-01,2.326965386600932106e-06,9.865049719810485840e-01
9.352001547813415527e-01,-3.748677074909210205e-01,1.191035270690917969e+00
-9.417622089385986328e-01,-1.994167715311050415e-01,8.132934570312500000e-01
-1.490140914916992188e+00,6.240223050117492676e-01,9.066222906112670898e-01
9.923367500305175781e-01,-1.936448216438293457e-01,1.189128041267395020e+00
-1.199392795562744141e+00,3.544137775897979736e-01,3.270874023437500000e-01
-6.303376555442810059e-01,1.781039118766784668e+00,2.259249687194824219e-01
-3.082017302513122559e-01,1.531664729118347168e+00,1.190261840820312500e+00
-7.958628535270690918e-01,1.945550084114074707e+00,1.172384262084960938e+00
6.421493291854858398e-01,-1.377390265464782715e+00,9.971222877502441406e-01
2.702617645263671875e-01,-1.544172763824462891e+00,1.243469193577766418e-01
-1.129349946975708008e+00,7.337262034416198730e-01,1.338722229003906250e+00
8.452115058898925781e-01,3.971792459487915039e-01,5.223806500434875488e-01
6.514651179313659668e-01,1.373290956507844385e-06,1.358745098114013672e+00
-1.385079264640808105e+00,7.324123382568359375e-01,1.155978366732597351e-01
3.654452562332153320e-01,-1.370519876480102539e+00,1.027086257934570312e+00
3.718052506446838379e-01,-1.589425802230834961e+00,9.711618423461914062e-01
7.622625827789306641e-01,-9.649001955986022949e-01,1.062779903411865234e+00
-9.053397178649902344e-01,-2.947972416877746582e-01,5.849757194519042969e-01
2.247866839170455933e-01,-1.154200911521911621e+00,1.104452133178710938e+00
-1.424172878265380859e+00,8.141906261444091797e-01,1.245146512985229492e+00
-3.722698986530303955e-01,1.736755132675170898e+00,4.627323150634765625e-02
1.232650756835937500e+00,-2.171139717102050781e-01,1.031056046485900879e+00
4.956127703189849854e-01,-1.162523865699768066e+00,1.061944484710693359e+00
-1.591635346412658691e+00,1.505041599273681641e+00,1.000567197799682617e+00
-1.299664974212646484e-01,1.622971534729003906e+00,3.725188970565795898e-02
8.612756133079528809e-01,-2.017242908477783203e+00,1.802487373352050781e-01
-7.670217156410217285e-01,1.509458541870117188e+00,1.274476528167724609e+00
-1.772572040557861328e+00,9.362180829048156738e-01,3.314556777477264404e-01
2.344779223203659058e-01,1.181505203247070312e+00,4.932128787040710449e-01
-1.577516198158264160e+00,1.553786277770996094e+00,7.344985604286193848e-01
-1.166886329650878906e+00,9.398410469293594360e-02,7.557153105735778809e-01
1.007553100585937500e+00,1.931538283824920654e-01,5.078098773956298828e-01
1.664218068122863770e+00,-1.206647634506225586e+00,8.365383148193359375e-01
1.602203965187072754e+00,-1.061618328094482422e+00,2.702803611755371094e-01
1.438813686370849609e+00,-7.207563519477844238e-01,9.807810783386230469e-01
3.423151969909667969e-01,-5.540173053741455078e-01,1.286639690399169922e+00
-3.337713181972503662e-01,-1.087018966674804688e+00,5.677772164344787598e-01
-9.411783218383789062e-01,1.854496002197265625e-01,1.246592521667480469e+00
5.248382687568664551e-01,-1.816618889570236206e-01,1.364217281341552734e+00
1.740843176841735840e+00,-1.333181381225585938e+00,1.724920570850372314e-01
1.460429906845092773e+00,-1.636122703552246094e+00,3.469680845737457275e-01
-1.061037540435791016e+00,-9.568992257118225098e-02,3.707220256328582764e-01
-3.340621888637542725e-01,-1.081872463226318359e+00,3.040631115436553955e-01
6.800597906112670898e-02,-1.441992759704589844e+00,5.847045779228210449e-02
-6.793238520622253418e-01,1.103384733200073242e+00,1.364017486572265625e+00
2.167155444622039795e-01,-7.444183826446533203e-01,1.256227970123291016e+00
-1.080610156059265137e+00,5.190849304199218750e-03,8.384281992912292480e-01
1.491422533988952637e+00,-5.962890386581420898e-01,8.505787849426269531e-01
-1.055094242095947266e+00,1.793035268783569336e+00,2.745947837829589844e-01
4.611759260296821594e-02,1.275290012359619141e+00,9.360212683677673340e-01
-8.066331148147583008e-01,-4.010060727596282959e-01,7.860498428344726562e-01
-4.312722682952880859e-01,-5.659533739089965820e-01,1.163582801818847656e+00
6.707074046134948730e-01,-2.132893085479736328e+00,1.974664330482482910e-01
-6.221615672111511230e-01,1.299605369567871094e+00,1.336152553558349609e+00
-2.950862944126129150e-01,1.772337913513183594e+00,7.966169714927673340e-01
-1.644086837768554688e+00,7.820785641670227051e-01,7.622365951538085938e-01
1.017917752265930176e+00,-1.765255689620971680e+00,1.619296073913574219e-01
2.346499264240264893e-01,1.177241802215576172e+00,3.637164235115051270e-01
1.277193069458007812e+00,-3.693066835403442383e-01,9.376263022422790527e-01
-1.199075222015380859e+00,9.346538037061691284e-02,4.913882315158843994e-01
-3.981414809823036194e-02,-7.388728857040405273e-01,1.299050331115722656e+00
-5.071258544921875000e-02,-1.290821552276611328e+00,2.073507308959960938e-01
1.472206115722656250e+00,-1.592869758605957031e+00,2.252337634563446045e-01
2.735872268676757812e-01,1.093152761459350586e+00,7.296133041381835938e-01
-1.782701015472412109e+00,1.285951375961303711e+00,1.001298308372497559e+00
-3.468422591686248779e-01,-1.790287196636199951e-01,1.446077823638916016e+00
4.785823822021484375e-02,1.058950424194335938e+00,1.175370931625366211e+00
-2.901461720466613770e-01,3.487748205661773682e-01,2.104101181030273438e-01
-5.427566170692443848e-01,9.081579446792602539e-01,1.411941051483154297e+00
-2.466029375791549683e-01,-9.842364192008972168e-01,9.438223838806152344e-01
-6.677958369255065918e-01,1.500202655792236328e+00,2.226702868938446045e-01
-6.041598916053771973e-01,2.024294376373291016e+00,9.339929223060607910e-01
-8.241324424743652344e-01,-2.987256050109863281e-01,8.707237243652343750e-01
-1.214751243591308594e+00,2.798305749893188477e-01,9.469951987266540527e-01
1.298780441284179688e+00,-1.837673187255859375e-01,5.468574166297912598e-01
-1.668995618820190430e-01,1.102037668228149414e+00,1.370894908905029297e+00
1.477752625942230225e-01,-3.615024387836456299e-01,1.398335933685302734e+00
2.441787719726562500e-01,6.550905704498291016e-01,1.342790246009826660e+00
9.870052337646484375e-02,-1.508877992630004883e+00,8.584475517272949219e-01
-4.201867580413818359e-01,1.097662329673767090e+00,1.393253803253173828e+00
-1.365369707345962524e-01,-1.351130485534667969e+00,6.049742102622985840e-01
-1.041651248931884766e+00,-9.600245952606201172e-02,6.380144953727722168e-01
2.098402380943298340e-01,5.412545800209045410e-01,1.418277740478515625e+00
-1.314736366271972656e+00,2.749948799610137939e-01,3.552545011043548584e-01
-2.894924879074096680e-01,9.052821397781372070e-01,1.429588794708251953e+00
2.696151733398437500e-01,1.790181100368499756e-01,1.446415424346923828e+00
-3.130774497985839844e-01,1.453606605529785156e+00,1.292253732681274414e+00
-3.893112018704414368e-02,7.224835753440856934e-01,1.425504684448242188e+00
-3.785481154918670654e-01,-7.795484662055969238e-01,9.851970672607421875e-01
-2.196798324584960938e-01,-1.214334964752197266e+00,7.374871373176574707e-01
-2.885087430477142334e-01,-5.428289771080017090e-01,1.402049541473388672e+00
3.942185938358306885e-01,1.373290956507844385e-06,1.429303169250488281e+00
-5.323353409767150879e-01,3.575817644596099854e-01,1.458844184875488281e+00
2.313964813947677612e-02,-1.793748289346694946e-01,1.436178207397460938e+00
-1.787402629852294922e+00,1.107973337173461914e+00,8.107763528823852539e-01
-1.624105870723724365e-01,-3.594553768634796143e-01,1.430008888244628906e+00
-2.870370447635650635e-01,7.192047238349914551e-01,1.450768947601318359e+00
-4.095896780490875244e-01,5.374987125396728516e-01,1.456999778747558594e+00
2.709260582923889160e-01,-1.798883229494094849e-01,1.419417858123779297e+00
-2.842268943786621094e-01,3.568190038204193115e-01,1.470627784729003906e+00
8.475082367658615112e-02,1.335144020231382456e-06,1.447547912597656250e+00
-1.184139251708984375e-01,1.393605589866638184e+00,5.023773014545440674e-02
-9.342161417007446289e-01,-1.161836981773376465e-01,2.108745574951171875e-01
1.498256921768188477e+00,-1.497187614440917969e+00,7.387800216674804688e-01
7.141441106796264648e-01,-1.817691802978515625e+00,1.522143483161926270e-01
4.577193260192871094e-01,6.975493431091308594e-01,9.613973498344421387e-01
6.928395628929138184e-01,4.080848693847656250e-01,9.334092736244201660e-01
2.299819886684417725e-02,3.563765883445739746e-01,1.477675437927246094e+00
6.205701828002929688e-01,4.116760194301605225e-01,1.045207619667053223e+00
-3.831283375620841980e-02,1.782162040472030640e-01,1.471672534942626953e+00
-1.548914909362792969e+00,6.173663139343261719e-01,2.814099192619323730e-01
-1.685053348541259766e+00,7.760964632034301758e-01,5.149453878402709961e-01
2.728753685951232910e-01,1.053726196289062500e+00,2.162518501281738281e-01
1.150233268737792969e+00,2.632141104186302982e-06,6.919549703598022461e-01
1.549396038055419922e+00,-5.285283327102661133e-01,2.809087932109832764e-01
-4.514505267143249512e-01,1.918471813201904297e+00,7.761626839637756348e-01
-1.183721899986267090e+00,5.825681090354919434e-01,2.163658142089843750e-01
-1.124323129653930664e+00,1.912348747253417969e+00,6.749522089958190918e-01
-9.413396716117858887e-01,1.977459430694580078e+00,1.010923147201538086e+00
4.364501684904098511e-02,-1.582120418548583984e+00,3.381622135639190674e-01
-5.539426803588867188e-01,-7.648415565490722656e-01,7.404469251632690430e-01
-1.473053097724914551e+00,1.548101305961608887e+00,2.832283973693847656e-01
1.250577092170715332e+00,-1.635271310806274414e+00,7.972760200500488281e-01
1.725667953491210938e+00,-1.382586002349853516e+00,6.291691660881042480e-01
1.224412322044372559e+00,-1.854331970214843750e+00,4.479945302009582520e-01
2.835359573364257812e-01,-2.164927572011947632e-01,1.955300867557525635e-01
-1.438334465026855469e+00,1.182170271873474121e+00,2.285272181034088135e-01
-1.300572901964187622e-01,1.619214534759521484e+00,5.762634277343750000e-01
-1.304716467857360840e-01,1.601982593536376953e+00,3.370098769664764404e-01
1.433953762054443359e+00,-3.591908514499664307e-01,2.861129641532897949e-01
-8.123218417167663574e-01,1.640319737816753332e-06,1.231755733489990234e+00
9.527994990348815918e-01,8.583736419677734375e-02,9.041201472282409668e-01
-7.632151842117309570e-01,2.052355289459228516e+00,1.106203317642211914e+00
9.955307096242904663e-02,-1.665444612503051758e+00,6.828331947326660156e-01
-1.445143699645996094e+00,8.188993930816650391e-01,5.876464769244194031e-02
