-1.926085472106933594e+00,1.603546738624572754e+00,7.493600249290466309e-01
1.950729370117187500e+00,-1.868552565574645996e+00,3.959698379039764404e-01
6.507153511047363281e-01,6.156701445579528809e-01,2.563861012458801270e-01
-2.487495392560958862e-01,-1.384143471717834473e+00,9.676990509033203125e-01
-1.089705824851989746e+00,6.416845321655273438e-02,2.079769819974899292e-01
-3.698587417602539062e-01,2.095372200012207031e+00,2.794683873653411865e-01
-4.225099086761474609e-01,9.215313792228698730e-01,1.329641342163085938e+00
1.329765558242797852e+00,-5.885444283485412598e-01,9.304709434509277344e-01
6.153063774108886719e-01,-2.534924030303955078e+00,4.321102797985076904e-01
2.106544375419616699e-01,-1.813698112964630127e-01,1.373552799224853516e+00
2.708846926689147949e-01,-5.825457572937011719e-01,2.160897254943847656e-01
9.411614537239074707e-01,-1.606910943984985352e+00,9.048399925231933594e-01
-6.179389953613281250e-01,1.054165124893188477e+00,2.192168235778808594e-01
1.459887981414794922e+00,-1.021573901176452637e+00,-3.951549530029296875e-03
1.103311106562614441e-01,-1.732750773429870605e+00,3.004074096679687500e-02
-1.411260843276977539e+00,7.797654271125793457e-01,9.835133552551269531e-01
-9.497891664505004883e-01,1.785095214843750000e+00,1.017910480499267578e+00
-7.500853538513183594e-01,-1.006995141506195068e-01,1.164773821830749512e+00
1.679096221923828125e-01,1.337550520896911621e+00,6.674238443374633789e-01
-6.047430038452148438e-01,-7.242984771728515625e-01,4.017049968242645264e-01
-1.378702402114868164e+00,2.240170478820800781e+00,3.644595146179199219e-01
-1.572184085845947266e+00,8.006925582885742188e-01,6.973934173583984375e-02
-1.762410849332809448e-01,2.915105819702148438e-01,2.122225910425186157e-01
3.966045379638671875e-01,6.403111219406127930e-01,1.160343647003173828e+00
1.077568650245666504e+00,-1.162669733166694641e-01,2.160305976867675781e-01
4.246003627777099609e-01,-9.625307321548461914e-01,1.077342510223388672e+00
1.798206806182861328e+00,-1.193578124046325684e+00,7.515704035758972168e-01
7.642711997032165527e-01,-1.292245626449584961e+00,2.153525352478027344e-01
1.208937048912048340e+00,-2.035280466079711914e+00,2.444653511047363281e-01
8.851171731948852539e-01,1.411438006471144035e-06,1.072011947631835938e+00
-1.216957569122314453e+00,1.547519087791442871e+00,2.804856300354003906e-01
2.053794860839843750e-01,-1.903526782989501953e+00,7.182852029800415039e-01
-4.961425811052322388e-02,1.489374518394470215e+00,6.932258605957031250e-03
-2.325282245874404907e-01,-7.436026334762573242e-01,1.262536048889160156e+00
-7.088804244995117188e-01,2.404589653015136719e+00,8.132389783859252930e-01
-2.559315562248229980e-01,1.820838332176208496e+00,8.981142044067382812e-01
-1.637071222066879272e-01,3.623191714286804199e-01,1.385414600372314453e+00
8.831024169921875000e-04,9.071176052093505859e-01,2.053570449352264404e-01
-9.359033107757568359e-01,5.524631142616271973e-01,1.302591800689697266e+00
1.488168478012084961e+00,-1.852558255195617676e+00,7.918148040771484375e-01
-1.313326954841613770e-01,-1.053677201271057129e+00,2.159094810485839844e-01
-1.150593042373657227e+00,1.989225298166275024e-01,8.286285400390625000e-01
-1.428055882453918457e+00,1.372947812080383301e+00,1.016493797302246094e+00
1.071002006530761719e+00,-2.313642978668212891e+00,7.480068206787109375e-01
-9.092628359794616699e-01,1.148226857185363770e+00,1.134962081909179688e+00
-1.474439978599548340e+00,2.007179021835327148e+00,9.877920150756835938e-01
1.432627201080322266e+00,-5.398509502410888672e-01,3.491113185882568359e-01
-1.769482135772705078e+00,1.111782431602478027e+00,5.126501321792602539e-01
1.529322504997253418e+00,-1.539901137351989746e+00,2.446513175964355469e-01
3.501876890659332275e-01,1.162742674350738525e-01,2.163205146789550781e-01
-1.080226078629493713e-01,1.341482400894165039e+00,1.153643131256103516e+00
-8.471035957336425781e-01,-2.976144254207611084e-01,6.595315337181091309e-01
-4.308562278747558594e-01,-2.395191490650177002e-01,2.163275033235549927e-01
8.157914280891418457e-01,-5.705486536026000977e-01,1.116055011749267578e+00
-9.368889927864074707e-01,5.819715857505798340e-01,2.089986801147460938e-01
1.280250787734985352e+00,-1.191233634948730469e+00,9.152741432189941406e-01
7.690272331237792969e-01,4.020951986312866211e-01,7.385798692703247070e-01
6.165295243263244629e-01,-2.035856962203979492e+00,2.465147972106933594e-01
1.000501990318298340e+00,-8.158934116363525391e-01,2.039990425109863281e-01
-1.833544015884399414e+00,1.919973373413085938e+00,3.370849490165710449e-01
-1.407826304435729980e+00,5.114889144897460938e-01,4.769851565361022949e-01
-8.974425792694091797e-01,2.052056312561035156e+00,3.041634559631347656e-01
4.430521428585052490e-01,8.994989395141601562e-01,7.235142588615417480e-01
-5.642049908638000488e-01,-6.493291854858398438e-01,8.978454470634460449e-01
-2.883659303188323975e-01,-1.811039745807647705e-01,1.381583213806152344e+00
-1.111968398094177246e+00,1.056030273437500000e+00,2.320055961608886719e-01
-7.096516489982604980e-01,1.539019584655761719e+00,2.404828071594238281e-01
-8.364744186401367188e-01,2.536968708038330078e+00,3.339565992355346680e-01
1.163049221038818359e+00,-1.881423890590667725e-01,6.907973885536193848e-01
2.331086695194244385e-01,-1.393282294273376465e+00,9.278450012207031250e-01
5.268690586090087891e-01,1.823648959398269653e-01,1.342407226562500000e+00
-9.692907333374023438e-02,-1.467294573783874512e+00,5.190405249595642090e-01
6.774529814720153809e-01,-2.057537794113159180e+00,8.369288444519042969e-01
3.534597754478454590e-01,-1.052590250968933105e+00,2.084341049194335938e-01
1.943115234375000000e+00,-1.333183884620666504e+00,3.264044225215911865e-01
6.724313497543334961e-01,-3.490462303161621094e-01,2.160620689392089844e-01
-6.375274062156677246e-01,1.759819984436035156e-01,2.096215784549713135e-01
-3.343963027000427246e-01,-1.075952053070068359e+00,6.352688670158386230e-01
8.766433596611022949e-02,9.228183031082153320e-01,1.321699142456054688e+00
-1.137329101562500000e+00,2.277601957321166992e+00,8.147433400154113770e-01
8.490459918975830078e-01,-1.182066440582275391e+00,9.620971679687500000e-01
2.580713629722595215e-01,-5.959687232971191406e-01,1.267953753471374512e+00
-5.877512693405151367e-01,1.562892913818359375e+00,1.071814060211181641e+00
9.968199729919433594e-01,-2.444212198257446289e+00,2.605108618736267090e-01
1.644847393035888672e+00,-8.703005909919738770e-01,5.201318264007568359e-01
3.637371063232421875e-01,1.078501939773559570e+00,3.448837101459503174e-01
1.105056166648864746e+00,-1.538778662681579590e+00,2.393784523010253906e-01
-1.254521161317825317e-01,1.809657573699951172e+00,4.977410733699798584e-01
-8.598108291625976562e-01,-2.969995737075805664e-01,2.470739632844924927e-01
-1.649999976158142090e+00,1.552504897117614746e+00,3.039531707763671875e-01
-5.398167371749877930e-01,1.814006567001342773e-01,1.372361183166503906e+00
-6.069401502609252930e-01,2.004797220230102539e+00,9.949197769165039062e-01
-2.106597870588302612e-01,-5.825723409652709961e-01,2.163085937500000000e-01
1.872338771820068359e+00,-1.652471899986267090e+00,7.320261001586914062e-01
-5.316647291183471680e-01,5.816881656646728516e-01,2.054281234741210938e-01
4.399768114089965820e-01,-1.533979296684265137e+00,2.167782783508300781e-01
9.466004371643066406e-01,1.951182186603546143e-01,4.454391300678253174e-01
-5.001098662614822388e-02,-1.163242682814598083e-01,2.163219451904296875e-01
1.481095194816589355e+00,-2.178718566894531250e+00,4.835325479507446289e-01
2.707421779632568359e-01,5.822393894195556641e-01,2.122931480407714844e-01
1.931262016296386719e-01,1.106229662895202637e+00,9.711431860923767090e-01
-1.370172977447509766e+00,4.544875323772430420e-01,1.017184406518936157e-01
-4.314528703689575195e-01,2.143558979034423828e+00,6.865942478179931641e-01
4.833820089697837830e-02,-9.995241165161132812e-01,1.118178129196166992e+00
-2.948136925697326660e-01,1.293124914169311523e+00,2.201929092407226562e-01
-2.970753312110900879e-01,1.737118244171142578e+00,1.533773839473724365e-01
5.929868817329406738e-01,-1.832233220338821411e-01,1.315686225891113281e+00
3.500753641128540039e-01,-2.179719924926757812e+00,4.633350968360900879e-01
-1.763990402221679688e+00,1.290562868118286133e+00,8.817095756530761719e-01
-2.010914802551269531e+00,1.576737284660339355e+00,3.848193287849426270e-01
2.105137556791305542e-01,3.623068034648895264e-01,1.385591506958007812e+00
-4.794566929340362549e-01,5.463476181030273438e-01,1.365721702575683594e+00
-1.625171899795532227e+00,1.998229980468750000e+00,6.220946907997131348e-01
1.749023437500000000e+00,-1.028007388114929199e+00,2.150524854660034180e-01
5.854208469390869141e-01,-1.603433847427368164e+00,9.180321693420410156e-01
2.813339233398437500e-01,-2.045638322830200195e+00,1.362078785896301270e-01
-1.591629981994628906e+00,7.897385954856872559e-01,5.851890444755554199e-01
-8.754239678382873535e-01,2.097878456115722656e-01,1.270247220993041992e+00
8.615420460700988770e-01,-1.785431623458862305e+00,2.437610626220703125e-01
8.332586288452148438e-02,-1.745884418487548828e+00,3.742245435714721680e-01
4.387710615992546082e-02,1.553319931030273438e+00,3.399597108364105225e-01
-1.096762657165527344e+00,8.619979023933410645e-01,1.180237531661987305e+00
6.186021566390991211e-01,3.820739984512329102e-01,1.079279899597167969e+00
-3.137885928153991699e-01,-9.812598824501037598e-01,9.620776176452636719e-01
1.052209496498107910e+00,-7.860701084136962891e-01,9.348683357238769531e-01
1.115609705448150635e-01,-1.290661334991455078e+00,2.064781188964843750e-01
-5.618671178817749023e-01,2.372601985931396484e+00,4.468850493431091309e-01
-2.212762832641601562e-02,1.611261248588562012e+00,7.713633775711059570e-01
5.943658351898193359e-01,-8.166173100471496582e-01,2.103524208068847656e-01
1.566946506500244141e+00,-9.928861856460571289e-01,8.905458450317382812e-01
-5.590266585350036621e-01,-3.755155205726623535e-01,1.181060791015625000e+00
-1.184267520904541016e+00,4.694946110248565674e-01,1.020474791526794434e+00
-1.447638392448425293e+00,1.057297468185424805e+00,2.406907081604003906e-01
1.096162199974060059e+00,-3.847401440143585205e-01,1.038041114807128906e+00
1.519961953163146973e+00,-1.408169269561767578e+00,8.629813194274902344e-01
6.717391610145568848e-01,1.162703484296798706e-01,2.163133621215820312e-01
-1.653398126363754272e-01,7.303507328033447266e-01,1.364754199981689453e+00
-1.666422367095947266e+00,1.585433483123779297e+00,9.863104820251464844e-01
1.537605285644531250e+00,-7.079530954360961914e-01,9.919616580009460449e-02
-7.513709068298339844e-01,8.118915557861328125e-01,1.305141568183898926e+00
4.322830215096473694e-02,-1.633801460266113281e+00,7.557107210159301758e-01
-1.085633397102355957e+00,3.776121139526367188e-02,5.237268209457397461e-01
-1.403113245964050293e+00,1.801995754241943359e+00,3.109641075134277344e-01
-5.009673908352851868e-02,5.820099711418151855e-01,2.093701362609863281e-01
1.178359627723693848e+00,-1.836449503898620605e+00,8.458056449890136719e-01
-4.247651100158691406e-01,-9.601261019706726074e-01,2.670730650424957275e-01
1.225078105926513672e+00,-2.351276397705078125e+00,4.585819840431213379e-01
-1.081482768058776855e+00,2.314255714416503906e+00,3.227181434631347656e-01
-3.906265273690223694e-02,-3.632202148437500000e-01,1.371876239776611328e+00
-3.923019394278526306e-02,1.348257001154706813e-06,1.388775825500488281e+00
1.721960663795471191e+00,-1.977172851562500000e+00,5.684943795204162598e-01
1.114605665206909180e-01,1.289500832557678223e+00,1.999802589416503906e-01
-2.914793193340301514e-01,8.161327242851257324e-01,2.060289382934570312e-01
1.255302429199218750e+00,-1.054242372512817383e+00,2.197756767272949219e-01
4.966696202754974365e-01,-2.274501323699951172e+00,7.229104638099670410e-01
9.467275142669677734e-01,1.298971176147460938e-01,7.425003051757812500e-01
7.668501138687133789e-01,-2.510117053985595703e+00,6.929945349693298340e-01
-1.622563362121582031e+00,9.630842208862304688e-01,8.311555385589599609e-01
-1.261166095733642578e+00,2.775866687297821045e-01,3.586022853851318359e-01
-1.309866428375244141e+00,8.308819532394409180e-01,6.802099347114562988e-01
5.654168128967285156e-01,6.239418387413024902e-01,9.103892445564270020e-01
-8.868897557258605957e-01,1.250623703002929688e+00,2.338110357522964478e-01
-1.057643294334411621e+00,1.797366619110107422e+00,2.921686172485351562e-01
5.277490615844726562e-01,8.388335704803466797e-01,4.073373377323150635e-01
-1.179025650024414062e+00,2.003629207611083984e+00,9.984183311462402344e-01
-9.459695816040039062e-01,-9.754359722137451172e-02,8.526597619056701660e-01
-1.810159564018249512e+00,1.306082248687744141e+00,2.925653457641601562e-01
-7.528486251831054688e-01,-3.021731376647949219e-01,9.515699744224548340e-01
1.368554353713989258e+00,-1.785053253173828125e+00,2.422323226928710938e-01
-1.194942235946655273e+00,1.160481691360473633e+00,1.072384834289550781e+00
1.714299917221069336e+00,-1.786054015159606934e+00,2.463011741638183594e-01
-9.036816954612731934e-01,2.227143764495849609e+00,9.817366600036621094e-01
-1.734636783599853516e+00,1.852637290954589844e+00,8.492279052734375000e-01
-1.151841998100280762e+00,1.575786828994750977e+00,1.022901058197021484e+00
2.079476356506347656e+00,-1.642713069915771484e+00,2.661004662513732910e-01
5.409222245216369629e-01,-5.609088540077209473e-01,1.215542316436767578e+00
-4.397501945495605469e-01,1.337208509445190430e+00,1.172264575958251953e+00
-5.918860435485839844e-01,1.800313353538513184e+00,2.675250172615051270e-01
2.030422687530517578e+00,-1.482950448989868164e+00,5.552529692649841309e-01
-1.272057294845581055e+00,8.184864521026611328e-01,2.268524169921875000e-01
3.017730638384819031e-02,-8.172562718391418457e-01,2.160229682922363281e-01
1.242129802703857422e+00,-3.488118648529052734e-01,2.113194465637207031e-01
8.355743288993835449e-01,-5.822331309318542480e-01,2.122092247009277344e-01
1.554695963859558105e+00,-2.036486387252807617e+00,2.487521171569824219e-01
-7.773187160491943359e-01,8.170390129089355469e-01,2.140679359436035156e-01
6.511330604553222656e-01,6.156294345855712891e-01,5.402563214302062988e-01
1.517270565032958984e+00,-7.105888128280639648e-01,7.161691188812255859e-01
1.100619509816169739e-01,3.489580154418945312e-01,2.140417098999023438e-01
5.112512111663818359e-01,3.490608036518096924e-01,2.163257598876953125e-01
5.107269287109375000e-01,-1.162751764059066772e-01,2.163085937500000000e-01
1.100967377424240112e-01,-3.490678071975708008e-01,2.163095474243164062e-01
6.454008221626281738e-01,-2.316530227661132812e+00,2.425161749124526978e-01
-6.322300434112548828e-01,1.134530425071716309e+00,1.204934120178222656e+00
1.567788004875183105e+00,-1.241816997528076172e+00,2.398565560579299927e-01
4.525031894445419312e-02,1.382866382598876953e+00,9.184322953224182129e-01
5.714828372001647949e-01,-1.179665088653564453e+00,9.743933677673339844e-01
-1.593424201011657715e+00,2.058408975601196289e+00,3.267879486083984375e-01
6.523559689521789551e-01,-7.932567596435546875e-01,1.091532588005065918e+00
-1.014049410820007324e+00,2.411347389221191406e+00,6.087526082992553711e-01
-2.336852997541427612e-01,1.117081046104431152e+00,1.294060707092285156e+00
-7.242102622985839844e-01,-5.066339373588562012e-01,5.332739353179931641e-01
8.043794631958007812e-01,3.998135924339294434e-01,3.184750378131866455e-01
-1.795947253704071045e-01,1.573478341102600098e+00,1.031651973724365234e+00
3.314008712768554688e-01,8.642838597297668457e-01,1.023064494132995605e+00
-1.348558425903320312e+00,4.562318623065948486e-01,7.344654798507690430e-01
1.303774356842041016e+00,-3.675911724567413330e-01,5.472305417060852051e-01
1.278272867202758789e+00,-2.076309919357299805e+00,7.806897163391113281e-01
3.871145546436309814e-01,-2.055659055709838867e+00,8.425593376159667969e-01
-1.357394307851791382e-01,-1.384084701538085938e+00,2.257797122001647949e-01
5.270971655845642090e-01,-1.782626152038574219e+00,2.323803901672363281e-01
9.768081307411193848e-01,-2.071698427200317383e+00,7.945070266723632812e-01
-1.548162102699279785e+00,1.303548216819763184e+00,2.784118652343750000e-01
2.347854524850845337e-02,5.452369451522827148e-01,1.377237796783447266e+00
-3.700431883335113525e-01,1.162146031856536865e-01,2.128772735595703125e-01
-1.682721614837646484e+00,9.523103237152099609e-01,2.770980894565582275e-01
-1.156514525413513184e+00,2.055991649627685547e+00,3.181681632995605469e-01
-1.290166854858398438e+00,1.300443887710571289e+00,2.610697746276855469e-01
1.787262797355651855e+00,-1.539339661598205566e+00,2.420172691345214844e-01
4.032423198223114014e-01,-3.669764101505279541e-01,1.313468933105468750e+00
8.091895580291748047e-01,-1.825896859169006348e+00,8.811640739440917969e-01
2.406173571944236755e-02,-7.441900372505187988e-01,1.257995128631591797e+00
9.533498883247375488e-01,-2.034775733947753906e+00,2.426571846008300781e-01
1.312168121337890625e+00,-1.620015621185302734e+00,8.551368713378906250e-01
4.562788009643554688e-01,4.222776591777801514e-01,1.297252774238586426e+00
-9.622291326522827148e-01,1.544383764266967773e+00,2.657542228698730469e-01
-6.413671970367431641e-01,2.048123359680175781e+00,2.901654243469238281e-01
-5.409550070762634277e-01,-1.817833632230758667e-01,1.360492706298828125e+00
-3.645610809326171875e-01,-5.356679558753967285e-01,1.316976308822631836e+00
1.179952979087829590e+00,-1.294780254364013672e+00,2.294812202453613281e-01
8.409368991851806641e-01,-1.052190661430358887e+00,2.057065963745117188e-01
9.163421988487243652e-01,-2.511467456817626953e+00,4.904780387878417969e-01
-1.309773683547973633e+00,1.788787484169006348e+00,1.005525588989257812e+00
-7.216444015502929688e-01,-5.068420767784118652e-01,2.531591653823852539e-01
4.216294288635253906e-01,-3.589822351932525635e-01,2.161993384361267090e-01
2.303452640771865845e-01,1.284063339233398438e+00,4.207296669483184814e-01
1.073041319847106934e+00,-1.394852399826049805e+00,9.210152626037597656e-01
-2.839694023132324219e-01,-1.202821135520935059e+00,4.258435070514678955e-01
1.861871242523193359e+00,-1.178970336914062500e+00,5.053909420967102051e-01
1.923248320817947388e-01,-1.518982768058776855e+00,1.462254524230957031e-01
-2.119763195514678955e-01,1.052623033523559570e+00,2.086815834045410156e-01
-7.149288654327392578e-01,1.351699352264404297e+00,1.109111309051513672e+00
-6.916201710700988770e-01,-1.162210404872894287e-01,2.131595611572265625e-01
8.536688089370727539e-01,-1.536965131759643555e+00,2.308311462402343750e-01
-1.403536081314086914e+00,2.154435157775878906e+00,5.967303514480590820e-01
1.628723382949829102e+00,-1.640108466148376465e+00,7.789177894592285156e-01
-1.195503592491149902e+00,6.213622093200683594e-01,4.494750872254371643e-02
-4.615933001041412354e-01,1.537644624710083008e+00,2.340283393859863281e-01
3.520562648773193359e-01,8.165626525878906250e-01,2.098069190979003906e-01
-8.533059358596801758e-01,3.485243618488311768e-01,2.052783966064453125e-01
-2.823882997035980225e-01,1.997282981872558594e+00,5.364693999290466309e-01
1.114145755767822266e+00,-1.785771727561950684e+00,2.451543807983398438e-01
-9.407119750976562500e-01,9.762851148843765259e-02,1.059901714324951172e+00
4.509930312633514404e-01,-1.822431564331054688e+00,8.927736282348632812e-01
1.161602735519409180e+00,-5.817992687225341797e-01,2.068552970886230469e-01
-1.940594196319580078e+00,1.421403527259826660e+00,5.626577734947204590e-01
7.175222635269165039e-01,-1.389588236808776855e+00,9.439673423767089844e-01
5.180987715721130371e-01,-1.290756344795227051e+00,2.070055007934570312e-01
-2.043000221252441406e+00,1.744138598442077637e+00,5.626159310340881348e-01
-4.579942226409912109e-01,1.780660986900329590e+00,1.032764911651611328e+00
-1.023309707641601562e+00,8.177569508552551270e-01,2.204246520996093750e-01
-4.504809379577636719e-01,3.487072587013244629e-01,2.089385986328125000e-01
2.999633736908435822e-02,1.162943020462989807e-01,2.163281440734863281e-01
3.696341514587402344e-01,-1.748013615608215332e+00,4.749053716659545898e-02
9.968768358230590820e-01,-3.490058779716491699e-01,2.153515815734863281e-01
-5.399502515792846680e-01,1.294266343116760254e+00,2.265634536743164062e-01
1.319773197174072266e+00,-8.094876408576965332e-01,1.474156379699707031e-01
8.334319591522216797e-01,-1.162692606449127197e-01,2.161717414855957031e-01
-9.965772628784179688e-01,1.363164544105529785e+00,1.059138298034667969e+00
2.463867142796516418e-02,1.139059782028198242e+00,1.181798458099365234e+00
-1.841945409774780273e+00,1.896702289581298828e+00,5.808858871459960938e-01
9.145965576171875000e-01,1.162710562348365784e-01,2.163071632385253906e-01
-1.363816112279891968e-01,-1.357551574707031250e+00,7.311323285102844238e-01
-1.565828323364257812e+00,1.174659132957458496e+00,9.999465942382812500e-01
-1.093162521719932556e-01,-1.166228175163269043e+00,1.043011188507080078e+00
5.122830271720886230e-01,-5.825391411781311035e-01,2.159500122070312500e-01
-4.518641531467437744e-01,-5.825608372688293457e-01,2.163143157958984375e-01
1.268063068389892578e+00,-3.698962628841400146e-01,8.088698983192443848e-01
2.700704932212829590e-01,-1.162791922688484192e-01,2.163143157958984375e-01
1.052659988403320312e+00,2.937316821771673858e-06,5.701690316200256348e-01
-1.301226764917373657e-01,-3.490787446498870850e-01,2.163157463073730469e-01
1.201434612274169922e+00,-1.869052052497863770e-01,4.266870021820068359e-01
7.334908843040466309e-01,-3.727439939975738525e-01,1.223997116088867188e+00
-5.567340850830078125e-01,-7.334265708923339844e-01,6.735748052597045898e-01
-1.237907886505126953e+00,2.787113487720489502e-01,6.176406741142272949e-01
-1.482718467712402344e+00,6.248636245727539062e-01,2.231671065092086792e-01
1.110711619257926941e-01,-1.053175449371337891e+00,2.123961448669433594e-01
1.758887767791748047e+00,-1.420710206031799316e+00,8.083295822143554688e-01
8.364486694335937500e-01,1.952691823244094849e-01,9.419198036193847656e-01
3.522765934467315674e-01,-8.170730471611022949e-01,2.143149375915527344e-01
5.963815450668334961e-01,-1.052040100097656250e+00,2.046761512756347656e-01
3.008331172168254852e-02,-5.825505852699279785e-01,2.162289619445800781e-01
-2.113134711980819702e-01,-8.172736167907714844e-01,2.161626815795898438e-01
-5.335018634796142578e-01,8.163254857063293457e-01,2.077670097351074219e-01
-3.728202879428863525e-01,-7.677530646324157715e-01,1.076205730438232422e+00
-2.906166017055511475e-01,5.818336606025695801e-01,2.071785926818847656e-01
-1.097713708877563477e+00,3.485821187496185303e-01,2.065391540527343750e-01
2.043489068746566772e-01,-1.929094314575195312e+00,4.865400493144989014e-01
-5.792183279991149902e-01,2.229703426361083984e+00,8.954357504844665527e-01
-8.635292053222656250e-01,1.118130683898925781e-01,2.084518373012542725e-01
-2.026834487915039062e-01,1.898897051811218262e+00,2.993801832199096680e-01
1.616041511297225952e-01,-1.179438114166259766e+00,9.755411148071289062e-01
7.267808318138122559e-01,8.515024185180664062e-02,1.216061949729919434e+00
-1.211156368255615234e+00,6.556190252304077148e-01,1.152542710304260254e+00
-1.322000145912170410e+00,9.597064256668090820e-01,1.094735145568847656e+00
-1.722523421049118042e-01,-9.496331810951232910e-01,1.156715869903564453e+00
4.156962633132934570e-01,-7.550529837608337402e-01,1.174189567565917969e+00
3.305172920227050781e-01,1.083900928497314453e+00,6.477892994880676270e-01
-8.684482574462890625e-01,1.572118163108825684e+00,1.036817073822021484e+00
4.672050476074218750e-03,-1.488891005516052246e+00,9.276519417762756348e-01
2.136857509613037109e-01,7.340109348297119141e-01,1.336529731750488281e+00
8.668168187141418457e-01,-1.870295703411102295e-01,1.197607517242431641e+00
-7.356293797492980957e-01,2.312297105789184570e+00,3.165187835693359375e-01
3.983535766601562500e-01,1.316070552093151491e-06,1.370873451232910156e+00
3.054861426353454590e-01,-1.605048537254333496e+00,9.119129180908203125e-01
-8.898173570632934570e-01,2.000932216644287109e+00,1.006497859954833984e+00
1.589690208435058594e+00,-7.868018150329589844e-01,3.194207549095153809e-01
-6.688269376754760742e-01,3.641209304332733154e-01,1.357523918151855469e+00
4.872071743011474609e-01,-2.364529132843017578e+00,4.990315139293670654e-01
8.021203279495239258e-01,-2.553420305252075195e+00,2.570328712463378906e-01
1.916906684637069702e-01,1.052142143249511719e+00,2.053637504577636719e-01
1.295865416526794434e+00,-2.240530490875244141e+00,2.530322074890136719e-01
1.115945458412170410e+00,-1.959440559148788452e-01,9.209828376770019531e-01
-6.685429811477661133e-01,1.296997083954920527e-06,1.348320960998535156e+00
-1.531458973884582520e+00,1.792297482490539551e+00,9.937644004821777344e-01
7.716323733329772949e-01,-9.767608642578125000e-01,9.897956848144531250e-01
-7.003539800643920898e-01,2.459864139556884766e+00,5.950822234153747559e-01
-1.016498446464538574e+00,3.742744028568267822e-01,1.200146675109863281e+00
-2.879438698291778564e-01,1.808387786149978638e-01,1.389808654785156250e+00
-4.128367602825164795e-01,1.468658410885836929e-06,1.387139797210693359e+00
8.550277352333068848e-02,1.807634383440017700e-01,1.392693996429443359e+00
-8.131024241447448730e-01,1.728956222534179688e+00,2.735845744609832764e-01
1.200981140136718750e+00,-9.881785511970520020e-01,9.195117950439453125e-01
-6.975607872009277344e-01,-5.087859630584716797e-01,7.479256987571716309e-01
8.453565835952758789e-01,-2.315200090408325195e+00,7.437996864318847656e-01
1.409498453140258789e+00,-7.886852025985717773e-01,9.146752357482910156e-01
-4.271991550922393799e-01,2.191433906555175781e+00,4.628109633922576904e-01
-1.368052959442138672e+00,1.578297257423400879e+00,1.013378620147705078e+00
-2.054367810487747192e-01,1.499444961547851562e+00,1.531133949756622314e-01
-4.344730377197265625e-01,-9.587079882621765137e-01,4.879940748214721680e-01
1.503849506378173828e+00,-1.196900486946105957e+00,8.863244056701660156e-01
-1.211204767227172852e+00,1.369226098060607910e+00,1.032710075378417969e+00
1.414192199707031250e+00,-5.416387915611267090e-01,6.008508205413818359e-01
3.102569468319416046e-02,-1.552295207977294922e+00,3.029356002807617188e-01
-1.017271995544433594e+00,-9.639419615268707275e-02,3.734542727470397949e-01
-1.313947439193725586e+00,7.935216426849365234e-01,6.446361541748046875e-03
-7.375030517578125000e-01,1.782831192016601562e+00,1.025492191314697266e+00
1.113171696662902832e+00,-5.855569243431091309e-01,9.612927436828613281e-01
-8.918966650962829590e-01,9.403720498085021973e-01,1.213701248168945312e+00
1.298024535179138184e+00,-2.232600212097167969e+00,6.400469541549682617e-01
1.293195724487304688e+00,-1.400661945343017578e+00,8.957071304321289062e-01
-1.350732088088989258e+00,5.899696946144104004e-01,9.157619476318359375e-01
-5.693407058715820312e-01,2.311054706573486328e+00,6.651629209518432617e-01
-1.482717990875244141e+00,6.248635053634643555e-01,6.567982435226440430e-01
-3.805944621562957764e-01,1.554520249366760254e+00,1.103567123413085938e+00
1.511061072349548340e+00,-2.081173419952392578e+00,6.665695309638977051e-01
1.749023437500000000e+00,-1.028007030487060547e+00,6.329166889190673828e-01
-1.282164752483367920e-01,1.695362091064453125e+00,3.675048798322677612e-02
1.729522228240966797e+00,-1.866346836090087891e+00,7.456021308898925781e-01
9.844322204589843750e-01,-9.829239249229431152e-01,9.518537521362304688e-01
1.062948465347290039e+00,-1.187014698982238770e+00,9.368224143981933594e-01
-9.819831848144531250e-01,-9.696338325738906860e-02,6.444039940834045410e-01
7.954540252685546875e-01,4.003902971744537354e-01,5.266036987304687500e-01
5.098018050193786621e-01,-1.391965270042419434e+00,9.336047172546386719e-01
4.387687519192695618e-02,1.553320407867431641e+00,5.831689238548278809e-01
3.676797449588775635e-01,-1.184581756591796875e+00,9.492735862731933594e-01
-8.774328231811523438e-01,-2.961467802524566650e-01,4.508212208747863770e-01
-1.665900349617004395e+00,1.804224967956542969e+00,3.200106620788574219e-01
1.644847393035888672e+00,-8.703005909919738770e-01,3.757598623633384705e-02
-1.885804653167724609e+00,1.533412933349609375e+00,9.356753230094909668e-01
-1.728290081024169922e+00,1.120538115501403809e+00,7.589653134346008301e-01
2.027893066406250000e-01,-1.775329589843750000e+00,8.774992227554321289e-01
8.340952992439270020e-01,-7.768581509590148926e-01,1.005920410156250000e+00
-1.653622388839721680e-01,-5.485042333602905273e-01,1.343450069427490234e+00
-2.450499534606933594e-01,1.910066366195678711e+00,7.183125019073486328e-01
-1.977628707885742188e+00,1.767139911651611328e+00,3.323037624359130859e-01
1.913136005401611328e+00,-1.341087937355041504e+00,6.814640760421752930e-01
1.993950486183166504e+00,-1.742381095886230469e+00,6.020301580429077148e-01
-5.464591979980468750e-01,7.326210737228393555e-01,1.347248554229736328e+00
-4.299363493919372559e-01,1.123131752014160156e+00,1.263158321380615234e+00
1.697404742240905762e+00,-2.048799991607666016e+00,3.849493265151977539e-01
2.751235961914062500e-01,5.472684502601623535e-01,1.356194496154785156e+00
-8.637655377388000488e-01,1.055097103118896484e+00,2.255835533142089844e-01
-1.591629981994628906e+00,7.897382974624633789e-01,3.411376774311065674e-01
-7.356067299842834473e-01,5.480690002441406250e-01,1.347905635833740234e+00
8.774660825729370117e-01,-2.289768218994140625e+00,2.452435493469238281e-01
-6.119358539581298828e-01,-3.490610122680664062e-01,2.163267135620117188e-01
-1.209227085113525391e+00,2.258678913116455078e+00,6.338477730751037598e-01
4.968380928039550781e-01,-1.940580368041992188e+00,1.222201511263847351e-01
-4.144769310951232910e-01,3.629174828529357910e-01,1.376206398010253906e+00
-2.271914631128311157e-01,5.455663204193115234e-01,1.373765468597412109e+00
-4.991546645760536194e-02,1.270555138587951660e+00,9.415531158447265625e-02
-9.450951814651489258e-01,7.429513335227966309e-01,1.267562866210937500e+00
-1.422611832618713379e+00,2.088576316833496094e+00,7.779527306556701660e-01
-1.820442676544189453e+00,1.276648998260498047e+00,6.910365223884582520e-01
4.281944036483764648e-02,-1.684564113616943359e+00,5.691163539886474609e-01
-2.303050160408020020e-01,9.191893339157104492e-01,1.344066143035888672e+00
1.077526569366455078e+00,2.517700067983241752e-06,3.696450591087341309e-01
-4.378142356872558594e-01,2.071954250335693359e+00,8.653050065040588379e-01
3.356834352016448975e-01,1.813465803861618042e-01,1.374124050140380859e+00
-5.377168655395507812e-01,-5.216897726058959961e-01,1.060021638870239258e+00
-1.068236827850341797e+00,2.869185507297515869e-01,1.038672447204589844e+00
1.432446360588073730e+00,-9.800562858581542969e-01,1.800524890422821045e-01
-1.666679859161376953e+00,9.551829099655151367e-01,6.409035921096801758e-01
-1.553045749664306641e+00,7.953724265098571777e-01,7.751931548118591309e-01
-3.550518751144409180e-01,7.311624884605407715e-01,1.358531475067138672e+00
9.903922080993652344e-01,2.479553131706779823e-06,9.143176078796386719e-01
2.365722693502902985e-02,-5.493829846382141113e-01,1.334481239318847656e+00
1.537604331970214844e+00,-7.079519629478454590e-01,5.280572175979614258e-01
2.440365552902221680e-01,-9.442591667175292969e-01,1.129355311393737793e+00
-3.898448944091796875e-01,-9.652245640754699707e-01,7.901913523674011230e-01
2.366561815142631531e-02,7.319431304931640625e-01,1.352488517761230469e+00
-1.370172977447509766e+00,4.544870257377624512e-01,2.897305190563201904e-01
-2.269473224878311157e-01,-3.636331856250762939e-01,1.365322589874267578e+00
1.777003169059753418e+00,-1.297737836837768555e+00,2.460141181945800781e-01
2.953963279724121094e-01,-2.049588203430175781e+00,6.418250799179077148e-01
1.485961824655532837e-01,-3.635108768939971924e-01,1.367212772369384766e+00
-8.687554001808166504e-01,2.364736557006835938e+00,7.175010442733764648e-01
2.337783761322498322e-02,-1.812196373939514160e-01,1.378955841064453125e+00
1.479496657848358154e-01,1.373290956507844385e-06,1.383150577545166016e+00
-2.901045083999633789e-01,-1.162827461957931519e-01,2.163271903991699219e-01
-2.222180366516113281e-01,-1.213880300521850586e+00,8.144840598106384277e-01
-9.956802129745483398e-01,2.494469165802001953e+00,4.423648118972778320e-01
2.043495923280715942e-01,-1.929095745086669922e+00,2.603311240673065186e-01
-1.009744256734848022e-01,1.806312352418899536e-01,1.397016525268554688e+00
-8.285204768180847168e-01,2.579407691955566406e+00,5.320062041282653809e-01
-2.253744453191757202e-01,1.373290956507844385e-06,1.393720626831054688e+00
-1.169042587280273438e+00,2.416240215301513672e+00,5.064706206321716309e-01
1.632198810577392578e+00,-8.723566532135009766e-01,7.044640779495239258e-01
-1.482718467712402344e+00,6.248636245727539062e-01,3.845672681927680969e-02
5.904600620269775391e-01,1.335144020231382456e-06,1.337124347686767578e+00
2.336090058088302612e-02,3.619976341724395752e-01,1.390572547912597656e+00
-9.342266917228698730e-01,-1.161849945783615112e-01,2.109537124633789062e-01
-1.263423115015029907e-01,1.772900104522705078e+00,6.773126125335693359e-01
-1.579070210456848145e+00,2.140117168426513672e+00,4.898916482925415039e-01
8.942785263061523438e-01,-3.940171599388122559e-01,1.140119552612304688e+00
3.988204896450042725e-01,-1.815706938505172729e-01,1.367045879364013672e+00
4.387641698122024536e-02,1.553320407867431641e+00,1.584869325160980225e-01
2.339533120393753052e-01,1.194522857666015625e+00,8.182106018066406250e-01
1.019977092742919922e+00,-1.909932643175125122e-01,1.074573516845703125e+00
-5.806121230125427246e-01,2.218214988708496094e+00,3.006417751312255859e-01
-1.678572654724121094e+00,9.530534148216247559e-01,4.578838944435119629e-01
-4.167423844337463379e-01,-3.649050295352935791e-01,1.345510959625244141e+00
-8.499417304992675781e-01,-9.909072518348693848e-02,1.005666136741638184e+00
-1.764991760253906250e+00,1.112737417221069336e+00,2.745373547077178955e-01
-1.861170768737792969e+00,1.266609907150268555e+00,5.074014067649841309e-01
1.749023437500000000e+00,-1.028007507324218750e+00,4.531883001327514648e-01
1.716260910034179688e+00,-1.034421324729919434e+00,3.728942945599555969e-02
-1.652441620826721191e+00,1.379203438758850098e+00,9.892196655273437500e-01
1.122601389884948730e+00,-2.282200336456298828e+00,2.487637251615524292e-01
-1.472331523895263672e+00,1.552957415580749512e+00,2.945281863212585449e-01
-1.826849818229675293e+00,1.554540634155273438e+00,3.135356903076171875e-01
1.356886267662048340e+00,-1.297600269317626953e+00,2.355886846780776978e-01
1.890556573867797852e+00,-1.787189960479736328e+00,2.509026527404785156e-01
9.306938052177429199e-01,-2.441167831420898438e+00,6.552322506904602051e-01
-6.186019778251647949e-01,9.268279671669006348e-01,1.297048091888427734e+00
-1.417686939239501953e+00,2.057738542556762695e+00,3.243923187255859375e-01
2.036903858184814453e+00,-1.481016159057617188e+00,3.809246718883514404e-01
1.956542491912841797e+00,-1.329644083976745605e+00,5.000349283218383789e-01
7.560673952102661133e-01,-2.573244094848632812e+00,5.312127470970153809e-01
-1.103504180908203125e+00,9.500545263290405273e-02,6.975727677345275879e-01
2.028450965881347656e-01,8.809444904327392578e-01,1.198758244514465332e+00
-2.992610931396484375e-01,1.698369026184082031e+00,1.050504326820373535e+00
6.817274093627929688e-01,5.137915611267089844e-01,8.448470830917358398e-01
2.099905014038085938e+00,-1.635893225669860840e+00,4.375442266464233398e-01
4.399608969688415527e-01,9.420638084411621094e-01,5.144445896148681641e-01
-1.036571979522705078e+00,9.608398377895355225e-02,9.074099659919738770e-01
-9.081029891967773438e-01,2.313456058502197266e+00,3.201961517333984375e-01
2.043496668338775635e-01,-1.929095745086669922e+00,3.514923155307769775e-02
-1.936625480651855469e+00,1.422518253326416016e+00,3.282601833343505859e-01
1.381126999855041504e+00,-2.035974025726318359e+00,2.469358444213867188e-01
-1.229535818099975586e+00,1.799676299095153809e+00,3.015317916870117188e-01
4.540637135505676270e-01,7.478771209716796875e-01,9.537203907966613770e-01
-1.894241333007812500e+00,1.434425830841064453e+00,7.468467354774475098e-01
-1.119290113449096680e+00,1.296954035758972168e+00,2.415966987609863281e-01
1.317098259925842285e+00,-3.889625966548919678e-01,9.726271629333496094e-01
1.540493488311767578e+00,-1.785440802574157715e+00,2.438035011291503906e-01
1.359287381172180176e+00,-1.540312170982360840e+00,2.466068267822265625e-01
-1.997180461883544922e+00,1.581077814102172852e+00,5.617403984069824219e-01
-1.142866134643554688e+00,9.437145292758941650e-02,3.656143248081207275e-01
1.096519351005554199e+00,-2.391810417175292969e+00,5.603107810020446777e-01
2.813334465026855469e-01,-2.045637607574462891e+00,3.879678249359130859e-01
-1.480118751525878906e+00,9.885954260826110840e-01,1.044951915740966797e+00
7.845947146415710449e-01,-2.035315752029418945e+00,2.445898056030273438e-01
1.953755378723144531e+00,-1.505827903747558594e+00,7.415938973426818848e-01
1.012737393379211426e+00,-1.293758511543273926e+00,2.237939834594726562e-01
-1.279054522514343262e+00,1.056663036346435547e+00,2.363286018371582031e-01
6.938421726226806641e-01,-1.784022927284240723e+00,2.380542755126953125e-01
1.088560104370117188e+00,-1.053417444229125977e+00,2.141137123107910156e-01
-1.546939849853515625e+00,9.345254898071289062e-01,1.821362227201461792e-01
-8.650443553924560547e-01,3.661492168903350830e-01,1.326084136962890625e+00
7.258334159851074219e-01,2.022344022989273071e-01,1.097915291786193848e+00
6.875033378601074219e-01,-1.535761713981628418e+00,2.251868247985839844e-01
3.527946472167968750e-01,-2.142271041870117188e+00,2.498410046100616455e-01
-6.937512159347534180e-01,2.502667427062988281e+00,4.362570047378540039e-01
1.326145648956298828e+00,-5.816005468368530273e-01,2.044043540954589844e-01
1.319625854492187500e+00,-3.665689527988433838e-01,3.552719056606292725e-01
1.164868474006652832e+00,-8.159611225128173828e-01,2.045969963073730469e-01
-7.042501568794250488e-01,1.295025110244750977e+00,2.308325767517089844e-01
2.179672122001647949e-01,-7.487183809280395508e-01,1.223048686981201172e+00
-1.101011276245117188e+00,5.823120474815368652e-01,2.132339477539062500e-01
4.904592037200927734e-01,-2.333600521087646484e+00,2.928527891635894775e-01
3.550457656383514404e-01,-1.290033221244812012e+00,2.029600143432617188e-01
8.375133872032165527e-01,-8.161667585372924805e-01,2.063632011413574219e-01
-4.550965726375579834e-01,1.053556680679321289e+00,2.149906158447265625e-01
-7.741018533706665039e-01,5.817880034446716309e-01,2.066979408264160156e-01
9.981433153152465820e-01,-5.820133686065673828e-01,2.095394134521484375e-01
1.469242334365844727e+00,-1.630588650703430176e+00,8.150305747985839844e-01
-3.325129747390747070e-01,-1.109328746795654297e+00,3.026522696018218994e-01
-5.543943643569946289e-01,-7.597589492797851562e-01,2.517944276332855225e-01
8.332586288452148438e-02,-1.745883703231811523e+00,2.122714221477508545e-01
8.342822194099426270e-01,-3.490393757820129395e-01,2.159676551818847656e-01
1.807071208953857422e+00,-1.921715021133422852e+00,2.840344309806823730e-01
-7.332733869552612305e-01,1.823631972074508667e-01,1.342358589172363281e+00
-1.254544109106063843e-01,1.809661388397216797e+00,1.510671973228454590e-01
-6.917259097099304199e-01,3.485935032367706299e-01,2.067461013793945312e-01
6.737112402915954590e-01,-5.824502706527709961e-01,2.148666381835937500e-01
6.724554300308227539e-01,3.490587472915649414e-01,2.163214683532714844e-01
1.909738183021545410e-01,8.163987398147583008e-01,2.083396911621093750e-01
6.717349290847778320e-01,-1.162695884704589844e-01,2.162656784057617188e-01
1.911746114492416382e-01,-8.172582983970642090e-01,2.159299850463867188e-01
-1.285604834556579590e-01,1.681103706359863281e+00,8.698946833610534668e-01
-8.684205412864685059e-01,2.366522789001464844e+00,8.784453868865966797e-01
4.315896630287170410e-01,5.823673009872436523e-01,2.137584686279296875e-01
3.505560159683227539e-01,3.490658104419708252e-01,2.162327766418457031e-01
5.107275247573852539e-01,1.162752881646156311e-01,2.163171768188476562e-01
6.202031373977661133e-01,-2.499391555786132812e+00,5.885156393051147461e-01
-3.725372254848480225e-01,-8.172820806503295898e-01,2.162551879882812500e-01
1.102392524480819702e-01,5.821324586868286133e-01,2.108306884765625000e-01
-2.903839051723480225e-01,-3.490606546401977539e-01,2.163195610046386719e-01
-2.099450677633285522e-01,1.162392422556877136e-01,2.143321037292480469e-01
1.100115925073623657e-01,-1.163062751293182373e-01,2.163181304931640625e-01
1.900082379579544067e-01,1.162813603878021240e-01,2.163243293762207031e-01
-1.305966228246688843e-01,8.160629868507385254e-01,2.054114341735839844e-01
8.588356375694274902e-01,-1.971540451049804688e+00,8.340591192245483398e-01
1.080752491950988770e+00,-2.458070755004882812e+00,3.954315185546875000e-01
-1.224166870117187500e+00,2.200103759765625000e+00,9.230534434318542480e-01
-5.306927561759948730e-01,-1.162460669875144958e-01,2.146234512329101562e-01
-1.115245819091796875e-01,-1.464192986488342285e+00,3.612493872642517090e-01
1.659155845642089844e+00,-1.202977061271667480e+00,8.552856445312500000e-01
-2.536659240722656250e-01,-1.208247780799865723e+00,5.804904103279113770e-01
7.010656595230102539e-01,3.909523189067840576e-01,9.417529106140136719e-01
1.962561249732971191e+00,-1.539874792098999023e+00,2.445359230041503906e-01
-6.388023495674133301e-01,-3.842329978942871094e-01,1.046029090881347656e+00
-1.364725351333618164e+00,2.288423061370849609e+00,5.251811146736145020e-01
9.661650061607360840e-01,-5.804176330566406250e-01,1.014298439025878906e+00
-7.982717156410217285e-01,-4.256215095520019531e-01,4.133468568325042725e-01
-6.508679389953613281e-01,-5.125554203987121582e-01,8.970150351524353027e-01
3.688764572143554688e-01,-1.920841693878173828e+00,3.527069091796875000e-02
-1.414160370826721191e+00,1.167995333671569824e+00,1.033991813659667969e+00
-1.313869237899780273e+00,7.642332315444946289e-01,1.103359699249267578e+00
1.388552188873291016e+00,-5.441249608993530273e-01,7.939295768737792969e-01
1.331278800964355469e+00,-1.843601346015930176e+00,8.218283653259277344e-01
-4.492271244525909424e-01,-7.850643992424011230e-01,9.426441192626953125e-01
1.160588622093200684e+00,-1.612540364265441895e+00,8.834939002990722656e-01
-5.044311285018920898e-02,1.052330493927001953e+00,2.066364288330078125e-01
6.782363057136535645e-01,5.470089912414550781e-01,6.946966648101806641e-01
-1.920142173767089844e-01,4.641132950782775879e-01,2.097009271383285522e-01
-4.557272493839263916e-01,1.870323657989501953e+00,2.641711235046386719e-01
6.202781796455383301e-01,-2.498842716217041016e+00,2.835900783538818359e-01
6.938986182212829590e-01,-2.309757232666015625e+00,7.585010528564453125e-01
-1.482717990875244141e+00,6.248635053634643555e-01,4.083721935749053955e-01
3.696341514587402344e-01,-1.748012781143188477e+00,1.995150744915008545e-01
-1.384712904691696167e-01,-1.271060466766357422e+00,9.369564652442932129e-01
-1.682785868644714355e+00,1.795810818672180176e+00,9.819855690002441406e-01
2.703323364257812500e-01,-3.490548133850097656e-01,2.162942886352539062e-01
-3.518228530883789062e-01,1.938215017318725586e+00,8.993437290191650391e-01
3.523635864257812500e-01,1.080350756645202637e+00,4.953263700008392334e-01
-4.297587573528289795e-01,-5.639674067497253418e-01,1.184062480926513672e+00
-1.045592308044433594e+00,2.268612861633300781e+00,9.586059451103210449e-01
4.391102492809295654e-01,9.537863731384277344e-01,3.109667897224426270e-01
1.829001426696777344e+00,-1.186512112617492676e+00,3.311294615268707275e-01
6.777015328407287598e-02,1.412664413452148438e+00,5.826782062649726868e-02
-1.076093077659606934e+00,5.573520064353942871e-01,1.252179145812988281e+00
-1.320230066776275635e-01,1.292361259460449219e+00,2.159624099731445312e-01
9.563165307044982910e-01,-1.831460356712341309e+00,8.625259399414062500e-01
1.419045090675354004e+00,-9.909859895706176758e-01,9.022517204284667969e-01
-2.820204794406890869e-01,2.003790855407714844e+00,3.680398464202880859e-01
1.125134825706481934e+00,-2.070932388305664062e+00,7.968029975891113281e-01
-1.515071034431457520e+00,1.580772161483764648e+00,1.003987789154052734e+00
9.587340801954269409e-02,-1.603886842727661133e+00,9.163269996643066406e-01
-7.456558346748352051e-01,2.166185855865478516e+00,3.052658140659332275e-01
-1.325345635414123535e+00,2.004528999328613281e+00,9.957141876220703125e-01
-1.295556545257568359e+00,4.605107009410858154e-01,8.707128763198852539e-01
-1.051472187042236328e+00,1.155046343803405762e+00,1.100141525268554688e+00
1.029345989227294922e+00,2.784728849292150699e-06,7.734342813491821289e-01
2.388779073953628540e-01,-1.072274684906005859e+00,1.037595510482788086e+00
-1.164305448532104492e+00,1.786653995513916016e+00,1.012686252593994141e+00
1.490532159805297852e+00,-2.148001670837402344e+00,3.167999088764190674e-01
2.244053632020950317e-01,9.620377421379089355e-01,1.080351829528808594e+00
2.975082397460937500e-01,9.835947751998901367e-01,9.477367401123046875e-01
9.288921952247619629e-01,-1.391337275505065918e+00,9.363303184509277344e-01
5.319156050682067871e-01,-2.056447982788085938e+00,8.401894569396972656e-01
-1.698759078979492188e+00,2.059490203857421875e+00,4.816957116127014160e-01
1.265331745147705078e+00,-7.876296639442443848e-01,9.228234291076660156e-01
6.313238143920898438e-01,-9.712949395179748535e-01,1.023426055908203125e+00
6.650027036666870117e-01,-1.823774933815002441e+00,8.882803916931152344e-01
-1.034032821655273438e+00,2.002727746963500977e+00,1.001124382019042969e+00
-8.096835017204284668e-01,-3.316359519958496094e-01,7.945780754089355469e-01
-7.597321271896362305e-01,2.229095220565795898e+00,9.764642715454101562e-01
7.975184321403503418e-01,-1.604346632957458496e+00,9.145803451538085938e-01
-5.876684188842773438e-02,-1.475406765937805176e+00,7.597674131393432617e-01
-5.539491772651672363e-01,-7.647576332092285156e-01,5.301904082298278809e-01
1.060705184936523438e-01,-1.751490116119384766e+00,7.016442418098449707e-01
7.271841168403625488e-01,-1.848661601543426514e-01,1.264763355255126953e+00
1.601148128509521484e+00,-1.119290828704833984e+00,4.221221804618835449e-02
5.633573532104492188e-01,-2.390302181243896484e+00,6.718293428421020508e-01
9.226424992084503174e-02,1.163254499435424805e+00,1.058234214782714844e+00
6.776146888732910156e-01,6.130619645118713379e-01,3.964559733867645264e-01
1.644847393035888672e+00,-8.703006505966186523e-01,2.180569469928741455e-01
-1.033596873283386230e+00,2.322888851165771484e+00,7.287570238113403320e-01
-7.696405053138732910e-01,1.141498923301696777e+00,1.169323444366455078e+00
4.741443693637847900e-02,-1.114289283752441406e+00,1.029438734054565430e+00
9.417643547058105469e-01,1.659207344055175781e-01,5.843006968498229980e-01
-1.675111293792724609e+00,1.131842017173767090e+00,8.900704979896545410e-01
-8.558680415153503418e-01,1.359212279319763184e+00,1.076364040374755859e+00
-1.009591221809387207e+00,1.574135541915893555e+00,1.029157638549804688e+00
-2.389422506093978882e-01,1.329578161239624023e+00,1.205525875091552734e+00
-7.480661869049072266e-01,2.002659797668457031e+00,1.001327514648437500e+00
4.469881057739257812e-01,8.493025302886962891e-01,8.559716343879699707e-01
-4.661465287208557129e-01,2.007081031799316406e+00,9.880766868591308594e-01
5.991477966308593750e-01,-3.700614869594573975e-01,1.265565395355224609e+00
-7.272690534591674805e-01,1.567370772361755371e+00,1.054816246032714844e+00
4.455554187297821045e-01,-1.605147361755371094e+00,9.115424156188964844e-01
-5.760952830314636230e-01,1.343909978866577148e+00,1.143058776855468750e+00
-5.983610153198242188e-01,1.784707546234130859e+00,1.019203662872314453e+00
1.795950889587402344e+00,-1.153792858123779297e+00,1.779522597789764404e-01
7.515387535095214844e-01,-2.599761009216308594e+00,3.780865371227264404e-01
6.752520799636840820e-01,-5.643517374992370605e-01,1.180022716522216797e+00
-5.001892149448394775e-02,3.489170074462890625e-01,2.125816345214843750e-01
3.715611100196838379e-01,-1.393456339836120605e+00,9.271254539489746094e-01
1.272075176239013672e+00,-1.912263274192810059e+00,2.427059859037399292e-01
2.828762829303741455e-01,7.493465542793273926e-01,1.218241214752197266e+00
7.090234160423278809e-01,-1.179619073867797852e+00,9.746255874633789062e-01
-6.132063269615173340e-01,-5.825738310813903809e-01,2.163181304931640625e-01
5.029973983764648438e-01,8.420428037643432617e-01,2.633102238178253174e-01
9.118531346321105957e-01,-2.533454895019531250e+00,3.352755606174468994e-01
2.322939634323120117e-01,1.235693454742431641e+00,2.318658381700515747e-01
-4.092645645141601562e-01,-9.623895883560180664e-01,6.385515928268432617e-01
-9.994301795959472656e-01,-9.668193757534027100e-02,5.083001852035522461e-01
4.089280664920806885e-01,-5.577430725097656250e-01,1.248207092285156250e+00
-1.642759084701538086e+00,1.944108963012695312e+00,8.088026046752929688e-01
-1.741367340087890625e+00,1.850269436836242676e+00,6.594119071960449219e-01
1.675061702728271484e+00,-1.042487621307373047e+00,8.255300521850585938e-01
-8.589364290237426758e-01,7.400512695312500000e-02,1.165096163749694824e+00
-1.355945110321044922e+00,8.642458915710449219e-01,1.131661981344223022e-01
-8.615295290946960449e-01,-1.970921158790588379e-01,8.854665756225585938e-01
2.314666360616683960e-01,1.256220340728759766e+00,5.511003136634826660e-01
3.110165596008300781e-01,1.087070584297180176e+00,8.016045689582824707e-01
1.178262233734130859e+00,-1.876522749662399292e-01,5.584173202514648438e-01
4.612964391708374023e-02,1.273652553558349609e+00,1.001565217971801758e+00
-1.223519802093505859e+00,2.794074714183807373e-01,7.491561770439147949e-01
9.486236423254013062e-02,-1.392235636711120605e+00,9.324288368225097656e-01
-3.564284741878509521e-01,-6.856350898742675781e-01,1.178504943847656250e+00
4.863220155239105225e-01,5.730392336845397949e-01,1.090427398681640625e+00
-7.540605664253234863e-01,9.337726235389709473e-01,1.254300117492675781e+00
9.544103741645812988e-01,-1.411949157714843750e+00,2.278460711240768433e-01
-1.176561713218688965e+00,9.540104269981384277e-01,1.129775047302246094e+00
-1.455627441406250000e+00,6.279311180114746094e-01,7.857687473297119141e-01
1.284049987792968750e+00,-3.688643574714660645e-01,6.775323152542114258e-01
-8.040071725845336914e-01,-3.783850669860839844e-01,5.649543404579162598e-01
-1.370172977447509766e+00,4.544872641563415527e-01,6.047195196151733398e-01
-1.312674045562744141e+00,5.668411254882812500e-01,2.157020568847656250e-02
-1.256151914596557617e+00,5.790433883666992188e-01,1.028479099273681641e+00
-1.232598781585693359e+00,2.789685428142547607e-01,2.320733517408370972e-01
1.667611122131347656e+00,-1.223544120788574219e+00,1.591882258653640747e-01
1.296062469482421875e-01,1.345048069953918457e+00,8.281101584434509277e-01
1.188088417053222656e+00,-1.873353868722915649e-01,2.982861399650573730e-01
-1.047666892409324646e-01,1.117692828178405762e+00,1.290939331054687500e+00
-3.325262069702148438e-01,-1.109087467193603516e+00,4.997408986091613770e-01
-1.814240932464599609e+00,1.973453998565673828e+00,4.526187181472778320e-01
-1.254963397979736328e+00,2.778863608837127686e-01,4.871600270271301270e-01
-5.399715900421142578e-01,1.373290956507844385e-06,1.367839336395263672e+00
-1.041752621531486511e-01,-7.434836626052856445e-01,1.263427257537841797e+00
2.749359011650085449e-01,-3.649131059646606445e-01,1.345318317413330078e+00
-4.230194166302680969e-02,1.366014480590820312e+00,1.046726226806640625e+00
-3.977065905928611755e-02,9.211728572845458984e-01,1.331870079040527344e+00
-6.067944169044494629e-01,5.469958186149597168e-01,1.358980655670166016e+00
-2.901458740234375000e-01,3.487741053104400635e-01,2.103953361511230469e-01
-9.998581409454345703e-01,1.665239810943603516e+00,2.784197926521301270e-01
3.365359306335449219e-01,3.634214699268341064e-01,1.368438720703125000e+00
5.396009683609008789e-01,3.733460903167724609e-01,1.214559078216552734e+00
-5.072540044784545898e-02,-1.291139245033264160e+00,2.091269493103027344e-01
1.824875831604003906e+00,-1.915126919746398926e+00,5.290194749832153320e-01
-5.407736301422119141e-01,3.632499575614929199e-01,1.371007442474365234e+00
-4.142248332500457764e-01,-1.814449280500411987e-01,1.371073722839355469e+00
1.490052789449691772e-01,5.462909340858459473e-01,1.366293907165527344e+00
5.379399657249450684e-01,-4.070396423339843750e-01,2.160897850990295410e-01
-3.529791235923767090e-01,5.458306670188903809e-01,1.371031761169433594e+00
9.377760887145996094e-01,1.954037249088287354e-01,3.111328184604644775e-01
-1.620615839958190918e+00,1.059708118438720703e+00,2.571816444396972656e-01
1.425759792327880859e+00,-5.405169725418090820e-01,4.743397533893585205e-01
-4.132114946842193604e-01,1.810009330511093140e-01,1.384845256805419922e+00
1.465390324592590332e+00,-7.986564636230468750e-01,5.177497863769531250e-02
-1.017452999949455261e-01,5.452695488929748535e-01,1.376825809478759766e+00
-2.888012528419494629e-01,3.625616133213043213e-01,1.381637096405029297e+00
-2.970694005489349365e-01,1.536729097366333008e+00,2.297472953796386719e-01
2.727778553962707520e-01,1.287460349885805044e-06,1.378966331481933594e+00
-1.635095179080963135e-01,-1.810378730297088623e-01,1.383727073669433594e+00
2.324434220790863037e-01,1.231969356536865234e+00,6.828405857086181641e-01
2.100886553525924683e-01,1.808825284242630005e-01,1.388669490814208984e+00
