2.268752098083496094e+00,-3.053191602230072021e-01,2.959103286266326904e-01
-2.156003475189208984e+00,7.073277831077575684e-01,8.561950325965881348e-01
-3.397004306316375732e-01,-9.819893836975097656e-01,1.753845214843750000e-01
6.178762912750244141e-01,1.121308803558349609e+00,1.033840894699096680e+00
-7.017044425010681152e-01,1.337528146905242465e-06,1.583190917968750000e+00
-2.075694084167480469e+00,-8.819284439086914062e-01,2.010659724473953247e-01
8.696298003196716309e-01,-5.621297955513000488e-01,1.202893257141113281e+00
-7.319071888923645020e-01,9.721980094909667969e-01,1.766787618398666382e-01
1.720022201538085938e+00,1.033686757087707520e+00,3.726287931203842163e-02
4.278698563575744629e-01,1.155897900462150574e-01,1.736264228820800781e-01
1.229498267173767090e+00,-1.032571434974670410e+00,7.136440277099609375e-02
-1.826519131660461426e+00,-6.941218376159667969e-01,1.374553442001342773e+00
-1.172535061836242676e+00,-1.155334860086441040e-01,1.704702377319335938e-01
1.594253659248352051e+00,3.874468207359313965e-01,9.960327148437500000e-01
-1.155715823173522949e+00,8.336539268493652344e-01,1.097267150878906250e+00
-1.503753215074539185e-01,-7.786331176757812500e-01,1.231148362159729004e+00
2.688503861427307129e-01,1.785103231668472290e-01,1.462168216705322266e+00
-1.699793338775634766e+00,9.492526054382324219e-01,3.729309141635894775e-02
-1.124681711196899414e+00,-9.992384910583496094e-01,7.908697128295898438e-01
-2.258576393127441406e+00,7.639470696449279785e-02,1.905911266803741455e-01
1.794186115264892578e+00,-8.460309505462646484e-01,8.623185753822326660e-01
1.313754200935363770e+00,-1.153534129261970520e-01,1.593527793884277344e-01
8.275172710418701172e-01,9.949698448181152344e-01,1.763793975114822388e-01
4.378274679183959961e-01,-9.714431762695312500e-01,5.794773697853088379e-01
-1.292658805847167969e+00,-1.074769139289855957e+00,-3.474975377321243286e-02
-3.566651940345764160e-01,7.344849705696105957e-01,1.332898139953613281e+00
4.851900786161422729e-02,9.770669937133789062e-01,4.429815709590911865e-01
-3.678089678287506104e-01,-1.155129969120025635e-01,1.693210601806640625e-01
-2.186724662780761719e+00,-7.755236327648162842e-02,1.007903099060058594e+00
2.233960628509521484e+00,4.621479213237762451e-01,5.126702785491943359e-01
-1.459570169448852539e+00,1.754868626594543457e-01,1.555640220642089844e+00
-9.742284417152404785e-01,-6.844143867492675781e-01,1.486506104469299316e+00
1.415959954261779785e+00,1.049344539642333984e+00,7.235418558120727539e-01
9.328323006629943848e-01,1.870571076869964600e-01,1.196728706359863281e+00
1.914134502410888672e+00,-9.956831932067871094e-01,2.082907110452651978e-01
1.900607228279113770e+00,-1.956124901771545410e-01,9.312539100646972656e-01
7.512594461441040039e-01,-5.797910094261169434e-01,1.819753646850585938e-01
-2.163681030273437500e+00,-7.062065601348876953e-01,7.991250157356262207e-01
-1.590061664581298828e+00,3.476576507091522217e-01,1.874413490295410156e-01
-1.313992261886596680e+00,1.054078102111816406e+00,5.157565474510192871e-01
1.730130314826965332e+00,3.462687730789184570e-01,1.587677001953125000e-01
-1.843925714492797852e+00,6.340346336364746094e-01,1.387651443481445312e+00
-1.759993195533752441e+00,-3.480157256126403809e-01,1.948685646057128906e-01
-5.370156168937683105e-01,9.553480148315429688e-01,7.861042618751525879e-01
-7.688116431236267090e-01,3.469272851943969727e-01,1.722497940063476562e-01
1.029367685317993164e+00,-9.730787277221679688e-01,7.232336401939392090e-01
1.095321625471115112e-01,-5.783967971801757812e-01,1.645565032958984375e-01
-7.703536748886108398e-01,-5.789708495140075684e-01,1.718006134033203125e-01
-5.355186462402343750e-01,-9.722242355346679688e-01,7.839094400405883789e-01
2.520103752613067627e-01,7.464423179626464844e-01,1.310391664505004883e+00
-9.562759995460510254e-01,5.276990532875061035e-01,1.557981491088867188e+00
3.340028226375579834e-01,-5.405642986297607422e-01,1.425376892089843750e+00
-2.169891357421875000e+00,7.052997350692749023e-01,2.503958046436309814e-01
1.092412948608398438e+00,7.652570009231567383e-01,1.095456600189208984e+00
-1.727105975151062012e+00,-1.037342548370361328e+00,6.646345257759094238e-01
9.902725219726562500e-01,3.466934561729431152e-01,1.675462722778320312e-01
-1.585035622119903564e-01,-1.754952073097229004e-01,1.555674076080322266e+00
1.362210035324096680e+00,-1.910519599914550781e-01,1.072751998901367188e+00
-2.092361450195312500e-01,5.786359310150146484e-01,1.675462722778320312e-01
1.926689624786376953e+00,9.932263493537902832e-01,5.534859895706176758e-01
-1.395750641822814941e+00,-3.509640395641326904e-01,1.561450958251953125e+00
1.566210865974426270e+00,-5.779377818107604980e-01,1.590123176574707031e-01
-1.202221274375915527e+00,7.935652732849121094e-01,5.461608618497848511e-02
6.199492812156677246e-01,-1.101585865020751953e+00,1.037309527397155762e+00
-2.231336116790771484e+00,-3.849666416645050049e-01,4.052087366580963135e-01
1.809245109558105469e+00,-1.419362276792526245e-01,1.586682051420211792e-01
-1.744322776794433594e+00,9.779028892517089844e-01,7.416201829910278320e-01
1.267018675804138184e+00,8.287670612335205078e-01,3.176479339599609375e-01
2.263017654418945312e+00,1.526868939399719238e-01,1.379034370183944702e-01
-1.363067269325256348e+00,-8.320088386535644531e-01,1.177087426185607910e+00
-5.239820480346679688e-01,-5.275067687034606934e-01,1.560024738311767578e+00
2.690435647964477539e-01,5.785860419273376465e-01,1.670370101928710938e-01
-1.341869831085205078e+00,-5.794486403465270996e-01,1.777372360229492188e-01
-9.240829944610595703e-01,-1.009513854980468750e+00,3.109261989593505859e-01
1.278792381286621094e+00,-7.360711097717285156e-01,1.045277953147888184e+00
-1.588404774665832520e-01,3.515478372573852539e-01,1.552330493927001953e+00
2.109217166900634766e+00,7.948330640792846680e-01,1.441735774278640747e-01
2.219648361206054688e+00,2.622604426960606361e-07,6.566376686096191406e-01
8.289306163787841797e-01,-1.156406402587890625e-01,1.771960258483886719e-01
-2.216317176818847656e+00,2.313856482505798340e-01,6.203994750976562500e-01
2.447762042284011841e-01,9.259557723999023438e-01,8.560619950294494629e-01
6.636911034584045410e-01,5.546888709068298340e-01,1.279662132263183594e+00
-2.086183071136474609e+00,2.376803159713745117e-01,1.318192124366760254e+00
8.257844448089599609e-01,1.007545948028564453e+00,6.476464867591857910e-01
5.911108255386352539e-01,-1.826437860727310181e-01,1.333669662475585938e+00
2.477810978889465332e-01,-8.513598442077636719e-01,1.006119966506958008e+00
2.151531696319580078e+00,-6.283856630325317383e-01,5.783105492591857910e-01
1.415176391601562500e+00,-1.052635669708251953e+00,5.177923440933227539e-01
-1.455476582050323486e-01,-9.782600402832031250e-01,5.774702429771423340e-01
1.941684842109680176e+00,5.986896157264709473e-01,8.258266448974609375e-01
-1.709771275520324707e+00,-1.097184658050537109e+00,1.106747388839721680e-01
-1.394944906234741211e+00,6.877670288085937500e-01,1.428454875946044922e+00
8.288618326187133789e-01,-9.852166175842285156e-01,3.114535510540008545e-01
-7.489362955093383789e-01,-8.319368362426757812e-01,1.157811403274536133e+00
1.986023545265197754e+00,-5.771833062171936035e-01,1.496834754943847656e-01
-9.281295537948608398e-01,9.832816123962402344e-01,6.518006920814514160e-01
-7.557069063186645508e-01,7.761921882629394531e-01,1.240314722061157227e+00
4.375196099281311035e-01,9.756798744201660156e-01,3.098410069942474365e-01
-3.402532637119293213e-01,9.721674919128417969e-01,3.096993863582611084e-01
-1.483549177646636963e-01,8.621449470520019531e-01,1.003833651542663574e+00
2.432717531919479370e-01,-9.632272720336914062e-01,1.757940649986267090e-01
-1.173719167709350586e+00,3.468274474143981934e-01,1.702475547790527344e-01
-2.077282428741455078e+00,-3.974033892154693604e-01,1.264842748641967773e+00
1.153983712196350098e+00,-5.779830217361450195e-01,1.595835685729980469e-01
-3.689692616462707520e-01,-5.787843465805053711e-01,1.694054603576660156e-01
-1.305740356445312500e+00,-1.091424465179443359e+00,4.450411796569824219e-01
-7.679884433746337891e-01,-1.155594587326049805e-01,1.720733642578125000e-01
2.978393435478210449e-02,1.154710650444030762e-01,1.652474403381347656e-01
6.708694100379943848e-01,5.799931287765502930e-01,1.844310760498046875e-01
1.613749980926513672e+00,-1.015098571777343750e+00,-4.829502105712890625e-02
4.282955825328826904e-01,-3.469920158386230469e-01,1.733593940734863281e-01
-1.762879252433776855e+00,-9.138326644897460938e-01,1.035992503166198730e+00
1.621081352233886719e+00,7.863039374351501465e-01,9.330458641052246094e-01
-1.577607274055480957e+00,8.142719268798828125e-01,1.116510033607482910e+00
1.295873641967773438e+00,1.020505905151367188e+00,-1.127147674560546875e-02
-3.808502107858657837e-02,-5.307438373565673828e-01,1.526729106903076172e+00
1.992048501968383789e+00,1.973264962434768677e-01,8.780794143676757812e-01
-1.071789026260375977e+00,1.745357215404510498e-01,1.585204601287841797e+00
-1.637684702873229980e+00,-8.340512514114379883e-01,3.642783164978027344e-01
1.289528012275695801e+00,1.905096322298049927e-01,1.089577198028564453e+00
1.003369927406311035e+00,-1.878835111856460571e-01,1.171053409576416016e+00
-5.853094458580017090e-01,5.276282429695129395e-01,1.558713436126708984e+00
1.607561707496643066e+00,1.095726966857910156e+00,3.819238245487213135e-01
2.062939405441284180e-01,-1.776154637336730957e-01,1.490021705627441406e+00
-1.723951697349548340e+00,1.048233985900878906e+00,3.867428600788116455e-01
-8.880992531776428223e-01,-3.497986793518066406e-01,1.579515457153320312e+00
-2.062705993652343750e+00,8.842561244964599609e-01,5.370234847068786621e-01
5.913226008415222168e-01,1.827091872692108154e-01,1.331639766693115234e+00
-1.849389791488647461e+00,5.810636281967163086e-01,1.977376937866210938e-01
-2.161280632019042969e+00,3.906221389770507812e-01,1.016395211219787598e+00
-1.843644976615905762e+00,1.159730628132820129e-01,1.977567672729492188e-01
1.760482311248779297e+00,-5.080608725547790527e-01,9.206845164299011230e-01
1.483052968978881836e+00,5.779455304145812988e-01,1.591053009033203125e-01
-1.113868355751037598e+00,1.056930541992187500e+00,2.430218458175659180e-01
-1.292312592267990112e-01,-3.466877639293670654e-01,1.668858528137207031e-01
-1.504379510879516602e+00,-1.157537177205085754e-01,1.841759681701660156e-01
-2.169302940368652344e+00,-7.053858041763305664e-01,4.680280983448028564e-01
1.840081095695495605e+00,-1.010146617889404297e+00,5.307257175445556641e-01
-5.335390567779541016e-01,-9.944906234741210938e-01,4.434254467487335205e-01
-2.158111572265625000e+00,-3.908779919147491455e-01,9.051835536956787109e-01
-1.449081659317016602e+00,-9.992702007293701172e-01,8.512778282165527344e-01
8.457955718040466309e-01,-8.623385429382324219e-01,1.012992501258850098e+00
6.029582023620605469e-01,-7.432845830917358398e-01,1.264971256256103516e+00
1.782908439636230469e+00,7.090303897857666016e-01,1.586880385875701904e-01
-2.236508369445800781e+00,3.845490813255310059e-01,2.982757389545440674e-01
-2.244990348815917969e+00,-7.661363482475280762e-02,5.091623067855834961e-01
-1.475108712911605835e-01,-8.971109390258789062e-01,9.287816882133483887e-01
2.996490336954593658e-02,8.114946484565734863e-01,1.651477813720703125e-01
2.132059574127197266e+00,-3.141403198242187500e-01,7.421624660491943359e-01
-4.480549395084381104e-01,3.468294739723205566e-01,1.701145172119140625e-01
-2.093945026397705078e+00,-7.904724031686782837e-02,1.314743280410766602e+00
1.661396503448486328e+00,1.602172801540291402e-06,9.995570182800292969e-01
-2.202119827270507812e+00,5.433871746063232422e-01,5.711581110954284668e-01
2.236175060272216797e+00,4.619332849979400635e-01,1.923647969961166382e-01
-2.074527740478515625e+00,-7.192249894142150879e-01,1.099914669990539551e+00
-1.202756762504577637e+00,-8.278509378433227539e-01,3.095126152038574219e-01
4.470526874065399170e-01,8.444275856018066406e-01,1.079439997673034668e+00
-1.456628888845443726e-01,9.735231399536132812e-01,7.130659222602844238e-01
-1.338125586509704590e+00,9.448781013488769531e-01,8.732764720916748047e-01
-1.388647317886352539e+00,1.014212489128112793e+00,-5.436897277832031250e-02
-1.467828035354614258e+00,-8.316292762756347656e-01,5.518585070967674255e-02
-1.402373433113098145e+00,-6.541457176208496094e-01,1.511786460876464844e+00
5.110858082771301270e-01,-8.128019571304321289e-01,1.766552925109863281e-01
1.443814516067504883e+00,-9.322829246520996094e-01,8.783340454101562500e-01
1.454385370016098022e-01,5.332145690917968750e-01,1.501147747039794922e+00
-1.135091781616210938e+00,-1.746551543474197388e-01,1.581450462341308594e+00
1.033155322074890137e+00,9.509224891662597656e-01,8.641874790191650391e-01
-1.950069189071655273e+00,-9.983010292053222656e-01,4.641218483448028564e-01
1.206535339355468750e+00,1.090010643005371094e+00,5.108871459960937500e-01
-3.991355895996093750e-01,1.748351752758026123e-01,1.576127052307128906e+00
-4.595536589622497559e-01,-1.747985184192657471e-01,1.577210903167724609e+00
1.620092272758483887e+00,-1.049714565277099609e+00,2.478585690259933472e-01
-2.024001121520996094e+00,7.266030907630920410e-01,1.169790267944335938e+00
-1.972939968109130859e+00,9.279103279113769531e-01,2.566076517105102539e-01
1.512358039617538452e-01,-7.384033203125000000e-01,1.302700519561767578e+00
-1.964736700057983398e+00,-9.531593322753906250e-01,8.236141800880432129e-01
1.370599389076232910e+00,-7.911654710769653320e-01,-1.437282562255859375e-02
1.376398444175720215e+00,5.783210992813110352e-01,1.035888671875000000e+00
-3.961746022105216980e-02,7.352188229560852051e-01,1.327244281768798828e+00
4.368857443332672119e-01,9.844183921813964844e-01,6.457558870315551758e-01
-1.932787537574768066e+00,-5.804287791252136230e-01,1.898531913757324219e-01
6.363833546638488770e-01,-9.452114105224609375e-01,7.886535525321960449e-01
-4.166506826877593994e-01,-7.281349301338195801e-01,1.381901264190673828e+00
2.061825752258300781e+00,-8.025351762771606445e-01,3.679516613483428955e-01
1.978942871093750000e+00,1.151449158787727356e-01,1.464438438415527344e-01
1.315119624137878418e+00,3.462987542152404785e-01,1.593418121337890625e-01
1.561333894729614258e+00,1.153476610779762268e-01,1.590056419372558594e-01
-1.425164818763732910e+00,5.796729326248168945e-01,1.804943084716796875e-01
-1.337584495544433594e+00,1.156407222151756287e-01,1.771507263183593750e-01
-9.314813017845153809e-01,5.786126255989074707e-01,1.673889160156250000e-01
-1.009111046791076660e+00,1.154416427016258240e-01,1.648197174072265625e-01
-4.995116963982582092e-02,-8.116181492805480957e-01,1.661667823791503906e-01
-1.010132074356079102e+00,-3.465538322925567627e-01,1.645879745483398438e-01
-6.113439798355102539e-01,-8.122798204421997070e-01,1.720519065856933594e-01
1.153980135917663574e+00,5.779814124107360840e-01,1.595602035522460938e-01
9.903582334518432617e-01,-3.467236161231994629e-01,1.681690216064453125e-01
-6.094253659248352051e-01,5.789815187454223633e-01,1.718173027038574219e-01
1.150393009185791016e+00,1.153573021292686462e-01,1.595745086669921875e-01
-5.280486941337585449e-01,-3.468793928623199463e-01,1.710834503173828125e-01
2.682089209556579590e-01,-1.154777705669403076e-01,1.665735244750976562e-01
-6.075409054756164551e-01,1.155589371919631958e-01,1.718688011169433594e-01
9.955379962921142578e-01,-8.118457794189453125e-01,1.682610511779785156e-01
4.853278398513793945e-02,-9.753580093383789062e-01,3.760339319705963135e-01
2.077328205108642578e+00,8.000156879425048828e-01,4.224090576171875000e-01
2.147047758102416992e+00,-1.149548888206481934e-01,1.347188949584960938e-01
-1.064003229141235352e+00,7.338973283767700195e-01,1.337416648864746094e+00
-5.350457429885864258e-01,9.775023460388183594e-01,5.121006369590759277e-01
-9.410002827644348145e-01,8.998498916625976562e-01,9.390708804130554199e-01
-1.709770679473876953e+00,-1.097184181213378906e+00,3.835619986057281494e-01
-9.236965775489807129e-01,-1.012010097503662109e+00,5.808560252189636230e-01
-5.474833250045776367e-01,8.375177383422851562e-01,1.082057118415832520e+00
1.206535458564758301e+00,1.090010643005371094e+00,2.424325495958328247e-01
2.287992000579833984e+00,2.131461997123551555e-06,3.990960717201232910e-01
-2.250192165374755859e+00,-2.297472208738327026e-01,1.911267042160034180e-01
-2.208665847778320312e+00,-5.426456928253173828e-01,1.938033998012542725e-01
1.676034212112426758e+00,1.014615178108215332e+00,7.568330764770507812e-01
8.464435935020446777e-01,8.576259613037109375e-01,1.084447622299194336e+00
3.987501561641693115e-01,5.438608527183532715e-01,1.391368389129638672e+00
1.857384920120239258e+00,1.060100793838500977e+00,2.598824501037597656e-01
1.615552902221679688e+00,8.337357640266418457e-01,3.615269660949707031e-01
9.409881234169006348e-01,5.652919411659240723e-01,1.170281410217285156e+00
-1.265885710716247559e+00,3.504449129104614258e-01,1.569444656372070312e+00
-1.982353329658508301e+00,8.989405632019042969e-01,8.309991359710693359e-01
1.590694904327392578e+00,-7.010725140571594238e-01,9.539950489997863770e-01
2.000456094741821289e+00,-8.214186429977416992e-01,6.621088981628417969e-01
-7.300824522972106934e-01,-7.243919968605041504e-01,1.410761833190917969e+00
1.518887042999267578e+00,-3.863764107227325439e-01,1.012694358825683594e+00
-1.207521557807922363e+00,-8.279185295104980469e-01,5.485687032341957092e-02
-3.473176360130310059e-01,-8.470439910888671875e-01,1.077859282493591309e+00
-1.167754173278808594e+00,-7.694239616394042969e-01,1.327231884002685547e+00
2.320159785449504852e-02,1.331157932327187154e-06,1.531588077545166016e+00
-7.653444409370422363e-01,3.499881327152252197e-01,1.576541423797607422e+00
6.369213461875915527e-01,9.401068687438964844e-01,8.580755591392517090e-01
-1.517188072204589844e+00,1.051181316375732422e+00,1.786334216594696045e-01
-9.410557150840759277e-01,-8.994765281677246094e-01,1.009234428405761719e+00
-1.593522191047668457e+00,-5.802890062332153320e-01,1.881308555603027344e-01
4.872041195631027222e-02,-9.520568847656250000e-01,7.834718227386474609e-01
-1.108136177062988281e+00,-1.050854206085205078e+00,1.472424268722534180e-01
1.629531502723693848e+00,-1.015038967132568359e+00,6.641079783439636230e-01
9.953359961509704590e-01,8.116807937622070312e-01,1.668038368225097656e-01
1.149708271026611328e+00,-3.797756135463714600e-01,1.114979267120361328e+00
-1.460005164146423340e+00,7.898907661437988281e-01,5.489166080951690674e-02
1.479980111122131348e+00,-3.462882041931152344e-01,1.591272354125976562e-01
2.122253179550170898e+00,4.049139618873596191e-01,7.253694534301757812e-01
1.251897811889648438e+00,-8.678112030029296875e-01,5.300953388214111328e-01
-1.931360840797424316e+00,3.482405245304107666e-01,1.995077133178710938e-01
-1.928156495094299316e+00,-1.159284859895706177e-01,1.950311660766601562e-01
-1.094031333923339844e+00,-5.786203742027282715e-01,1.675009727478027344e-01
5.888546705245971680e-01,3.473346233367919922e-01,1.807370185852050781e-01
5.919598340988159180e-01,8.133112192153930664e-01,1.811594963073730469e-01
-1.256215214729309082e+00,-3.470120429992675781e-01,1.740622520446777344e-01
-5.307757258415222168e-01,8.121542930603027344e-01,1.709342002868652344e-01
1.830515742301940918e+00,3.917749226093292236e-01,9.289712905883789062e-01
1.888226270675659180e-01,3.465420603752136230e-01,1.636419296264648438e-01
8.289174437522888184e-01,-9.848189353942871094e-01,5.821225047111511230e-01
-1.292300373315811157e-01,3.466830253601074219e-01,1.667881011962890625e-01
-9.343106150627136230e-01,-8.116743564605712891e-01,1.666984558105468750e-01
2.110529422760009766e+00,6.336994171142578125e-01,6.386761069297790527e-01
7.488784790039062500e-01,1.157115623354911804e-01,1.815481185913085938e-01
2.065604925155639648e+00,-3.455004096031188965e-01,1.428637504577636719e-01
-2.881793081760406494e-01,1.155109032988548279e-01,1.684274673461914062e-01
-1.584848165512084961e+00,-7.858901023864746094e-01,1.268705129623413086e+00
-4.966278001666069031e-02,-1.155141070485115051e-01,1.660656929016113281e-01
1.599223732948303223e+00,8.335027694702148438e-01,-3.322479128837585449e-02
1.213578820228576660e+00,-1.055509090423583984e+00,3.786721825599670410e-01
1.967977523803710938e+00,8.177868723869323730e-01,7.179235816001892090e-01
-1.506196260452270508e+00,-1.094282150268554688e+00,2.449597120285034180e-01
-3.414578139781951904e-01,5.280140042304992676e-01,1.554769992828369141e+00
-2.807787954807281494e-01,-5.282849669456481934e-01,1.552034854888916016e+00
1.233198523521423340e+00,-3.463036715984344482e-01,1.594686508178710938e-01
1.699735641479492188e+00,-7.923914194107055664e-01,-3.517150878906250000e-03
-1.144508838653564453e+00,-5.275800228118896484e-01,1.559211730957031250e+00
-1.506195902824401855e+00,-1.094282150268554688e+00,5.843023657798767090e-01
1.984197378158569336e+00,5.766524672508239746e-01,1.431088447570800781e-01
6.694247126579284668e-01,-3.474856913089752197e-01,1.837964057922363281e-01
9.118115305900573730e-01,5.789809823036193848e-01,1.719346046447753906e-01
-9.274156093597412109e-01,9.879088401794433594e-01,3.796764910221099854e-01
7.926466464996337891e-01,1.368522589473286644e-06,1.256255149841308594e+00
1.069638609886169434e+00,-1.154097467660903931e-01,1.629257202148437500e-01
5.882269144058227539e-01,-1.156954616308212280e-01,1.804246902465820312e-01
1.888250708580017090e-01,-3.465467691421508789e-01,1.637401580810546875e-01
3.490066528320312500e-01,-5.788083672523498535e-01,1.697845458984375000e-01
1.801042556762695312e+00,-4.257044494152069092e-01,1.586852967739105225e-01
1.144799947738647461e+00,1.395940785187121946e-06,1.127947330474853516e+00
7.272440791130065918e-01,-3.695695102214813232e-01,1.273191452026367188e+00
6.340007781982421875e-01,-9.678945541381835938e-01,4.460855126380920410e-01
6.321014165878295898e-01,9.859657287597656250e-01,4.447491466999053955e-01
-1.765763998031616211e+00,9.038805961608886719e-01,9.656042456626892090e-01
1.149544477462768555e+00,3.797176182270050049e-01,1.115819454193115234e+00
-7.702822685241699219e-01,6.561498641967773438e-01,1.486542820930480957e+00
2.430098354816436768e-01,9.697718620300292969e-01,1.756036281585693359e-01
1.017789483070373535e+00,1.040879249572753906e+00,3.773181140422821045e-01
-1.457138359546661377e-01,9.714894294738769531e-01,1.754626482725143433e-01
-2.195915699005126953e+00,-2.323725670576095581e-01,6.773185729980468750e-01
1.995305061340332031e+00,-4.852893054485321045e-01,8.221068978309631348e-01
-9.344018101692199707e-01,8.117539286613464355e-01,1.674008369445800781e-01
2.987091057002544403e-02,5.784297585487365723e-01,1.651816368103027344e-01
-1.176151275634765625e+00,5.788422226905822754e-01,1.702108383178710938e-01
-1.294927895069122314e-01,-5.785768628120422363e-01,1.669211387634277344e-01
-1.588427901268005371e+00,1.158078834414482117e-01,1.875109672546386719e-01
-1.505989074707031250e+00,-3.475111722946166992e-01,1.843786239624023438e-01
-7.687792778015136719e-01,-3.469117581844329834e-01,1.719493865966796875e-01
-1.854471683502197266e+00,-8.148756027221679688e-01,1.949973106384277344e-01
4.598109424114227295e-01,1.338720267085591331e-06,1.386520385742187500e+00
2.074821710586547852e+00,-8.083649873733520508e-01,1.375102996826171875e-01
1.561334490776062012e+00,-1.153478771448135376e-01,1.590099334716796875e-01
-1.622274756431579590e+00,6.391329765319824219e-01,1.450541615486145020e+00
1.980479121208190918e+00,3.455816209316253662e-01,1.445431709289550781e-01
2.253727197647094727e+00,-2.074958980083465576e-01,5.625705718994140625e-01
1.019624114036560059e+00,-7.617266774177551270e-01,1.122697830200195312e+00
7.959864735603332520e-01,3.714489936828613281e-01,1.243959426879882812e+00
2.252500057220458984e+00,2.073829621076583862e-01,5.660758018493652344e-01
-2.187536716461181641e+00,7.753930240869522095e-02,7.869408726692199707e-01
7.536190748214721680e-01,-8.134093880653381348e-01,1.820311546325683594e-01
-2.197646617889404297e+00,-5.438937544822692871e-01,6.260706782341003418e-01
-1.531237602233886719e+00,9.960937500000000000e-01,6.633862257003784180e-01
-2.087028503417968750e+00,-8.798986673355102539e-01,6.465493440628051758e-01
-2.180524349212646484e+00,3.890686333179473877e-01,7.905486822128295898e-01
1.241734743118286133e+00,9.175891876220703125e-01,9.444822669029235840e-01
-1.149136662483215332e+00,-8.687567710876464844e-01,1.091020464897155762e+00
5.359324812889099121e-01,7.400853037834167480e-01,1.289668083190917969e+00
-1.554308176040649414e+00,-1.016349434852600098e+00,-3.974914550781250000e-02
-9.558730721473693848e-01,-8.034276962280273438e-01,1.240383148193359375e+00
-1.193812012672424316e+00,6.303853988647460938e-01,1.507496953010559082e+00
2.266604900360107422e+00,3.054542839527130127e-01,3.488501012325286865e-01
4.609847962856292725e-01,-3.624374270439147949e-01,1.383693218231201172e+00
-1.131351470947265625e+00,9.636511802673339844e-01,7.955598235130310059e-01
2.202407836914062500e+00,-6.217903494834899902e-01,1.407632380723953247e-01
-1.326482534408569336e+00,1.581907213221711572e-06,1.570993900299072266e+00
-7.380093336105346680e-01,-9.219288825988769531e-01,9.315261840820312500e-01
-1.372360825538635254e+00,7.899551391601562500e-01,1.185112595558166504e+00
-7.293075919151306152e-01,-9.936065673828125000e-01,1.760513335466384888e-01
1.510865926742553711e+00,1.922680884599685669e-01,1.035018920898437500e+00
-7.372658252716064453e-01,9.280676841735839844e-01,8.613505363464355469e-01
1.231527447700500488e+00,-9.675903320312500000e-01,7.975524663925170898e-01
4.481327235698699951e-01,-8.295450210571289062e-01,1.082049131393432617e+00
-2.899548411369323730e-01,8.118643760681152344e-01,1.683397293090820312e-01
8.359283208847045898e-02,-3.532623350620269775e-01,1.526158332824707031e+00
2.222489356994628906e+00,-4.632602930068969727e-01,4.601663053035736084e-01
1.415176630020141602e+00,-1.052635669708251953e+00,1.778817772865295410e-01
-1.809540510177612305e+00,7.527461051940917969e-01,1.211977481842041016e+00
-9.466755390167236328e-01,1.577138846187153831e-06,1.587388992309570312e+00
4.971348121762275696e-02,8.288331031799316406e-01,1.079366445541381836e+00
-6.429785490036010742e-01,-3.500525057315826416e-01,1.575625896453857422e+00
-9.553239345550537109e-01,8.069915771484375000e-01,1.167667508125305176e+00
4.384228289127349854e-01,-9.632329940795898438e-01,3.104809522628784180e-01
-7.690007090568542480e-01,-5.270400643348693848e-01,1.564798831939697266e+00
-1.517186045646667480e+00,1.051181316375732422e+00,4.515214562416076660e-01
-5.587974190711975098e-01,7.101540565490722656e-01,1.395330071449279785e+00
4.971809685230255127e-02,-8.282313346862792969e-01,1.079472064971923828e+00
-2.785335481166839600e-01,1.260936187463812530e-06,1.570532321929931641e+00
-3.445900976657867432e-01,8.953423500061035156e-01,9.302579760551452637e-01
1.043259501457214355e+00,-8.917469978332519531e-01,9.427837729454040527e-01
-5.513850450515747070e-01,-7.936162948608398438e-01,1.232660531997680664e+00
-5.432723760604858398e-01,-8.849329948425292969e-01,1.003752589225769043e+00
1.740694642066955566e+00,1.941458135843276978e-01,9.767665863037109375e-01
1.405608057975769043e+00,1.092847824096679688e+00,3.114767372608184814e-01
-2.147089958190917969e+00,7.819102704524993896e-02,1.185872197151184082e+00
7.372853159904479980e-01,7.477925419807434082e-01,1.230215072631835938e+00
-1.107932209968566895e+00,-1.088604927062988281e+00,3.753778040409088135e-01
-1.553485274314880371e+00,-9.088616371154785156e-01,1.027781605720520020e+00
-1.318569183349609375e+00,-1.033373355865478516e+00,6.542312502861022949e-01
-3.423157930374145508e-01,-9.356555938720703125e-01,8.553614616394042969e-01
1.687354207038879395e+00,5.881769657135009766e-01,9.342489242553710938e-01
2.171147346496582031e+00,6.258417367935180664e-01,3.039086759090423584e-01
-1.125586628913879395e+00,9.944105148315429688e-01,5.857783555984497070e-01
4.413686692714691162e-01,-9.226813316345214844e-01,8.580830097198486328e-01
1.101076364517211914e+00,1.026617527008056641e+00,6.830158233642578125e-01
-7.308856248855590820e-01,9.806141853332519531e-01,5.813143849372863770e-01
4.871067777276039124e-02,9.532742500305175781e-01,7.833141684532165527e-01
2.428036779165267944e-01,-9.748439788818359375e-01,7.132800221443176270e-01
1.023349642753601074e+00,-1.008314132690429688e+00,4.470503032207489014e-01
-7.285246849060058594e-01,-1.000042438507080078e+00,7.149336338043212891e-01
-1.544439554214477539e+00,9.443230628967285156e-01,8.800791501998901367e-01
1.337284684181213379e+00,8.297686576843261719e-01,5.501373112201690674e-02
2.425629347562789917e-01,9.808602333068847656e-01,5.775207281112670898e-01
-3.402527570724487305e-01,9.721770286560058594e-01,5.788046121597290039e-01
2.428802102804183960e-01,-9.729614257812500000e-01,4.436288475990295410e-01
1.620092153549194336e+00,-1.049714565277099609e+00,4.535551369190216064e-01
-3.396895527839660645e-01,-9.821820259094238281e-01,6.453247070312500000e-01
1.892008304595947266e+00,-6.620208621025085449e-01,8.421427607536315918e-01
-1.455551385879516602e-01,-9.779810905456542969e-01,3.089993298053741455e-01
-1.997247695922851562e+00,-5.665898323059082031e-01,1.349052548408508301e+00
1.434823870658874512e+00,1.416206373505701777e-06,1.056228637695312500e+00
1.586189508438110352e+00,-1.928452849388122559e-01,1.017113208770751953e+00
1.451711297035217285e+00,8.990993499755859375e-01,9.541236758232116699e-01
-1.305740952491760254e+00,-1.091424465179443359e+00,1.760696321725845337e-01
-1.313994169235229492e+00,1.054078102111816406e+00,3.123644888401031494e-01
-7.281106114387512207e-01,-1.003450870513916016e+00,5.116241574287414551e-01
1.022515296936035156e+00,-1.013199806213378906e+00,1.767199635505676270e-01
1.415176391601562500e+00,-1.052635669708251953e+00,-2.540527284145355225e-02
4.057334661483764648e-01,-7.369572520256042480e-01,1.313813686370849609e+00
5.292503237724304199e-01,-5.488057732582092285e-01,1.340357303619384766e+00
-1.533232778310775757e-01,6.565933227539062500e-01,1.476032257080078125e+00
-1.456328332424163818e-01,9.747638702392578125e-01,5.104725360870361328e-01
2.161513805389404297e+00,-6.270903348922729492e-01,3.588311672210693359e-01
1.084433913230895996e+00,-5.704402923583984375e-01,1.117188453674316406e+00
1.784347534179687500e+00,-7.091463208198547363e-01,1.587139815092086792e-01
-5.341322422027587891e-01,-9.878296852111816406e-01,2.425918579101562500e-01
-3.396624922752380371e-01,-9.826569557189941406e-01,3.761642277240753174e-01
2.426960766315460205e-01,9.775738716125488281e-01,3.761886656284332275e-01
1.607562780380249023e+00,1.095726966857910156e+00,5.866457819938659668e-01
2.089631080627441406e+00,1.478195144954952411e-06,8.089776039123535156e-01
8.076606392860412598e-01,-7.522373199462890625e-01,1.195891380310058594e+00
-2.157890319824218750e+00,-2.342118620872497559e-01,1.127686738967895508e+00
1.405607819557189941e+00,1.092847824096679688e+00,5.142913460731506348e-01
-1.473512887954711914e+00,5.307520031929016113e-01,1.526458740234375000e+00
2.485640645027160645e-01,8.319606781005859375e-01,1.079659700393676758e+00
-2.016342163085937500e+00,5.644275546073913574e-01,1.284508228302001953e+00
9.350697398185729980e-01,-3.748154342174530029e-01,1.191846847534179688e+00
8.346697092056274414e-01,-9.430775642395019531e-01,7.920244932174682617e-01
8.345023989677429199e-01,9.442801475524902344e-01,8.608465194702148438e-01
-1.793101429939270020e+00,-8.094935417175292969e-01,1.200968623161315918e+00
-9.275718331336975098e-01,-9.868927001953125000e-01,7.881469726562500000e-01
1.158157348632812500e+00,9.239575266838073730e-01,1.478613317012786865e-01
-7.307072281837463379e-01,9.820790290832519531e-01,3.783608973026275635e-01
1.367244124412536621e+00,3.833128511905670166e-01,1.060100078582763672e+00
-2.162154674530029297e+00,7.064296007156372070e-01,4.687207043170928955e-01
-1.119161009788513184e+00,-1.028693199157714844e+00,5.824345350265502930e-01
4.403092861175537109e-01,9.372792243957519531e-01,8.560218811035156250e-01
1.898580789566040039e+00,1.442432335352350492e-06,9.345912933349609375e-01
6.352742314338684082e-01,-9.557647705078125000e-01,2.442669570446014404e-01
-1.659392952919006348e+00,-9.934192299842834473e-01,8.872718811035156250e-01
-5.353919267654418945e-01,9.736237525939941406e-01,3.103500306606292725e-01
6.319386363029479980e-01,9.875006675720214844e-01,6.472755074501037598e-01
8.253239393234252930e-01,1.010885715484619141e+00,4.446424841880798340e-01
1.530086636543273926e+00,1.013834238052368164e+00,-5.696439743041992188e-02
1.156729698181152344e+00,5.726441144943237305e-01,1.094438552856445312e+00
4.852261394262313843e-02,-9.766173362731933594e-01,5.774778723716735840e-01
5.267993211746215820e-01,3.644887804985046387e-01,1.351814270019531250e+00
-1.608101487159729004e+00,-6.947140693664550781e-01,1.437866806983947754e+00
-2.134457111358642578e+00,-5.510504841804504395e-01,1.025228261947631836e+00
3.325660526752471924e-01,3.591344654560089111e-01,1.434870719909667969e+00
3.956152200698852539e-01,-1.801114827394485474e-01,1.412316322326660156e+00
1.452204704284667969e+00,-5.806094408035278320e-01,1.012282371520996094e+00
2.691220045089721680e-01,-3.571960628032684326e-01,1.464898109436035156e+00
8.360686898231506348e-02,3.533227741718292236e-01,1.524985313415527344e+00
-2.106162548065185547e+00,3.950717151165008545e-01,1.199608087539672852e+00
3.501464724540710449e-01,8.121327757835388184e-01,1.706919670104980469e-01
1.607561707496643066e+00,1.095726966857910156e+00,1.780502349138259888e-01
-3.496817350387573242e-01,8.051366806030273438e-01,1.156201481819152832e+00
-2.175892829895019531e+00,2.333410084247589111e-01,8.999850153923034668e-01
-1.108745694160461426e+00,8.201112747192382812e-01,2.412242889404296875e-01
-5.213740468025207520e-01,3.502188026905059814e-01,1.572941780090332031e+00
-3.395747244358062744e-01,-3.503734171390533447e-01,1.570800304412841797e+00
1.017211675643920898e+00,1.044262886047363281e+00,1.758032143115997314e-01
-2.244851112365722656e+00,2.300055474042892456e-01,4.032211303710937500e-01
-1.201545715332031250e+00,-3.501764535903930664e-01,1.573667049407958984e+00
-1.459644079208374023e+00,-1.754957884550094604e-01,1.555363655090332031e+00
1.783148765563964844e+00,8.478247523307800293e-01,8.641468882560729980e-01
-3.783340379595756531e-02,1.759866327047348022e-01,1.540837287902832031e+00
4.857793077826499939e-02,-9.696178436279296875e-01,1.754714995622634888e-01
-8.246295452117919922e-01,-1.746147871017456055e-01,1.582769393920898438e+00
-2.087352275848388672e+00,-8.798405528068542480e-01,4.227105677127838135e-01
-2.254513740539550781e+00,-7.646015286445617676e-02,2.962231338024139404e-01
7.935305833816528320e-01,-1.852500289678573608e-01,1.252758979797363281e+00
-8.246932029724121094e-01,1.746282875537872314e-01,1.582349777221679688e+00
-1.012042999267578125e+00,3.497512638568878174e-01,1.580174446105957031e+00
-1.313993930816650391e+00,1.054078102111816406e+00,1.096649169921875000e-01
1.452717632055282593e-01,-5.326042771339416504e-01,1.507475852966308594e+00
2.162849426269531250e+00,1.559156328439712524e-01,7.363195419311523438e-01
-9.840850532054901123e-02,-3.518979847431182861e-01,1.547231674194335938e+00
-6.414994597434997559e-01,1.747149974107742310e-01,1.579670429229736328e+00
-1.531659066677093506e-01,-6.631031036376953125e-01,1.474517464637756348e+00
-5.196244716644287109e-01,1.362562102258380037e-06,1.580070972442626953e+00
-1.597746372222900391e+00,7.353100776672363281e-01,1.279031634330749512e+00
-2.186965197324752808e-01,1.752980202436447144e-01,1.562131881713867188e+00
4.855138063430786133e-02,9.730467796325683594e-01,2.422421276569366455e-01
1.975585460662841797e+00,9.836537837982177734e-01,1.489703357219696045e-01
1.314123511314392090e+00,7.745587229728698730e-01,1.023692607879638672e+00
2.687080204486846924e-01,1.319348825745692011e-06,1.462831497192382812e+00
1.405609250068664551e+00,1.092847824096679688e+00,1.093536317348480225e-01
-5.614597201347351074e-01,-6.802163124084472656e-01,1.475896000862121582e+00
-3.396005034446716309e-01,3.503964245319366455e-01,1.570259571075439453e+00
-1.604716300964355469e+00,7.878279089927673340e-01,1.586508154869079590e-01
-2.212235450744628906e+00,5.422414541244506836e-01,1.936590522527694702e-01
-3.809524327516555786e-02,5.308881402015686035e-01,1.525239467620849609e+00
-2.899648845195770264e-01,-8.118926286697387695e-01,1.685900688171386719e-01
-1.461810231208801270e+00,-8.315439224243164062e-01,3.421664237976074219e-01
6.333782076835632324e-01,9.738039970397949219e-01,2.435379028320312500e-01
-9.550977349281311035e-01,-5.270496010780334473e-01,1.564692497253417969e+00
2.273178100585937500e-02,-1.762116402387619019e-01,1.534292221069335938e+00
-1.462686419486999512e+00,3.515366613864898682e-01,1.552522659301757812e+00
1.964763164520263672e+00,9.857724308967590332e-01,3.773553371429443359e-01
-1.723951697349548340e+00,1.048233985900878906e+00,1.802966296672821045e-01
-1.263072967529296875e+00,1.749264299869537354e-01,1.573076248168945312e+00
-6.414697170257568359e-01,-1.747069358825683594e-01,1.579922199249267578e+00
-2.174237728118896484e+00,-7.046651244163513184e-01,2.501702904701232910e-01
-1.133985519409179688e+00,1.622438389858871233e-06,1.583963871002197266e+00
-1.973317146301269531e+00,-7.340039014816284180e-01,1.241201162338256836e+00
1.440011262893676758e+00,8.312332034111022949e-01,3.394064903259277344e-01
-1.356401920318603516e+00,8.621783256530761719e-01,1.027747750282287598e+00
-2.139796733856201172e+00,5.504455566406250000e-01,1.080816268920898438e+00
-1.264627933502197266e+00,7.355910539627075195e-01,1.324357032775878906e+00
-1.377703428268432617e+00,-7.657861709594726562e-01,1.336771249771118164e+00
-1.855191707611083984e+00,8.151916861534118652e-01,1.977891921997070312e-01
-1.347063422203063965e+00,-9.044351577758789062e-01,1.020672321319580078e+00
-1.636132359504699707e+00,7.915239334106445312e-01,-1.119279861450195312e-02
1.808957099914550781e+00,1.419316381216049194e-01,1.586630195379257202e-01
6.975933909416198730e-01,9.690186381340026855e-01,1.037428855895996094e+00
2.236741542816162109e+00,-4.618782997131347656e-01,1.923419088125228882e-01
-1.678198695182800293e+00,5.805144309997558594e-01,1.909446716308593750e-01
1.163927316665649414e+00,-8.153024911880493164e-01,1.987748146057128906e-01
-1.667604804039001465e+00,1.044499158859252930e+00,5.729651451110839844e-01
-2.227110862731933594e+00,3.853079080581665039e-01,5.126730203628540039e-01
-1.758112430572509766e+00,-1.159216463565826416e-01,1.946544647216796875e-01
-1.994278788566589355e+00,-8.622374534606933594e-01,1.055168986320495605e+00
-1.759891629219055176e+00,3.479959070682525635e-01,1.944546699523925781e-01
-2.178603172302246094e+00,5.460504293441772461e-01,9.041726589202880859e-01
-1.929356455802917480e+00,-3.478789329528808594e-01,1.920375823974609375e-01
-1.763726115226745605e+00,-5.808548927307128906e-01,1.951603889465332031e-01
1.250670790672302246e+00,-8.738179206848144531e-01,9.512789845466613770e-01
-2.174349308013916016e+00,-2.334156781435012817e-01,8.449884057044982910e-01
1.425830245018005371e+00,-1.007863998413085938e+00,7.285854816436767578e-01
1.979350805282592773e+00,-1.151687204837799072e-01,1.479187011718750000e-01
-2.168892860412597656e+00,-3.900076448917388916e-01,7.374090552330017090e-01
-1.422206997871398926e+00,3.473223447799682617e-01,1.805090904235839844e-01
2.118426799774169922e+00,-4.733509421348571777e-01,6.906643509864807129e-01
-2.160029888153076172e+00,7.067396640777587891e-01,6.888092160224914551e-01
-7.480953335762023926e-01,8.388757705688476562e-01,1.085489153861999512e+00
1.562951683998107910e+00,3.462805449962615967e-01,1.589989662170410156e-01
2.005903959274291992e+00,3.971879184246063232e-01,8.450927734375000000e-01
-2.160080909729003906e+00,2.341059297323226929e-01,1.127176523208618164e+00
1.226205110549926758e+00,1.008932828903198242e+00,7.918081283569335938e-01
1.649750590324401855e+00,5.779245495796203613e-01,1.588735580444335938e-01
1.646333932876586914e+00,-3.462755382061004639e-01,1.588969230651855469e-01
-5.529596805572509766e-01,7.758822441101074219e-01,1.236183166503906250e+00
-2.168722152709960938e+00,-5.471696257591247559e-01,8.503876924514770508e-01
1.400276422500610352e+00,-5.779550671577453613e-01,1.592426300048828125e-01
-2.158928394317626953e+00,-3.908120393753051758e-01,1.073202848434448242e+00
1.861950039863586426e+00,-9.389605522155761719e-01,6.788564920425415039e-01
9.476003646850585938e-01,2.884864670704700984e-06,1.197361588478088379e+00
2.200446128845214844e+00,6.220445632934570312e-01,1.408209204673767090e-01
1.820346951484680176e+00,1.074392318725585938e+00,4.559098780155181885e-01
1.395911574363708496e+00,1.153514459729194641e-01,1.592345237731933594e-01
-3.507811725139617920e-01,-7.856850624084472656e-01,1.231350660324096680e+00
-1.337610125541687012e+00,-1.156426221132278442e-01,1.772880554199218750e-01
-2.186563014984130859e+00,5.451489686965942383e-01,7.370112538337707520e-01
-1.754065036773681641e+00,-9.395315051078796387e-01,1.550692766904830933e-01
-2.184754371643066406e+00,7.758416980504989624e-02,9.527359008789062500e-01
-2.167806625366210938e+00,-7.056043148040771484e-01,6.325973272323608398e-01
-2.191985130310058594e+00,-7.746767997741699219e-02,7.315995693206787109e-01
-2.000047206878662109e+00,8.444914817810058594e-01,9.847114086151123047e-01
-1.185699462890625000e+00,-6.736745834350585938e-01,1.497251868247985840e+00
1.317849397659301758e+00,5.779626965522766113e-01,1.593332290649414062e-01
-1.010174512863159180e+00,3.465684354305267334e-01,1.648874282836914062e-01
-1.009096980094909668e+00,-1.154399588704109192e-01,1.647205352783203125e-01
1.654919147491455078e+00,8.107837438583374023e-01,1.588621139526367188e-01
-1.172512531280517578e+00,1.155309900641441345e-01,1.703329086303710938e-01
-1.551929950714111328e+00,1.014794230461120605e+00,-5.039978027343750000e-02
-2.200320720672607422e+00,-5.435907840728759766e-01,4.630850255489349365e-01
-2.235980033874511719e+00,7.675879448652267456e-02,5.635978579521179199e-01
2.173021316528320312e+00,6.255990266799926758e-01,4.666308462619781494e-01
-2.207444190979003906e+00,5.427840948104858398e-01,4.085134863853454590e-01
-2.218999862670898438e+00,-3.859626054763793945e-01,5.673730373382568359e-01
-1.956489086151123047e+00,-9.785408973693847656e-01,2.544683814048767090e-01
-2.238670349121093750e+00,-2.303045839071273804e-01,4.570004045963287354e-01
1.647006154060363770e+00,-9.508576393127441406e-01,8.121273517608642578e-01
-1.595149040222167969e+00,-8.334449529647827148e-01,1.555175781250000000e-01
2.272692203521728516e+00,-1.523749828338623047e-01,2.426205426454544067e-01
1.800105094909667969e+00,-1.018007278442382812e+00,9.542388468980789185e-02
-9.296731948852539062e-01,9.732742309570312500e-01,1.774334609508514404e-01
9.924267530441284180e-01,-5.786800384521484375e-01,1.682467460632324219e-01
1.330790996551513672e+00,-7.917327880859375000e-01,1.423550397157669067e-01
-1.497517228126525879e-01,8.044018745422363281e-01,1.154837965965270996e+00
-7.728217840194702148e-01,8.123121261596679688e-01,1.723303794860839844e-01
8.340032696723937988e-01,8.127462863922119141e-01,1.761574745178222656e-01
1.151585102081298828e+00,3.463083505630493164e-01,1.595683097839355469e-01
5.095495581626892090e-01,5.794309377670288086e-01,1.774477958679199219e-01
1.897936910390853882e-01,-8.113539814949035645e-01,1.637954711914062500e-01
1.529718399047851562e+00,5.831904411315917969e-01,9.856667518615722656e-01
-7.727459669113159180e-01,-8.122324943542480469e-01,1.716256141662597656e-01
9.892864823341369629e-01,1.154900416731834412e-01,1.678185462951660156e-01
5.900353789329528809e-01,-5.796505808830261230e-01,1.802163124084472656e-01
2.500475347042083740e-01,-7.950987815856933594e-01,1.157172679901123047e+00
2.272113323211669922e+00,2.272128995173261501e-06,1.900222748517990112e-01
-9.314164519309997559e-01,-5.785717368125915527e-01,1.668877601623535156e-01
1.908074617385864258e+00,8.103455305099487305e-01,1.550059318542480469e-01
1.900892257690429688e+00,-9.982756376266479492e-01,3.821420073509216309e-01
-8.482031226158142090e-01,1.155212745070457458e-01,1.697278022766113281e-01
-7.704073786735534668e-01,5.790121555328369141e-01,1.723022460937500000e-01
1.221679687500000000e+00,-1.015827178955078125e+00,5.855334401130676270e-01
-6.094401478767395020e-01,-5.789957046508789062e-01,1.719956398010253906e-01
8.297512531280517578e-01,3.471436500549316406e-01,1.767749786376953125e-01
4.283212125301361084e-01,3.470128476619720459e-01,1.737890243530273438e-01
8.298156261444091797e-01,-3.471706807613372803e-01,1.773324012756347656e-01
4.924016818404197693e-02,8.875918388366699219e-01,9.299889802932739258e-01
5.882388353347778320e-01,1.156978607177734375e-01,1.805682182312011719e-01
-4.489694237709045410e-01,5.788293480873107910e-01,1.700887680053710938e-01
2.158965587615966797e+00,-1.560408025979995728e-01,7.369109988212585449e-01
-6.075437664985656738e-01,-1.155597195029258728e-01,1.719040870666503906e-01
-4.503941237926483154e-01,-8.120864033699035645e-01,1.703186035156250000e-01
3.500976562500000000e-01,-8.120188713073730469e-01,1.696872711181640625e-01
1.981776714324951172e+00,-3.238383829593658447e-01,8.795080184936523438e-01
-2.238407135009765625e+00,-3.843959867954254150e-01,2.450479120016098022e-01
4.924953356385231018e-02,-8.864288330078125000e-01,9.301657080650329590e-01
2.051393032073974609e+00,-6.413635611534118652e-01,7.027081251144409180e-01
1.908399343490600586e+00,-8.104832768440246582e-01,1.562228202819824219e-01
2.227008342742919922e+00,4.628220498561859131e-01,3.526843190193176270e-01
-6.081634163856506348e-01,3.469093143939971924e-01,1.718392372131347656e-01
6.936517357826232910e-01,-9.635428190231323242e-01,1.071119308471679688e+00
-1.489187628030776978e-01,-8.388662338256835938e-01,1.077890872955322266e+00
-1.298953145742416382e-01,8.116821050643920898e-01,1.667284965515136719e-01
-3.681954741477966309e-01,-3.467804193496704102e-01,1.693615913391113281e-01
1.897921711206436157e-01,8.113487958908081055e-01,1.637511253356933594e-01
2.682141065597534180e-01,1.154800355434417725e-01,1.667160987854003906e-01
4.278610050678253174e-01,-1.155875921249389648e-01,1.734838485717773438e-01
-2.251486778259277344e+00,2.296846210956573486e-01,2.438671886920928955e-01
-4.475912451744079590e-01,1.155309677124023438e-01,1.701450347900390625e-01
1.528695940971374512e+00,-7.889116406440734863e-01,-3.424882888793945312e-02
-2.884559631347656250e-01,3.467425704002380371e-01,1.683950424194335938e-01
-1.142254710197448730e+00,9.054770469665527344e-01,9.433828592300415039e-01
-2.083664894104003906e+00,-2.378021329641342163e-01,1.318867564201354980e+00
1.740364670753479004e+00,-1.941090375185012817e-01,9.779076576232910156e-01
2.981414645910263062e-02,-3.466159701347351074e-01,1.653122901916503906e-01
2.981353737413883209e-02,3.466111719608306885e-01,1.652145385742187500e-01
-2.085858136415481567e-01,-1.154869496822357178e-01,1.676378250122070312e-01
1.092214956879615784e-01,-1.154710352420806885e-01,1.644945144653320312e-01
-1.290743947029113770e-01,1.154618933796882629e-01,1.668186187744140625e-01
-2.251416683197021484e+00,7.651004940271377563e-02,3.492883145809173584e-01
-1.319253444671630859e+00,-8.295117020606994629e-01,1.670452803373336792e-01
-1.135483503341674805e+00,-9.416041374206542969e-01,9.377905130386352539e-01
1.367604494094848633e+00,-3.834172785282135010e-01,1.058557033538818359e+00
2.263053894042968750e+00,-3.056868910789489746e-01,1.381173729896545410e-01
2.259627342224121094e+00,3.059045970439910889e-01,1.909204125404357910e-01
2.273660659790039062e+00,1.523438543081283569e-01,2.951428294181823730e-01
-1.460692733526229858e-01,-9.567565917968750000e-01,7.830663919448852539e-01
-5.421750545501708984e-01,8.972692489624023438e-01,9.321432113647460938e-01
-2.072676658630371094e+00,-5.580472946166992188e-01,1.211596369743347168e+00
-3.413138389587402344e-01,9.533729553222656250e-01,7.845228314399719238e-01
-3.957840055227279663e-02,-7.344974875450134277e-01,1.332810878753662109e+00
-8.684166669845581055e-01,7.336353063583374023e-01,1.339431762695312500e+00
1.043763279914855957e+00,8.888044357299804688e-01,1.013650774955749512e+00
1.672962427139282227e+00,-3.891113102436065674e-01,9.703121185302734375e-01
1.302471756935119629e+00,-5.764645338058471680e-01,1.055050373077392578e+00
-1.327365875244140625e+00,9.935674667358398438e-01,6.585960388183593750e-01
-3.577963411808013916e-01,6.613802909851074219e-01,1.476834535598754883e+00
2.451232224702835083e-01,-9.172987937927246094e-01,8.572821021080017090e-01
-2.071446418762207031e+00,8.826907277107238770e-01,7.050991654396057129e-01
9.478626847267150879e-01,7.583112120628356934e-01,1.149044513702392578e+00
2.056557655334472656e+00,8.033910989761352539e-01,5.924198627471923828e-01
-2.287693768739700317e-01,-7.315823435783386230e-01,1.355283737182617188e+00
6.416965126991271973e-01,-8.946599960327148438e-01,9.339995980262756348e-01
-2.100556373596191406e+00,7.154241800308227539e-01,1.036691546440124512e+00
1.653054594993591309e+00,9.286403656005859375e-01,8.861138820648193359e-01
-1.469381451606750488e-01,9.207301139831542969e-01,8.563534617424011230e-01
1.075250387191772461e+00,1.887985616922378540e-01,1.142666339874267578e+00
2.281819343566894531e+00,-1.520808786153793335e-01,3.998266458511352539e-01
-2.088487148284912109e+00,-8.796373009681701660e-01,8.726876378059387207e-01
5.117699503898620605e-02,-6.471581459045410156e-01,1.477843761444091797e+00
1.006491661071777344e+00,3.767363727092742920e-01,1.161984443664550781e+00
1.146153092384338379e+00,-1.893991827964782715e-01,1.124053955078125000e+00
5.117241293191909790e-02,6.476831436157226562e-01,1.477721333503723145e+00
2.544969618320465088e-01,-6.846990585327148438e-01,1.396613240242004395e+00
7.310807704925537109e-01,-5.567973256111145020e-01,1.257897853851318359e+00
7.938122153282165527e-01,1.853157728910446167e-01,1.250716686248779297e+00
1.466718435287475586e+00,-7.809370756149291992e-01,9.744558334350585938e-01
-1.319451332092285156e+00,8.067110776901245117e-01,-3.473480045795440674e-02
-7.697639465332031250e-01,5.275623202323913574e-01,1.559408187866210938e+00
1.288231015205383301e+00,1.406669639436586294e-06,1.092479228973388672e+00
2.274563312530517578e+00,-3.049441874027252197e-01,4.539678990840911865e-01
-1.170416831970214844e+00,1.034326672554016113e+00,8.335542678833007812e-02
8.005163669586181641e-01,5.598646402359008789e-01,1.226232051849365234e+00
-1.957899451255798340e+00,-9.742016792297363281e-01,6.783545017242431641e-01
-1.337891459465026855e+00,-5.284840464591979980e-01,1.549855232238769531e+00
2.069024562835693359e+00,-8.013651967048645020e-01,5.348623394966125488e-01
-1.523159861564636230e+00,-1.027766227722167969e+00,7.290549874305725098e-01
1.510460019111633301e+00,1.003716468811035156e+00,8.239049911499023438e-01
6.573631167411804199e-01,1.356005668640136719e-06,1.307671070098876953e+00
1.779328107833862305e+00,1.030869245529174805e+00,6.568341255187988281e-01
-2.047566890716552734e+00,3.998019993305206299e-01,1.331316709518432617e+00
6.599645614624023438e-01,3.680322170257568359e-01,1.296928882598876953e+00
1.722300052642822266e+00,8.577137589454650879e-01,3.703247010707855225e-02
5.927877426147460938e-01,-3.661331534385681152e-01,1.326439380645751953e+00
-1.672849178314208984e+00,-9.540768861770629883e-01,3.748260438442230225e-02
5.297927856445312500e-01,5.493674874305725098e-01,1.334540367126464844e+00
-9.319907426834106445e-01,9.582500457763671875e-01,7.919012308120727539e-01
-2.040856122970581055e+00,7.188935279846191406e-01,1.921661347150802612e-01
5.592674016952514648e-01,9.638783335685729980e-01,1.069051742553710938e+00
-1.967374086380004883e+00,9.450421333312988281e-01,3.973623514175415039e-01
-1.311284422874450684e+00,-1.004641652107238770e+00,8.182306289672851562e-01
6.338369846343994141e-01,-9.694385528564453125e-01,6.492199301719665527e-01
1.333508491516113281e-01,2.213321626186370850e-01,1.518098711967468262e+00
4.602546691894531250e-01,1.810257136821746826e-01,1.383970260620117188e+00
4.850805178284645081e-02,9.784264564514160156e-01,6.447219848632812500e-01
1.733738422393798828e+00,-5.779182910919189453e-01,1.587805747985839844e-01
1.894973397254943848e+00,-8.314599990844726562e-01,7.633150815963745117e-01
-1.723779916763305664e+00,-1.048821926116943359e+00,5.247700214385986328e-01
-1.741203069686889648e+00,8.019769191741943359e-01,8.110761642456054688e-02
-2.148247718811035156e+00,-7.817242294549942017e-02,1.185589313507080078e+00
6.487836241722106934e-01,8.272466659545898438e-01,1.156579732894897461e+00
-5.337755680084228516e-01,-9.918432235717773438e-01,6.457981467247009277e-01
-2.093934535980224609e+00,7.904744893312454224e-02,1.314746379852294922e+00
1.254861474037170410e+00,-8.532943725585937500e-01,4.344970732927322388e-02
-1.118651270866394043e+00,1.031413555145263672e+00,3.790096938610076904e-01
1.168031930923461914e+00,-1.050485253334045410e+00,1.940283775329589844e-01
-9.797928333282470703e-01,6.483631134033203125e-01,1.494991064071655273e+00
8.333529233932495117e-01,-9.526319503784179688e-01,1.776226758956909180e-01
1.620092153549194336e+00,-1.049714565277099609e+00,1.110610961914062500e-01
1.024781227111816406e+00,-9.999322891235351562e-01,5.835537314414978027e-01
