5.057971924543380737e-02,-7.213392257690429688e-01,1.098168015480041504e+00
1.382130146026611328e+00,1.481081366539001465e+00,2.980242967605590820e-01
-1.905140876770019531e+00,8.208930492401123047e-02,2.047979682683944702e-01
1.611352443695068359e+00,-2.281923294067382812e-01,-2.892700210213661194e-02
-2.815594673156738281e-01,7.609013915061950684e-01,2.717526257038116455e-01
-1.228379487991333008e+00,-1.441490650177001953e+00,2.920120060443878174e-01
1.268220067024230957e+00,3.555512130260467529e-01,1.490303993225097656e+00
-1.028116226196289062e+00,1.893773227930068970e-01,1.124765872955322266e+00
5.186876282095909119e-02,5.612554550170898438e-01,1.497826933860778809e+00
-6.107462644577026367e-01,-3.483824729919433594e-01,2.022995948791503906e-01
5.101040601730346680e-01,-1.161333471536636353e-01,2.075085639953613281e-01
1.891698837280273438e+00,4.953359961509704590e-01,6.648296713829040527e-01
5.465550422668457031e-01,1.101959466934204102e+00,7.311576604843139648e-01
-1.569194316864013672e+00,-6.150694489479064941e-01,8.936144709587097168e-01
9.496011734008789062e-01,-3.904472887516021729e-01,9.912990927696228027e-01
1.080157399177551270e+00,5.821243524551391602e-01,2.108707427978515625e-01
-7.826740741729736328e-01,-9.692058563232421875e-01,1.036273956298828125e+00
-1.098791480064392090e+00,3.489243984222412109e-01,2.136144638061523438e-01
1.371745228767395020e+00,1.235157012939453125e+00,1.104226231575012207e+00
4.937644675374031067e-02,-8.706064224243164062e-01,2.463595569133758545e-01
4.462869167327880859e-01,-1.755319237709045410e-01,1.554405212402343750e+00
-4.120486974716186523e-01,-1.804916113615036011e-01,1.400648117065429688e+00
7.307443618774414062e-01,8.755509257316589355e-01,1.449772357940673828e+00
-1.772695064544677734e+00,-8.164818882942199707e-01,2.091794013977050781e-01
1.621028423309326172e+00,-1.875300407409667969e-01,7.497433423995971680e-01
-6.845309138298034668e-01,-1.031682848930358887e+00,6.527137756347656250e-02
7.897892594337463379e-01,1.268746376037597656e+00,4.006958007812500000e-02
-3.584560751914978027e-01,6.496882438659667969e-01,9.676917791366577148e-01
-1.297585964202880859e-01,1.160741671919822693e-01,2.048234939575195312e-01
3.507922291755676270e-01,5.817694664001464844e-01,2.064671516418457031e-01
-1.261456012725830078e+00,-3.484595119953155518e-01,2.039937973022460938e-01
-1.606098651885986328e+00,8.690749853849411011e-02,8.820185661315917969e-01
1.129801630973815918e+00,-3.850383758544921875e-01,3.442385792732238770e-01
5.040521621704101562e-01,-6.298915743827819824e-01,6.256847977638244629e-01
-1.312587499618530273e+00,-1.204468131065368652e+00,8.476929664611816406e-01
-9.076405167579650879e-01,-3.841831982135772705e-01,1.046706676483154297e+00
1.704501628875732422e+00,1.036725163459777832e+00,5.173147320747375488e-01
2.025728225708007812e+00,2.746581913015688770e-06,3.658416569232940674e-01
1.620256423950195312e+00,6.972414255142211914e-01,1.135796308517456055e+00
-3.387949168682098389e-01,-9.980273246765136719e-01,6.436254978179931641e-01
1.807271003723144531e+00,1.673770844936370850e-01,1.148023366928100586e+00
-1.951979637145996094e+00,-4.075188636779785156e-01,5.422259569168090820e-01
-7.969069480895996094e-01,5.007656812667846680e-01,6.662963628768920898e-01
1.577590584754943848e+00,3.495242893695831299e-01,2.260556221008300781e-01
-5.386189222335815430e-01,3.618027269840240479e-01,1.393436431884765625e+00
6.302313208580017090e-01,3.514513075351715088e-01,1.553867816925048828e+00
1.065228819847106934e+00,1.115326046943664551e+00,6.381030082702636719e-01
4.938306659460067749e-02,8.696503639221191406e-01,7.251681089401245117e-01
-7.795376777648925781e-01,-1.264303565025329590e+00,5.796662569046020508e-01
9.461376667022705078e-01,-1.341891288757324219e-01,1.451103329658508301e+00
-1.458604216575622559e+00,1.122314408421516418e-01,-3.442287445068359375e-02
2.997558563947677612e-02,-3.484937548637390137e-01,2.041325569152832031e-01
-1.102874755859375000e+00,-8.157690167427062988e-01,2.028818130493164062e-01
-6.105804443359375000e-01,3.482878804206848145e-01,2.003440856933593750e-01
9.938107132911682129e-01,1.160181388258934021e-01,2.005977630615234375e-01
3.956356048583984375e-01,1.079922437667846680e+00,2.174725234508514404e-01
2.482862472534179688e-01,8.388442993164062500e-01,1.149014234542846680e+00
1.414361238479614258e+00,-7.201385498046875000e-02,1.236691236495971680e+00
-1.643054962158203125e+00,-1.138655662536621094e+00,5.250415205955505371e-01
-4.255127906799316406e-01,-7.445979714393615723e-01,1.232935786247253418e+00
-1.527049064636230469e+00,2.647255659103393555e-01,4.029882848262786865e-01
4.701683819293975830e-01,-5.261287689208984375e-01,1.135256290435791016e+00
2.290405146777629852e-02,-3.549208343029022217e-01,1.500396251678466797e+00
6.730505228042602539e-01,-5.818790793418884277e-01,2.077908515930175781e-01
9.042298793792724609e-01,1.163534522056579590e+00,1.056778907775878906e+00
1.239662647247314453e+00,9.119129776954650879e-01,1.388797760009765625e+00
1.256290912628173828e+00,1.055072903633117676e+00,2.254614830017089844e-01
-1.598252803087234497e-01,1.769587993621826172e-01,1.510271072387695312e+00
-1.249075770378112793e+00,3.355288505554199219e-01,7.259570360183715820e-01
-1.688932180404663086e+00,-3.777828216552734375e-01,1.988543719053268433e-01
4.977386444807052612e-02,-8.212475776672363281e-01,6.615510582923889160e-01
-1.325074553489685059e+00,-1.931895017623901367e-01,1.006456851959228516e+00
-1.201519846916198730e+00,-7.806145548820495605e-01,9.769434928894042969e-01
-3.718045055866241455e-01,-8.156747221946716309e-01,2.020611763000488281e-01
-8.945980668067932129e-01,5.675019621849060059e-01,1.147482872009277344e+00
7.557711601257324219e-01,8.157313466072082520e-01,2.025389671325683594e-01
-9.347265362739562988e-01,-1.162472143769264221e-01,2.148141860961914062e-01
6.712466478347778320e-01,3.484312295913696289e-01,2.033481597900390625e-01
2.642489671707153320e-01,1.754550635814666748e-01,1.556949138641357422e+00
-1.001322865486145020e+00,-1.253521203994750977e+00,-8.850097656250000000e-04
1.329561114311218262e+00,1.412437915802001953e+00,6.793932914733886719e-01
-1.440130114555358887e+00,-1.051813364028930664e+00,2.031345367431640625e-01
1.815371990203857422e+00,6.719521880149841309e-01,3.262997269630432129e-01
-1.436781287193298340e-01,-1.055680274963378906e+00,1.108000516891479492e+00
1.611353278160095215e+00,-2.281918525695800781e-01,3.570697009563446045e-01
7.897894382476806641e-01,1.268746376037597656e+00,4.254986345767974854e-01
-7.391018867492675781e-01,-1.008768454194068909e-01,1.238770127296447754e+00
3.946829140186309814e-01,7.168856859207153320e-01,1.468681812286376953e+00
4.898132383823394775e-02,9.196786880493164062e-01,2.443871945142745972e-01
-1.771450996398925781e+00,-7.634804248809814453e-01,6.250317096710205078e-01
1.418990612030029297e+00,7.233263254165649414e-01,2.261871248483657837e-01
9.017710089683532715e-01,-4.561457633972167969e-01,6.332849264144897461e-01
9.470812678337097168e-01,5.312913656234741211e-01,1.520919322967529297e+00
-1.721560955047607422e+00,-2.553168833255767822e-01,8.640353083610534668e-01
1.139138579368591309e+00,1.420139789581298828e+00,3.944274783134460449e-02
1.672578334808349609e+00,8.569331169128417969e-01,8.247375488281250000e-01
1.301162362098693848e+00,-1.142478883266448975e-01,9.073591232299804688e-02
1.935036182403564453e+00,1.632590889930725098e-01,7.709978818893432617e-01
-1.830213546752929688e+00,8.329635113477706909e-02,6.116011142730712891e-01
1.925951480865478516e+00,3.274374604225158691e-01,2.608227431774139404e-01
-3.560962080955505371e-01,6.915059089660644531e-01,6.057554483413696289e-01
2.882229983806610107e-01,1.522355079650878906e-01,2.082769721746444702e-01
1.574365496635437012e+00,3.661758303642272949e-01,1.325664043426513672e+00
-2.301911860704421997e-01,5.527696609497070312e-01,1.299481868743896484e+00
-1.168451309204101562e-01,4.592618942260742188e-01,2.075091451406478882e-01
7.004629373550415039e-01,-3.355360031127929688e-01,1.325710892677307129e+00
-8.558285236358642578e-01,-5.821872353553771973e-01,2.116990089416503906e-01
2.705233693122863770e-01,-5.817675590515136719e-01,2.064490318298339844e-01
1.823492527008056641e+00,2.899169885495211929e-06,9.322479367256164551e-02
-3.693875074386596680e-01,-1.160085573792457581e-01,2.000875473022460938e-01
6.312568783760070801e-01,9.940042495727539062e-01,1.125334739685058594e+00
-5.287647247314453125e-01,-1.048244953155517578e+00,3.729357719421386719e-01
-9.621249437332153320e-01,-1.073160052299499512e+00,3.493094444274902344e-01
-2.263102680444717407e-01,-5.434505939483642578e-01,1.395586013793945312e+00
1.368132472038269043e+00,-2.984533309936523438e-01,5.793130397796630859e-01
9.405709505081176758e-01,1.761242449283599854e-01,1.535874843597412109e+00
-1.974252223968505859e+00,-2.430942505598068237e-01,2.581051588058471680e-01
-6.504530906677246094e-01,-5.125887989997863770e-01,1.187037587165832520e+00
-1.507757425308227539e+00,-1.160136386752128601e-01,2.003087997436523438e-01
2.135781794786453247e-01,-5.508965849876403809e-01,1.318844795227050781e+00
-4.458197057247161865e-01,-9.723719358444213867e-01,1.016808986663818359e+00
-1.520493507385253906e+00,-9.813636541366577148e-01,7.839208841323852539e-01
-9.459858536720275879e-01,-1.194600701332092285e+00,8.980908393859863281e-01
-1.238945245742797852e+00,-1.393676280975341797e+00,6.147245764732360840e-01
-5.683147907257080078e-01,6.030335426330566406e-01,4.008325040340423584e-01
1.131014943122863770e+00,-1.868976950645446777e-01,1.201663970947265625e+00
6.799989342689514160e-01,-5.302505493164062500e-01,9.161108136177062988e-01
1.791099548339843750e+00,5.050910711288452148e-01,9.751901030540466309e-01
1.199977159500122070e+00,2.583885192871093750e-02,1.492326140403747559e+00
2.434412389993667603e-01,9.590773582458496094e-01,5.120675563812255859e-01
9.283868074417114258e-01,1.058539986610412598e+00,2.492051124572753906e-01
6.903147697448730469e-01,1.296997083954920527e-06,1.552734375000000000e+00
-1.725633144378662109e+00,-1.195088550448417664e-01,4.172825813293457031e-01
-6.651568412780761719e-01,5.114018321037292480e-01,9.669359922409057617e-01
1.576989650726318359e+00,1.244336366653442383e+00,3.472674489021301270e-01
1.386263132095336914e+00,-1.944253891706466675e-01,9.680919647216796875e-01
2.522611320018768311e-01,-7.401809692382812500e-01,4.607630670070648193e-01
-4.196243360638618469e-02,7.787358164787292480e-01,9.914789199829101562e-01
2.527998983860015869e-01,-7.268080711364746094e-01,8.841292858123779297e-01
-1.003764510154724121e+00,3.953530788421630859e-01,8.735241889953613281e-01
1.883633494377136230e+00,-8.177995681762695312e-02,6.072881817817687988e-01
-1.014232754707336426e+00,4.251136779785156250e-01,4.892809987068176270e-01
-7.795367240905761719e-01,-1.264302968978881836e+00,2.293307483196258545e-01
-1.474516987800598145e-01,-8.994827270507812500e-01,8.593467473983764648e-01
8.067641854286193848e-01,1.223140001296997070e+00,7.523121833801269531e-01
-7.400314807891845703e-01,1.840438842773437500e-01,1.290216922760009766e+00
-1.428482651710510254e+00,-5.810225605964660645e-01,1.972141265869140625e-01
-2.101940810680389404e-01,-5.812846422195434570e-01,2.003598213195800781e-01
-1.471830755472183228e-01,-9.106345176696777344e-01,4.479836821556091309e-01
1.242456078529357910e+00,3.489031791687011719e-01,2.132153511047363281e-01
8.331170678138732910e-01,-3.485518693923950195e-01,2.058911323547363281e-01
1.406911849975585938e+00,1.162599921226501465e-01,2.156510353088378906e-01
1.069018363952636719e+00,1.119414091110229492e+00,1.282136440277099609e+00
-1.336451649665832520e+00,1.948483288288116455e-01,9.549951553344726562e-01
-7.711962461471557617e-01,1.160416379570960999e-01,2.020320892333984375e-01
1.898007094860076904e-01,-1.161546707153320312e-01,2.084593772888183594e-01
-1.233741641044616699e+00,1.215639486908912659e-01,5.447740554809570312e-01
1.501819610595703125e+00,9.516192674636840820e-01,1.144471645355224609e+00
-1.870429039001464844e+00,-5.809528827667236328e-01,3.222036659717559814e-01
-1.312397241592407227e+00,3.402687013149261475e-01,3.469896316528320312e-02
1.139138579368591309e+00,1.420139312744140625e+00,4.188452064990997314e-01
1.124983787536621094e+00,1.150178909301757812e+00,-2.487793006002902985e-02
1.652937531471252441e+00,-5.342960357666015625e-02,1.086378931999206543e+00
1.159819841384887695e+00,1.318836212158203125e+00,9.480308294296264648e-01
1.551044940948486328e+00,1.250290036201477051e+00,6.612938046455383301e-01
-1.454602718353271484e+00,-1.366818547248840332e+00,4.200521707534790039e-01
1.133888363838195801e+00,-3.611135482788085938e-01,7.966699004173278809e-01
1.789900183677673340e+00,1.194523572921752930e-01,4.137682914733886719e-01
9.658402800559997559e-01,1.345039367675781250e+00,2.305743396282196045e-01
-7.995476722717285156e-01,5.005525946617126465e-01,3.190969824790954590e-01
4.395880699157714844e-01,-4.233591258525848389e-01,1.376432776451110840e+00
5.039091110229492188e-01,1.095731496810913086e+00,4.733155667781829834e-01
5.076269060373306274e-02,6.983962059020996094e-01,1.246702671051025391e+00
-6.959512233734130859e-01,-8.169417977333068848e-01,2.131719589233398438e-01
-1.089492559432983398e+00,-1.186988830566406250e+00,5.669949054718017578e-01
-1.979720592498779297e+00,-8.088775724172592163e-02,4.813545048236846924e-01
-1.248819231986999512e+00,1.150300204753875732e-01,1.392507553100585938e-01
7.362094521522521973e-01,4.575729370117187500e-03,2.049343883991241455e-01
-1.605000197887420654e-01,-1.777057200670242310e-01,1.487100124359130859e+00
2.323852479457855225e-02,1.326203346252441406e-06,1.522840499877929688e+00
1.360262751579284668e+00,-3.370037078857421875e-01,1.978719979524612427e-01
1.556263923645019531e+00,1.065746307373046875e+00,9.069485068321228027e-01
1.099841296672821045e-01,3.487118184566497803e-01,2.089538574218750000e-01
1.167052030563354492e+00,8.174907565116882324e-01,2.181029319763183594e-01
-1.189378023147583008e+00,-1.051083087921142578e+00,1.981101036071777344e-01
-7.074162960052490234e-01,-1.173886775970458984e+00,8.264791965484619141e-01
6.775537133216857910e-01,1.051834702491760254e+00,2.032566070556640625e-01
-1.517283916473388672e+00,-8.155243396759033203e-01,2.007226943969726562e-01
4.323495328426361084e-01,8.159011006355285645e-01,2.040328979492187500e-01
-1.481168985366821289e+00,-3.903921842575073242e-01,9.504699707031250000e-01
-5.689987540245056152e-01,5.953488349914550781e-01,6.884164214134216309e-01
-1.510786563158035278e-01,-7.495350837707519531e-01,1.236906766891479492e+00
-1.181604266166687012e+00,-5.815261602401733398e-01,2.034587860107421875e-01
3.502239882946014404e-01,-3.487354815006256104e-01,2.094039916992187500e-01
-1.491250753402709961e+00,2.519769668579101562e-01,7.399102449417114258e-01
-5.314440727233886719e-01,-5.814470052719116211e-01,2.024412155151367188e-01
8.343756198883056641e-01,5.813969373703002930e-01,2.018561363220214844e-01
1.075178861618041992e+00,-1.160090193152427673e-01,2.000265121459960938e-01
-2.897366285324096680e-01,-3.482819795608520508e-01,2.002220153808593750e-01
2.008164405822753906e+00,3.221319019794464111e-01,5.355638265609741211e-01
-4.494520425796508789e-01,1.160112097859382629e-01,1.999559402465820312e-01
-1.016561388969421387e+00,-3.487596511840820312e-01,2.101917266845703125e-01
-1.016220331192016602e+00,1.162549927830696106e-01,2.153015136718750000e-01
-6.905656456947326660e-01,-1.160443723201751709e-01,2.021627426147460938e-01
2.441693246364593506e-01,9.410195350646972656e-01,8.539388775825500488e-01
-1.178775310516357422e+00,-1.161480322480201721e-01,2.086362838745117188e-01
-7.586953639984130859e-01,-1.249251961708068848e+00,-2.471065521240234375e-02
-1.527049064636230469e+00,2.647256553173065186e-01,1.594323664903640747e-01
9.658410549163818359e-01,1.345039844512939453e+00,6.142170429229736328e-01
-1.050282359123229980e+00,-5.795752406120300293e-01,1.023011684417724609e+00
-1.180256962776184082e+00,1.716613724056514911e-06,1.034127235412597656e+00
2.046528607606887817e-01,-1.762025058269500732e-01,1.533854484558105469e+00
9.136334061622619629e-01,3.483236730098724365e-01,2.012081146240234375e-01
5.919024348258972168e-01,5.814846754074096680e-01,2.029399871826171875e-01
4.302813708782196045e-01,3.486010134220123291e-01,2.066235542297363281e-01
5.910614132881164551e-01,-3.486365377902984619e-01,2.076516151428222656e-01
-3.698980510234832764e-01,3.483836948871612549e-01,2.025070190429687500e-01
-1.340407967567443848e+00,-5.854610800743103027e-01,9.622659683227539062e-01
-4.992858693003654480e-02,-1.161333248019218445e-01,2.044777870178222656e-01
1.673924565315246582e+00,8.519911766052246094e-01,2.560946643352508545e-01
-1.502327322959899902e-01,7.844595909118652344e-01,5.265957713127136230e-01
-1.066299438476562500e+00,-9.779767990112304688e-01,9.823040962219238281e-01
6.769958138465881348e-01,-5.588235855102539062e-01,4.763369560241699219e-01
8.244038820266723633e-01,1.017569065093994141e+00,1.264399528503417969e+00
1.475204944610595703e+00,1.793520748615264893e-01,1.435732364654541016e+00
1.148101925849914551e+00,7.146577835083007812e-01,1.485858917236328125e+00
1.436838626861572266e+00,1.276494741439819336e+00,8.683895468711853027e-01
-1.238946080207824707e+00,3.895773887634277344e-01,4.197668433189392090e-01
4.368121623992919922e-01,9.854297637939453125e-01,9.859736561775207520e-01
-1.741464018821716309e+00,1.718072891235351562e-01,3.614749014377593994e-01
1.429003715515136719e+00,5.447940230369567871e-01,1.381644248962402344e+00
4.607612490653991699e-01,-6.556539535522460938e-01,3.263003528118133545e-01
-1.185961246490478516e+00,-3.860546350479125977e-01,1.017711162567138672e+00
-9.164211153984069824e-01,-7.741895318031311035e-01,1.026525020599365234e+00
-1.042738437652587891e+00,-1.920704096555709839e-01,1.041207313537597656e+00
9.624367952346801758e-01,8.973538875579833984e-01,1.478402137756347656e+00
-1.716306209564208984e+00,-9.462938308715820312e-01,3.947815001010894775e-01
1.101992800831794739e-01,5.819213390350341797e-01,2.082161903381347656e-01
3.002593852579593658e-02,-5.814388394355773926e-01,2.024569511413574219e-01
-6.336514353752136230e-01,-7.606849670410156250e-01,1.130726337432861328e+00
-4.083319008350372314e-01,1.788634508848190308e-01,1.451158046722412109e+00
-4.510201811790466309e-01,5.814729332923889160e-01,2.028374671936035156e-01
-3.364064395427703857e-01,-1.040338993072509766e+00,2.399108856916427612e-01
1.303575515747070312e+00,1.307072520256042480e+00,1.700558364391326904e-01
1.659888625144958496e+00,1.164162829518318176e-01,2.253394126892089844e-01
-1.061707496643066406e+00,-1.335237503051757812e+00,7.465867400169372559e-01
-1.824054241180419922e+00,-4.178458452224731445e-01,7.312657237052917480e-01
1.521159172058105469e+00,1.413071632385253906e+00,4.904261529445648193e-01
-1.287765145301818848e+00,-9.866221547126770020e-01,9.291090965270996094e-01
4.620405137538909912e-01,-6.380457878112792969e-01,8.982717990875244141e-01
-4.371542930603027344e-01,-5.298083424568176270e-01,1.302568316459655762e+00
-1.448525309562683105e+00,-1.290805578231811523e+00,2.073025703430175781e-01
1.849759578704833984e+00,2.517700067983241752e-06,9.007720947265625000e-01
-1.052806615829467773e+00,-1.382727146148681641e+00,4.203256070613861084e-01
-1.758110165596008301e+00,-1.159223541617393494e-01,1.946482658386230469e-01
5.100525021553039551e-01,1.161215975880622864e-01,2.067761421203613281e-01
1.130382776260375977e+00,-3.816428184509277344e-01,5.686770677566528320e-01
1.511206030845642090e+00,1.057485580444335938e+00,2.419748306274414062e-01
-1.425923228263854980e+00,-7.878668904304504395e-01,9.210052490234375000e-01
-5.392244458198547363e-01,1.392364424646075349e-06,1.375634193420410156e+00
9.004233479499816895e-01,-4.659237861633300781e-01,4.116717576980590820e-01
2.659461796283721924e-01,5.290133357048034668e-01,1.544456481933593750e+00
-6.123557090759277344e-01,-3.089693486690521240e-01,1.265161514282226562e+00
2.568299472332000732e-01,-6.268029212951660156e-01,1.115571618080139160e+00
-1.714758872985839844e+00,8.515682071447372437e-02,9.519561380147933960e-02
-5.242037177085876465e-01,-1.099585056304931641e+00,7.006948590278625488e-01
1.768615245819091797e+00,6.780130863189697266e-01,7.428632974624633789e-01
7.130399346351623535e-01,-2.158741950988769531e-01,1.507333397865295410e+00
-1.479510426521301270e+00,-1.198914527893066406e+00,7.081621885299682617e-01
-1.052807092666625977e+00,-1.382727146148681641e+00,1.662915050983428955e-01
-2.829731702804565430e-01,3.552451729774475098e-01,1.495017051696777344e+00
8.329269289970397949e-02,3.519949615001678467e-01,1.545561790466308594e+00
-2.836145758628845215e-01,1.239776565853389911e-06,1.471491813659667969e+00
4.478513896465301514e-01,8.334288597106933594e-01,1.294517159461975098e+00
1.641377449035644531e+00,2.746581913015688770e-06,-2.226867713034152985e-02
9.302294850349426270e-01,-2.496309280395507812e-01,1.269765615463256836e+00
5.067436099052429199e-01,1.753989011049270630e-01,1.558516979217529297e+00
-1.503484547138214111e-01,7.796998023986816406e-01,8.060088753700256348e-01
1.581762909889221191e+00,5.836765766143798828e-01,2.301011085510253906e-01
5.095153450965881348e-01,5.283408761024475098e-01,1.551381111145019531e+00
-1.474528312683105469e+00,-3.276476860046386719e-01,1.988293379545211792e-01
-8.044938445091247559e-01,3.743910789489746094e-01,1.167323589324951172e+00
1.455699324607849121e+00,7.390671968460083008e-01,1.297509670257568359e+00
3.859135210514068604e-01,3.512037098407745361e-01,1.557755470275878906e+00
8.438436985015869141e-01,1.028625488281250000e+00,5.591186508536338806e-02
4.935014620423316956e-02,8.738384246826171875e-01,4.505738615989685059e-01
-1.672763824462890625e+00,-9.540920853614807129e-01,6.401725411415100098e-01
1.801776409149169922e+00,8.447974324226379395e-01,4.460539221763610840e-01
2.525002062320709229e-01,-7.342414855957031250e-01,6.713894605636596680e-01
4.985261708498001099e-02,-8.115558624267578125e-01,8.715060353279113770e-01
1.876931190490722656e+00,3.306005895137786865e-01,8.978835940361022949e-01
1.650512218475341797e+00,1.724298894405364990e-01,1.307726860046386719e+00
-9.755215644836425781e-01,-1.078965902328491211e+00,1.102224737405776978e-01
-1.462445855140686035e-01,-9.494514465332031250e-01,2.432534694671630859e-01
2.504806816577911377e-01,-7.843332290649414062e-01,2.500216662883758545e-01
1.747220516204833984e+00,-1.693124324083328247e-01,2.112283259630203247e-01
4.972921311855316162e-02,-8.268861770629882812e-01,4.540270864963531494e-01
-1.810402870178222656e+00,-8.361575752496719360e-02,7.896618247032165527e-01
1.948189258575439453e+00,4.898586273193359375e-01,4.298837184906005859e-01
1.619035720825195312e+00,1.053457379341125488e+00,7.102790474891662598e-01
1.857124328613281250e+00,6.665409207344055176e-01,5.552291870117187500e-01
-1.395290851593017578e+00,1.640319737816753332e-06,1.001893997192382812e+00
-1.603828430175781250e+00,-1.146993875503540039e+00,2.829892039299011230e-01
6.376308798789978027e-01,7.096881866455078125e-01,1.524183273315429688e+00
-1.471993923187255859e-01,-9.099926948547363281e-01,6.522186398506164551e-01
-8.425836563110351562e-01,-5.774704813957214355e-01,1.044725894927978516e+00
-1.680289983749389648e+00,-5.812376141548156738e-01,1.999058723449707031e-01
2.428887188434600830e-01,9.727950096130371094e-01,3.094259500503540039e-01
-3.381108343601226807e-01,-1.010120868682861328e+00,4.412374794483184814e-01
-5.800337195396423340e-01,4.711298942565917969e-01,1.146390557289123535e+00
8.076407909393310547e-01,-3.768904507160186768e-01,1.159720420837402344e+00
1.270805597305297852e+00,1.119649291038513184e+00,1.280935287475585938e+00
-9.602597355842590332e-01,1.640319737816753332e-06,1.126958370208740234e+00
-1.924455642700195312e+00,-2.455030828714370728e-01,6.582514643669128418e-01
1.919212341308593750e+00,1.166809797286987305e-01,2.418441772460937500e-01
6.773642301559448242e-01,-5.553064346313476562e-01,6.938033699989318848e-01
-3.393515944480895996e-01,-9.881668090820312500e-01,8.479546904563903809e-01
-8.529070615768432617e-01,3.483612835407257080e-01,2.019085884094238281e-01
-1.550887823104858398e+00,-1.950884908437728882e-01,9.475307464599609375e-01
9.658402800559997559e-01,1.345039367675781250e+00,-2.384033240377902985e-02
9.794163107872009277e-01,1.265555381774902344e+00,8.850882053375244141e-01
-1.737980365753173828e+00,-5.959539413452148438e-01,7.457528710365295410e-01
1.071563601493835449e+00,3.539589345455169678e-01,1.514983177185058594e+00
1.148816227912902832e+00,1.372735500335693359e+00,7.439873814582824707e-01
-1.604831814765930176e+00,-8.053994774818420410e-01,7.857112884521484375e-01
3.275221288204193115e-01,-3.536908328533172607e-01,1.519297599792480469e+00
1.720448017120361328e+00,6.842557191848754883e-01,9.311114549636840820e-01
-3.849014267325401306e-02,-5.363924503326416016e-01,1.468477725982666016e+00
1.175713300704956055e+00,1.240983963012695312e+00,1.162821054458618164e+00
1.315696954727172852e+00,1.470702171325683594e+00,4.813944995403289795e-01
-2.872332632541656494e-01,-3.605982959270477295e-01,1.412299156188964844e+00
7.634806632995605469e-01,1.133635401725769043e+00,9.280627369880676270e-01
1.747220516204833984e+00,-1.693125516176223755e-01,5.038432478904724121e-01
-1.898816585540771484e+00,-4.118092656135559082e-01,2.056927382946014404e-01
7.897900342941284180e-01,1.268746376037597656e+00,2.325262427330017090e-01
5.764556676149368286e-02,1.560001373291015625e-01,2.082244753837585449e-01
1.620034217834472656e+00,8.743335604667663574e-01,1.015666842460632324e+00
7.571534514427185059e-01,5.295376181602478027e-01,1.538989543914794922e+00
1.658126354217529297e+00,5.179846286773681641e-01,1.185920476913452148e+00
-1.130203247070312500e+00,2.839207649230957031e-01,9.608352184295654297e-01
-8.781841993331909180e-01,-1.307053565979003906e+00,4.236502051353454590e-01
-1.897034645080566406e+00,8.222000300884246826e-02,4.322656095027923584e-01
-1.813158512115478516e+00,-7.402453422546386719e-01,4.067556560039520264e-01
1.874859571456909180e+00,-1.139993667602539062e-01,3.660870194435119629e-01
8.884795904159545898e-01,7.108033299446105957e-01,1.515603542327880859e+00
9.658408761024475098e-01,1.345039844512939453e+00,4.219265580177307129e-01
1.139138698577880859e+00,1.420139789581298828e+00,2.288903743028640747e-01
1.207108616828918457e+00,5.342568755149841309e-01,1.490322589874267578e+00
1.393033504486083984e+00,9.112251996994018555e-01,2.283105403184890747e-01
-1.528055667877197266e-01,6.780633926391601562e-01,1.106023430824279785e+00
2.076789855957031250e+00,1.586897969245910645e-01,4.722312688827514648e-01
8.796532750129699707e-01,3.525994122028350830e-01,1.536033630371093750e+00
-1.647743701934814453e+00,-4.320791065692901611e-01,8.779420256614685059e-01
1.761204242706298828e+00,8.513912558555603027e-01,6.278149485588073730e-01
7.522561550140380859e-01,1.756144315004348755e-01,1.551693916320800781e+00
3.848351836204528809e-01,1.316070552093151491e-06,1.561900138854980469e+00
-1.188466548919677734e+00,-1.235281229019165039e+00,1.728756725788116455e-01
-3.678088188171386719e-01,5.687622427940368652e-01,1.134546756744384766e+00
-7.863631248474121094e-01,-3.005523085594177246e-01,1.159215688705444336e+00
-9.896820038557052612e-02,3.538946509361267090e-01,1.515998840332031250e+00
1.149241328239440918e+00,-2.712268829345703125e-01,1.038558363914489746e+00
1.744290828704833984e+00,3.391598761081695557e-01,1.163760304450988770e+00
2.142575085163116455e-01,7.359750270843505859e-01,1.321376323699951172e+00
1.860523700714111328e+00,4.983591437339782715e-01,2.648742496967315674e-01
-3.692457377910614014e-01,4.585247039794921875e-01,1.371791601181030273e+00
1.637537837028503418e+00,-1.181530952453613281e-01,9.163601398468017578e-01
-8.828994631767272949e-01,-1.276486873626708984e+00,7.501893639564514160e-01
1.661736011505126953e+00,1.045097589492797852e+00,3.395074307918548584e-01
1.909350603818893433e-01,8.162345886230468750e-01,2.068905830383300781e-01
-6.925365924835205078e-01,5.812686681747436523e-01,2.002220153808593750e-01
-1.520481109619140625e-01,-7.755683660507202148e-01,2.005282491445541382e-01
-1.898398399353027344e+00,-5.777851939201354980e-01,5.496960282325744629e-01
-3.447872996330261230e-01,-8.918662071228027344e-01,1.140014648437500000e+00
6.399438977241516113e-01,9.113368988037109375e-01,1.281826734542846680e+00
2.281616069376468658e-02,-1.768668144941329956e-01,1.513970851898193359e+00
2.274429239332675934e-02,1.763101518154144287e-01,1.531238079071044922e+00
2.042515575885772705e-01,1.263618401026178617e-06,1.542393684387207031e+00
1.897379875183105469e+00,1.644726097583770752e-01,9.513265490531921387e-01
-7.005910873413085938e-01,-1.230091571807861328e+00,4.274746477603912354e-01
1.350209355354309082e+00,1.220703097715158947e-06,1.406746387481689453e+00
5.116369202733039856e-02,-6.486587524414062500e-01,1.256542921066284180e+00
1.921362876892089844e+00,3.277336061000823975e-01,7.166787385940551758e-01
1.443943500518798828e+00,-1.126583069562911987e-01,-7.907867431640625000e-03
-8.342648148536682129e-01,-1.019061684608459473e+00,-2.119636535644531250e-02
-1.544078946113586426e+00,-1.292371749877929688e-02,4.955963045358657837e-02
8.777371048927307129e-01,1.335144020231382456e-06,1.536685466766357422e+00
1.122067332267761230e+00,1.142473220825195312e+00,1.480255126953125000e-01
-1.484343409538269043e+00,2.832326889038085938e-01,-2.858611941337585449e-02
-1.306655853986740112e-01,8.164954781532287598e-01,2.092294692993164062e-01
1.429476261138916016e+00,3.594754636287689209e-01,1.429616212844848633e+00
-7.895184159278869629e-01,4.977307319641113281e-01,8.484860062599182129e-01
1.317874908447265625e+00,7.364303469657897949e-01,1.399932980537414551e+00
1.747969985008239746e+00,3.498391211032867432e-01,2.325839996337890625e-01
6.866556406021118164e-01,-4.669232368469238281e-01,1.074043273925781250e+00
-6.780002713203430176e-01,3.691152930259704590e-01,1.280132770538330078e+00
-1.931509017944335938e+00,-4.091713130474090576e-01,3.739837706089019775e-01
-5.144950747489929199e-01,5.862740874290466309e-01,9.539766311645507812e-01
-1.944572448730468750e+00,-8.145415782928466797e-02,2.032131850719451904e-01
2.015942096710205078e+00,2.670288040462764911e-06,5.336190462112426758e-01
-1.349615812301635742e+00,-8.150627017021179199e-01,1.966428756713867188e-01
6.133962273597717285e-01,1.163934230804443359e+00,3.662585318088531494e-01
-1.495173275470733643e-01,-8.140993118286132812e-01,1.082224249839782715e+00
-1.988326549530029297e+00,-2.424132823944091797e-01,4.249734282493591309e-01
1.329092383384704590e+00,5.828933119773864746e-01,2.204136848449707031e-01
1.409146428108215332e+00,3.492113351821899414e-01,2.196021080017089844e-01
1.133076906204223633e+00,1.767848283052444458e-01,1.515396118164062500e+00
1.240487933158874512e+00,1.161578372120857239e-01,2.092776298522949219e-01
1.001578330993652344e+00,8.167716860771179199e-01,2.117552757263183594e-01
1.611353158950805664e+00,-2.281918525695800781e-01,5.895704627037048340e-01
-8.781843185424804688e-01,-1.307053565979003906e+00,1.037383973598480225e-01
-1.157885789871215820e+00,-1.193831920623779297e+00,9.020190238952636719e-01
-8.827921152114868164e-01,1.869306862354278564e-01,1.200682640075683594e+00
-1.342678666114807129e+00,-1.160808503627777100e-01,2.044873237609863281e-01
1.077325105667114258e+00,3.485993146896362305e-01,2.068877220153808594e-01
4.415342509746551514e-01,9.204006195068359375e-01,1.135868906974792480e+00
-9.395660161972045898e-01,-8.162400722503662109e-01,2.070116996765136719e-01
-1.005351245403289795e-01,5.387824177742004395e-01,1.443725585937500000e+00
-1.018306851387023926e+00,-5.818619132041931152e-01,2.075896263122558594e-01
-7.886115908622741699e-01,5.051960945129394531e-01,4.811801016330718994e-01
9.128579497337341309e-01,-1.160500496625900269e-01,2.025876045227050781e-01
-8.959975242614746094e-01,-1.897268891334533691e-01,1.113932132720947266e+00
-8.543740510940551758e-01,-3.489606380462646484e-01,2.142953872680664062e-01
9.951614141464233398e-01,-3.484051525592803955e-01,2.029342651367187500e-01
-6.937984824180603027e-01,-5.823299288749694824e-01,2.133493423461914062e-01
1.747220516204833984e+00,-1.693124324083328247e-01,3.639923036098480225e-02
-1.016024470329284668e+00,4.134879112243652344e-01,7.135272026062011719e-01
-5.331579446792602539e-01,-8.157990574836730957e-01,2.031173706054687500e-01
5.935946702957153320e-01,8.155575990676879883e-01,2.009944915771484375e-01
1.379032254219055176e+00,-2.450604438781738281e-01,8.155066967010498047e-01
-6.100072860717773438e-01,1.160279661417007446e-01,2.009868621826171875e-01
-1.484341979026794434e+00,2.832331657409667969e-01,5.826205611228942871e-01
-2.905488610267639160e-01,5.816985368728637695e-01,2.055044174194335938e-01
-3.706153929233551025e-01,-5.813664197921752930e-01,2.013902664184570312e-01
-5.296990871429443359e-01,-1.160287037491798401e-01,2.011165618896484375e-01
-4.500001370906829834e-01,-3.483357429504394531e-01,2.012515068054199219e-01
2.700137197971343994e-01,3.486434817314147949e-01,2.077889442443847656e-01
6.248761415481567383e-01,1.054708957672119141e+00,9.774108529090881348e-01
3.498162627220153809e-01,-1.161511316895484924e-01,2.086739540100097656e-01
1.899597197771072388e-01,-3.486291766166687012e-01,2.067890167236328125e-01
-1.298553496599197388e-01,-3.483610153198242188e-01,2.014794349670410156e-01
-2.895353734493255615e-01,1.160544976592063904e-01,2.021694183349609375e-01
1.360263347625732422e+00,-3.370032310485839844e-01,4.244418144226074219e-01
-1.903935432434082031e+00,-8.210884034633636475e-02,6.602264046669006348e-01
-2.095809876918792725e-01,-1.160377562046051025e-01,2.018270492553710938e-01
-9.075239896774291992e-01,3.841306865215301514e-01,1.047450065612792969e+00
1.402430176734924316e+00,9.319300055503845215e-01,1.265625000000000000e+00
-1.302537679672241211e+00,1.126104295253753662e-01,-1.090002059936523438e-02
-6.032336354255676270e-01,1.815137416124343872e-01,1.368789672851562500e+00
-3.558243215084075928e-01,6.963081359863281250e-01,3.940649330615997314e-01
4.322971999645233154e-01,1.047595500946044922e+00,6.389741301536560059e-01
1.245198011398315430e+00,-1.165987774729728699e-01,2.366514205932617188e-01
1.599505901336669922e+00,1.335144020231382456e-06,1.223085880279541016e+00
5.770783424377441406e-01,-4.144870340824127197e-01,1.273305892944335938e+00
-9.342150688171386719e-01,4.896809160709381104e-01,2.445880025625228882e-01
1.611354351043701172e+00,-2.281908988952636719e-01,1.253601014614105225e-01
-4.818163812160491943e-01,-3.663417398929595947e-01,1.323261737823486328e+00
1.021005034446716309e+00,1.022059440612792969e+00,1.410722970962524414e+00
6.148378849029541016e-01,1.150212764739990234e+00,5.639059543609619141e-01
-3.563613295555114746e-01,6.868004798889160156e-01,8.191094994544982910e-01
1.791054487228393555e+00,1.373290956507844385e-06,1.047517299652099609e+00
-1.247395753860473633e+00,3.444919586181640625e-01,5.735217332839965820e-01
-5.730518698692321777e-01,-9.588484168052673340e-01,1.100034236907958984e+00
8.954794406890869141e-01,-5.018000602722167969e-01,2.636425793170928955e-01
1.435101270675659180e+00,1.297717094421386719e+00,2.458858489990234375e-01
1.158065438270568848e+00,-3.482573628425598145e-01,1.998615264892578125e-01
1.331932067871093750e+00,1.777542382478713989e-01,1.485298156738281250e+00
2.632117271423339844e-01,-4.684371948242187500e-01,1.444438934326171875e+00
1.133899688720703125e-01,8.056313991546630859e-01,1.089169621467590332e+00
-1.377445220947265625e+00,-1.385836720466613770e+00,5.551640391349792480e-01
9.037380814552307129e-01,-4.418716430664062500e-01,8.575637340545654297e-01
-1.238946080207824707e+00,3.895778656005859375e-01,2.703109681606292725e-01
2.553269863128662109e-01,6.641426086425781250e-01,1.475041151046752930e+00
-2.946249246597290039e-01,-7.382170557975769043e-01,1.304073810577392578e+00
4.337337017059326172e-01,1.027822971343994141e+00,8.432378768920898438e-01
-1.331551909446716309e+00,-3.880652785301208496e-01,9.865407943725585938e-01
-7.111985087394714355e-01,-1.142736434936523438e+00,6.317150592803955078e-01
-5.351873040199279785e-01,-9.759531021118164062e-01,2.430709749460220337e-01
-1.255696296691894531e+00,3.002090454101562500e-01,8.829977512359619141e-01
-2.121324539184570312e-01,-9.347278475761413574e-01,1.024131774902343750e+00
5.117868185043334961e-01,-5.819752216339111328e-01,2.089648246765136719e-01
2.455945909023284912e-01,9.056568145751953125e-01,9.972354173660278320e-01
-5.302147269248962402e-01,-1.031925678253173828e+00,9.115757346153259277e-01
-7.180651426315307617e-01,-1.086180686950683594e+00,9.740124344825744629e-01
1.182288408279418945e+00,-7.772636413574218750e-02,1.389280915260314941e+00
8.318206667900085449e-01,1.160443648695945740e-01,2.022190093994140625e-01
1.450785160064697266e+00,1.086396932601928711e+00,1.118655681610107422e+00
5.107946395874023438e-01,-6.292379498481750488e-01,4.794984459877014160e-01
1.613218307495117188e+00,1.236023426055908203e+00,5.298489332199096680e-01
-5.431275963783264160e-01,-1.825132369995117188e-01,1.337849140167236328e+00
-2.099023461341857910e-01,3.485255837440490723e-01,2.051658630371093750e-01
-1.192631363868713379e+00,-5.818338394165039062e-01,9.996981620788574219e-01
2.008532524108886719e+00,1.608897000551223755e-01,6.469272971153259277e-01
-1.175398588180541992e+00,1.914081871509552002e-01,1.061757564544677734e+00
-5.685665607452392578e-01,6.001944541931152344e-01,5.441837906837463379e-01
6.512522697448730469e-01,1.117247581481933594e+00,8.278704881668090820e-01
-9.233195185661315918e-01,-9.735028147697448730e-01,1.009841442108154297e+00
-7.005917429924011230e-01,-1.230091571807861328e+00,1.046746820211410522e-01
1.232849121093750000e+00,1.263280749320983887e+00,5.359363555908203125e-02
-1.762987613677978516e+00,8.437968790531158447e-02,7.375897169113159180e-01
-1.741464495658874512e+00,1.718068122863769531e-01,2.050396651029586792e-01
-1.259854912757873535e+00,-1.299058437347412109e+00,7.563143968582153320e-01
-5.235263109207153320e-01,-1.107192516326904297e+00,5.010730028152465820e-01
-1.717887878417968750e+00,-9.460105895996093750e-01,2.156756520271301270e-01
-1.182415246963500977e+00,-1.925506144762039185e-01,1.026308059692382812e+00
-1.056011438369750977e+00,-7.760407924652099609e-01,1.012268066406250000e+00
-5.648289918899536133e-01,6.422786712646484375e-01,2.565347254276275635e-01
-5.009673908352851868e-02,5.820110440254211426e-01,2.093820571899414062e-01
1.719951033592224121e+00,5.746982097625732422e-01,1.073247432708740234e+00
4.944881424307823181e-02,8.616375923156738281e-01,8.644532561302185059e-01
-1.502917259931564331e-01,7.820553779602050781e-01,6.659200787544250488e-01
-7.781034111976623535e-01,-7.720386981964111328e-01,1.043131351470947266e+00
1.874858379364013672e+00,-1.139998435974121094e-01,2.076553255319595337e-01
-1.221433520317077637e+00,-1.316991567611694336e+00,3.535070419311523438e-01
-1.045919656753540039e+00,-3.851116001605987549e-01,1.032300472259521484e+00
-1.229719638824462891e+00,-1.435417652130126953e+00,4.826785027980804443e-01
1.898179531097412109e+00,2.670288040462764911e-06,7.184551954269409180e-01
-1.501873582601547241e-01,7.863111495971679688e-01,3.879342675209045410e-01
-1.759191393852233887e+00,-9.265656471252441406e-01,5.355505347251892090e-01
2.438502758741378784e-01,9.489159584045410156e-01,7.163494825363159180e-01
1.833953380584716797e+00,5.009356737136840820e-01,7.896630764007568359e-01
9.715117216110229492e-01,1.311832904815673828e+00,7.475112676620483398e-01
6.708105206489562988e-01,-1.161097139120101929e-01,2.063388824462890625e-01
4.936609044671058655e-02,8.719077110290527344e-01,5.875167846679687500e-01
-1.407001018524169922e+00,-1.001689314842224121e+00,8.644738793373107910e-01
-1.181495666503906250e+00,2.637138664722442627e-01,1.474188268184661865e-01
-1.056357979774475098e+00,-1.363777637481689453e+00,6.139506101608276367e-01
4.614887535572052002e-01,-6.456503868103027344e-01,7.536205649375915527e-01
-9.755220413208007812e-01,-1.078966140747070312e+00,-2.543426491320133209e-02
-1.012633323669433594e+00,4.354763031005859375e-01,3.407205045223236084e-01
-6.743402481079101562e-01,1.316070552093151491e-06,1.299313545227050781e+00
-1.615640223026275635e-01,-3.575816154479980469e-01,1.459043025970458984e+00
1.070004224777221680e+00,1.335144020231382456e-06,1.511599063873291016e+00
4.961342811584472656e-01,1.094597220420837402e+00,3.044781386852264404e-01
-4.098675549030303955e-01,1.487731879024067894e-06,1.427513599395751953e+00
8.078885078430175781e-01,1.006320834159851074e+00,1.825353950262069702e-01
1.144343733787536621e+00,1.394643783569335938e+00,6.125173568725585938e-01
9.988267421722412109e-01,1.151903152465820312e+00,1.173697233200073242e+00
2.024507045745849609e+00,1.603746712207794189e-01,3.107015788555145264e-01
-5.694101452827453613e-01,5.907135009765625000e-01,8.335245847702026367e-01
-2.851490676403045654e-01,-1.790836304426193237e-01,1.444261550903320312e+00
6.122896671295166016e-01,1.174448966979980469e+00,2.354290783405303955e-01
1.811480998992919922e+00,1.152769848704338074e-01,1.546258926391601562e-01
7.941105961799621582e-01,1.237391471862792969e+00,6.228055953979492188e-01
-1.028591394424438477e+00,3.320322036743164062e-01,1.026481866836547852e+00
1.076288223266601562e+00,5.328213572502136230e-01,1.505124568939208984e+00
1.523144245147705078e+00,-1.765351444482803345e-01,8.959326148033142090e-01
-7.968186736106872559e-01,4.376015663146972656e-01,1.005754709243774414e+00
1.351005673408508301e+00,1.322317123413085938e+00,9.542211890220642090e-01
8.147181272506713867e-01,1.087849140167236328e+00,1.112093806266784668e+00
1.755930185317993164e+00,5.853157639503479004e-01,2.504143714904785156e-01
1.017146706581115723e+00,7.125313878059387207e-01,1.502276897430419922e+00
6.707101464271545410e-01,1.160921677947044373e-01,2.052574157714843750e-01
-4.998596012592315674e-02,3.486868143081665039e-01,2.078227996826171875e-01
-4.080740213394165039e-01,3.573109805583953857e-01,1.463084697723388672e+00
1.091314673423767090e+00,8.979438543319702148e-01,1.474748611450195312e+00
1.843304157257080078e+00,3.327706456184387207e-01,1.022284269332885742e+00
1.344524145126342773e+00,1.349555969238281250e+00,8.179318308830261230e-01
-8.781842589378356934e-01,-1.307052612304687500e+00,-2.393768168985843658e-02
-8.143047690391540527e-01,1.506805347162298858e-06,1.217674732208251953e+00
-1.600120514631271362e-01,1.325607286162266973e-06,1.502877712249755859e+00
9.658402800559997559e-01,1.345039367675781250e+00,1.033163443207740784e-01
1.502629041671752930e+00,8.189521431922912598e-01,2.309746742248535156e-01
4.528172314167022705e-01,-3.560160696506500244e-01,1.483200073242187500e+00
-1.052807569503784180e+00,-1.382727146148681641e+00,2.931640446186065674e-01
1.447517871856689453e+00,5.384069681167602539e-01,2.242111116647720337e-01
-8.781847357749938965e-01,-1.307053565979003906e+00,2.954827845096588135e-01
6.767170429229736328e-01,-5.614767074584960938e-01,3.320935070514678955e-01
-1.484343171119689941e+00,2.832326889038085938e-01,2.764724791049957275e-01
8.350341320037841797e-01,9.404230117797851562e-01,1.422897458076477051e+00
-1.450164794921875000e+00,-1.313977241516113281e+00,6.282626390457153320e-01
-1.419437408447265625e+00,-2.699311673641204834e-01,9.771760106086730957e-01
1.987896919250488281e+00,3.234403133392333984e-01,3.693905472755432129e-01
8.404054641723632812e-01,-1.985412985086441040e-01,1.433587670326232910e+00
8.498015999794006348e-02,-5.382254123687744141e-01,1.449491500854492188e+00
7.625057697296142578e-01,7.101811170578002930e-01,1.520388126373291016e+00
-1.416754722595214844e-01,6.925061941146850586e-01,2.087756246328353882e-01
1.297171473503112793e+00,-1.916389018297195435e-01,1.054545879364013672e+00
1.002684593200683594e+00,1.168564319610595703e+00,-3.360900655388832092e-02
5.136868357658386230e-01,7.093656063079833984e-01,1.526695251464843750e+00
-1.549485087394714355e+00,1.640319737816753332e-06,9.498772621154785156e-01
7.538104057312011719e-01,3.517673015594482422e-01,1.548949241638183594e+00
-2.824851870536804199e-01,1.774106621742248535e-01,1.496162891387939453e+00
5.692477226257324219e-01,-1.758882999420166016e-01,1.543249130249023438e+00
6.325616240501403809e-01,5.286719202995300293e-01,1.547966480255126953e+00
-1.603534102439880371e+00,2.017109692096710205e-01,7.420744895935058594e-01
1.369709491729736328e+00,1.102267384529113770e+00,2.305874526500701904e-01
5.675916671752929688e-01,1.296997083954920527e-06,1.556448459625244141e+00
-2.378695607185363770e-01,-9.493812918663024902e-01,1.158293724060058594e+00
-9.114673137664794922e-01,-1.091286659240722656e+00,9.775024056434631348e-01
-1.609072208404541016e+00,-1.052159070968627930e+00,2.054867744445800781e-01
-1.612033843994140625e+00,-1.145249605178833008e+00,4.051202237606048584e-01
6.291018724441528320e-01,1.755040735006332397e-01,1.555116176605224609e+00
1.448831111192703247e-01,-3.544276058673858643e-01,1.507965087890625000e+00
1.387155294418334961e+00,-2.052779197692871094e-01,4.803039506077766418e-02
5.078071355819702148e-01,3.513483107089996338e-01,1.555443286895751953e+00
3.875829875469207764e-01,5.286297202110290527e-01,1.548441410064697266e+00
1.512070655822753906e+00,1.768923848867416382e-01,2.206842005252838135e-01
2.644731104373931885e-01,3.510223329067230225e-01,1.560547828674316406e+00
1.437313854694366455e-01,1.758954524993896484e-01,1.544119358062744141e+00
3.253652751445770264e-01,-1.757723391056060791e-01,1.547053813934326172e+00
3.850451707839965820e-01,1.752993017435073853e-01,1.561607837677001953e+00
-1.435982465744018555e+00,-1.369585037231445312e+00,2.980664074420928955e-01
3.497367799282073975e-01,-5.660285949707031250e-01,1.162774085998535156e+00
-8.757781982421875000e-02,2.284529507160186768e-01,2.063339203596115112e-01
-1.504291296005249023e+00,1.983468532562255859e-01,8.464546203613281250e-01
-1.510827541351318359e-01,7.493085861206054688e-01,9.512749910354614258e-01
1.665048956871032715e+00,3.712213337421417236e-01,1.247471332550048828e+00
7.976293563842773438e-01,1.138621449470520020e+00,5.457855015993118286e-02
1.875908374786376953e+00,6.641075015068054199e-01,4.376287758350372314e-01
-1.818799495697021484e+00,-7.207746505737304688e-01,2.627471983432769775e-01
5.714837312698364258e-01,-5.925993323326110840e-01,8.887267112731933594e-01
1.089304804801940918e+00,1.054138422012329102e+00,2.190527915954589844e-01
2.515182457864284515e-02,-7.779102921485900879e-01,9.978170394897460938e-01
1.747220516204833984e+00,-1.693125069141387939e-01,3.865258693695068359e-01
8.981536626815795898e-01,1.249472737312316895e+00,-2.351474761962890625e-02
1.319189548492431641e+00,5.508503317832946777e-01,1.461717963218688965e+00
-4.545768499374389648e-01,-1.052353858947753906e+00,2.067527770996093750e-01
1.466953516006469727e+00,1.167536735534667969e+00,1.036319255828857422e+00
1.599999904632568359e+00,-1.122161075472831726e-01,-3.534984588623046875e-02
-1.632593631744384766e+00,1.130649521946907043e-01,1.737117767333984375e-02
-6.870275139808654785e-01,-3.740339279174804688e-01,1.204013824462890625e+00
-1.275596618652343750e-01,-6.911374330520629883e-01,1.334393858909606934e+00
-1.851944684982299805e+00,-5.818664431571960449e-01,2.076830863952636719e-01
-1.242421030998229980e+00,3.710403442382812500e-01,1.214611753821372986e-01
1.935738086700439453e+00,4.910657107830047607e-01,5.447494387626647949e-01
-1.979293823242187500e+00,-8.089447021484375000e-02,3.134030103683471680e-01
4.942449927330017090e-01,-5.823759436607360840e-01,9.941468238830566406e-01
-1.883862018585205078e+00,-5.794317722320556641e-01,4.360955655574798584e-01
1.885195255279541016e+00,2.441406195430317894e-06,2.055734246969223022e-01
-4.399474859237670898e-01,5.773365497589111328e-01,1.046167850494384766e+00
5.149328708648681641e-01,1.051442265510559082e+00,2.005505561828613281e-01
-1.404315471649169922e+00,2.706618309020996094e-01,6.626742482185363770e-01
9.148156046867370605e-01,-3.614873886108398438e-01,1.095655798912048340e+00
-8.781837224960327148e-01,-1.307052612304687500e+00,6.167259216308593750e-01
-6.121740341186523438e-01,-1.044330596923828125e+00,1.518664360046386719e-01
-9.499545097351074219e-01,4.884105920791625977e-01,1.061590075492858887e+00
-1.906927108764648438e+00,8.206038922071456909e-02,3.179202079772949219e-01
-5.560145378112792969e-01,-5.597549080848693848e-01,1.227462768554687500e+00
1.355703353881835938e+00,1.133935928344726562e+00,1.207950115203857422e+00
-1.737630844116210938e+00,-4.248226881027221680e-01,8.032357692718505859e-01
1.651500463485717773e+00,5.947542190551757812e-02,1.284835785627365112e-01
-1.987685203552246094e+00,-2.424447983503341675e-01,5.372720360755920410e-01
-8.102395534515380859e-01,-1.201711535453796387e+00,8.617610931396484375e-01
-1.689292639493942261e-01,1.100969314575195312e-02,2.034176588058471680e-01
-3.421511650085449219e-01,-9.385671615600585938e-01,9.926235675811767578e-01
1.539017558097839355e+00,1.347476959228515625e+00,3.656393289566040039e-01
-1.761840581893920898e+00,9.190177917480468750e-02,5.243316292762756348e-01
3.014404140412807465e-02,8.163544535636901855e-01,2.080602645874023438e-01
2.025521755218505859e+00,2.517700067983241752e-06,2.551736533641815186e-01
-1.509892702102661133e+00,1.676177978515625000e-01,6.708215475082397461e-01
-1.804682254791259766e+00,-2.512964904308319092e-01,7.913540601730346680e-01
1.213421463966369629e+00,-1.893203258514404297e-01,1.126494407653808594e+00
1.334008455276489258e+00,8.182184696197509766e-01,2.245068550109863281e-01
-7.005928158760070801e-01,-1.230092525482177734e+00,2.981503307819366455e-01
7.296142578125000000e-01,1.128689885139465332e+00,1.406805366277694702e-01
9.733428955078125000e-01,-1.822609603404998779e-01,1.345490932464599609e+00
5.882662534713745117e-01,-3.633404970169067383e-01,1.369715690612792969e+00
1.426888227462768555e+00,-1.065397262573242188e-02,1.329272747039794922e+00
-5.018676817417144775e-02,-8.154479861259460449e-01,1.999840736389160156e-01
5.714532732963562012e-02,-9.389877319335937500e-02,2.064175307750701904e-01
-8.888683319091796875e-01,2.955937385559082031e-01,1.210393905639648438e+00
1.549968719482421875e+00,7.518110275268554688e-01,1.199187278747558594e+00
-1.091163635253906250e+00,-1.264361858367919922e+00,5.962038040161132812e-02
1.679441213607788086e+00,5.794429779052734375e-02,1.268893718719482422e+00
-1.783659338951110840e+00,-8.420991897583007812e-01,4.715098440647125244e-01
-1.278892755508422852e+00,-1.289073586463928223e+00,1.976428031921386719e-01
-1.025007963180541992e+00,-1.051689982414245605e+00,2.022647857666015625e-01
1.737591266632080078e+00,1.860416680574417114e-01,1.228188037872314453e+00
-1.658428668975830078e+00,-6.049634814262390137e-01,8.178768754005432129e-01
8.547987341880798340e-01,1.190077185630798340e+00,9.211864471435546875e-01
-7.074245810508728027e-01,-9.627838134765625000e-01,1.439685076475143433e-01
1.559646606445312500e+00,1.814722418785095215e-01,1.369941711425781250e+00
1.443983465433120728e-01,5.294012427330017090e-01,1.540473937988281250e+00
1.513100147247314453e+00,5.511120557785034180e-01,1.316490650177001953e+00
-6.622328758239746094e-01,1.021154001355171204e-01,1.327132940292358398e+00
1.860584855079650879e+00,1.914925724267959595e-01,1.059047222137451172e+00
1.141773343086242676e+00,1.252887725830078125e+00,-4.442214965820312500e-03
7.063766121864318848e-01,-2.792687416076660156e-01,1.414893865585327148e+00
5.139856040477752686e-02,6.196069717407226562e-01,1.409908890724182129e+00
3.032512664794921875e-01,-6.493628025054931641e-01,1.023640394210815430e+00
1.378489494323730469e+00,1.206815719604492188e+00,2.393395900726318359e-01
1.051025509834289551e+00,-1.845450103282928467e-01,1.274630069732666016e+00
1.439692616462707520e+00,5.206537246704101562e-02,1.423903584480285645e+00
1.898178011178970337e-01,1.161649897694587708e-01,2.091054916381835938e-01
-2.035350799560546875e-01,-9.336118698120117188e-01,7.776995897293090820e-01
-2.978819310665130615e-01,5.604638457298278809e-01,1.220188140869140625e+00
-5.580062866210937500e-01,5.200517773628234863e-01,1.056693673133850098e+00
9.875050783157348633e-01,1.218198299407958984e+00,1.025875568389892578e+00
-6.799779534339904785e-01,-1.851947754621505737e-01,1.254549026489257812e+00
1.518642902374267578e+00,1.073111534118652344e+00,1.040797710418701172e+00
7.325225472450256348e-01,-3.722519576549530029e-01,1.231625080108642578e+00
-5.592457652091979980e-01,-7.051444053649902344e-01,1.177616834640502930e+00
1.109405517578125000e+00,-3.801345825195312500e-01,6.982336044311523438e-01
9.224433898925781250e-01,-3.061347007751464844e-01,1.181814670562744141e+00
-4.127990454435348511e-02,-7.660725116729736328e-01,1.089185237884521484e+00
1.397145867347717285e+00,-1.563358306884765625e-01,1.062690854072570801e+00
-1.984763145446777344e-01,-9.329558610916137695e-01,5.338526964187622070e-01
-7.909307479858398438e-01,-5.012492537498474121e-01,1.089493393898010254e+00
2.806936502456665039e-01,-5.583491921424865723e-01,1.241927146911621094e+00
1.621375083923339844e-01,-6.630458831787109375e-01,1.123236060142517090e+00
