1.126273512840270996e+00,-1.179366350173950195e+00,9.758987426757812500e-01
-1.560625076293945312e+00,1.549726247787475586e+00,2.908787727355957031e-01
5.055360794067382812e-01,8.417121171951293945e-01,4.087353348731994629e-01
-5.953645706176757812e-01,-7.253606915473937988e-01,2.590594291687011719e-01
-7.878264188766479492e-01,5.399419069290161133e-01,1.431743144989013672e+00
2.088280469179153442e-01,-1.817953586578369141e+00,3.591980040073394775e-02
-3.939439356327056885e-01,1.804837942123413086e+00,9.517455101013183594e-01
3.333659172058105469e-01,-1.800945252180099487e-01,1.412966251373291016e+00
1.284682273864746094e+00,-1.842217594385147095e-01,2.298281788825988770e-01
-1.274646520614624023e+00,3.521032929420471191e-01,2.793235778808593750e-01
-4.210510104894638062e-02,-1.359622955322265625e+00,1.074569225311279297e+00
1.889162063598632812e+00,-1.172708034515380859e+00,2.107519507408142090e-01
4.322396814823150635e-01,-8.156934380531311035e-01,2.022008895874023438e-01
-2.078741341829299927e-01,1.485346078872680664e+00,-1.199340820312500000e-02
-1.581154942512512207e+00,1.133733272552490234e+00,1.208996772766113281e+00
-1.297366321086883545e-01,1.160541325807571411e-01,2.035789489746093750e-01
4.847266897559165955e-02,9.827723503112792969e-01,1.259887337684631348e+00
-5.907688140869140625e-01,-3.503384590148925781e-01,1.167600631713867188e+00
1.024426817893981934e+00,-1.982035160064697266e+00,4.909925758838653564e-01
1.361791968345642090e+00,-1.909933090209960938e-01,1.074569702148437500e+00
-8.629949688911437988e-01,1.054156422615051270e+00,2.191390991210937500e-01
-7.242459058761596680e-01,2.043273925781250000e+00,2.728958129882812500e-01
-1.144607663154602051e+00,1.820561408996582031e+00,1.172104120254516602e+00
1.086081266403198242e+00,-1.282351970672607422e+00,1.600999832153320312e-01
6.205701828002929688e-01,4.116760194301605225e-01,1.045207619667053223e+00
5.894619822502136230e-01,1.159385293722152710e-01,1.955003738403320312e-01
-1.097203731536865234e+00,1.127648353576660156e-01,9.322808384895324707e-01
3.871214091777801514e-01,-1.856258392333984375e+00,7.794294357299804688e-01
-1.730816364288330078e+00,8.320760726928710938e-01,5.006256103515625000e-01
-2.113958746194839478e-01,8.175923824310302734e-01,2.189755439758300781e-01
7.135248184204101562e-02,1.356455087661743164e+00,6.768551468849182129e-01
-6.886046528816223145e-01,1.301929116249084473e+00,1.326018333435058594e+00
1.653538227081298828e+00,-6.929275393486022949e-01,6.983695626258850098e-01
6.154745221138000488e-01,-7.587139606475830078e-01,1.145920753479003906e+00
-9.970062226057052612e-02,3.565132915973663330e-01,1.475419521331787109e+00
-1.364024281501770020e-01,-1.356645584106445312e+00,4.151715040206909180e-01
-3.981414809823036194e-02,-7.388728857040405273e-01,1.299050331115722656e+00
-8.670387268066406250e-01,-1.407098770141601562e-01,2.092987000942230225e-01
1.472673296928405762e+00,-1.591156005859375000e+00,6.630898714065551758e-01
1.461803913116455078e+00,-7.177773714065551758e-01,-2.320739626884460449e-02
9.983215332031250000e-01,1.934517174959182739e-01,6.429046392440795898e-01
-1.426321983337402344e+00,6.101708412170410156e-01,1.002981543540954590e+00
-3.645381927490234375e-01,-9.689198136329650879e-01,7.932167053222656250e-01
5.725398063659667969e-01,-1.375717163085937500e+00,1.004415512084960938e+00
-1.473749756813049316e+00,7.921250462532043457e-01,-5.884170532226562500e-03
-6.690039038658142090e-01,5.302739143371582031e-01,2.199710011482238770e-01
-1.122312903404235840e+00,1.921448707580566406e+00,6.152238249778747559e-01
9.163979887962341309e-01,-5.818932652473449707e-01,2.080097198486328125e-01
8.574886918067932129e-01,-1.850170791149139404e-01,1.260047912597656250e+00
-5.000426992774009705e-02,-5.809410214424133301e-01,1.961264610290527344e-01
1.801589965820312500e+00,-1.192802548408508301e+00,7.510818243026733398e-01
-1.584520339965820312e+00,1.529604434967041016e+00,8.664916753768920898e-01
5.115579366683959961e-01,-2.132860183715820312e+00,3.599340617656707764e-01
-1.042240262031555176e+00,1.538761377334594727e+00,2.392969131469726562e-01
-7.963181734085083008e-01,-4.417071342468261719e-01,6.333584189414978027e-01
-1.135986208915710449e+00,9.211094379425048828e-01,1.332220554351806641e+00
-2.916148304939270020e-01,1.833827018737792969e+00,4.382589757442474365e-01
6.002138853073120117e-01,-1.523556351661682129e+00,1.677489280700683594e-01
-1.615614295005798340e-01,-1.788811385631561279e-01,1.450633525848388672e+00
-4.153828322887420654e-01,9.059870243072509766e-01,1.425288200378417969e+00
-1.618709564208984375e-01,1.402114033699035645e+00,1.110311746597290039e+00
1.517834424972534180e+00,-1.528334617614746094e+00,1.902341842651367188e-01
1.090530872344970703e+00,-5.736471414566040039e-01,1.084116935729980469e+00
5.098922848701477051e-01,-3.481328785419464111e-01,1.971435546875000000e-01
3.014262318611145020e-01,9.965479969978332520e-01,8.680348396301269531e-01
-7.587215900421142578e-01,2.081489562988281250e+00,8.704175949096679688e-01
1.017949342727661133e+00,-1.615251064300537109e+00,8.732080459594726562e-01
2.350173145532608032e-01,1.168101787567138672e+00,2.345849573612213135e-01
1.903625428676605225e-01,5.818808674812316895e-01,2.076830863952636719e-01
-1.815911769866943359e+00,1.277765631675720215e+00,5.716466903686523438e-01
-7.949452400207519531e-01,9.997688233852386475e-02,1.371297597885131836e+00
3.333642482757568359e-01,3.599964678287506104e-01,1.421515464782714844e+00
-7.119989395141601562e-01,1.721177935600280762e+00,1.232102394104003906e+00
1.394100666046142578e+00,-3.617623746395111084e-01,6.014454364776611328e-01
-6.254152059555053711e-01,1.535235762596130371e+00,2.226924896240234375e-01
9.336633086204528809e-01,-1.763211488723754883e+00,1.536278724670410156e-01
2.044312953948974609e-01,-1.369042754173278809e+00,6.441202163696289062e-01
3.023345954716205597e-02,-1.051206946372985840e+00,1.989865303039550781e-01
-4.499398767948150635e-01,-3.482884466648101807e-01,2.002806663513183594e-01
-1.050024509429931641e+00,-9.586726874113082886e-02,5.704954266548156738e-01
6.725853085517883301e-01,6.007752418518066406e-01,6.889083981513977051e-01
-1.165969848632812500e+00,1.318089246749877930e+00,1.255570888519287109e+00
1.486990213394165039e+00,-9.881207346916198730e-01,9.198694229125976562e-01
9.932613968849182129e-01,1.159540563821792603e-01,1.966185569763183594e-01
6.800597906112670898e-02,-1.441992759704589844e+00,5.847045779228210449e-02
-1.146349668502807617e+00,4.313673973083496094e-01,1.229401230812072754e+00
7.573901414871215820e-01,-1.049592137336730957e+00,1.879100799560546875e-01
-5.303043723106384277e-01,1.161610782146453857e-01,2.093429565429687500e-01
-1.276672363281250000e+00,1.054695010185241699e+00,2.228503227233886719e-01
-1.701446533203125000e+00,9.489566087722778320e-01,8.800988793373107910e-01
1.894872933626174927e-01,-1.159627139568328857e-01,1.965489387512207031e-01
-3.230175971984863281e-01,1.190110921859741211e+00,2.158727943897247314e-01
1.838493347167968750e-01,-1.770661234855651855e+00,4.617910683155059814e-01
-8.539067506790161133e-01,-1.953480988740921021e-01,9.395704269409179688e-01
1.530942678451538086e+00,-8.343833684921264648e-01,3.672270774841308594e-01
2.866728007793426514e-01,-9.477711915969848633e-01,1.168168544769287109e+00
-1.435171127319335938e+00,4.492403566837310791e-01,6.603918075561523438e-01
6.785260438919067383e-01,-2.076152324676513672e+00,6.999456882476806641e-01
-3.545859456062316895e-01,-7.182869911193847656e-01,1.100414395332336426e+00
6.724612116813659668e-01,5.813696384429931641e-01,2.014789581298828125e-01
3.423151969909667969e-01,-5.540173053741455078e-01,1.286639690399169922e+00
-4.700880348682403564e-01,3.574202358722686768e-01,1.461382389068603516e+00
-3.344888985157012939e-01,-1.074307441711425781e+00,2.385433912277221680e-01
3.666958808898925781e-01,6.432104110717773438e-01,1.165599942207336426e+00
-1.713803410530090332e+00,1.083268165588378906e+00,2.475790381431579590e-01
-1.510558128356933594e-01,1.640844941139221191e+00,7.033846974372863770e-01
1.747320652008056641e+00,-1.384803414344787598e+00,4.600910842418670654e-01
-5.907263755798339844e-01,-7.258859276771545410e-01,6.183825731277465820e-01
-3.231759071350097656e-01,4.725778400897979736e-01,2.135253846645355225e-01
-1.019339919090270996e+00,5.824522972106933594e-01,2.149004936218261719e-01
-1.010453775525093079e-01,7.211465239524841309e-01,1.435777187347412109e+00
-4.702391028404235840e-01,1.506805347162298858e-06,1.448421955108642578e+00
9.663405418395996094e-01,2.326965386600932106e-06,9.865049719810485840e-01
1.394321441650390625e+00,-5.435649156570434570e-01,9.208282232284545898e-01
-2.912724316120147705e-01,1.839898109436035156e+00,9.307739138603210449e-02
-1.548914909362792969e+00,6.173663139343261719e-01,2.814099192619323730e-01
3.021304309368133545e-01,-1.587417006492614746e+00,9.787902832031250000e-01
3.545007109642028809e-01,-1.288051724433898926e+00,1.918954849243164062e-01
1.207752943038940430e+00,-7.135486602783203125e-02,6.877447366714477539e-01
1.328290700912475586e+00,-1.046034336090087891e+00,1.635551452636718750e-01
-8.018004894256591797e-01,9.133312702178955078e-01,1.380102634429931641e+00
1.530807137489318848e+00,-4.983792304992675781e-01,2.226800471544265747e-01
-2.885087430477142334e-01,-5.428289771080017090e-01,1.402049541473388672e+00
-1.471130132675170898e+00,1.534925937652587891e+00,1.177886962890625000e+00
1.239221572875976562e+00,-1.792096138000488281e+00,2.746063172817230225e-01
-1.790916919708251953e+00,1.283926486968994141e+00,9.383297562599182129e-01
-1.205696105957031250e+00,1.831216335296630859e+00,3.117181360721588135e-01
-4.337928593158721924e-01,1.503612160682678223e+00,1.296673774719238281e+00
-7.948573231697082520e-01,-4.537439346313476562e-01,2.650381326675415039e-01
-1.375603824853897095e-01,-1.308783054351806641e+00,7.374519109725952148e-01
-5.995717048645019531e-01,2.062078475952148438e+00,5.883849859237670898e-01
-1.341455698013305664e+00,1.740220069885253906e+00,8.258523344993591309e-01
7.820544242858886719e-01,-2.075856685638427734e+00,1.907394379377365112e-01
-1.304248720407485962e-01,1.603953838348388672e+00,2.768795788288116455e-01
-1.170706748962402344e-01,-1.005055665969848633e+00,1.137294888496398926e+00
7.198166251182556152e-01,1.514124870300292969e-01,1.204409360885620117e+00
6.284761428833007812e-01,-4.111685156822204590e-01,1.263117074966430664e+00
1.865959167480468750e+00,-1.005115032196044922e+00,5.015420317649841309e-01
-5.339435935020446777e-01,8.170011639595031738e-01,2.137298583984375000e-01
-6.386718750000000000e-01,-5.135395526885986328e-01,8.987382054328918457e-01
-1.424172878265380859e+00,8.141906261444091797e-01,1.245146512985229492e+00
8.524932861328125000e-01,3.967094719409942627e-01,3.844882249832153320e-01
9.013773798942565918e-01,-9.683979749679565430e-01,1.041233062744140625e+00
5.436872839927673340e-01,-1.838734388351440430e+00,4.600195884704589844e-01
1.236596345901489258e+00,-1.803126811981201172e+00,6.318896412849426270e-01
1.541333556175231934e+00,-1.338973045349121094e+00,8.262258768081665039e-01
-1.440071105957031250e+00,4.488441646099090576e-01,3.863311558961868286e-02
2.956624031066894531e-01,1.089564919471740723e+00,5.752917528152465820e-01
8.528625220060348511e-02,-3.604185283184051514e-01,1.415273189544677734e+00
8.475082367658615112e-02,1.335144020231382456e-06,1.447547912597656250e+00
1.791851997375488281e+00,-8.464103341102600098e-01,2.120715230703353882e-01
4.667045548558235168e-02,1.206627845764160156e+00,1.013287782669067383e+00
8.135300874710083008e-01,-1.835690855979919434e+00,8.483462333679199219e-01
-1.098359704017639160e+00,1.163033619523048401e-01,2.183384895324707031e-01
-3.051757812500000000e-01,-7.582266330718994141e-01,1.960443109273910522e-01
-8.845477104187011719e-01,1.789589762687683105e+00,2.606353759765625000e-01
-6.101570725440979004e-01,1.974902629852294922e+00,1.118541598320007324e+00
4.513771086931228638e-02,1.396708011627197266e+00,1.630444228649139404e-01
-4.301433563232421875e-01,-9.593408107757568359e-01,4.883157312870025635e-01
1.161558866500854492e+00,-8.136427998542785645e-01,1.841259002685546875e-01
-2.260871827602386475e-01,1.369811654090881348e+00,6.483983993530273438e-01
-5.052337422966957092e-02,1.054001688957214355e+00,2.180786132812500000e-01
2.701843082904815674e-01,-5.810385942459106445e-01,1.974182128906250000e-01
-1.249518513679504395e+00,1.345831394195556641e+00,2.327343672513961792e-01
-9.037662148475646973e-01,1.514332056045532227e+00,1.256016254425048828e+00
8.312411308288574219e-01,-1.159636676311492920e-01,1.972012519836425781e-01
3.498471081256866455e-01,3.483601808547973633e-01,2.016425132751464844e-01
-5.560913085937500000e-01,1.809480190277099609e+00,3.413100242614746094e-01
2.998046763241291046e-02,3.485521674156188965e-01,2.053380012512207031e-01
4.745731353759765625e-01,8.457255959510803223e-01,7.044906616210937500e-01
-2.895260453224182129e-01,-1.160506233572959900e-01,2.019271850585937500e-01
8.523827791213989258e-01,-1.381376981735229492e+00,9.797511100769042969e-01
4.350799322128295898e-02,-1.598962306976318359e+00,6.388964653015136719e-01
1.272175073623657227e+00,-4.485397338867187500e-01,1.360848993062973022e-01
-1.639042377471923828e+00,1.506122589111328125e+00,5.961933732032775879e-01
2.287473976612091064e-01,-1.323678016662597656e+00,1.058596134185791016e+00
-2.302134633064270020e-01,1.100485444068908691e+00,1.378831863403320312e+00
1.160287380218505859e+00,2.708434976739226840e-06,4.294918775558471680e-01
-9.426869153976440430e-01,1.970275402069091797e+00,1.071427702903747559e+00
5.857110619544982910e-01,1.316070552093151491e-06,1.382669925689697266e+00
1.324243545532226562e+00,-6.193559765815734863e-01,6.720700263977050781e-01
1.450207591056823730e+00,-1.673666000366210938e+00,4.059948623180389404e-01
-1.290063381195068359e+00,2.761883437633514404e-01,8.050326108932495117e-01
-9.367774724960327148e-01,2.001803874969482422e+00,4.307067692279815674e-01
-9.191350936889648438e-01,-2.941297888755798340e-01,4.477505385875701904e-01
4.364501684904098511e-02,-1.582120418548583984e+00,3.381622135639190674e-01
1.246539831161499023e+00,-7.759321331977844238e-01,1.013079166412353516e+00
-3.993057310581207275e-01,1.618436336517333984e+00,6.141247749328613281e-01
1.258269309997558594e+00,-1.520582437515258789e+00,1.537628173828125000e-01
-1.350194931030273438e+00,1.785549759864807129e+00,5.680505037307739258e-01
7.858021259307861328e-01,3.993242979049682617e-01,8.120126724243164062e-01
-6.013169884681701660e-01,7.218677997589111328e-01,1.430230140686035156e+00
-8.469209671020507812e-01,-2.495574951171875000e-02,1.148797154426574707e+00
8.513656258583068848e-02,5.392152070999145508e-01,1.439256191253662109e+00
-8.549739122390747070e-01,3.492055535316467285e-01,2.193603515625000000e-01
5.453076362609863281e-01,6.258910298347473145e-01,9.132351279258728027e-01
1.584782361984252930e+00,-1.281199932098388672e+00,1.536617279052734375e-01
8.092768788337707520e-01,-5.659923553466796875e-01,1.163043498992919922e+00
7.248861789703369141e-01,-1.600218653678894043e+00,9.302306175231933594e-01
-2.855203151702880859e-01,5.372055172920227051e-01,1.460039615631103516e+00
4.275349378585815430e-01,-1.160798311233520508e+00,1.070750713348388672e+00
-1.473717331886291504e+00,1.221618175506591797e+00,2.396777272224426270e-01
-2.834328413009643555e-01,1.780057847499847412e-01,1.477699279785156250e+00
1.298496723175048828e+00,-1.406403660774230957e+00,8.706831932067871094e-01
-1.135226607322692871e+00,1.863015174865722656e+00,9.201309084892272949e-01
-9.505282640457153320e-01,1.293591380119323730e+00,2.228050231933593750e-01
3.688724339008331299e-01,-1.920899391174316406e+00,2.046758979558944702e-01
-1.199075222015380859e+00,9.346538037061691284e-02,4.913882315158843994e-01
-9.633507728576660156e-01,2.919914424419403076e-01,1.335467100143432617e+00
-1.187899708747863770e+00,8.176245689392089844e-01,2.192220687866210938e-01
3.520678579807281494e-01,8.165885210037231445e-01,2.100353240966796875e-01
3.485012352466583252e-01,-1.647944450378417969e+00,1.558694392442703247e-01
-9.452119469642639160e-01,1.110708594322204590e+00,1.326606750488281250e+00
1.008937001228332520e+00,-1.520080685615539551e+00,1.514134407043457031e-01
4.515823349356651306e-02,1.394258975982666016e+00,4.122973680496215820e-01
1.602203965187072754e+00,-1.061618328094482422e+00,2.702803611755371094e-01
1.103875711560249329e-01,-8.152275681495666504e-01,1.980223655700683594e-01
6.787109375000000000e-01,-1.285541653633117676e+00,1.779003143310546875e-01
-1.731554508209228516e+00,8.354163169860839844e-01,2.334875464439392090e-01
4.464919865131378174e-02,-1.457458019256591797e+00,8.432849049568176270e-01
3.637720346450805664e-01,-1.991130828857421875e+00,5.376881361007690430e-01
6.855248808860778809e-01,-1.762639760971069336e+00,1.512980461120605469e-01
1.241455078125000000e+00,-2.686729431152343750e-01,8.722448348999023438e-01
2.222957611083984375e-01,8.784242272377014160e-01,1.117424488067626953e+00
3.807287514209747314e-01,-1.631470322608947754e+00,6.754570007324218750e-01
-7.032492160797119141e-01,1.293185114860534668e+00,2.205572128295898438e-01
-9.408690929412841797e-01,8.173720240592956543e-01,2.170062065124511719e-01
-4.049282073974609375e-01,1.625542283058166504e+00,4.704375937581062317e-02
5.915551781654357910e-01,-5.811439156532287598e-01,1.987142562866210938e-01
-5.338902473449707031e-01,1.986215472221374512e+00,8.341787457466125488e-01
8.365539312362670898e-01,-8.152320384979248047e-01,1.981081962585449219e-01
9.947884678840637207e-01,-3.482745289802551270e-01,2.002344131469726562e-01
2.993835322558879852e-02,-3.480621278285980225e-01,1.952080726623535156e-01
7.022442221641540527e-01,-1.168340325355529785e+00,1.032238483428955078e+00
-6.104109287261962891e-01,-1.161048263311386108e-01,2.057504653930664062e-01
-1.465748548507690430e+00,8.337838053703308105e-01,3.619461059570312500e-01
2.694262564182281494e-01,1.160017922520637512e-01,1.990952491760253906e-01
-6.177414059638977051e-01,1.053828597068786621e+00,2.169108390808105469e-01
1.556911945343017578e+00,-5.277994275093078613e-01,5.242742896080017090e-01
-9.915934801101684570e-01,7.287012934684753418e-01,1.377525806427001953e+00
-5.052719116210937500e-01,-7.355644106864929199e-01,8.467012047767639160e-01
-1.557568550109863281e+00,6.163859963417053223e-01,5.250991582870483398e-01
1.000989675521850586e+00,-1.048065662384033203e+00,1.774826049804687500e-01
5.147885084152221680e-01,-1.051146388053894043e+00,1.985254287719726562e-01
2.725497484207153320e-01,-1.052468538284301758e+00,2.076392173767089844e-01
-7.723895311355590820e-01,1.162215396761894226e-01,2.131767272949218750e-01
3.017364442348480225e-02,8.171567916870117188e-01,2.151427268981933594e-01
7.513830661773681641e-01,-3.481720387935638428e-01,1.981167793273925781e-01
4.310177564620971680e-01,5.815952420234680176e-01,2.041940689086914062e-01
-5.011138692498207092e-02,5.821817517280578613e-01,2.114953994750976562e-01
-5.490477681159973145e-01,1.100323319435119629e+00,1.379682540893554688e+00
-6.738514900207519531e-01,-1.019278466701507568e-01,1.324699640274047852e+00
4.291787743568420410e-01,-1.159436032176017761e-01,1.955804824829101562e-01
-2.096813917160034180e-01,-3.481587767601013184e-01,1.975841522216796875e-01
-4.989257827401161194e-02,-1.160488277673721313e-01,1.992359161376953125e-01
9.099701046943664551e-02,-1.147272586822509766e+00,1.139859676361083984e+00
-4.675591588020324707e-01,1.737134933471679688e+00,1.167506217956542969e+00
-1.280020236968994141e+00,5.889039635658264160e-01,2.948698997497558594e-01
8.468070030212402344e-01,1.983352452516555786e-01,9.366503953933715820e-01
1.150018274784088135e-01,-1.330470204353332520e+00,4.287509918212890625e-01
1.250577092170715332e+00,-1.635271310806274414e+00,7.972760200500488281e-01
1.333005070686340332e+00,-1.280802130699157715e+00,1.514401435852050781e-01
1.686628341674804688e+00,-6.886392831802368164e-01,3.710784763097763062e-02
-5.071258544921875000e-02,-1.290821552276611328e+00,2.073507308959960938e-01
1.300512790679931641e+00,-1.837119311094284058e-01,4.829843044281005859e-01
1.350582599639892578e+00,-5.923180580139160156e-01,3.371591567993164062e-01
6.707516312599182129e-01,3.481742739677429199e-01,1.980357170104980469e-01
2.695785462856292725e-01,-3.480816185474395752e-01,1.961741447448730469e-01
1.503810286521911621e+00,-8.680601119995117188e-01,6.645731925964355469e-01
-1.290273547172546387e+00,1.121866464614868164e+00,1.269605636596679688e+00
-1.257655024528503418e+00,3.868225812911987305e-01,1.005745410919189453e+00
-1.773696422576904297e+00,1.288170576095581055e+00,3.359564244747161865e-01
-9.347448348999023438e-01,2.012644290924072266e+00,7.145656943321228027e-01
1.005519270896911621e+00,-3.763754069805145264e-01,1.167654037475585938e+00
2.167155444622039795e-01,-7.444183826446533203e-01,1.256227970123291016e+00
2.830856144428253174e-01,-1.572978615760803223e+00,4.002561569213867188e-01
-1.536753177642822266e+00,6.187430620193481445e-01,7.742710709571838379e-01
-5.312255620956420898e-01,3.489664494991302490e-01,2.142310142517089844e-01
-1.431057453155517578e+00,4.495721459388732910e-01,4.109100103378295898e-01
1.351986408233642578e+00,-1.191172242164611816e+00,9.155917167663574219e-01
-1.542863488197326660e+00,9.505090713500976562e-01,1.816561818122863770e-01
-1.798292160034179688e+00,1.105658888816833496e+00,7.488873004913330078e-01
-1.322148799896240234e+00,2.746366858482360840e-01,5.449696183204650879e-01
-2.928123474121093750e-01,1.812609195709228516e+00,6.730409264564514160e-01
-4.455327391624450684e-01,1.985072612762451172e+00,2.582617104053497314e-01
-3.033593297004699707e-01,1.625770568847656250e+00,1.064889788627624512e+00
-1.547726631164550781e+00,7.961494326591491699e-01,1.026762723922729492e+00
4.752089977264404297e-01,4.567227363586425781e-01,1.222499608993530273e+00
1.074903488159179688e+00,-1.159795001149177551e-01,1.981835365295410156e-01
6.824126243591308594e-01,6.125966906547546387e-01,4.668171703815460205e-01
-4.928684234619140625e-01,-3.147488236427307129e-01,1.364012718200683594e+00
-2.507081031799316406e-01,1.434609055519104004e+00,2.007708698511123657e-01
1.069605946540832520e+00,-1.390386939048767090e+00,9.404778480529785156e-01
-1.253293752670288086e+00,1.525974512100219727e+00,1.211855411529541016e+00
5.950906276702880859e-01,-1.828243613243103027e+00,8.732972145080566406e-01
-3.627331554889678955e-01,1.299758315086364746e+00,1.335480690002441406e+00
-5.956639051437377930e-01,1.792359352111816406e-01,1.439453125000000000e+00
4.571897685527801514e-01,1.798202097415924072e-01,1.421368598937988281e+00
8.077774047851562500e-01,-2.067269086837768555e+00,4.074499309062957764e-01
-1.320762634277343750e-01,1.535638332366943359e+00,8.936852812767028809e-01
-1.057581901550292969e+00,-9.574500471353530884e-02,3.048654198646545410e-01
2.155216932296752930e-01,7.403171658515930176e-01,1.287872314453125000e+00
2.076167315244674683e-01,1.787542551755905151e-01,1.454694271087646484e+00
-1.288249492645263672e+00,6.468879580497741699e-01,1.270183682441711426e+00
-1.240482330322265625e+00,5.317725539207458496e-01,5.719177052378654480e-02
5.571390986442565918e-01,-9.602105021476745605e-01,1.091619491577148438e+00
1.037878513336181641e+00,-1.916142463684082031e+00,2.661636173725128174e-01
-1.659933090209960938e+00,7.797650694847106934e-01,6.990847587585449219e-01
1.653924584388732910e-01,1.207086563110351562e+00,8.343243598937988281e-01
2.096575945615768433e-01,-1.797372341156005859e+00,6.744918823242187500e-01
-1.378149390220642090e+00,1.324967622756958008e+00,1.225599288940429688e+00
-4.164991378784179688e-01,-5.314756631851196289e-01,1.230774998664855957e+00
1.678404808044433594e+00,-6.897049546241760254e-01,4.544964432716369629e-01
1.055751204490661621e+00,-1.828594684600830078e+00,7.432763576507568359e-01
-4.506443738937377930e-01,-5.809883475303649902e-01,1.968331336975097656e-01
-1.743120670318603516e+00,1.117385983467102051e+00,1.063215613365173340e+00
5.366644859313964844e-01,-2.083331942558288574e-01,1.353952646255493164e+00
1.643220424652099609e+00,-8.705651164054870605e-01,8.256877064704895020e-01
8.223218917846679688e-01,-7.658926248550415039e-01,1.090528488159179688e+00
-1.808453559875488281e+00,1.103499293327331543e+00,4.495353698730468750e-01
1.685783416032791138e-01,-1.632500290870666504e+00,8.077888488769531250e-01
-1.029269099235534668e+00,1.895895749330520630e-01,1.118177413940429688e+00
-2.424898147583007812e-01,-1.210249781608581543e+00,5.814521908760070801e-01
-1.367937445640563965e+00,1.636384963989257812e+00,2.839422523975372314e-01
5.119858980178833008e-01,-1.593473792076110840e+00,9.558119773864746094e-01
1.433647632598876953e+00,-3.592108190059661865e-01,3.481408655643463135e-01
1.469741225242614746e+00,-7.825465202331542969e-01,9.620370864868164062e-01
1.186511397361755371e+00,-9.762721061706542969e-01,9.927749633789062500e-01
-2.321724891662597656e-01,-9.882482886314392090e-01,9.631756544113159180e-01
-3.913222998380661011e-02,-5.453393459320068359e-01,1.376213550567626953e+00
8.404226303100585938e-01,3.974880576133728027e-01,5.917446613311767578e-01
1.100595951080322266e+00,-1.932488530874252319e-01,1.004598140716552734e+00
9.115039110183715820e-01,-1.172892570495605469e+00,1.008974552154541016e+00
1.640950918197631836e+00,-1.449642777442932129e+00,6.822323799133300781e-01
1.030931711196899414e+00,-7.701743245124816895e-01,1.057518482208251953e+00
-9.183348417282104492e-01,1.725977778434753418e+00,1.216020584106445312e+00
-6.995109319686889648e-01,1.507547616958618164e+00,1.281732082366943359e+00
-4.465698897838592529e-01,1.973402500152587891e+00,4.837960600852966309e-01
-9.587196707725524902e-01,1.311381459236145020e+00,1.284815788269042969e+00
-1.386131286621093750e+00,7.276520729064941406e-01,1.869094818830490112e-01
-1.028605937957763672e+00,-9.621208161115646362e-02,7.736306786537170410e-01
-1.307040303945541382e-01,1.279444098472595215e+00,1.438379287719726562e-01
-1.409136503934860229e-01,-1.170052051544189453e+00,8.872433304786682129e-01
1.760348796844482422e+00,-8.515298366546630859e-01,6.279172897338867188e-01
-1.599350690841674805e+00,1.334891319274902344e+00,1.182340621948242188e+00
4.134864807128906250e-01,-7.510398030281066895e-01,1.205156326293945312e+00
-1.354833245277404785e+00,1.687767505645751953e+00,1.021578907966613770e+00
4.018406569957733154e-01,-3.657006025314331055e-01,1.333238601684570312e+00
8.932815492153167725e-02,-9.403329491615295410e-01,1.213928222656250000e+00
-1.563330650329589844e+00,6.157335638999938965e-01,3.789489716291427612e-02
1.010281085968017578e+00,1.930659413337707520e-01,4.407533109188079834e-01
-6.459045410156250000e-02,1.148112177848815918e+00,1.251801252365112305e+00
4.356790184974670410e-01,7.913496494293212891e-01,8.941345214843750000e-01
2.094145119190216064e-01,-1.803409576416015625e+00,2.667834460735321045e-01
-8.503887653350830078e-01,1.487245082855224609e+00,2.241882234811782837e-01
-1.175131797790527344e+00,9.385120123624801636e-02,6.890992522239685059e-01
-1.647225916385650635e-01,9.081212878227233887e-01,1.412147521972656250e+00
-5.263118743896484375e-01,-5.226104855537414551e-01,1.061892628669738770e+00
-2.214479446411132812e-02,1.374759435653686523e+00,9.269123673439025879e-01
-1.399952411651611328e+00,4.520829319953918457e-01,8.547782897949218750e-01
-7.449837327003479004e-01,1.104928731918334961e+00,1.356122016906738281e+00
-8.927450180053710938e-01,-2.954066991806030273e-01,7.232571244239807129e-01
-7.581541538238525391e-01,2.085166931152343750e+00,4.767561256885528564e-01
-2.321215718984603882e-01,-7.423031926155090332e-01,1.272565364837646484e+00
-1.055898547172546387e+00,5.468925833702087402e-01,1.360046386718750000e+00
-3.493610918521881104e-01,7.194433212280273438e-01,1.448954105377197266e+00
1.497769057750701904e-01,-5.491213798522949219e-01,1.337141036987304688e+00
-2.244271785020828247e-01,-3.595953285694122314e-01,1.427893161773681641e+00
1.438755512237548828e+00,-3.588809370994567871e-01,1.003619357943534851e-01
-2.434945106506347656e-01,-1.210070371627807617e+00,3.521002233028411865e-01
-5.344592332839965820e-01,5.380539298057556152e-01,1.451253414154052734e+00
-7.229450941085815430e-01,3.593973219394683838e-01,1.430711746215820312e+00
1.289695739746093750e+00,-3.685002326965332031e-01,1.066283345222473145e+00
-1.626441955566406250e+00,9.623899459838867188e-01,1.079979181289672852e+00
3.942185938358306885e-01,1.373290956507844385e-06,1.429303169250488281e+00
2.726913392543792725e-01,5.424304008483886719e-01,1.406090259552001953e+00
-1.653651237487792969e+00,7.999993562698364258e-01,6.364297866821289062e-02
5.154036879539489746e-01,-2.096265792846679688e+00,5.832461714744567871e-01
-1.301735639572143555e-01,1.614328861236572266e+00,5.164727568626403809e-01
1.562730789184570312e+00,-5.272350311279296875e-01,3.783477842807769775e-02
8.443511724472045898e-01,-2.056346416473388672e+00,5.932409763336181641e-01
-6.069946289062500000e-01,9.094370603561401367e-01,1.404058933258056641e+00
6.086053252220153809e-01,-2.009690284729003906e+00,1.533737182617187500e-01
-7.115454673767089844e-01,-3.041716217994689941e-01,1.029365658760070801e+00
-4.630998969078063965e-01,1.787336349487304688e+00,1.522698998451232910e-01
1.461665332317352295e-01,3.575657904148101807e-01,1.459113121032714844e+00
7.748889923095703125e-01,2.861022949218750000e-06,1.303372144699096680e+00
1.686352729797363281e+00,-1.400876760482788086e+00,2.818853557109832764e-01
-3.831283375620841980e-02,1.782162040472030640e-01,1.471672534942626953e+00
-2.224246114492416382e-01,1.382827690576959867e-06,1.467100143432617188e+00
1.540943264961242676e+00,-5.480246543884277344e-01,7.385517954826354980e-01
-4.553127288818359375e-02,-1.478220224380493164e+00,2.068743854761123657e-01
-1.099018216133117676e+00,3.489965498447418213e-01,2.151031494140625000e-01
1.469128429889678955e-01,-1.797888576984405518e-01,1.423354625701904297e+00
-7.657489776611328125e-01,-5.032806992530822754e-01,4.600004553794860840e-01
-1.431849479675292969e+00,4.495076537132263184e-01,2.245220839977264404e-01
1.744816899299621582e+00,-1.044364809989929199e+00,1.521310806274414062e-01
1.413150787353515625e+00,-6.791797280311584473e-01,1.520071327686309814e-01
-7.936485409736633301e-01,7.243644595146179199e-01,1.410971641540527344e+00
-3.468422591686248779e-01,-1.790287196636199951e-01,1.446077823638916016e+00
1.751302242279052734e+00,-1.014632701873779297e+00,7.567420005798339844e-01
1.224412322044372559e+00,-1.854331970214843750e+00,4.479945302009582520e-01
5.282201170921325684e-01,-1.974313259124755859e+00,7.688335776329040527e-01
1.160095810890197754e+00,-5.810444951057434082e-01,1.975059509277343750e-01
2.344655990600585938e-01,1.181810379028320312e+00,4.282562136650085449e-01
-4.874753952026367188e-02,-1.477536916732788086e+00,5.226635336875915527e-01
-1.304452419281005859e-01,-8.151163458824157715e-01,1.970505714416503906e-01
1.867757797241210938e+00,-1.177619457244873047e+00,5.637641549110412598e-01
1.650554180145263672e+00,-8.693733215332031250e-01,9.760345518589019775e-02
1.792732715606689453e+00,-8.462666869163513184e-01,4.468296766281127930e-01
9.253033399581909180e-01,2.853674888610839844e-01,1.972216814756393433e-01
1.376287460327148438e+00,-1.678148150444030762e+00,2.358758449554443359e-01
-1.766084194183349609e+00,1.290047287940979004e+00,1.128638863563537598e+00
8.736500740051269531e-01,2.899169885495211929e-06,1.141596794128417969e+00
-1.300846040248870850e-01,1.618085861206054688e+00,9.695251286029815674e-02
-1.001429706811904907e-01,5.366820693016052246e-01,1.465387821197509766e+00
1.065182209014892578e+00,2.403259259153855965e-06,8.357606530189514160e-01
-1.736594200134277344e+00,9.426621198654174805e-01,6.926667690277099609e-01
1.369378685951232910e+00,-5.652022361755371094e-01,1.271724700927734375e-03
-7.958628535270690918e-01,1.945550084114074707e+00,1.172384262084960938e+00
1.878499031066894531e+00,-1.002658486366271973e+00,2.677026391029357910e-01
1.676096439361572266e+00,-6.900032162666320801e-01,2.753820717334747314e-01
-2.842268943786621094e-01,3.568190038204193115e-01,1.470627784729003906e+00
7.984562516212463379e-01,-3.726041018962860107e-01,1.226139545440673828e+00
-5.514196753501892090e-01,-7.932262420654296875e-01,4.582859575748443604e-01
-9.386766552925109863e-01,1.991672992706298828e+00,8.912038803100585938e-01
1.005003333091735840e+00,-1.881895065307617188e-01,1.161563873291015625e+00
1.875645160675048828e+00,-1.175810098648071289e+00,3.866735696792602539e-01
-6.924713253974914551e-01,-5.812140703201293945e-01,1.995458602905273438e-01
8.596710115671157837e-02,7.251022458076477051e-01,1.405299663543701172e+00
5.389381051063537598e-01,-5.588514804840087891e-01,1.236757755279541016e+00
-3.466170430183410645e-01,-8.594536781311035156e-01,9.357267618179321289e-01
-7.554867267608642578e-01,2.102461814880371094e+00,6.978458762168884277e-01
-4.483744800090789795e-01,1.953083992004394531e+00,6.563488841056823730e-01
-1.214022517204284668e+00,1.543786644935607910e+00,2.629246711730957031e-01
1.757646083831787109e+00,-1.283601641654968262e+00,1.670813560485839844e-01
-1.124275445938110352e+00,1.912559986114501953e+00,4.412905871868133545e-01
-7.620794773101806641e-01,2.059720039367675781e+00,1.046597242355346680e+00
-1.815232753753662109e+00,1.277933001518249512e+00,7.519882321357727051e-01
-2.916735112667083740e-01,1.832790851593017578e+00,2.654821574687957764e-01
-7.145953178405761719e-01,1.783818721771240234e+00,2.372188568115234375e-01
-1.595237851142883301e+00,1.492606163024902344e+00,1.068443536758422852e+00
1.103041648864746094e+00,-1.767971634864807129e+00,1.729388236999511719e-01
-3.196120262145996094e-01,9.486562609672546387e-01,2.147604376077651978e-01
-3.334683179855346680e-01,-1.092373371124267578e+00,4.351782202720642090e-01
-4.519613683223724365e-01,5.826862454414367676e-01,2.178673744201660156e-01
3.630439043045043945e-01,-2.001154899597167969e+00,3.686169385910034180e-01
-4.576946794986724854e-01,1.292785406112670898e+00,2.183127403259277344e-01
-2.094851583242416382e-01,1.722960114479064941e+00,-9.693145751953125000e-03
-1.337182283401489258e+00,1.756968021392822266e+00,3.979513347148895264e-01
6.718223690986633301e-01,-2.124802589416503906e+00,5.268968343734741211e-01
1.556480407714843750e+00,-7.055071592330932617e-01,8.351188302040100098e-01
-2.100179940462112427e-01,3.487178087234497070e-01,2.091403007507324219e-01
2.744622230529785156e-01,-1.543209195137023926e+00,4.779113829135894775e-02
-6.007512807846069336e-01,2.052361488342285156e+00,4.221313297748565674e-01
-1.110334634780883789e+00,1.054478526115417480e+00,2.213792800903320312e-01
-3.340218365192413330e-01,-1.082582950592041016e+00,6.345580816268920898e-01
9.410338848829269409e-02,-1.381099939346313477e+00,9.809594154357910156e-01
6.730658411979675293e-01,-2.115783691406250000e+00,3.077239990234375000e-01
-4.607742130756378174e-01,1.534914851188659668e+00,2.211833000183105469e-01
1.159065246582031250e+00,-3.485579490661621094e-01,2.060728073120117188e-01
3.834783136844635010e-01,-1.719792366027832031e+00,9.259353280067443848e-01
8.449493050575256348e-01,-1.521266460418701172e+00,1.569714546203613281e-01
-9.093794822692871094e-01,-2.946015596389770508e-01,2.450793385505676270e-01
9.226958751678466797e-01,-1.283612489700317383e+00,1.671209335327148438e-01
-7.774752378463745117e-01,8.172038793563842773e-01,2.155218124389648438e-01
1.164218068122863770e+00,-1.047055006027221680e+00,1.705369949340820312e-01
-8.560342192649841309e-01,5.823264122009277344e-01,2.134275436401367188e-01
1.341792106628417969e+00,-3.962552845478057861e-01,8.596243858337402344e-01
-4.551244974136352539e-01,1.053621530532836914e+00,2.154331207275390625e-01
-4.974090307950973511e-02,1.493162035942077637e+00,2.475023269653320312e-02
-9.348478317260742188e-01,1.162623539566993713e-01,2.157492637634277344e-01
1.664218068122863770e+00,-1.206647634506225586e+00,8.365383148193359375e-01
9.987145662307739258e-01,-8.144360184669494629e-01,1.911315917968750000e-01
1.288175225257873535e+00,-3.617421388626098633e-01,4.786410331726074219e-01
5.165127515792846680e-01,-1.286805510520935059e+00,1.849451065063476562e-01
8.310980200767517090e-01,1.159436777234077454e-01,1.959643363952636719e-01
5.941699147224426270e-01,-8.163480162620544434e-01,2.079734802246093750e-01
1.301094889640808105e+00,-2.029991894960403442e-01,7.021150588989257812e-01
1.325252056121826172e+00,-8.128476738929748535e-01,1.770830154418945312e-01
7.534176707267761230e-01,-5.814561247825622559e-01,2.026071548461914062e-01
1.111706495285034180e-01,1.054113388061523438e+00,2.188196182250976562e-01
-1.545975685119628906e+00,9.768014550209045410e-01,1.224341750144958496e+00
-6.926897764205932617e-01,3.490792810916900635e-01,2.167887687683105469e-01
6.698995828628540039e-01,-1.159520298242568970e-01,1.965508460998535156e-01
-9.866879582405090332e-01,1.678466787780052982e-06,9.653186798095703125e-01
-1.310122609138488770e-01,-1.051106810569763184e+00,1.983065605163574219e-01
4.891580045223236084e-01,5.763809084892272949e-01,1.055968284606933594e+00
1.910858154296875000e-01,8.168799877166748047e-01,2.125897407531738281e-01
-6.107282638549804688e-01,-3.483723402023315430e-01,2.020850181579589844e-01
5.943317413330078125e-01,2.064734995365142822e-01,1.341872572898864746e+00
2.710766494274139404e-01,-8.152888417243957520e-01,1.986703872680664062e-01
-3.697319030761718750e-01,1.161167472600936890e-01,2.068004608154296875e-01
-2.901319861412048340e-01,-5.808633565902709961e-01,1.951584815979003906e-01
4.306512475013732910e-01,-5.811004638671875000e-01,1.980657577514648438e-01
5.100836157798767090e-01,3.482634723186492920e-01,1.998410224914550781e-01
-4.496873319149017334e-01,-1.160719618201255798e-01,2.037253379821777344e-01
1.100244149565696716e-01,-5.809975862503051758e-01,1.967720985412597656e-01
-4.197128117084503174e-02,-1.164347052574157715e+00,1.052643775939941406e+00
1.898715198040008545e-01,3.484672605991363525e-01,2.034401893615722656e-01
4.292819201946258545e-01,1.159712895750999451e-01,1.972994804382324219e-01
-1.055094242095947266e+00,1.793035268783569336e+00,2.745947837829589844e-01
2.993591316044330597e-02,1.160599812865257263e-01,2.017855644226074219e-01
4.352050647139549255e-02,-1.597577095031738281e+00,3.741790726780891418e-02
3.508120775222778320e-01,-1.730333089828491211e+00,2.021980285644531250e-02
1.493373036384582520e+00,-1.045005202293395996e+00,1.565122604370117188e-01
-4.519921839237213135e-01,-8.149669170379638672e-01,1.957535743713378906e-01
-1.631832718849182129e+00,1.301901817321777344e+00,2.692456245422363281e-01
-2.105932533740997314e-01,5.823892354965209961e-01,2.140402793884277344e-01
-3.082017302513122559e-01,1.531664729118347168e+00,1.190261840820312500e+00
5.123389959335327148e-01,-2.125415325164794922e+00,1.969976723194122314e-01
-1.768048286437988281e+00,9.370282292366027832e-01,3.909155130386352539e-01
1.741269469261169434e+00,-1.331795692443847656e+00,7.014024257659912109e-01
2.735872268676757812e-01,1.093152761459350586e+00,7.296133041381835938e-01
-8.001425266265869141e-01,-4.102153778076171875e-01,7.852149605751037598e-01
6.976991295814514160e-01,-1.937026023864746094e+00,8.356204032897949219e-01
9.379563927650451660e-01,1.935462951660156250e-01,8.127279281616210938e-01
2.149598598480224609e-01,-1.665795803070068359e+00,-2.218505740165710449e-02
1.305631279945373535e+00,-5.778627395629882812e-01,1.040630817413330078e+00
4.374127089977264404e-01,-1.525039434432983398e+00,1.747207641601562500e-01
-2.286262512207031250e-01,-1.212732553482055664e+00,2.001611292362213135e-01
-1.571241974830627441e+00,1.575448036193847656e+00,4.783321917057037354e-01
6.825586557388305664e-01,5.058889389038085938e-01,8.458764553070068359e-01
3.593214452266693115e-01,7.744531035423278809e-01,1.024536132812500000e+00
-2.214574813842773438e-01,1.656998872756958008e+00,8.764074444770812988e-01
-1.272312164306640625e+00,1.810163259506225586e+00,7.105444073677062988e-01
1.334121465682983398e+00,-9.813983440399169922e-01,9.612379074096679688e-01
1.507184624671936035e+00,-1.199554562568664551e+00,8.727698326110839844e-01
-2.121319472789764404e-01,1.053395032882690430e+00,2.139673233032226562e-01
-1.444368600845336914e+00,1.054908752441406250e+00,2.243332862854003906e-01
-1.609375000000000000e+00,7.871475815773010254e-01,8.907153010368347168e-01
2.275918573141098022e-01,9.756996035575866699e-01,9.962873458862304688e-01
-4.206581115722656250e-01,-9.607253670692443848e-01,6.374477744102478027e-01
-1.129887461662292480e+00,3.246436119079589844e-01,1.127572298049926758e+00
-1.447211623191833496e+00,7.216324806213378906e-01,1.106320023536682129e+00
9.234428405761718750e-01,2.988648414611816406e-01,4.975042641162872314e-01
4.899396896362304688e-01,8.437354564666748047e-01,5.559988021850585938e-01
-5.363839864730834961e-01,-1.802471429109573364e-01,1.408147811889648438e+00
3.654452562332153320e-01,-1.370519876480102539e+00,1.027086257934570312e+00
1.328175306320190430e+00,-3.497361540794372559e-01,2.304172515869140625e-01
-4.274106025695800781e-01,-9.597395062446594238e-01,3.407269120216369629e-01
-3.009772300720214844e-01,1.429346323013305664e+00,1.301174879074096680e+00
4.635656774044036865e-01,3.644630610942840576e-01,1.352272033691406250e+00
1.208048105239868164e+00,-7.307672500610351562e-02,2.883962988853454590e-01
-7.215788364410400391e-01,-3.928443789482116699e-01,9.125289916992187500e-01
-9.025931358337402344e-01,9.824241697788238525e-02,1.206422090530395508e+00
1.147005081176757812e+00,-3.788827359676361084e-01,1.128817081451416016e+00
-1.433889627456665039e+00,1.127520680427551270e+00,1.240713119506835938e+00
8.695052862167358398e-01,-1.606240630149841309e+00,9.073867797851562500e-01
-6.857259273529052734e-01,-1.867601871490478516e-01,1.205981731414794922e+00
-1.349744796752929688e-01,-1.415776729583740234e+00,9.769604206085205078e-01
4.942164421081542969e-01,8.431820273399353027e-01,2.636657655239105225e-01
9.494198560714721680e-01,-5.703582763671875000e-01,1.118041038513183594e+00
6.747326850891113281e-01,-6.133407950401306152e-01,1.184192180633544922e+00
-1.346870183944702148e+00,9.287869334220886230e-01,1.284978866577148438e+00
-1.129349946975708008e+00,7.337262034416198730e-01,1.338722229003906250e+00
-1.116617679595947266e+00,1.293857216835021973e+00,2.243061065673828125e-01
1.042445778846740723e+00,-9.719521999359130859e-01,1.019382953643798828e+00
-1.112027287483215332e+00,1.521317720413208008e+00,1.229508399963378906e+00
3.051924705505371094e-01,1.088016152381896973e+00,3.479263186454772949e-01
-1.150249481201171875e+00,1.117077112197875977e+00,1.294088840484619141e+00
8.625447154045104980e-01,-1.949827194213867188e+00,7.794732451438903809e-01
-3.726190030574798584e-01,8.174617290496826172e-01,2.178392410278320312e-01
7.622625827789306641e-01,-9.649001955986022949e-01,1.062779903411865234e+00
4.210479557514190674e-01,-9.544779062271118164e-01,1.126895427703857422e+00
-9.417622089385986328e-01,-1.994167715311050415e-01,8.132934570312500000e-01
1.345769762992858887e+00,-1.661500692367553711e+00,6.977810859680175781e-01
7.119593620300292969e-01,-1.378814697265625000e+00,9.909210205078125000e-01
-7.866597771644592285e-01,1.900381565093994141e+00,2.646871805191040039e-01
2.857415676116943359e-01,7.569367885589599609e-01,1.159679889678955078e+00
-1.365369707345962524e-01,-1.351130485534667969e+00,6.049742102622985840e-01
3.686122000217437744e-01,-1.924481391906738281e+00,6.592108011245727539e-01
2.247866839170455933e-01,-1.154200911521911621e+00,1.104452133178710938e+00
-1.297004461288452148e+00,5.665025711059570312e-01,1.157774925231933594e+00
-1.215490102767944336e+00,5.147266387939453125e-01,1.919869929552078247e-01
-4.373741149902343750e-02,-1.478601813316345215e+00,3.648046851158142090e-01
5.641740560531616211e-01,-1.164577960968017578e+00,1.051457881927490234e+00
7.235830426216125488e-01,-1.839507073163986206e-01,1.293165206909179688e+00
-9.053397178649902344e-01,-2.947972416877746582e-01,5.849757194519042969e-01
2.367889322340488434e-02,9.139844775199890137e-01,1.376076221466064453e+00
-1.000616550445556641e+00,9.177341461181640625e-01,1.352989196777343750e+00
8.421492576599121094e-01,3.973772823810577393e-01,2.480099499225616455e-01
1.232650756835937500e+00,-2.171139717102050781e-01,1.031056046485900879e+00
-1.378391981124877930e-01,1.297221183776855469e+00,1.194358587265014648e+00
1.531522154808044434e+00,-5.018782615661621094e-01,3.927581608295440674e-01
4.374343752861022949e-01,-1.755467891693115234e+00,1.221837997436523438e-01
-8.227539658546447754e-01,1.306623697280883789e+00,1.305555343627929688e+00
-9.198637008666992188e-01,5.429950356483459473e-01,1.400235652923583984e+00
3.087737970054149628e-02,-1.309923410415649414e+00,3.140292167663574219e-01
-1.361993193626403809e+00,1.659685134887695312e+00,1.153912663459777832e+00
-1.387826800346374512e+00,5.644860267639160156e-01,-7.626056671142578125e-03
-2.019533812999725342e-01,1.355313301086425781e+00,5.788512900471687317e-02
7.013691663742065430e-01,3.911216557025909424e-01,9.391307830810546875e-01
6.699531674385070801e-01,6.258296966552734375e-01,3.287740945816040039e-01
-1.577516198158264160e+00,1.553786277770996094e+00,7.344985604286193848e-01
1.644173383712768555e+00,-9.953278899192810059e-01,8.755140304565429688e-01
1.116802990436553955e-01,1.292043924331665039e+00,2.141780853271484375e-01
-7.680897116661071777e-01,-1.910219788551330566e-01,1.073730468750000000e+00
-6.046932339668273926e-01,2.019904136657714844e+00,9.924612045288085938e-01
-8.532985448837280273e-01,3.611779212951660156e-01,1.403126239776611328e+00
-5.564668178558349609e-01,1.298120856285095215e+00,1.342615604400634766e+00
1.003963947296142578e+00,1.932699531316757202e-01,3.077358901500701904e-01
-8.622646331787109375e-03,-1.486065983772277832e+00,6.852344870567321777e-01
-1.774203777313232422e+00,1.110779285430908203e+00,9.344061017036437988e-01
1.284518241882324219e-01,-1.345274448394775391e+00,1.261001527309417725e-01
-5.761527419090270996e-01,1.718467950820922852e+00,1.241182327270507812e+00
-3.703692555427551270e-01,3.488273918628692627e-01,2.116808891296386719e-01
2.835359573364257812e-01,-2.164927572011947632e-01,1.955300867557525635e-01
-4.042449966073036194e-02,-9.363145232200622559e-01,1.238701343536376953e+00
-5.657771229743957520e-01,1.504461169242858887e+00,1.293450832366943359e+00
-1.064477443695068359e+00,-9.563457220792770386e-02,4.365948438644409180e-01
2.739655971527099609e-01,-3.636250197887420654e-01,1.365275859832763672e+00
-1.080610156059265137e+00,5.190849304199218750e-03,8.384281992912292480e-01
1.347546577453613281e-01,1.115715980529785156e+00,9.794712662696838379e-01
1.156628131866455078e+00,2.021789441641885787e-06,5.602017045021057129e-01
-6.617683768272399902e-01,1.163482693300466053e-06,1.405591964721679688e+00
-1.306301593780517578e+00,2.754031419754028320e-01,6.742815971374511719e-01
-4.688070714473724365e-01,1.783181577920913696e-01,1.468021869659423828e+00
-2.950862944126129150e-01,1.772337913513183594e+00,7.966169714927673340e-01
-1.200654625892639160e+00,5.534606575965881348e-01,1.292305469512939453e+00
-4.201867580413818359e-01,1.097662329673767090e+00,1.393253803253173828e+00
-1.214751243591308594e+00,2.798305749893188477e-01,9.469951987266540527e-01
1.378777027130126953e+00,-3.627513051033020020e-01,7.296839952468872070e-01
-1.195764064788818359e+00,9.351878613233566284e-02,3.623126149177551270e-01
-2.337228357791900635e-01,1.300536632537841797e+00,1.332094192504882812e+00
8.787734806537628174e-02,-7.412137985229492188e-01,1.280986309051513672e+00
-3.066489398479461670e-01,1.567485332489013672e+00,-2.261169441044330597e-02
-1.681701660156250000e+00,7.765861153602600098e-01,3.952917456626892090e-01
-1.381730914115905762e+00,3.722534179687500000e-01,1.350808739662170410e-01
1.491422533988952637e+00,-5.962890386581420898e-01,8.505787849426269531e-01
1.468622207641601562e+00,-1.606030464172363281e+00,2.867648303508758545e-01
-8.241324424743652344e-01,-2.987256050109863281e-01,8.707237243652343750e-01
-1.370495080947875977e+00,1.296580433845520020e+00,2.395067214965820312e-01
-6.079154014587402344e-01,1.993360519409179688e+00,2.587096989154815674e-01
1.829325199127197266e+00,-1.012286305427551270e+00,6.232377290725708008e-01
7.107089757919311523e-01,2.380690574645996094e-01,1.111667037010192871e+00
-1.325725078582763672e+00,2.744639515876770020e-01,4.178124964237213135e-01
-1.058702111244201660e+00,1.730893611907958984e+00,1.199536323547363281e+00
1.296717643737792969e+00,-1.838338822126388550e-01,3.561492860317230225e-01
4.430050551891326904e-01,-2.009277582168579102e+00,1.519012451171875000e-01
-1.113831639289855957e+00,2.205634117126464844e-01,1.028851270675659180e+00
-1.139876842498779297e+00,1.841969013214111328e+00,1.045046329498291016e+00
4.629611968994140625e-02,-1.252996921539306641e+00,1.070943832397460938e+00
-6.602781414985656738e-01,5.387386083602905273e-01,1.444160938262939453e+00
-1.368437111377716064e-01,-1.338397979736328125e+00,2.905056774616241455e-01
-2.894924879074096680e-01,9.052821397781372070e-01,1.429588794708251953e+00
-1.130010366439819336e+00,1.886611461639404297e+00,7.967352271080017090e-01
-4.747817814350128174e-01,7.204861044883728027e-01,1.440886974334716797e+00
3.318659961223602295e-01,1.792842447757720947e-01,1.438103199005126953e+00
4.516509920358657837e-02,1.393469810485839844e+00,5.375131368637084961e-01
1.491707801818847656e+00,-1.643706321716308594e+00,5.510877966880798340e-01
-2.196798324584960938e-01,-1.214334964752197266e+00,7.374871373176574707e-01
-5.989707112312316895e-01,-2.580151557922363281e-01,1.261263370513916016e+00
-3.491079509258270264e-01,-3.602096140384674072e-01,1.418385028839111328e+00
-1.639634668827056885e-01,-5.438643097877502441e-01,1.391301631927490234e+00
2.697676122188568115e-01,1.316070552093151491e-06,1.440999984741210938e+00
-3.864898532629013062e-02,-3.593751192092895508e-01,1.431457042694091797e+00
-5.947778820991516113e-01,3.577487766742706299e-01,1.456296920776367188e+00
-1.758764266967773438e+00,9.386910796165466309e-01,5.700826644897460938e-01
-1.034698486328125000e-01,1.103856444358825684e+00,1.361616134643554688e+00
4.516227543354034424e-02,1.393608570098876953e+00,2.875982522964477539e-01
-2.248258888721466064e-01,7.189721465110778809e-01,1.452581405639648438e+00
2.313964813947677612e-02,-1.793748289346694946e-01,1.436178207397460938e+00
-1.435739994049072266e+00,4.491938352584838867e-01,5.351785421371459961e-01
1.435817241668701172e+00,-3.590703606605529785e-01,4.722535610198974609e-01
-4.095896780490875244e-01,5.374987125396728516e-01,1.456999778747558594e+00
-7.722033262252807617e-01,-3.484578728675842285e-01,2.038969993591308594e-01
-3.877044469118118286e-02,1.322031039308058098e-06,1.454508304595947266e+00
9.229488968849182129e-01,3.024482727050781250e-01,3.468081653118133545e-01
1.498256921768188477e+00,-1.497187614440917969e+00,7.387800216674804688e-01
8.442321419715881348e-02,1.784812062978744507e-01,1.463491439819335938e+00
-4.533722996711730957e-01,1.896827220916748047e+00,8.960552811622619629e-01
-3.451721072196960449e-01,1.449584942747605965e-06,1.470277309417724609e+00
2.299819886684417725e-02,3.563765883445739746e-01,1.477675437927246094e+00
1.739174842834472656e+00,-1.386950969696044922e+00,5.824969410896301270e-01
-1.607347130775451660e-01,1.779655367136001587e-01,1.479038715362548828e+00
1.481511831283569336e+00,-7.738623619079589844e-01,1.152581796050071716e-01
-1.564875602722167969e+00,6.155586242675781250e-01,6.470181345939636230e-01
-1.550272941589355469e+00,6.172121167182922363e-01,4.033721685409545898e-01
2.728753685951232910e-01,1.053726196289062500e+00,2.162518501281738281e-01
-1.556056022644042969e+00,6.165573000907897949e-01,1.594146639108657837e-01
-1.808659553527832031e+00,1.103455066680908203e+00,6.277902126312255859e-01
-4.514505267143249512e-01,1.918471813201904297e+00,7.761626839637756348e-01
-1.226765155792236328e+00,4.660646617412567139e-01,1.145849227905273438e+00
4.361801221966743469e-02,-1.585455417633056641e+00,2.176272571086883545e-01
4.357772693037986755e-02,-1.590384483337402344e+00,5.186343193054199219e-01
-5.539426803588867188e-01,-7.648415565490722656e-01,7.404469251632690430e-01
9.778168201446533203e-01,-9.570503234863281250e-02,1.089762449264526367e+00
-1.768920868635177612e-01,-1.359623789787292480e+00,1.074569702148437500e+00
-1.304011493921279907e-01,1.604935646057128906e+00,3.969055116176605225e-01
-7.408046722412109375e-01,-5.052946209907531738e-01,7.427941560745239258e-01
-1.166038632392883301e+00,1.723584651947021484e+00,2.771923840045928955e-01
4.537841677665710449e-02,1.366981506347656250e+00,7.932867407798767090e-01
9.527994990348815918e-01,8.583736419677734375e-02,9.041201472282409668e-01
-1.298472583293914795e-01,1.627844810485839844e+00,-2.233123779296875000e-02
9.266080260276794434e-01,2.758979797363281250e-01,7.267210483551025391e-01
1.684165954589843750e+00,-6.889566779136657715e-01,5.739019513130187988e-01
-1.796602725982666016e+00,1.282524347305297852e+00,4.539053142070770264e-01
3.475241661071777344e-01,8.621938824653625488e-01,9.446598887443542480e-01
-1.158448696136474609e+00,9.412006288766860962e-02,8.227340579032897949e-01
