4.326049685478210449e-01,-5.837370753288269043e-01,2.307195663452148438e-01
-1.736070632934570312e+00,1.478864431381225586e+00,7.082858085632324219e-01
-9.871106147766113281e-01,-9.688087552785873413e-02,1.259104251861572266e+00
2.213911056518554688e+00,-4.640924036502838135e-01,5.148275494575500488e-01
-1.316226124763488770e-01,1.056002497673034668e+00,2.318277359008789062e-01
1.362344622611999512e+00,-1.681964635848999023e+00,6.201639175415039062e-01
9.590910077095031738e-01,5.761669278144836426e-01,1.058133602142333984e+00
-1.643200874328613281e+00,-8.631011843681335449e-02,3.710571303963661194e-02
1.490452587604522705e-01,-3.646091520786285400e-01,1.350201129913330078e+00
-7.283717393875122070e-01,1.001317501068115234e+00,1.265190958976745605e+00
-1.951519966125488281e+00,4.075556099414825439e-01,1.002003788948059082e+00
-6.955022811889648438e-01,-5.837572216987609863e-01,2.310452461242675781e-01
1.247831583023071289e+00,-5.832562446594238281e-01,9.850134849548339844e-01
1.410988688468933105e+00,1.165968701243400574e-01,2.365546226501464844e-01
-1.108811140060424805e+00,8.201596736907958984e-01,2.416453361511230469e-01
5.122390389442443848e-01,3.497353196144104004e-01,2.302646636962890625e-01
5.075860619544982910e-01,-1.190608739852905273e+00,9.184951782226562500e-01
8.626067638397216797e-02,5.463340878486633301e-01,1.365847110748291016e+00
7.945370674133300781e-01,-1.395979285240173340e+00,5.484344437718391418e-02
-8.471317887306213379e-01,1.508364200592041016e+00,5.949181914329528809e-01
1.508023977279663086e+00,-8.218921422958374023e-01,2.569284439086914062e-01
-2.906964123249053955e-01,1.165197342634201050e-01,2.310352325439453125e-01
-1.983268260955810547e+00,8.329541087150573730e-01,3.546090126037597656e-01
-3.497616350650787354e-01,-8.037548065185546875e-01,8.739662170410156250e-01
1.998833656311035156e+00,-1.147544980049133301e+00,7.225846648216247559e-01
-1.447401523590087891e+00,9.502674937248229980e-01,1.152794361114501953e+00
-1.511951446533203125e+00,-1.583080291748046875e-01,7.501815557479858398e-01
1.672611474990844727e+00,-2.924728393554687500e-02,8.546885251998901367e-01
-1.019275188446044922e+00,1.166043430566787720e-01,2.369842529296875000e-01
2.467095702886581421e-01,8.779764175415039062e-01,7.936871051788330078e-01
6.711388826370239258e-01,1.373290956507844385e-06,1.188385963439941406e+00
-5.349298119544982910e-01,3.593245744705200195e-01,1.431843280792236328e+00
-1.468948721885681152e-01,-9.225420951843261719e-01,2.443356215953826904e-01
-3.277651965618133545e-01,1.193403244018554688e+00,8.190072178840637207e-01
-6.835379004478454590e-01,1.256937384605407715e+00,1.816272735595703125e-02
1.134657621383666992e+00,-1.188145875930786133e+00,9.310607910156250000e-01
9.995992779731750488e-01,-3.499588072299957275e-01,2.350511550903320312e-01
1.962016820907592773e+00,-1.141600757837295532e-01,8.531713485717773438e-02
-9.115114212036132812e-01,-4.915145337581634521e-01,7.912652492523193359e-01
-2.035124778747558594e+00,2.401496767997741699e-01,4.210055470466613770e-01
-1.344851613044738770e+00,3.723057508468627930e-01,1.230690479278564453e+00
6.216450333595275879e-01,-5.754353404045104980e-01,1.065710067749023438e+00
-4.828323125839233398e-01,-3.671142756938934326e-01,1.311295986175537109e+00
-1.224503636360168457e+00,1.459034919738769531e+00,9.924924969673156738e-01
-6.147202849388122559e-01,5.840119123458862305e-01,2.341256141662597656e-01
-1.369370579719543457e+00,1.630771636962890625e+00,3.458425700664520264e-01
-1.949089527130126953e+00,1.073606491088867188e+00,1.021558523178100586e+00
1.850415587425231934e+00,-5.935413837432861328e-01,8.789324760437011719e-01
1.781776428222656250e+00,-1.301224231719970703e+00,2.654714584350585938e-01
1.903762817382812500e-01,-1.165065839886665344e-01,2.302966117858886719e-01
1.171328306198120117e+00,1.525878815300529823e-06,9.918804168701171875e-01
1.268386244773864746e+00,-1.299694299697875977e+00,2.569284439086914062e-01
8.937377929687500000e-01,5.144367218017578125e-01,5.545037984848022461e-01
-1.584219932556152344e+00,1.151162385940551758e+00,3.455722033977508545e-01
4.168528318405151367e-01,-1.260255813598632812e+00,4.232519567012786865e-01
-1.520669102668762207e+00,3.508983552455902100e-01,2.544054985046386719e-01
3.014465235173702240e-02,5.837372541427612305e-01,2.309212684631347656e-01
4.796947538852691650e-02,-1.045129299163818359e+00,7.044109702110290527e-01
-1.184363126754760742e+00,-3.499729037284851074e-01,2.352671623229980469e-01
-1.619825661182403564e-01,1.358985855404171161e-06,1.435185909271240234e+00
2.022737026214599609e+00,-8.221361637115478516e-01,2.591223716735839844e-01
1.584332227706909180e+00,-3.510178327560424805e-01,2.569284439086914062e-01
9.231503009796142578e-01,-8.197990059852600098e-01,2.384262084960937500e-01
4.881736636161804199e-01,5.752211213111877441e-01,1.067933559417724609e+00
1.559649825096130371e+00,-9.882627129554748535e-01,9.190011024475097656e-01
5.009109526872634888e-02,-7.819428443908691406e-01,1.158724784851074219e+00
9.165301322937011719e-01,1.165166422724723816e-01,2.315549850463867188e-01
-2.909548878669738770e-01,-3.497464656829833984e-01,2.304925918579101562e-01
9.298750162124633789e-01,-1.555613040924072266e+00,4.678048491477966309e-01
-1.484676748514175415e-01,8.575544357299804688e-01,1.144931674003601074e+00
4.529491961002349854e-01,7.632460594177246094e-01,3.902862370014190674e-01
-2.159713268280029297e+00,7.067868709564208984e-01,7.442249655723571777e-01
-9.285547137260437012e-01,5.481252074241638184e-01,1.347333908081054688e+00
-1.038611292839050293e+00,1.300203323364257812e+00,2.597289085388183594e-01
-5.052289962768554688e-01,1.313127517700195312e+00,4.198986589908599854e-01
3.362428247928619385e-01,1.816487014293670654e-01,1.364756584167480469e+00
1.381049871444702148e+00,2.040302157402038574e-01,6.701016426086425781e-01
1.697367548942565918e+00,-1.432562947273254395e+00,7.566704750061035156e-01
1.794343948364257812e+00,2.670288040462764911e-06,4.409075975418090820e-01
-6.933889389038085938e-01,-1.165182814002037048e-01,2.316012382507324219e-01
-6.901356577873229980e-01,1.316218376159667969e+00,9.361256361007690430e-01
5.922942757606506348e-01,-1.164955869317054749e-01,2.300696372985839844e-01
-1.823381423950195312e+00,8.340675383806228638e-02,7.876879572868347168e-01
1.092521667480468750e+00,-1.648488998413085938e+00,9.836456179618835449e-02
3.014190681278705597e-02,-5.836818814277648926e-01,2.302360534667968750e-01
8.022714257240295410e-01,-1.415856003761291504e+00,8.294811248779296875e-01
-4.809895157814025879e-01,7.299062013626098633e-01,1.368206977844238281e+00
-5.322933197021484375e-01,-7.325051426887512207e-01,5.513023138046264648e-01
2.144042015075683594e+00,-7.891742587089538574e-01,6.928049921989440918e-01
-1.380863189697265625e+00,1.564025865263829473e-06,1.063920497894287109e+00
-1.941298484802246094e+00,1.246862053871154785e+00,4.994904994964599609e-01
-1.110144972801208496e+00,1.144611597061157227e+00,1.153441429138183594e+00
3.206784427165985107e-01,-9.575858116149902344e-01,2.317294329404830933e-01
-6.617619991302490234e-01,1.277923502129851840e-06,1.405652046203613281e+00
1.991942882537841797e+00,-1.614247113466262817e-01,7.056187391281127930e-01
1.595177173614501953e+00,-1.612831234931945801e+00,2.893301248550415039e-01
8.418666124343872070e-01,-9.785920381546020508e-01,9.785041809082031250e-01
-1.638749837875366211e+00,1.367775559425354004e+00,1.039029598236083984e+00
-1.543413162231445312e+00,7.967797517776489258e-01,2.828729152679443359e-01
-1.643201828002929688e+00,-8.630950748920440674e-02,3.940267860889434814e-01
-1.368677973747253418e+00,1.633486270904541016e+00,7.174279689788818359e-01
-1.205242633819580078e+00,-2.802918553352355957e-01,8.826617002487182617e-01
-7.663773298263549805e-01,-3.809927403926849365e-01,1.096171855926513672e+00
1.132859468460083008e+00,3.671584129333496094e-01,3.451693654060363770e-01
1.536631464958190918e+00,-3.908901512622833252e-01,9.427523612976074219e-01
-1.122774600982666016e+00,4.744592308998107910e-01,2.369851619005203247e-01
-9.475746154785156250e-01,-4.886034429073333740e-01,4.465847611427307129e-01
1.251045465469360352e+00,-5.851207971572875977e-01,2.479867935180664062e-01
9.657890200614929199e-01,-3.871288299560546875e-01,1.001039981842041016e+00
-1.319091200828552246e+00,-3.803253173828125000e-02,1.289566010236740112e-01
6.806271076202392578e-01,-1.056606173515319824e+00,2.359275817871093750e-01
-1.671054065227508545e-01,-5.542874932289123535e-01,1.283815383911132812e+00
1.141328096389770508e+00,3.175673484802246094e-01,8.781733512878417969e-01
-3.733529448509216309e-01,8.190717697143554688e-01,2.320518493652343750e-01
7.004100084304809570e-01,3.360476493835449219e-01,1.171939969062805176e+00
1.613214373588562012e+00,-1.131428107619285583e-01,2.216529846191406250e-02
4.828483611345291138e-02,1.006148815155029297e+00,5.076822042465209961e-01
-2.159080505371093750e+00,5.482622981071472168e-01,4.126363992691040039e-01
4.744537174701690674e-02,-1.110377311706542969e+00,1.030124306678771973e+00
-1.277055740356445312e+00,-2.768180072307586670e-01,5.492982268333435059e-01
1.372275233268737793e+00,-1.407381296157836914e+00,8.664197921752929688e-01
6.995558738708496094e-01,6.109349131584167480e-01,8.199841380119323730e-01
-1.213942527770996094e+00,7.452118992805480957e-01,1.250115871429443359e+00
-5.050258040428161621e-01,-5.754845142364501953e-01,1.065253257751464844e+00
2.033301830291748047e+00,-1.139635562896728516e+00,3.747775256633758545e-01
4.041841030120849609e-01,-1.840126067399978638e-01,1.291292667388916016e+00
-1.625523269176483154e-01,3.597629070281982422e-01,1.425032615661621094e+00
-2.139513015747070312e+00,3.923799395561218262e-01,6.866976618766784668e-01
1.104395508766174316e+00,-1.590327739715576172e+00,7.775225639343261719e-01
6.930336952209472656e-01,6.115673184394836426e-01,2.546771168708801270e-01
-7.830483913421630859e-01,1.056755065917968750e+00,2.369842529296875000e-01
-8.471317887306213379e-01,1.508364200592041016e+00,1.000698804855346680e-01
-1.573465228080749512e+00,5.667543411254882812e-01,1.155179500579833984e+00
-1.794454455375671387e+00,5.909746885299682617e-01,3.205137252807617188e-01
-1.755015850067138672e+00,1.473541498184204102e+00,4.006863236427307129e-01
3.537698388099670410e-01,-7.624872922897338867e-01,1.116866111755371094e+00
2.097963571548461914e+00,-3.509132564067840576e-01,2.547569274902343750e-01
1.575457751750946045e-01,7.692115902900695801e-01,1.064998149871826172e+00
-8.908375501632690430e-01,1.225037574768066406e+00,6.911869645118713379e-01
-9.235085248947143555e-01,1.819680035114288330e-01,1.354610919952392578e+00
9.499635100364685059e-01,1.904923617839813232e-01,1.090158939361572266e+00
-1.284915924072265625e+00,1.061505079269409180e+00,2.694835662841796875e-01
1.257121682167053223e+00,-1.716881275177001953e+00,3.389474451541900635e-01
-2.019369125366210938e+00,1.058668375015258789e+00,7.170593142509460449e-01
-1.744349360466003418e+00,1.604986190795898438e-01,2.053790241479873657e-01
-5.672642588615417480e-01,1.114437937736511230e+00,6.319918632507324219e-01
1.843123078346252441e+00,-5.858423113822937012e-01,2.569284439086914062e-01
1.094522118568420410e+00,-1.059186697006225586e+00,2.536177635192871094e-01
7.566955685615539551e-01,-5.839858651161193848e-01,2.339401245117187500e-01
-4.272018373012542725e-02,9.894887208938598633e-01,9.115161895751953125e-01
-1.710759162902832031e+00,2.558401823043823242e-01,1.047608494758605957e+00
1.245124220848083496e+00,-1.165918707847595215e-01,2.362151145935058594e-01
1.915701180696487427e-01,8.189503550529479980e-01,2.308640480041503906e-01
-8.570617437362670898e-01,3.500581979751586914e-01,2.369842529296875000e-01
1.905834972858428955e-01,3.497738540172576904e-01,2.304468154907226562e-01
-4.519006311893463135e-01,3.498063087463378906e-01,2.316536903381347656e-01
1.042583346366882324e+00,-7.788786888122558594e-01,9.903602600097656250e-01
-1.303875744342803955e-01,3.497882783412933350e-01,2.309775352478027344e-01
3.508651554584503174e-01,1.164992749691009521e-01,2.302803993225097656e-01
-1.302206367254257202e-01,-1.164875105023384094e-01,2.304773330688476562e-01
3.005523607134819031e-02,1.165221408009529114e-01,2.304611206054687500e-01
-2.729339599609375000e-01,1.181973218917846680e+00,5.419186353683471680e-01
-3.367855250835418701e-01,1.033607959747314453e+00,1.045178174972534180e+00
1.879559516906738281e+00,-1.349941372871398926e+00,5.669541954994201660e-01
-1.862663626670837402e+00,1.267313480377197266e+00,8.488424420356750488e-01
5.933727622032165527e-01,-1.354434490203857422e+00,6.077739000320434570e-01
-8.564315438270568848e-01,-3.498010933399200439e-01,2.316637039184570312e-01
-4.770717620849609375e-01,-7.387594580650329590e-01,2.638446092605590820e-01
-1.055913090705871582e+00,1.558948040008544922e+00,3.342614173889160156e-01
-1.464242488145828247e-01,-9.420275688171386719e-01,5.132465958595275879e-01
-1.576235890388488770e+00,1.325864791870117188e-01,7.002967596054077148e-01
2.200352668762207031e+00,-6.220576167106628418e-01,3.020709156990051270e-01
-1.167176723480224609e+00,9.397975355386734009e-02,1.289036870002746582e+00
1.476232856512069702e-01,1.325607286162266973e-06,1.395545959472656250e+00
1.418996810913085938e+00,4.930734634399414062e-02,9.189602732658386230e-01
6.676806211471557617e-01,6.474542617797851562e-01,5.410101413726806641e-01
-9.418510794639587402e-01,1.384477496147155762e+00,9.662499427795410156e-01
8.974065780639648438e-01,3.819960951805114746e-01,2.300591915845870972e-01
-7.401458621025085449e-01,7.343770265579223633e-01,1.333723068237304688e+00
-4.526156485080718994e-01,1.278438329696655273e+00,1.381988525390625000e-01
1.018025875091552734e+00,-1.372596144676208496e+00,2.466748058795928955e-01
3.519592285156250000e-01,5.837045311927795410e-01,2.304306030273437500e-01
1.684886455535888672e+00,-1.059846282005310059e+00,2.581443786621093750e-01
4.801196977496147156e-02,-1.040056228637695312e+00,3.719961345195770264e-01
-1.568195819854736328e+00,1.585969924926757812e+00,5.403764247894287109e-01
-1.355688571929931641e+00,5.854159593582153320e-01,2.516508102416992188e-01
4.514174163341522217e-01,7.843270301818847656e-01,6.672358512878417969e-01
-2.069686412811279297e+00,7.199327945709228516e-01,9.857214093208312988e-01
-3.473643362522125244e-01,1.792982667684555054e-01,1.437723636627197266e+00
6.236681938171386719e-01,-1.365377187728881836e+00,3.112844824790954590e-01
2.021549463272094727e+00,-4.002895951271057129e-01,7.970919609069824219e-01
1.118194580078125000e+00,3.795634806156158447e-01,6.310473680496215820e-01
8.184038996696472168e-01,-1.910567283630371094e-01,1.072614669799804688e+00
2.060420513153076172e+00,-1.592172235250473022e-01,4.185888469219207764e-01
-1.746750831604003906e+00,9.408435821533203125e-01,3.330932557582855225e-01
-1.389878630638122559e+00,1.314918518066406250e+00,3.418936729431152344e-01
1.522455096244812012e+00,-1.299844384193420410e+00,2.577733993530273438e-01
-1.361045837402343750e-01,6.919670701026916504e-01,1.335994839668273926e+00
-3.486945331096649170e-01,-1.799848526716232300e-01,1.416422843933105469e+00
1.399793624877929688e+00,-7.832550406455993652e-01,9.565787315368652344e-01
3.344311714172363281e-01,4.301418066024780273e-01,1.321409583091735840e+00
5.962896347045898438e-01,-8.192600607872009277e-01,2.336816787719726562e-01
1.345605492591857910e+00,-1.059669733047485352e+00,2.569284439086914062e-01
1.800174832344055176e+00,-9.997333884239196777e-01,8.484158515930175781e-01
1.669757008552551270e+00,-1.564590454101562500e+00,5.451248288154602051e-01
-1.024338483810424805e+00,1.534620285034179688e+00,7.830555438995361328e-01
-6.982488632202148438e-01,8.196390867233276367e-01,2.369842529296875000e-01
-1.746150106191635132e-01,-7.713224887847900391e-01,1.048629283905029297e+00
2.354240417480468750e-01,-1.157967567443847656e+00,5.605282187461853027e-01
1.763099908828735352e+00,-8.219310641288757324e-01,2.573022842407226562e-01
-2.916012406349182129e-01,5.838055014610290527e-01,2.315979003906250000e-01
1.172331809997558594e+00,-8.211891055107116699e-01,2.507529258728027344e-01
1.108798161149024963e-01,-8.188627958297729492e-01,2.301144599914550781e-01
1.386844873428344727e+00,-1.945070177316665649e-01,9.655652046203613281e-01
1.330913305282592773e+00,-3.504573106765747070e-01,2.453179359436035156e-01
3.512316942214965820e-01,-3.497384488582611084e-01,2.301306724548339844e-01
6.738976836204528809e-01,-3.498072028160095215e-01,2.317895889282226562e-01
-1.101176142692565918e+00,-1.166017130017280579e-01,2.368412017822265625e-01
-6.126104593276977539e-01,1.165231838822364807e-01,2.317113876342773438e-01
1.662111282348632812e+00,-1.205120444297790527e+00,8.443450927734375000e-01
1.162351608276367188e+00,1.165563538670539856e-01,2.339963912963867188e-01
-1.879126071929931641e+00,8.250884711742401123e-02,5.483393669128417969e-01
6.730230450630187988e-01,1.164925917983055115e-01,2.300987243652343750e-01
-6.131933331489562988e-01,-3.497784733772277832e-01,2.311534881591796875e-01
-1.188378214836120605e+00,1.622501850128173828e+00,5.279774069786071777e-01
8.352685570716857910e-01,-1.165254786610603333e-01,2.320690155029296875e-01
-1.031350970268249512e+00,1.058198213577270508e+00,2.468304634094238281e-01
-1.020781636238098145e+00,9.362292885780334473e-01,1.239188194274902344e+00
-5.600050091743469238e-01,-6.966147422790527344e-01,8.197529315948486328e-01
-4.513961672782897949e-01,-1.165130212903022766e-01,2.310929298400878906e-01
-5.040557682514190674e-02,8.190035820007324219e-01,2.313733100891113281e-01
1.699702382087707520e+00,-7.890202403068542480e-01,9.120893478393554688e-01
-2.110700905323028564e-01,-5.837081670761108398e-01,2.303719520568847656e-01
1.265829086303710938e+00,-9.833862185478210449e-01,9.489979743957519531e-01
1.103094443678855896e-01,-3.497430384159088135e-01,2.302660942077636719e-01
-7.778921127319335938e-01,-5.934710502624511719e-01,6.187027096748352051e-01
-1.466836482286453247e-01,-9.313478469848632812e-01,7.863595485687255859e-01
-6.784977316856384277e-01,1.412069320678710938e+00,2.887472510337829590e-01
4.281909167766571045e-01,-9.706699848175048828e-01,1.027266502380371094e+00
1.645415663719177246e+00,8.504533767700195312e-02,2.068218886852264404e-01
2.370205968618392944e-01,-1.118369102478027344e+00,8.289442062377929688e-01
5.438143610954284668e-01,-3.762641549110412598e-01,1.169488430023193359e+00
2.818050980567932129e-01,-5.605596899986267090e-01,1.219133377075195312e+00
-3.750726282596588135e-01,1.056481122970581055e+00,2.350730895996093750e-01
-4.934513866901397705e-01,9.345657229423522949e-01,1.249444484710693359e+00
2.462451159954071045e-01,8.895058631896972656e-01,4.497720301151275635e-01
1.503319025039672852e+00,-5.858430266380310059e-01,2.569284439086914062e-01
1.645416259765625000e+00,8.504533767700195312e-02,6.020331978797912598e-01
1.839291930198669434e+00,-3.510173261165618896e-01,2.569284439086914062e-01
1.001871585845947266e+00,-5.841869115829467773e-01,2.364616394042968750e-01
-8.588299155235290527e-01,5.842288136482238770e-01,2.369842529296875000e-01
-1.634935855865478516e+00,1.907348632812500000e-06,8.983688354492187500e-01
2.111289978027343750e+00,-9.570859074592590332e-01,5.333477854728698730e-01
-2.132735729217529297e+00,8.717147111892700195e-01,5.294065475463867188e-01
8.975149989128112793e-01,4.870190620422363281e-01,8.516609072685241699e-01
7.966570854187011719e-01,-1.218934059143066406e+00,9.541390538215637207e-01
1.950358867645263672e+00,-8.008484244346618652e-01,8.208322525024414062e-01
-3.506024181842803955e-01,5.421550869941711426e-01,1.408943653106689453e+00
-2.017210960388183594e+00,1.059127211570739746e+00,3.746554553508758545e-01
-1.505285024642944336e+00,1.893521398305892944e-01,1.125505447387695312e+00
-1.528869271278381348e+00,8.175659179687500000e-02,2.061569094657897949e-01
-6.782888770103454590e-01,1.413792133331298828e+00,7.289491295814514160e-01
1.078790903091430664e+00,-1.378141164779663086e+00,6.949448585510253906e-01
1.591611027717590332e+00,-1.175847947597503662e-01,2.978281974792480469e-01
1.381570696830749512e+00,2.326374053955078125e-01,4.310903847217559814e-01
-1.538461565971374512e+00,1.154128551483154297e+00,1.104818344116210938e+00
-3.484297990798950195e-01,-8.273153305053710938e-01,4.547039568424224854e-01
-1.040549993515014648e+00,-2.544913291931152344e-01,1.038420081138610840e+00
-1.129079699516296387e+00,3.675346374511718750e-01,1.304621696472167969e+00
6.988076567649841309e-01,-7.777784466743469238e-01,9.988164901733398438e-01
-1.988133430480957031e+00,2.424231618642807007e-01,7.634114027023315430e-01
-1.511206030845642090e+00,-1.616830825805664062e-01,2.037750184535980225e-01
2.579396367073059082e-01,5.993103981018066406e-01,1.193686604499816895e+00
-1.013882458209991455e-01,-3.625538945198059082e-01,1.382119655609130859e+00
1.426156163215637207e+00,-1.192862272262573242e+00,9.069585800170898438e-01
-7.091553807258605957e-01,1.159581661224365234e+00,1.096310377120971680e+00
-7.925965785980224609e-01,3.624504506587982178e-01,1.383426666259765625e+00
1.982068300247192383e+00,-3.613842725753784180e-01,4.712419509887695312e-01
-1.417058825492858887e+00,1.362375497817993164e+00,1.062575817108154297e+00
-5.197160243988037109e-01,1.178922414779663086e+00,9.781861305236816406e-01
4.183646440505981445e-01,-1.239439010620117188e+00,6.831983923912048340e-01
-1.587944149971008301e+00,1.517790794372558594e+00,8.683637976646423340e-01
2.315841615200042725e-02,1.795200854539871216e-01,1.431677818298339844e+00
4.546393156051635742e-01,7.399749755859375000e-01,8.838807344436645508e-01
1.361057400703430176e+00,-1.542318344116210938e+00,2.560391426086425781e-01
2.330703660845756531e-02,-1.806724518537521362e-01,1.395933151245117188e+00
8.314437866210937500e-01,-5.814956426620483398e-01,1.003167629241943359e+00
1.765310525894165039e+00,-3.935777544975280762e-01,9.011049270629882812e-01
2.358865737915039062e-01,-1.146508216857910156e+00,3.005081117153167725e-01
9.648214578628540039e-01,-1.342215299606323242e+00,4.943261146545410156e-01
-1.424961388111114502e-01,1.104526996612548828e+00,6.975657343864440918e-01
-1.878055095672607422e+00,3.542873263359069824e-01,3.244872093200683594e-01
1.615854620933532715e+00,-5.885387063026428223e-01,9.305300712585449219e-01
-1.321800708770751953e+00,1.149278521537780762e+00,1.129590988159179688e+00
1.586970329284667969e+00,-1.238173618912696838e-01,6.846737861633300781e-01
-8.890223503112792969e-01,1.298931360244750977e+00,4.326965287327766418e-02
5.683832168579101562e-01,2.073105722665786743e-01,1.273044705390930176e+00
1.794344425201416016e+00,2.593994167909841053e-06,3.605407476425170898e-02
1.174189448356628418e+00,-3.878621459007263184e-01,9.896740913391113281e-01
-5.055298805236816406e-01,1.309756755828857422e+00,6.757371425628662109e-01
-6.678142547607421875e-01,5.448874831199645996e-01,1.380754470825195312e+00
-9.033280014991760254e-01,1.140732645988464355e+00,1.173247814178466797e+00
-2.076027393341064453e+00,8.818708062171936035e-01,8.178809881210327148e-01
6.350190639495849609e-01,-9.769797921180725098e-01,9.884514808654785156e-01
-3.655985593795776367e-01,-5.231904983520507812e-01,1.208824753761291504e+00
5.148849487304687500e-01,4.184957444667816162e-01,1.210964679718017578e+00
9.895409941673278809e-01,-1.490858674049377441e+00,1.392936706542968750e-02
2.134106159210205078e+00,-3.140084147453308105e-01,6.316363215446472168e-01
-3.476859629154205322e-01,-8.405251502990722656e-01,6.605160236358642578e-01
-1.005707621574401855e+00,7.390735745429992676e-01,1.297502040863037109e+00
-8.037758469581604004e-01,-1.838797777891159058e-01,1.295368671417236328e+00
9.235439300537109375e-01,-1.189616799354553223e+00,2.488601654767990112e-01
1.102823495864868164e+00,-1.936400979757308960e-01,9.924674034118652344e-01
-1.230703949928283691e+00,9.429044723510742188e-01,1.198117733001708984e+00
9.298745393753051758e-01,-1.555613040924072266e+00,2.219885140657424927e-01
8.727508038282394409e-02,-5.527608990669250488e-01,1.299598693847656250e+00
-1.388591289520263672e+00,1.555402278900146484e+00,9.186892509460449219e-01
7.633631825447082520e-01,-1.460529804229736328e+00,5.360857844352722168e-01
-1.222110748291015625e+00,1.424125909805297852e+00,3.052563369274139404e-01
-8.471319675445556641e-01,1.508364200592041016e+00,3.468090593814849854e-01
7.533184885978698730e-01,-3.828199207782745361e-01,1.067867755889892578e+00
4.833358526229858398e-02,9.999718666076660156e-01,7.097527980804443359e-01
1.446013450622558594e+00,-1.689077854156494141e+00,4.048205614089965820e-01
2.262773066759109497e-01,-9.700637459754943848e-01,1.030971050262451172e+00
8.846101164817810059e-01,1.411438006471144035e-06,1.075414180755615234e+00
1.050691604614257812e+00,-9.796405434608459473e-01,9.720802307128906250e-01
1.092521667480468750e+00,-1.648488998413085938e+00,5.847792029380798340e-01
2.165984153747558594e+00,-7.856081724166870117e-01,4.148019254207611084e-01
4.218336641788482666e-01,-1.191669464111328125e+00,2.340624928474426270e-01
-1.507251143455505371e+00,7.564274668693542480e-01,1.163573741912841797e+00
1.926434993743896484e+00,-7.542514801025390625e-02,2.947265505790710449e-01
1.152075290679931641e+00,-1.404280304908752441e+00,8.799409866333007812e-01
4.834358021616935730e-02,9.986886978149414062e-01,3.078570365905761719e-01
4.823751449584960938e-01,3.147125198665889911e-06,1.289398908615112305e+00
1.475968956947326660e-01,3.610647618770599365e-01,1.404897689819335938e+00
3.429749906063079834e-01,-3.703784942626953125e-01,1.260715484619140625e+00
6.066843867301940918e-01,-1.874557435512542725e-01,1.184387207031250000e+00
-1.276033401489257812e+00,5.573428273200988770e-01,1.252241134643554688e+00
-2.112894058227539062e+00,5.534929037094116211e-01,8.602153062820434570e-01
1.037131667137145996e+00,-5.818083882331848145e-01,9.999585151672363281e-01
1.772245764732360840e+00,-1.976647078990936279e-01,8.675961494445800781e-01
-1.265915751457214355e+00,1.166049540042877197e-01,2.369842529296875000e-01
-8.561690449714660645e-01,1.640319737816753332e-06,1.372717857360839844e+00
9.635332822799682617e-01,3.862223625183105469e-01,1.015013694763183594e+00
-1.511205554008483887e+00,-1.616835594177246094e-01,5.150710940361022949e-01
1.870909690856933594e+00,-1.004681468009948730e+00,2.597665488719940186e-01
-1.464687824249267578e+00,9.913602471351623535e-01,2.884607017040252686e-01
-6.164412498474121094e-01,1.143279194831848145e+00,1.886975020170211792e-01
-3.259375691413879395e-01,1.225779056549072266e+00,3.609658777713775635e-01
2.119376182556152344e+00,-6.060281991958618164e-01,7.501645088195800781e-01
1.165373325347900391e+00,-1.456735610961914062e+00,1.537387073040008545e-01
-9.190149307250976562e-01,-3.889977633953094482e-01,9.721045494079589844e-01
-1.757569789886474609e+00,5.937374830245971680e-01,1.104644298553466797e+00
-1.002929210662841797e+00,1.364905714988708496e+00,6.209845542907714844e-01
6.804918646812438965e-01,5.255556106567382812e-01,9.904665946960449219e-01
-7.256757020950317383e-01,1.804736852645874023e-01,1.400982856750488281e+00
-7.789459228515625000e-01,-5.847897529602050781e-01,4.033398330211639404e-01
-6.003741025924682617e-01,-1.806533187627792358e-01,1.395489692687988281e+00
-1.312589168548583984e+00,-2.750992476940155029e-01,3.553890883922576904e-01
-1.783737897872924805e+00,-6.059169769287109375e-03,2.900973558425903320e-01
-1.979877471923828125e+00,5.945695638656616211e-01,3.650207519531250000e-01
-1.267233610153198242e+00,3.500556945800781250e-01,2.369842529296875000e-01
-4.099200367927551270e-01,1.468658410885836929e-06,1.426802635192871094e+00
2.108978182077407837e-01,-1.815793961286544800e-01,1.367057800292968750e+00
-1.643201351165771484e+00,-8.630981296300888062e-02,6.337260007858276367e-01
-7.657461166381835938e-01,-5.032821893692016602e-01,9.515827894210815430e-01
-6.784977316856384277e-01,1.412069320678710938e+00,5.396478176116943359e-01
-1.572047829627990723e+00,3.778202831745147705e-01,1.145232200622558594e+00
-1.009914278984069824e+00,-4.530963897705078125e-01,6.350730657577514648e-01
9.305060505867004395e-01,-1.551913738250732422e+00,7.159615755081176758e-01
-1.612677931785583496e+00,5.872645378112792969e-01,2.745347023010253906e-01
1.291064262390136719e+00,-1.574231147766113281e+00,7.854095101356506348e-01
-1.010199308395385742e+00,-4.512476921081542969e-01,2.663195729255676270e-01
-2.879992723464965820e-01,-3.615597784519195557e-01,1.397406101226806641e+00
-3.564630150794982910e-01,-6.850357055664062500e-01,1.034142732620239258e+00
-6.685652732849121094e-01,-3.062500655651092529e-01,1.254029512405395508e+00
-1.341966509819030762e+00,1.858526617288589478e-01,1.234107017517089844e+00
-1.284847736358642578e+00,-1.446633338928222656e-01,9.822022914886474609e-01
7.633631825447082520e-01,-1.460529804229736328e+00,2.247454822063446045e-01
-1.423596143722534180e-01,1.110188007354736328e+00,4.333035051822662354e-01
-1.362296223640441895e+00,8.227206468582153320e-01,2.642531394958496094e-01
1.092521786689758301e+00,-1.648489475250244141e+00,4.017046988010406494e-01
7.552776336669921875e-01,-1.222558975219726562e+00,1.851516664028167725e-01
-1.017077088356018066e+00,1.573369026184082031e+00,5.911204218864440918e-01
-8.514230847358703613e-01,1.480550765991210938e+00,7.864620685577392578e-01
2.021464347839355469e+00,-9.746711254119873047e-01,7.718282938003540039e-01
1.926433920860290527e+00,-7.542467117309570312e-02,5.393182039260864258e-01
-3.484161198139190674e-01,3.594924509525299072e-01,1.429312705993652344e+00
-1.817071795463562012e+00,1.407629489898681641e+00,5.637295246124267578e-01
-3.478706181049346924e-01,8.372077941894531250e-01,1.292380213737487793e+00
-1.651703476905822754e+00,1.317755222320556641e+00,3.577580451965332031e-01
-1.623043715953826904e-01,-1.797033995389938354e-01,1.425130367279052734e+00
-1.595252990722656250e+00,8.708205819129943848e-02,3.743774443864822388e-02
-5.342807173728942871e-01,1.795403659343719482e-01,1.430080890655517578e+00
-1.575876235961914062e+00,1.564871668815612793e+00,3.621263504028320312e-01
-1.367193222045898438e+00,1.639309406280517578e+00,5.303786993026733398e-01
-1.619999706745147705e-01,1.793663352727890015e-01,1.435586452484130859e+00
-2.924633622169494629e-01,-8.188869953155517578e-01,2.303423881530761719e-01
-1.198357701301574707e+00,1.577344417572021484e+00,7.820623517036437988e-01
-2.023597717285156250e+00,8.912608623504638672e-01,1.000159621238708496e+00
2.959628105163574219e-01,7.840130329132080078e-01,9.507699012756347656e-01
-2.186868667602539062e+00,7.028214931488037109e-01,5.207844376564025879e-01
-1.469485402107238770e+00,-1.130686551332473755e-01,1.753473281860351562e-02
2.567581087350845337e-02,-9.910646080970764160e-01,9.017925262451171875e-01
-1.909545898437500000e+00,1.254688143730163574e+00,6.791497468948364258e-01
2.171902656555175781e+00,-3.115690648555755615e-01,4.097796678543090820e-01
-6.784977316856384277e-01,1.412069320678710938e+00,1.013735905289649963e-01
-1.689337253570556641e+00,4.287217855453491211e-01,2.733053565025329590e-01
5.999450683593750000e-01,-1.291919231414794922e+00,8.082602024078369141e-01
1.827506065368652344e+00,-1.215572357177734375e+00,7.909607887268066406e-01
-1.048284769058227539e+00,1.406861782073974609e+00,4.185201823711395264e-01
-1.829211115837097168e+00,1.319828152656555176e+00,3.693108558654785156e-01
-1.775344371795654297e+00,7.629127502441406250e-01,3.295498490333557129e-01
1.609917283058166504e+00,-1.957300454378128052e-01,9.276199340820312500e-01
-2.140678167343139648e+00,3.904781341552734375e-01,4.802299439907073975e-01
1.256803154945373535e+00,1.960887908935546875e-01,9.165105819702148438e-01
2.025639533996582031e+00,-1.141393899917602539e+00,5.464219450950622559e-01
1.794344425201416016e+00,2.517700067983241752e-06,2.092251479625701904e-01
2.014437437057495117e+00,-5.854409933090209961e-01,2.519712448120117188e-01
1.533009171485900879e+00,-1.420255899429321289e+00,8.103089332580566406e-01
2.193963050842285156e+00,-6.228866577148437500e-01,5.732501149177551270e-01
-2.047284126281738281e+00,1.052735328674316406e+00,5.421105623245239258e-01
1.794344425201416016e+00,2.593994167909841053e-06,6.157653927803039551e-01
-1.762202382087707520e-01,9.715080857276916504e-01,1.022121906280517578e+00
-1.110539913177490234e+00,2.848722636699676514e-01,2.369851619005203247e-01
1.099568605422973633e+00,1.930684596300125122e-01,1.010199069976806641e+00
-1.296288967132568359e+00,-2.758881747722625732e-01,7.397192120552062988e-01
-1.256731748580932617e+00,1.313189029693603516e+00,1.085260748863220215e+00
1.672348260879516602e+00,-5.858401656150817871e-01,2.569284439086914062e-01
1.514328002929687500e+00,-1.059668898582458496e+00,2.569284439086914062e-01
1.339996933937072754e+00,-8.218910694122314453e-01,2.569284439086914062e-01
4.622947275638580322e-01,-6.345434188842773438e-01,1.116245269775390625e+00
-2.030596733093261719e+00,2.403691112995147705e-01,5.885069370269775391e-01
-5.816405415534973145e-01,-4.530758857727050781e-01,1.149562239646911621e+00
1.412195444107055664e+00,-1.166964322328567505e-01,2.427439689636230469e-01
2.104731082916259766e+00,-9.583699107170104980e-01,3.668661415576934814e-01
-2.156096458435058594e+00,5.486000180244445801e-01,6.314882040023803711e-01
-1.013157665729522705e-01,5.429683327674865723e-01,1.400564670562744141e+00
5.104337632656097412e-02,6.635189056396484375e-01,1.253603696823120117e+00
-9.434741139411926270e-01,8.196350932121276855e-01,2.369842529296875000e-01
-5.261735320091247559e-01,1.077390193939208984e+00,1.107979416847229004e+00
1.080327987670898438e+00,-1.165646314620971680e-01,2.345066070556640625e-01
1.164052724838256836e+00,-3.500578999519348145e-01,2.370786666870117188e-01
-9.369686841964721680e-01,-1.165259927511215210e-01,2.321128845214843750e-01
1.876755714416503906e+00,-1.350680708885192871e+00,3.896737694740295410e-01
4.934394732117652893e-02,8.747034072875976562e-01,1.001520633697509766e+00
-1.120023727416992188e+00,-9.473957121372222900e-02,1.163402438163757324e+00
-8.557258248329162598e-01,1.165452152490615845e-01,2.333102226257324219e-01
-4.730715751647949219e-01,1.095168948173522949e+00,4.999532699584960938e-01
5.173428058624267578e-01,-1.056362748146057129e+00,2.342429161071777344e-01
-6.941906809806823730e-01,3.498356044292449951e-01,2.324204444885253906e-01
7.592135667800903320e-01,-8.194471001625061035e-01,2.353382110595703125e-01
-1.856381773948669434e+00,2.787661552429199219e-01,9.730694293975830078e-01
8.362988233566284180e-01,-3.498829305171966553e-01,2.334032058715820312e-01
-5.355822443962097168e-01,8.195084929466247559e-01,2.358651161193847656e-01
4.340322911739349365e-01,-8.190768957138061523e-01,2.320690155029296875e-01
2.058868408203125000e+00,-1.592674255371093750e-01,2.535949647426605225e-01
-5.335299372673034668e-01,-5.837291479110717773e-01,2.307052612304687500e-01
-2.068082809448242188e+00,3.981463611125946045e-01,8.653951883316040039e-01
5.943179130554199219e-01,-5.838577747344970703e-01,2.323265075683593750e-01
6.737466454505920410e-01,3.497290015220642090e-01,2.301735877990722656e-01
-2.117689400911331177e-01,8.190352320671081543e-01,2.317118644714355469e-01
5.133047103881835938e-01,5.837011933326721191e-01,2.303390502929687500e-01
-1.877928137779235840e+00,1.181299537420272827e-01,3.315978050231933594e-01
1.835904479026794434e+00,-2.570834159851074219e-01,1.258554011583328247e-01
-4.528427124023437500e-01,5.838225483894348145e-01,2.319359779357910156e-01
2.714111208915710449e-01,-5.836772918701171875e-01,2.301001548767089844e-01
3.364985585212707520e-01,1.344680754300497938e-06,1.357828617095947266e+00
4.312417507171630859e-01,-1.165008991956710815e-01,2.301602363586425781e-01
-3.721113502979278564e-01,-5.837139487266540527e-01,2.304625511169433594e-01
5.122332572937011719e-01,-3.497314453125000000e-01,2.301831245422363281e-01
-4.518481492996215820e-01,-3.497656583786010742e-01,2.308139801025390625e-01
5.117095708847045898e-01,1.164989471435546875e-01,2.301902770996093750e-01
1.909677088260650635e-01,5.837299823760986328e-01,2.305831909179687500e-01
-1.306555122137069702e-01,5.837711691856384277e-01,2.312598228454589844e-01
2.204118251800537109e+00,-4.650422036647796631e-01,3.543762266635894775e-01
-4.514135718345642090e-01,1.165174916386604309e-01,2.313723564147949219e-01
3.512423634529113770e-01,3.497493267059326172e-01,2.303557395935058594e-01
-2.909879982471466064e-01,3.497862815856933594e-01,2.313156127929687500e-01
-1.303771883249282837e-01,-3.497604429721832275e-01,2.304019927978515625e-01
3.008605912327766418e-02,3.497763276100158691e-01,2.306408882141113281e-01
-2.906851172447204590e-01,-1.165152490139007568e-01,2.307553291320800781e-01
-2.093169212341308594e+00,7.165040969848632812e-01,3.647088408470153809e-01
-1.783737659454345703e+00,-6.059646606445312500e-03,4.504931569099426270e-01
1.903778016567230225e-01,1.165077760815620422e-01,2.303709983825683594e-01
-1.302249133586883545e-01,1.164910867810249329e-01,2.306981086730957031e-01
3.005493059754371643e-02,-1.165208816528320312e-01,2.303867340087890625e-01
-1.141109943389892578e+00,6.635529994964599609e-01,2.369851619005203247e-01
-1.804386615753173828e+00,1.280607700347900391e+00,9.971374273300170898e-01
-1.071573376655578613e+00,1.282601356506347656e+00,1.083943724632263184e+00
3.073220252990722656e-01,8.674029111862182617e-01,6.469909548759460449e-01
-1.565907597541809082e+00,8.584880828857421875e-02,1.021930098533630371e+00
1.645418047904968262e+00,8.504390716552734375e-02,4.436404407024383545e-01
8.958526253700256348e-01,4.990816116333007812e-01,3.366265892982482910e-01
1.646722078323364258e+00,7.956266403198242188e-02,4.926940798759460449e-02
-5.591673851013183594e-01,-7.060389518737792969e-01,3.943786621093750000e-01
-2.172946929931640625e-03,-1.021834492683410645e+00,5.201257467269897461e-01
2.160748481750488281e+00,-4.692472219467163086e-01,6.846771240234375000e-01
8.070156574249267578e-01,1.883980780839920044e-01,1.155096530914306641e+00
-1.480862647294998169e-01,-8.733057975769042969e-01,9.324050545692443848e-01
-2.902752757072448730e-01,7.273188829421997070e-01,1.388167381286621094e+00
1.922901153564453125e+00,-1.164968132972717285e+00,2.672061026096343994e-01
1.113455146551132202e-01,-1.055776953697204590e+00,2.302060127258300781e-01
-1.511206746101379395e+00,-1.616830825805664062e-01,3.592461943626403809e-01
-1.422841906547546387e+00,5.620401501655578613e-01,1.203799724578857422e+00
8.450875878334045410e-01,-1.057384133338928223e+00,2.412667274475097656e-01
9.518567919731140137e-01,-1.426911830902099609e+00,8.601840138435363770e-01
-1.643200874328613281e+00,-8.631004393100738525e-02,2.153277546167373657e-01
1.462643861770629883e+00,-1.627992153167724609e+00,7.212197780609130859e-01
7.396941184997558594e-01,6.070429086685180664e-01,6.734052896499633789e-01
1.388009667396545410e+00,-3.891379535198211670e-01,9.699130058288574219e-01
1.466676950454711914e+00,-5.863955020904541016e-01,9.526147842407226562e-01
4.910156130790710449e-01,-7.704950571060180664e-01,1.055028438568115234e+00
-1.133057713508605957e+00,5.527697801589965820e-01,1.299417972564697266e+00
1.548356771469116211e+00,-7.861104607582092285e-01,9.345397949218750000e-01
-8.890223503112792969e-01,1.298931360244750977e+00,2.510986328125000000e-01
-1.358112335205078125e+00,7.503992915153503418e-01,1.210103511810302734e+00
-1.594430208206176758e+00,9.545286297798156738e-01,1.126578330993652344e+00
-1.814363241195678711e+00,1.072951436042785645e+00,3.478918075561523438e-01
3.112139701843261719e-01,-1.067595243453979492e+00,9.571343660354614258e-01
1.478977203369140625e+00,1.779589354991912842e-01,5.295730233192443848e-01
-7.803524732589721680e-01,-5.732131004333496094e-01,7.657932639122009277e-01
4.846506416797637939e-01,3.267254829406738281e-01,1.323668956756591797e+00
-3.686361610889434814e-01,9.474464058876037598e-01,1.170213222503662109e+00
-1.015953779220581055e+00,-4.139499664306640625e-01,8.632442951202392578e-01
-1.268196105957031250e+00,-2.335200309753417969e-01,2.003121972084045410e-01
2.196946740150451660e-01,-7.546512484550476074e-01,1.177278995513916016e+00
8.945506215095520020e-01,5.085291862487792969e-01,7.015795707702636719e-01
-9.680871963500976562e-01,1.486737012863159180e+00,1.807629317045211792e-01
1.299196720123291016e+00,-1.570042371749877930e+00,3.864474296569824219e-01
2.722738683223724365e-01,-8.188896775245666504e-01,2.304606437683105469e-01
1.411723256111145020e+00,-9.858726859092712402e-01,9.337210655212402344e-01
-1.356102228164672852e+00,-1.977131664752960205e-01,8.661165237426757812e-01
-1.573260784149169922e+00,1.568483352661132812e+00,7.325167655944824219e-01
1.255018234252929688e+00,-7.812098264694213867e-01,9.723634719848632812e-01
1.068978309631347656e+00,3.827396929264068604e-01,7.698992490768432617e-01
8.226672410964965820e-01,3.838990628719329834e-01,1.051031589508056641e+00
1.279467344284057617e+00,-1.190504550933837891e+00,9.190039634704589844e-01
9.733767509460449219e-01,-9.794266223907470703e-01,2.453988641500473022e-01
-8.107650279998779297e-01,1.399747610092163086e+00,8.997030258178710938e-01
1.259878158569335938e+00,-1.705291271209716797e+00,5.217744112014770508e-01
-1.193393111228942871e+00,1.599808692932128906e+00,3.451797366142272949e-01
9.914837479591369629e-01,-1.185693025588989258e+00,9.435939788818359375e-01
5.201601982116699219e-01,-1.295893192291259766e+00,2.356810569763183594e-01
-6.528030037879943848e-01,-5.884706974029541016e-01,9.312863349914550781e-01
-1.022460460662841797e+00,5.842354297637939453e-01,2.369842529296875000e-01
-5.039764195680618286e-02,-8.188714385032653809e-01,2.302060127258300781e-01
6.688431501388549805e-01,6.363992691040039062e-01,3.993658423423767090e-01
1.557398319244384766e+00,-1.624104619026184082e+00,6.081053018569946289e-01
-1.534088701009750366e-01,-6.530923843383789062e-01,1.183042764663696289e+00
1.243871331214904785e+00,-1.940711587667465210e-01,9.791078567504882812e-01
1.030826210975646973e+00,1.525878815300529823e-06,1.008489131927490234e+00
7.492420673370361328e-01,-1.451018452644348145e+00,6.762523651123046875e-01
-8.170905113220214844e-01,-2.706384658813476562e-01,1.185604572296142578e+00
-9.924994707107543945e-01,3.654379248619079590e-01,1.337083816528320312e+00
-8.837199807167053223e-01,9.317510724067687988e-01,1.266754150390625000e+00
9.641004800796508789e-01,-1.933270543813705444e-01,1.002209663391113281e+00
4.539055824279785156e-01,7.500662803649902344e-01,2.518579065799713135e-01
-1.058621287345886230e+00,1.830217838287353516e-01,1.321938514709472656e+00
6.427757143974304199e-01,-1.184434771537780762e+00,9.500174522399902344e-01
4.521186351776123047e-01,7.746644020080566406e-01,5.286607146263122559e-01
-1.220126748085021973e+00,1.831054646572738420e-06,1.172548770904541016e+00
9.045383930206298828e-01,-7.786511778831481934e-01,9.920926094055175781e-01
8.711814880371093750e-01,-1.288743972778320312e+00,1.500961333513259888e-01
1.131136417388916016e+00,3.772473335266113281e-01,4.941355884075164795e-01
1.545283436775207520e+00,1.449584942747605965e-06,8.959851264953613281e-01
1.398749947547912598e+00,1.484827995300292969e-01,8.271670341491699219e-01
-1.428933292627334595e-01,1.088081359863281250e+00,8.327803015708923340e-01
1.018026351928710938e+00,-1.372596263885498047e+00,1.105306968092918396e-01
-6.178550720214843750e-01,9.257089495658874512e-01,1.303939342498779297e+00
-7.291832566261291504e-01,1.207658767700195312e+00,1.483959853649139404e-01
-8.880686163902282715e-01,1.242986679077148438e+00,1.085463523864746094e+00
4.203220605850219727e-01,-1.212486743927001953e+00,8.171645998954772949e-01
-1.462544649839401245e-01,-9.491052627563476562e-01,6.480304002761840820e-01
-1.466797292232513428e-01,-9.314332008361816406e-01,3.788742125034332275e-01
2.360958009958267212e-01,-1.141304969787597656e+00,6.935743689537048340e-01
-1.534203052520751953e+00,-8.806648105382919312e-02,8.937757611274719238e-01
6.935620307922363281e-01,-1.377894520759582520e+00,1.407598853111267090e-01
-4.043868929147720337e-02,7.504643797874450684e-01,1.209618091583251953e+00
-3.269689381122589111e-01,1.207510948181152344e+00,6.862710714340209961e-01
-8.718799948692321777e-01,7.365612387657165527e-01,1.316860675811767578e+00
1.678424000740051270e+00,-1.536378383636474609e+00,6.760873198509216309e-01
-1.788239240646362305e+00,1.159048080444335938e-02,6.128758192062377930e-01
-3.941238299012184143e-02,-5.492429733276367188e-01,1.335963249206542969e+00
2.046963691711425781e+00,-1.596513390541076660e-01,5.861880183219909668e-01
-1.423319578170776367e-01,1.111313819885253906e+00,5.647112727165222168e-01
-4.603838920593261719e-01,1.155986785888671875e+00,2.376922518014907837e-01
-5.065975189208984375e-01,1.297736167907714844e+00,8.061758279800415039e-01
-1.831019997596740723e+00,1.793346405029296875e-01,8.764114379882812500e-01
2.034201860427856445e+00,-1.061553359031677246e+00,2.698326110839843750e-01
-1.833106994628906250e+00,1.358278751373291016e+00,7.016894221305847168e-01
-7.973914146423339844e-01,5.464970469474792480e-01,1.364146232604980469e+00
-1.221899509429931641e+00,2.794863879680633545e-01,1.278270363807678223e+00
-2.067085266113281250e+00,5.586804747581481934e-01,9.821307063102722168e-01
-1.384202003479003906e+00,1.193677902221679688e+00,2.945071458816528320e-01
-6.098647713661193848e-01,7.321293354034423828e-01,1.351058483123779297e+00
2.356072962284088135e-01,-1.153444766998291016e+00,4.303445219993591309e-01
-5.419898033142089844e-01,-7.314071655273437500e-01,6.958492994308471680e-01
2.098750323057174683e-01,1.806987076997756958e-01,1.394378185272216797e+00
-6.280212402343750000e-01,-5.144004821777343750e-01,1.045209646224975586e+00
1.313625097274780273e+00,1.373290956507844385e-06,9.760303497314453125e-01
4.173024594783782959e-01,-1.254056930541992188e+00,5.523123145103454590e-01
-5.396709442138671875e-01,5.433007478713989258e-01,1.397149562835693359e+00
-1.044857263565063477e+00,1.425152778625488281e+00,2.909502983093261719e-01
1.965482711791992188e+00,-3.248902857303619385e-01,2.587908804416656494e-01
-6.623030900955200195e-01,3.605691194534301758e-01,1.412568092346191406e+00
1.846859931945800781e+00,-1.661013811826705933e-01,3.570892289280891418e-02
1.894634842872619629e+00,-8.325695991516113281e-01,2.593133449554443359e-01
1.460558414459228516e+00,1.785524636507034302e-01,3.459185659885406494e-01
1.667094826698303223e+00,-1.573260784149169922e+00,4.175277650356292725e-01
-1.979447364807128906e+00,1.067153692245483398e+00,8.977084159851074219e-01
5.927388668060302734e-01,-1.360479354858398438e+00,4.802860915660858154e-01
-5.052301287651062012e-01,1.313127994537353516e+00,5.473460555076599121e-01
-2.115414619445800781e+00,7.132549881935119629e-01,8.633700609207153320e-01
5.081824958324432373e-02,-6.915569305419921875e-01,1.248056650161743164e+00
-5.052301287651062012e-01,1.313127994537353516e+00,2.928662002086639404e-01
-1.064836740493774414e+00,1.564025865263829473e-06,1.285672664642333984e+00
2.367370575666427612e-02,1.362562102258380037e-06,1.420298099517822266e+00
6.134249567985534668e-01,-1.163652896881103516e+00,2.358657717704772949e-01
-2.141160249710083008e+00,4.101934432983398438e-01,3.554309010505676270e-01
-4.741960763931274414e-01,-1.803679168224334717e-01,1.404435634613037109e+00
1.676876544952392578e+00,2.746581913015688770e-06,6.895544528961181641e-01
-1.191406369209289551e+00,1.608802795410156250e+00,6.530987620353698730e-01
-5.353353619575500488e-01,1.411438006471144035e-06,1.416203975677490234e+00
1.081060171127319336e+00,3.498077392578125000e-01,2.318658828735351562e-01
2.345733530819416046e-02,-3.634944856166839600e-01,1.367550373077392578e+00
-1.208385705947875977e+00,1.302926421165466309e+00,2.749338150024414062e-01
-1.622414588928222656e+00,-8.664505183696746826e-02,7.573890686035156250e-01
-6.784976124763488770e-01,1.412069320678710938e+00,4.139929115772247314e-01
2.324279770255088806e-02,3.601657748222351074e-01,1.418964385986328125e+00
-9.215021133422851562e-01,1.550831675529479980e+00,5.037991404533386230e-01
7.633630037307739258e-01,-1.460529804229736328e+00,4.112603664398193359e-01
1.855451583862304688e+00,-1.356297373771667480e+00,6.891932487487792969e-01
-2.259407043457031250e-01,5.425621867179870605e-01,1.404753684997558594e+00
-9.518621563911437988e-01,-1.875548958778381348e-01,1.181286334991455078e+00
-1.040771603584289551e+00,1.446946620941162109e+00,9.237352013587951660e-01
-1.703150272369384766e+00,2.562077939510345459e-01,2.720281779766082764e-01
-2.855496108531951904e-01,1.287460349885805044e-06,1.433775901794433594e+00
9.298753142356872559e-01,-1.555613040924072266e+00,5.913459658622741699e-01
-8.471320867538452148e-01,1.508364200592041016e+00,2.233294695615768433e-01
1.554840922355651855e+00,1.148680821061134338e-01,1.292338371276855469e-01
9.298745393753051758e-01,-1.555613040924072266e+00,3.447268605232238770e-01
1.445122480392456055e+00,-1.692348957061767578e+00,5.273663401603698730e-01
9.298744201660156250e-01,-1.555613040924072266e+00,9.946899116039276123e-02
1.446426510810852051e+00,-1.687556266784667969e+00,2.824310362339019775e-01
4.276988208293914795e-01,-1.110915184020996094e+00,9.654034376144409180e-01
-1.679245948791503906e+00,4.295372962951660156e-01,1.117650151252746582e+00
-2.071142196655273438e-02,-1.019127726554870605e+00,1.073109865188598633e+00
-2.106189727783203125e+00,8.764693140983581543e-01,7.001293897628784180e-01
1.092521667480468750e+00,-1.648488998413085938e+00,2.801766991615295410e-01
-7.598628997802734375e-01,1.261106133460998535e+00,1.018396377563476562e+00
1.428979277610778809e+00,4.100799560546875000e-04,2.078677266836166382e-01
2.545895278453826904e-01,6.824393272399902344e-01,1.105832815170288086e+00
1.981999874114990234e+00,-1.218663692474365234e+00,4.494918584823608398e-01
-1.643200874328613281e+00,-8.630996197462081909e-02,5.136212110519409180e-01
4.648788273334503174e-01,1.828444302082061768e-01,1.327551364898681641e+00
-3.700122833251953125e-01,-4.450020790100097656e-01,1.298857450485229492e+00
-4.450650215148925781e-01,1.209946990013122559e+00,8.922134041786193848e-01
1.801827430725097656e+00,-7.105600833892822266e-01,2.569396793842315674e-01
-1.449418067932128906e+00,8.943206816911697388e-02,1.098229050636291504e+00
6.419305801391601562e-01,-4.103019535541534424e-01,1.114333748817443848e+00
-1.139525890350341797e+00,1.367631554603576660e+00,1.039680480957031250e+00
6.887580752372741699e-01,4.469180107116699219e-01,1.077333211898803711e+00
-1.988890647888183594e+00,2.423863857984542847e-01,3.131292760372161865e-01
2.613933980464935303e-01,5.136065483093261719e-01,1.284261941909790039e+00
-1.388361930847167969e+00,-9.041599184274673462e-02,9.815987944602966309e-01
1.381826162338256836e+00,2.313833236694335938e-01,2.776544094085693359e-01
2.466482669115066528e-01,8.794941902160644531e-01,3.142159879207611084e-01
-1.869345664978027344e+00,8.266586065292358398e-02,6.647083759307861328e-01
-1.696296691894531250e+00,8.545432984828948975e-02,9.552795439958572388e-02
-3.613067567348480225e-01,-5.992250442504882812e-01,1.121272206306457520e+00
1.794344425201416016e+00,2.517700067983241752e-06,3.249062895774841309e-01
-7.189473509788513184e-01,1.078937053680419922e+00,1.179983377456665039e+00
6.680251955986022949e-01,1.863627731800079346e-01,1.218237400054931641e+00
-2.678465843200683594e-01,9.419491887092590332e-01,1.114999413490295410e+00
-1.027607440948486328e+00,-3.384084701538085938e-01,9.492046833038330078e-01
2.096386909484863281e+00,-9.600038528442382812e-01,6.472699046134948730e-01
1.267909407615661621e+00,-1.657935142517089844e+00,7.113146781921386719e-01
2.159626960754394531e+00,-7.866413593292236328e-01,5.800686478614807129e-01
6.513009071350097656e-01,-1.370326042175292969e+00,7.451992630958557129e-01
-5.973769426345825195e-01,-2.759380340576171875e-01,1.335478544235229492e+00
-1.147870302200317383e+00,8.755178451538085938e-01,1.232719659805297852e+00
-2.146595001220703125e+00,5.496761798858642578e-01,7.431316971778869629e-01
4.850360751152038574e-02,9.789438247680664062e-01,8.479339480400085449e-01
1.931395530700683594e+00,-6.569165587425231934e-01,8.356500267982482910e-01
-2.174841403961181641e+00,7.045771479606628418e-01,6.316770911216735840e-01
1.024810314178466797e+00,-7.744148373603820801e-01,2.421624660491943359e-01
-1.020339965820312500e+00,3.500558435916900635e-01,2.369842529296875000e-01
-1.245881557464599609e+00,-9.271156042814254761e-02,1.072375416755676270e+00
1.100769639015197754e+00,-1.299694657325744629e+00,2.569284439086914062e-01
-1.698537826538085938e+00,8.541801571846008301e-02,9.273425340652465820e-01
-2.118767738342285156e+00,8.742161393165588379e-01,4.200079143047332764e-01
6.833953857421875000e-01,-1.294414520263671875e+00,2.274365425109863281e-01
1.632164239883422852e+00,-1.407418251037597656e-01,1.269790679216384888e-01
1.923227310180664062e-01,8.823093175888061523e-01,8.892381191253662109e-01
2.203560829162597656e+00,-6.216418147087097168e-01,4.636788964271545410e-01
-1.302749633789062500e+00,9.179531037807464600e-02,1.193009138107299805e+00
-1.187955141067504883e+00,-1.934528350830078125e-01,9.983253479003906250e-01
1.776383876800537109e+00,2.593994167909841053e-06,7.356075644493103027e-01
-1.868529319763183594e+00,8.267913758754730225e-02,4.346804618835449219e-01
