-8.510994911193847656e-01,6.963978409767150879e-01,1.511974096298217773e+00
4.458741247653961182e-01,-2.757797241210937500e+00,4.089382886886596680e-01
1.136498451232910156e+00,2.387341976165771484e+00,4.656158387660980225e-01
1.017843723297119141e+00,-3.860433101654052734e-01,3.741467297077178955e-01
-1.226891040802001953e+00,-1.227114081382751465e+00,3.683724999427795410e-01
8.351638913154602051e-02,2.229160308837890625e+00,1.993230819702148438e+00
-6.184968948364257812e-01,1.906217575073242188e+00,1.493020653724670410e-01
2.196525596082210541e-02,-8.478418588638305664e-01,1.783063888549804688e+00
9.011117219924926758e-01,6.731900572776794434e-01,1.805823326110839844e+00
-8.502329587936401367e-01,-2.463562488555908203e+00,1.182041645050048828e+00
5.311495661735534668e-01,1.084554910659790039e+00,4.273157119750976562e-01
-3.802416920661926270e-01,-1.194174513220787048e-01,4.116592407226562500e-01
8.851156234741210938e-01,-1.612112522125244141e+00,1.033946037292480469e+00
-1.286474704742431641e+00,-6.470890045166015625e-01,1.540720820426940918e+00
3.437149152159690857e-02,2.733177185058593750e+00,8.441436290740966797e-01
-5.206603929400444031e-02,-1.325257897377014160e+00,3.996286392211914062e-01
1.147798061370849609e+00,1.746330857276916504e+00,1.420655488967895508e+00
-7.771159410476684570e-01,1.899722456932067871e+00,1.309654712677001953e+00
-9.613280892372131348e-01,8.351454138755798340e-01,3.739376068115234375e-01
-3.531219437718391418e-02,1.140306711196899414e+00,2.030392646789550781e+00
9.056501388549804688e-01,-3.932835161685943604e-01,1.420614123344421387e+00
-4.109268262982368469e-02,-1.878904223442077637e+00,1.372011661529541016e+00
8.796539306640625000e-01,-1.826346278190612793e+00,4.423614218831062317e-02
7.607894390821456909e-02,1.608402281999588013e-01,2.010715961456298828e+00
-8.900183439254760742e-01,-1.491296052932739258e+00,1.343393802642822266e+00
1.102590560913085938e+00,3.805702924728393555e-01,8.991143703460693359e-01
1.259449481964111328e+00,1.513424396514892578e+00,4.111724719405174255e-02
-1.260442733764648438e+00,-2.229773044586181641e+00,3.843118250370025635e-01
-5.172921419143676758e-01,-2.739702701568603516e+00,4.114328026771545410e-01
6.282660365104675293e-01,-2.440876007080078125e+00,1.178656697273254395e+00
-1.036670207977294922e+00,9.608222544193267822e-02,9.073951244354248047e-01
7.642514705657958984e-01,2.525333881378173828e+00,1.216344594955444336e+00
-7.152182459831237793e-01,-1.636203676462173462e-01,1.923884391784667969e+00
2.019715905189514160e-01,1.836121916770935059e+00,4.494285583496093750e-01
2.692317962646484375e-01,3.190956115722656250e-01,4.173202514648437500e-01
6.617614030838012695e-01,1.493232488632202148e+00,1.995970249176025391e+00
2.780715823173522949e-01,-5.980011820793151855e-01,4.075365066528320312e-01
-1.045725420117378235e-01,-2.673542976379394531e+00,1.057397842407226562e+00
-2.413339614868164062e-01,1.210458517074584961e+00,4.285470545291900635e-01
1.216113567352294922e+00,1.132339119911193848e+00,7.634643316268920898e-01
-1.116280555725097656e+00,-4.749832749366760254e-01,3.684210181236267090e-01
-1.382902562618255615e-01,-2.076886892318725586e+00,3.925509452819824219e-01
-6.663331985473632812e-01,2.460580348968505859e+00,8.037449717521667480e-01
8.253806233406066895e-01,2.248429775238037109e+00,1.949950695037841797e+00
-9.168376922607421875e-01,1.499367952346801758e+00,6.707873344421386719e-01
9.264626502990722656e-01,-1.189043879508972168e+00,3.862698376178741455e-01
-5.106454491615295410e-01,1.686724543571472168e+00,1.947660923004150391e+00
7.014036178588867188e-01,-1.063400268554687500e+00,1.568243503570556641e+00
-5.480257868766784668e-01,-8.385485410690307617e-01,4.039840698242187500e-01
-6.394987106323242188e-01,-8.672347664833068848e-01,1.663709640502929688e+00
-6.489803791046142578e-01,-1.655145168304443359e+00,3.959838747978210449e-01
7.572930455207824707e-01,1.239776565853389911e-06,1.928102016448974609e+00
-1.158238887786865234e+00,-8.530227541923522949e-01,8.982070684432983398e-01
9.148139953613281250e-01,1.815854907035827637e+00,8.226183652877807617e-01
-1.278300762176513672e+00,-2.013200998306274414e+00,9.917178153991699219e-01
9.625482559204101562e-01,-7.824833393096923828e-01,9.262371659278869629e-01
-4.278952181339263916e-01,6.493353843688964844e-01,1.989872455596923828e+00
-3.817585706710815430e-01,5.988467335700988770e-01,4.179196357727050781e-01
8.275885581970214844e-01,-2.284187078475952148e+00,5.574380159378051758e-01
5.616349577903747559e-01,2.634332418441772461e+00,4.869985580444335938e-01
-1.181452631950378418e+00,-1.729294300079345703e+00,1.598882675170898438e-02
-7.914767265319824219e-01,1.319664001464843750e+00,1.476488947868347168e+00
-4.671783447265625000e-01,2.298597097396850586e+00,1.773644089698791504e+00
1.101217269897460938e+00,1.154831409454345703e+00,1.398221254348754883e+00
8.571404814720153809e-01,5.972601771354675293e-01,3.983516693115234375e-01
-4.144470095634460449e-01,1.933524250984191895e+00,8.445940017700195312e-01
3.972843885421752930e-01,-1.959550619125366211e+00,9.501895904541015625e-01
-9.816308021545410156e-01,6.816140413284301758e-01,9.215047955513000488e-01
4.754070043563842773e-01,-4.929729104042053223e-01,1.916141986846923828e+00
-8.167791366577148438e-01,1.314286112785339355e+00,1.138427704572677612e-01
-9.808381199836730957e-01,-1.806687861680984497e-01,1.394938945770263672e+00
1.024969100952148438e+00,-1.925928145647048950e-01,9.095299839973449707e-01
3.553414046764373779e-01,6.454272270202636719e-01,2.020037651062011719e+00
-2.280087172985076904e-01,2.361394405364990234e+00,4.718766212463378906e-01
3.471632301807403564e-01,-1.484083056449890137e+00,1.370736122131347656e+00
-2.894348204135894775e-01,-1.261877775192260742e+00,1.500540733337402344e+00
-1.027550697326660156e+00,2.888859212398529053e-01,3.732000589370727539e-01
1.381478905677795410e-01,1.661808013916015625e+00,2.022292137145996094e+00
-7.394847869873046875e-01,-1.330715775489807129e+00,8.291009068489074707e-01
9.931201934814453125e-01,1.936194002628326416e-01,1.398043632507324219e+00
-1.475621759891510010e-01,-3.265922367572784424e-01,1.939244270324707031e+00
-9.717922210693359375e-01,-2.602560997009277344e+00,6.851806640625000000e-01
-5.544419288635253906e-01,1.158149242401123047e+00,1.952635765075683594e+00
1.001461148262023926e+00,1.048559188842773438e+00,1.808614730834960938e-01
4.726379215717315674e-01,-1.397243022918701172e+00,8.015770912170410156e-01
-5.121877789497375488e-01,-2.098772525787353516e+00,1.328641414642333984e+00
7.277264595031738281e-01,1.227953314781188965e+00,9.000512361526489258e-01
-4.287471771240234375e-01,1.396764993667602539e+00,8.702529668807983398e-01
-1.234568595886230469e+00,-1.421052217483520508e+00,9.708607196807861328e-01
-5.300436019897460938e-01,2.513527631759643555e+00,1.293410062789916992e+00
5.246157646179199219e-01,-1.194371953606605530e-01,4.125499725341796875e-01
6.348795890808105469e-01,2.096451044082641602e+00,4.621934890747070312e-01
1.017552495002746582e+00,1.187898069620132446e-01,3.726205825805664062e-01
1.183814048767089844e+00,2.152359008789062500e+00,1.084665179252624512e+00
1.281402111053466797e+00,1.706462502479553223e+00,5.054569840431213379e-01
2.850005924701690674e-01,-1.822812438011169434e+00,3.954191207885742188e-01
4.460064470767974854e-01,-1.080656051635742188e+00,4.006066322326660156e-01
6.233189105987548828e-01,1.582204818725585938e+00,4.436688423156738281e-01
1.625555455684661865e-01,-2.328543186187744141e+00,1.280922412872314453e+00
-5.428360030055046082e-02,-2.601509571075439453e+00,3.936948776245117188e-01
1.138381958007812500e-01,8.407086730003356934e-01,4.230074882507324219e-01
-1.079177856445312500e+00,-1.060401439666748047e+00,1.329129815101623535e+00
-1.292470455169677734e+00,-1.803792238235473633e+00,5.738540291786193848e-01
-7.928971052169799805e-01,3.356115520000457764e-01,1.799305438995361328e+00
8.796539306640625000e-01,-1.826346278190612793e+00,6.123220920562744141e-01
-7.429791092872619629e-01,-2.335400581359863281e+00,3.896212577819824219e-01
-8.669252395629882812e-01,1.938280940055847168e+00,5.447815060615539551e-01
3.100452125072479248e-01,-2.730906963348388672e+00,8.467896580696105957e-01
1.135832786560058594e+00,7.600248456001281738e-01,1.169825911521911621e+00
-2.966774106025695801e-01,1.744146347045898438e+00,4.458673000335693359e-01
-9.597606658935546875e-01,2.921651601791381836e-01,1.336260914802551270e+00
1.039343833923339844e+00,2.205822467803955078e+00,1.552899718284606934e+00
1.234644889831542969e+00,1.519963979721069336e+00,1.042808771133422852e+00
-5.225083827972412109e-01,-2.696743011474609375e+00,8.575767278671264648e-01
3.174742758274078369e-01,2.628614902496337891e+00,1.174393534660339355e+00
8.339557647705078125e-01,-2.058529853820800781e+00,9.890173077583312988e-01
-9.188122749328613281e-01,-2.139688730239868164e+00,7.625573277473449707e-01
-3.679808676242828369e-01,1.611883938312530518e-01,1.999487400054931641e+00
6.150208711624145508e-01,-1.468382835388183594e+00,2.470529079437255859e-01
6.467611789703369141e-01,9.805580973625183105e-01,1.991397380828857422e+00
9.075837135314941406e-01,-1.192740082740783691e+00,1.156824946403503418e+00
-4.308399856090545654e-01,-1.675085663795471191e+00,1.386563777923583984e+00
-9.377264976501464844e-01,1.085736513137817383e+00,1.077156066894531250e+00
2.061970531940460205e-01,2.360421895980834961e+00,4.688000679016113281e-01
9.086217880249023438e-01,2.549285411834716797e+00,7.944822311401367188e-01
-8.732714653015136719e-01,-1.189349368214607239e-01,3.816270828247070312e-01
1.106405258178710938e+00,-9.578067064285278320e-01,1.458882570266723633e+00
6.633207798004150391e-01,-2.186498641967773438e+00,1.413818299770355225e-01
-1.111460208892822266e+00,-4.753727912902832031e-01,1.100853204727172852e+00
-8.769021034240722656e-01,1.509211421012878418e+00,1.102974414825439453e+00
2.946968078613281250e-01,-2.373385667800903320e+00,5.098161697387695312e-01
9.985644817352294922e-01,1.387421250343322754e+00,1.737391948699951172e+00
-9.820284843444824219e-01,-1.902001261711120605e+00,1.302814483642578125e+00
1.988534480333328247e-01,1.331690549850463867e+00,4.355082511901855469e-01
-1.342063844203948975e-01,-8.386189341545104980e-01,4.045662879943847656e-01
6.255375742912292480e-01,-1.899861693382263184e+00,1.309226036071777344e+00
1.130023151636123657e-01,-1.194682866334915161e-01,4.125051498413085938e-01
9.658279418945312500e-01,-7.820580601692199707e-01,5.153549313545227051e-01
4.411077797412872314e-01,2.030796527862548828e+00,2.012209892272949219e+00
-8.710499405860900879e-01,-1.691502213478088379e+00,9.578914642333984375e-01
1.149690151214599609e+00,7.582275271415710449e-01,6.316043138504028320e-01
-1.157711982727050781e+00,-8.530995249748229980e-01,5.000758171081542969e-01
-9.198412895202636719e-01,-4.908416569232940674e-01,1.634472727775573730e+00
1.021498203277587891e+00,1.996378898620605469e+00,4.325363039970397949e-01
4.345809221267700195e-01,-8.510931730270385742e-01,1.763068199157714844e+00
-3.476524353027343750e-02,6.451723575592041016e-01,2.022018909454345703e+00
-3.803505003452301025e-01,-6.646971106529235840e-01,1.871370792388916016e+00
-7.499090433120727539e-01,1.130216598510742188e+00,7.400598526000976562e-01
-5.328318476676940918e-01,2.611731529235839844e+00,4.732817113399505615e-01
9.303061962127685547e-01,1.876676082611083984e+00,1.928780078887939453e+00
-1.582242399454116821e-01,-4.537849426269531250e-01,4.086944460868835449e-01
-7.353385686874389648e-01,2.233070373535156250e+00,1.121997356414794922e+00
-1.082203388214111328e+00,-2.862424850463867188e-01,7.674838304519653320e-01
3.066976964473724365e-01,1.311097264289855957e+00,2.026887893676757812e+00
9.274053573608398438e-01,1.419776916503906250e+00,2.343334853649139404e-01
-7.192940711975097656e-01,-4.981451928615570068e-01,3.967971801757812500e-01
1.237702846527099609e+00,1.322187423706054688e+00,4.348113834857940674e-01
-2.780371904373168945e-01,2.043928384780883789e+00,1.979955673217773438e+00
3.003655970096588135e-01,-1.622666865587234497e-01,1.966033935546875000e+00
7.272815704345703125e-01,-2.553955793380737305e+00,8.011288046836853027e-01
-4.691642522811889648e-01,-1.325181603431701660e+00,3.991966247558593750e-01
-8.823098540306091309e-01,-1.077749252319335938e+00,3.807101249694824219e-01
5.813840627670288086e-01,3.242113888263702393e-01,1.975982189178466797e+00
-5.345650315284729004e-01,9.829134941101074219e-01,4.442800879478454590e-01
-2.462092787027359009e-01,2.638218879699707031e+00,1.067416548728942871e+00
8.585967868566513062e-02,-1.260109782218933105e+00,1.508254051208496094e+00
-1.169185519218444824e+00,-2.415682792663574219e+00,9.359582066535949707e-01
-2.088520824909210205e-01,1.485889434814453125e+00,2.020575523376464844e+00
7.802587151527404785e-01,-3.365309834480285645e-01,1.785103797912597656e+00
-1.031438037753105164e-01,2.732655048370361328e+00,5.049215555191040039e-01
-9.721376299858093262e-01,-1.813137531280517578e+00,3.293694853782653809e-01
-5.156953334808349609e-01,2.135879516601562500e+00,4.693855047225952148e-01
-8.444390296936035156e-01,1.945387363433837891e+00,9.091070294380187988e-01
1.010373115539550781e+00,5.807954072952270508e-01,1.470317840576171875e+00
-6.381278038024902344e-01,2.010589599609375000e+00,1.630183696746826172e+00
6.356024742126464844e-01,-6.164100766181945801e-01,3.929544091224670410e-01
-2.381492704153060913e-01,-2.781032562255859375e+00,6.429072618484497070e-01
9.324617385864257812e-01,-1.187869548797607422e+00,8.009055852890014648e-01
1.205510616302490234e+00,2.144330024719238281e+00,7.308439612388610840e-01
-2.483171075582504272e-01,-2.329815387725830078e+00,1.277801036834716797e+00
-7.204818725585937500e-01,4.982164800167083740e-01,3.968582153320312500e-01
-1.613895744085311890e-01,3.228321075439453125e-01,4.168704152107238770e-01
7.426224946975708008e-01,-1.493913650512695312e+00,1.333462238311767578e+00
4.526219069957733154e-01,2.693585872650146484e+00,8.566416501998901367e-01
-8.922095298767089844e-01,1.715939760208129883e+00,2.549868822097778320e-01
-3.975570499897003174e-01,-2.335484027862548828e+00,3.898801803588867188e-01
-6.162384152412414551e-01,-1.287229895591735840e+00,1.390048980712890625e+00
8.235015869140625000e-01,-7.088921666145324707e-01,1.530331134796142578e+00
-6.274131536483764648e-01,1.193388327956199646e-01,4.064583778381347656e-01
6.081603765487670898e-01,3.587224185466766357e-01,4.161658287048339844e-01
-1.132675409317016602e+00,-2.558835983276367188e+00,3.881973326206207275e-01
-9.369645714759826660e-01,-1.503834009170532227e+00,7.498168945312500000e-02
-9.969625473022460938e-01,4.846160113811492920e-01,6.448076963424682617e-01
-3.039711415767669678e-01,-1.614933013916015625e+00,3.966845571994781494e-01
1.098692893981933594e+00,3.808216154575347900e-01,5.669326782226562500e-01
3.020291030406951904e-01,9.730715155601501465e-01,2.029656410217285156e+00
-6.643696427345275879e-01,-4.949936568737030029e-01,1.895271778106689453e+00
5.531933307647705078e-01,-1.870883703231811523e+00,5.904526710510253906e-01
9.046010971069335938e-01,-1.606976032257080078e+00,3.233569264411926270e-01
2.884718179702758789e-01,-1.882743477821350098e+00,1.360497474670410156e+00
-8.748893737792968750e-01,1.440048208678490482e-06,1.649090290069580078e+00
-3.848144412040710449e-01,2.668520927429199219e+00,7.605550885200500488e-01
1.343988776206970215e-01,-4.927420318126678467e-01,1.918559074401855469e+00
-1.248553752899169922e+00,-1.417605400085449219e+00,6.342089772224426270e-01
-5.796169638633728027e-01,1.638534665107727051e+00,7.086849212646484375e-01
5.542101860046386719e-01,-1.861947178840637207e+00,5.388580262660980225e-02
1.070084929466247559e+00,1.758385181427001953e+00,2.150152474641799927e-01
-7.290238142013549805e-01,6.653816103935241699e-01,1.866071701049804688e+00
-1.270396709442138672e+00,-1.609690785408020020e+00,3.052877783775329590e-01
7.051653861999511719e-01,-2.562960147857666016e+00,4.242025613784790039e-01
5.744627118110656738e-01,-1.687876701354980469e+00,9.408001899719238281e-01
-1.068004369735717773e+00,-7.366570234298706055e-01,1.316122531890869141e+00
-1.303937911987304688e+00,-2.212875127792358398e+00,7.228326201438903809e-01
8.174639940261840820e-01,2.362653493881225586e+00,4.758653640747070312e-01
-3.903251886367797852e-01,-2.606516361236572266e+00,1.181866526603698730e+00
-5.364944413304328918e-02,2.095097780227661133e+00,4.573769569396972656e-01
8.878722190856933594e-01,2.956390289909904823e-06,1.637738704681396484e+00
8.930127024650573730e-01,1.117348432540893555e+00,6.519250869750976562e-01
-6.920995712280273438e-01,1.554761528968811035e+00,1.663844108581542969e+00
1.011808753013610840e+00,8.846089243888854980e-01,1.556804180145263672e+00
8.941005468368530273e-01,1.162242054939270020e+00,1.934784889221191406e+00
6.934313774108886719e-01,-1.447074890136718750e+00,5.480328202247619629e-01
-1.191082477569580078e+00,-1.631973385810852051e+00,1.193683862686157227e+00
1.697618216276168823e-01,-2.787382125854492188e+00,5.461425781250000000e-01
9.345103502273559570e-01,-7.476280331611633301e-01,1.231466770172119141e+00
-5.647207498550415039e-01,-2.076776266098022461e+00,3.921728134155273438e-01
1.762926876544952393e-01,-2.625308513641357422e+00,1.173146009445190430e+00
-3.169268071651458740e-01,9.755895733833312988e-01,2.016784191131591797e+00
-7.301850318908691406e-01,1.122906565666198730e+00,1.706721663475036621e+00
1.177555084228515625e+00,1.139887928962707520e+00,1.105563163757324219e+00
-9.408850669860839844e-01,1.287906885147094727e+00,4.555837810039520264e-01
8.540120124816894531e-01,-2.051834106445312500e+00,3.323733508586883545e-01
9.362875223159790039e-01,1.429346680641174316e+00,9.808268547058105469e-01
3.161254897713661194e-02,1.581649541854858398e+00,4.410357475280761719e-01
9.229328632354736328e-01,3.454596698284149170e-01,1.646655559539794922e+00
-8.100954890251159668e-01,-2.677717685699462891e+00,4.215905666351318359e-01
-1.004444718360900879e+00,-2.097226381301879883e+00,4.649600982666015625e-01
-7.635231018066406250e-01,2.194327592849731445e+00,7.078356742858886719e-01
1.048645973205566406e+00,2.899169885495211929e-06,1.177371501922607422e+00
1.152420043945312500e-01,-1.572395563125610352e+00,3.975377082824707031e-01
1.260439395904541016e+00,1.916148304939270020e+00,9.206106066703796387e-01
-1.138559579849243164e+00,-2.024072408676147461e+00,2.045516967773437500e-01
-9.656661152839660645e-01,-8.856788277626037598e-01,1.550230979919433594e+00
1.139947474002838135e-01,-1.080897331237792969e+00,4.022412300109863281e-01
-1.040951535105705261e-01,-1.473516225814819336e+00,1.410822868347167969e+00
2.812927067279815674e-01,-1.325312018394470215e+00,3.999795913696289062e-01
3.611669838428497314e-01,5.989753007888793945e-01,4.195971488952636719e-01
-3.006462156772613525e-01,-1.080811262130737305e+00,4.017357826232910156e-01
6.978085041046142578e-01,8.437187075614929199e-01,4.496312141418457031e-01
-5.156081914901733398e-02,5.990204215049743652e-01,4.200778007507324219e-01
-2.173066735267639160e-01,8.404533267021179199e-01,4.208288192749023438e-01
1.047095298767089844e+00,2.765655381153919734e-06,6.373490691184997559e-01
-1.581617742776870728e-01,-1.044342517852783203e+00,1.665581226348876953e+00
-6.687293052673339844e-01,2.227681636810302734e+00,1.405260920524597168e+00
-9.067015647888183594e-01,8.897525668144226074e-01,1.289303541183471680e+00
-6.077499389648437500e-01,1.491872549057006836e+00,1.868772506713867188e-02
6.420626044273376465e-01,6.512126922607421875e-01,1.975400924682617188e+00
3.108575940132141113e-01,2.719728946685791016e+00,6.043499708175659180e-01
8.527389168739318848e-01,-1.189626082777976990e-01,3.833346366882324219e-01
-1.173025488853454590e+00,-1.114016413688659668e+00,6.291098594665527344e-01
-4.277984797954559326e-01,-1.627198755741119385e-01,1.951927185058593750e+00
7.237522006034851074e-01,-6.740872263908386230e-01,1.798882007598876953e+00
4.301323592662811279e-01,1.662941098213195801e+00,2.018897056579589844e+00
2.649179100990295410e-01,-1.049008250236511230e+00,1.641772747039794922e+00
5.310006737709045410e-01,-1.275905132293701172e+00,1.439412593841552734e+00
1.013149738311767578e+00,-3.863463103771209717e-01,1.117922902107238770e+00
-6.250290870666503906e-01,1.239193201065063477e+00,3.104846179485321045e-01
1.093526959419250488e+00,2.404389858245849609e+00,9.890633821487426758e-01
-9.578943252563476562e-01,8.822774291038513184e-01,6.537598967552185059e-01
3.502916172146797180e-02,2.651635169982910156e+00,1.165177941322326660e+00
9.840474128723144531e-01,-5.833485722541809082e-01,7.149505615234375000e-01
-1.151053786277770996e+00,-2.143839597702026367e+00,1.206856250762939453e+00
-7.045482397079467773e-01,-1.886150598526000977e+00,1.350290775299072266e+00
-1.002793788909912109e+00,4.841448962688446045e-01,1.121168136596679688e+00
-5.088822841644287109e-01,1.695170760154724121e+00,9.751262664794921875e-01
3.220916539430618286e-02,-2.335642099380493164e+00,3.903851509094238281e-01
1.146649479866027832e+00,1.258238911628723145e+00,2.543210983276367188e-02
4.873370230197906494e-01,-2.210349559783935547e+00,8.676047325134277344e-01
3.406700119376182556e-02,-2.771063804626464844e+00,7.880547642707824707e-01
-1.067212104797363281e+00,-9.559012204408645630e-02,1.105672240257263184e+00
3.535119593143463135e-01,1.609432250261306763e-01,2.006982326507568359e+00
-1.248553752899169922e+00,-1.417605400085449219e+00,1.066790744662284851e-01
-1.040222167968750000e+00,9.602486342191696167e-02,5.714355111122131348e-01
1.259449481964111328e+00,1.513423919677734375e+00,7.022378444671630859e-01
1.194634914398193359e+00,9.434678554534912109e-01,4.325674474239349365e-01
1.125464558601379395e+00,1.471672296524047852e+00,1.417821407318115234e+00
-1.459473371505737305e-01,1.207590003104996867e-06,1.986061096191406250e+00
-1.134684562683105469e+00,-6.642802357673645020e-01,6.982296705245971680e-01
-4.682887792587280273e-01,-1.062263369560241699e+00,1.574061393737792969e+00
2.898812890052795410e-01,2.095402479171752930e+00,4.584488868713378906e-01
-1.454325765371322632e-01,3.218735158443450928e-01,2.012172222137451172e+00
-7.934556603431701660e-01,-1.082521677017211914e+00,1.470572471618652344e+00
-8.268951177597045898e-01,-2.588084220886230469e+00,9.398226737976074219e-01
-9.571479260921478271e-02,1.844578504562377930e+00,2.015520572662353516e+00
1.093285560607910156e+00,3.811706602573394775e-01,1.170970797538757324e+00
7.144329547882080078e-01,1.836970925331115723e+00,4.528579711914062500e-01
-5.274948105216026306e-02,-1.822719335556030273e+00,3.950252532958984375e-01
8.145503997802734375e-01,-2.289011955261230469e+00,8.543642759323120117e-01
2.021520882844924927e-01,-2.077010393142700195e+00,3.929991722106933594e-01
4.291354417800903320e-01,-2.104737997055053711e+00,1.312516212463378906e+00
1.149117946624755859e+00,7.583031058311462402e-01,8.976144194602966309e-01
5.956459045410156250e-01,-2.370020389556884766e+00,6.546757221221923828e-01
-3.811868131160736084e-01,-5.979492664337158203e-01,4.068040847778320312e-01
-9.734473228454589844e-01,-1.295816898345947266e+00,2.350466847419738770e-01
-6.550884842872619629e-01,1.629188060760498047e-01,1.945601940155029297e+00
6.889953613281250000e-01,-3.576442599296569824e-01,3.938131332397460938e-01
-4.917092919349670410e-01,1.138315916061401367e+00,7.954392433166503906e-01
6.763957738876342773e-01,1.852461457252502441e+00,1.994218349456787109e+00
-1.227373123168945312e+00,-2.459483861923217773e+00,6.718058586120605469e-01
-5.374904274940490723e-01,2.573363304138183594e+00,1.037285447120666504e+00
7.031378149986267090e-01,1.331810235977172852e+00,4.362144470214843750e-01
5.548071265220642090e-01,2.362685203552246094e+00,4.759588241577148438e-01
-6.892509460449218750e-01,7.581777572631835938e-01,3.995355069637298584e-01
-5.941656827926635742e-01,-2.337100267410278320e+00,1.259904384613037109e+00
1.178117632865905762e+00,1.888310074806213379e+00,6.611633300781250000e-01
4.608051180839538574e-01,-2.615739345550537109e+00,1.025482773780822754e+00
7.587022781372070312e-01,1.250099986791610718e-01,3.980465531349182129e-01
5.896894931793212891e-01,-2.720813274383544922e+00,6.571996808052062988e-01
7.098605036735534668e-01,-2.133407831192016602e+00,1.235038757324218750e+00
9.046010971069335938e-01,-1.606975674629211426e+00,7.456463575363159180e-01
3.119476325809955597e-02,1.084648609161376953e+00,4.280052185058593750e-01
1.059528350830078125e+00,1.772670388221740723e+00,1.661101818084716797e+00
-1.292470455169677734e+00,-1.803792715072631836e+00,8.429380655288696289e-01
-7.749807834625244141e-01,1.732264399528503418e+00,2.804422378540039062e-02
4.575942754745483398e-01,1.836378455162048340e+00,4.504466056823730469e-01
-9.427819252014160156e-01,-1.554994463920593262e+00,3.252950906753540039e-01
-5.313216894865036011e-02,1.835915684700012207e+00,4.485654830932617188e-01
-7.178072929382324219e-01,1.764936447143554688e+00,1.517937898635864258e+00
3.615899682044982910e-01,-8.386743664741516113e-01,4.050407409667968750e-01
-5.590738058090209961e-01,1.819185495376586914e+00,3.806848526000976562e-01
3.691380321979522705e-01,1.581802129745483398e+00,4.417877197265625000e-01
9.376658201217651367e-01,1.510006427764892578e+00,4.717230200767517090e-01
4.453811645507812500e-01,8.404932022094726562e-01,4.211716651916503906e-01
-4.633969068527221680e-01,3.587055504322052002e-01,4.156341552734375000e-01
-1.010618209838867188e+00,-4.835132956504821777e-01,1.397780060768127441e+00
1.211275100708007812e+00,1.932561397552490234e+00,1.207331538200378418e+00
3.599703907966613770e-01,-3.584404587745666504e-01,4.100317955017089844e-01
9.085625410079956055e-01,1.510060429573059082e+00,1.939579963684082031e+00
-4.629855155944824219e-01,-3.583869040012359619e-01,4.090476036071777344e-01
4.422704875469207764e-01,1.194803938269615173e-01,4.150710105895996094e-01
3.082275390625000000e-02,1.194977387785911560e-01,4.151096343994140625e-01
9.186309576034545898e-02,-2.092221260070800781e+00,1.346337795257568359e+00
-1.752842664718627930e-01,-2.090764522552490234e+00,1.350274085998535156e+00
3.669561743736267090e-01,-1.572453022003173828e+00,3.978023529052734375e-01
4.504031240940093994e-01,1.331508040428161621e+00,4.345040321350097656e-01
9.683541655540466309e-01,2.122469186782836914e+00,1.787051677703857422e+00
-8.595898747444152832e-01,-2.118483066558837891e+00,1.275373458862304688e+00
8.493447303771972656e-01,-9.995828866958618164e-01,1.376929402351379395e+00
-8.922095298767089844e-01,1.715940356254577637e+00,8.218304514884948730e-01
1.541201770305633545e-01,-1.674075007438659668e+00,1.389955043792724609e+00
-1.003473758697509766e+00,-2.334373474121093750e+00,3.863787651062011719e-01
-1.168075561523437500e+00,-1.239615678787231445e+00,1.179519891738891602e+00
2.808944582939147949e-01,1.084691524505615234e+00,4.283127784729003906e-01
-6.335255503654479980e-01,-1.080754876136779785e+00,4.013085365295410156e-01
6.939111351966857910e-01,-1.077227473258972168e+00,3.771543502807617188e-01
-7.689670920372009277e-01,2.015071392059326172e+00,3.148089647293090820e-01
1.104830265045166016e+00,5.954208374023437500e-01,3.755764961242675781e-01
-7.961547970771789551e-01,-8.368375301361083984e-01,3.888778686523437500e-01
-8.786439895629882812e-01,1.301136136054992676e+00,1.238057851791381836e+00
-8.776979446411132812e-01,2.961342930793762207e-01,1.569796085357666016e+00
-8.728528618812561035e-01,-1.951028108596801758e+00,9.156079292297363281e-01
7.361309528350830078e-01,-1.394299864768981934e+00,7.851595878601074219e-01
-1.334941089153289795e-01,-1.194154396653175354e-01,4.122190475463867188e-01
9.488167762756347656e-01,-9.834172129631042480e-01,6.563711166381835938e-01
-9.169588088989257812e-01,1.292992472648620605e+00,9.461666941642761230e-01
8.970837593078613281e-01,1.153144240379333496e+00,4.093893468379974365e-01
-3.150958120822906494e-01,-2.602091073989868164e+00,3.953537940979003906e-01
-2.980667054653167725e-01,1.194740086793899536e-01,4.143753051757812500e-01
-8.072147369384765625e-01,-6.819322109222412109e-01,1.738360881805419922e+00
6.046198606491088867e-01,2.612467288970947266e+00,1.030271291732788086e+00
8.459787368774414062e-01,-1.836394906044006348e+00,1.123231768608093262e+00
5.727978348731994629e-01,2.234491348266601562e+00,1.981255054473876953e+00
9.370553493499755859e-01,3.572521209716796875e-01,3.858165740966796875e-01
7.738400101661682129e-01,-8.352340459823608398e-01,3.747348785400390625e-01
-9.276763349771499634e-02,-6.620690822601318359e-01,1.891606330871582031e+00
4.828600883483886719e-01,-1.685682892799377441e+00,1.351038932800292969e+00
2.063226252794265747e-01,-2.601381063461303711e+00,3.933467864990234375e-01
-9.222567677497863770e-01,-1.374500393867492676e+00,6.745805740356445312e-01
-6.623212099075317383e-01,-2.706414699554443359e+00,6.117889285087585449e-01
1.135598719120025635e-01,-8.386535644531250000e-01,4.048604965209960938e-01
1.208703592419624329e-01,2.632698535919189453e+00,4.823503494262695312e-01
1.112938404083251953e+00,1.965391159057617188e+00,1.516434788703918457e+00
-4.753423929214477539e-01,-1.822618007659912109e+00,3.946142196655273438e-01
8.540120124816894531e-01,-2.051833629608154297e+00,6.937231421470642090e-01
8.169015049934387207e-01,3.274458646774291992e-01,1.925817012786865234e+00
1.017635822296142578e+00,1.171194791793823242e+00,1.633399009704589844e+00
-3.043957352638244629e-01,-1.879121780395507812e+00,1.371356964111328125e+00
-3.807952702045440674e-01,1.319911718368530273e+00,1.993462562561035156e+00
6.095910668373107910e-01,5.988622307777404785e-01,4.181957244873046875e-01
-9.582512974739074707e-01,5.952414870262145996e-01,3.733730316162109375e-01
3.070583939552307129e-01,-6.618094444274902344e-01,1.893663406372070312e+00
5.833477377891540527e-01,-1.627398431301116943e-01,1.951117515563964844e+00
-2.727503180503845215e-01,-8.529270887374877930e-01,1.751740932464599609e+00
4.763986170291900635e-01,-2.467376708984375000e+00,3.860174417495727539e-01
1.130517572164535522e-01,-3.584377169609069824e-01,4.100155830383300781e-01
-6.274092197418212891e-01,-1.193381398916244507e-01,4.064164161682128906e-01
-7.918100357055664062e-01,9.065291881561279297e-01,1.606820583343505859e+00
-8.488955497741699219e-01,1.101646065711975098e+00,1.380825042724609375e+00
3.088012710213661194e-02,-5.979810357093811035e-01,4.073681831359863281e-01
4.750024378299713135e-01,1.141346335411071777e+00,2.025852680206298828e+00
-4.540743827819824219e-01,1.172357320785522461e+00,5.632463097572326660e-01
-5.624628067016601562e-01,2.367699146270751953e+00,4.473583996295928955e-01
1.216112613677978516e+00,1.132337927818298340e+00,2.368777394294738770e-01
-1.314822673797607422e+00,-2.000350713729858398e+00,4.432534575462341309e-01
8.034022450447082520e-01,-2.296100616455078125e+00,2.978405654430389404e-01
-8.209676742553710938e-01,1.522997736930847168e+00,1.332442998886108398e+00
-1.213661193847656250e+00,-1.229926228523254395e+00,8.330563306808471680e-01
-1.014306545257568359e+00,2.895267009735107422e-01,7.762890458106994629e-01
1.166074275970458984e+00,2.375300168991088867e+00,7.450877428054809570e-01
-5.998827219009399414e-01,4.894604682922363281e-01,1.952351093292236328e+00
9.904366731643676758e-01,1.492207288742065430e+00,2.027797698974609375e-02
7.044477462768554688e-01,1.023131251335144043e+00,7.544559836387634277e-01
-9.721378087997436523e-01,-1.813138484954833984e+00,9.503784030675888062e-02
-1.180050373077392578e+00,-1.042335510253906250e+00,1.034100651741027832e+00
1.080140590667724609e+00,1.908146589994430542e-01,1.035915374755859375e+00
1.872902661561965942e-01,4.830899238586425781e-01,2.018104076385498047e+00
1.326102465391159058e-01,8.080668449401855469e-01,2.027801036834716797e+00
-9.308230280876159668e-01,5.494644045829772949e-01,1.333519935607910156e+00
2.093154937028884888e-02,-1.622571498155593872e-01,1.967132568359375000e+00
2.013806104660034180e-01,2.029513597488403320e+00,2.015357971191406250e+00
-1.087823390960693359e+00,-2.859707176685333252e-01,5.013329982757568359e-01
-1.092098712921142578e+00,-1.867117524147033691e+00,9.426644444465637207e-01
1.123162746429443359e+00,5.698586702346801758e-01,1.032674074172973633e+00
1.259449481964111328e+00,1.513424158096313477e+00,3.045321702957153320e-01
1.072237014770507812e+00,1.910692602396011353e-01,7.682772874832153320e-01
1.124458789825439453e+00,5.697329044342041016e-01,7.646835446357727051e-01
1.132792949676513672e+00,2.171240329742431641e+00,1.309854149818420410e+00
9.086995124816894531e-01,-1.397680282592773438e+00,9.508306384086608887e-01
8.446478843688964844e-01,-2.054607868194580078e+00,3.474731370806694031e-02
7.468170523643493652e-01,2.627419471740722656e+00,6.246783137321472168e-01
3.269972205162048340e-01,2.230312108993530273e+00,1.990641117095947266e+00
5.338870286941528320e-01,-2.040657043457031250e+00,2.636008262634277344e-01
1.032892704010009766e+00,-1.923374086618423462e-01,5.056626796722412109e-01
-8.732891678810119629e-01,1.189373210072517395e-01,3.817758560180664062e-01
9.451303482055664062e-01,-9.840164184570312500e-01,1.072884440422058105e+00
-9.168376922607421875e-01,1.499368309974670410e+00,3.213842809200286865e-01
9.822265505790710449e-01,-1.839244663715362549e-01,1.293885707855224609e+00
9.098950028419494629e-01,1.265806674957275391e+00,6.768560409545898438e-02
-6.155414581298828125e-01,1.793667078018188477e+00,1.776939868927001953e+00
-1.016183495521545410e+00,-1.299393177032470703e+00,1.337053298950195312e+00
-5.230422690510749817e-02,1.331354379653930664e+00,4.336266517639160156e-01
9.362966418266296387e-01,-5.945279598236083984e-01,3.645224571228027344e-01
-1.300183892250061035e+00,-1.902042865753173828e+00,9.474914520978927612e-02
-8.922095298767089844e-01,1.715939879417419434e+00,5.373437404632568359e-01
7.454290390014648438e-01,-8.664925694465637207e-01,1.668273925781250000e+00
7.947840690612792969e-01,-1.214823484420776367e+00,1.397184610366821289e+00
-1.596884131431579590e-01,2.232241392135620117e+00,1.986307621002197266e+00
-9.168376922607421875e-01,1.499367952346801758e+00,4.339263960719108582e-02
-8.656749725341796875e-01,1.723393678665161133e+00,1.041793227195739746e+00
1.281401634216308594e+00,1.706462264060974121e+00,1.736440956592559814e-01
8.036180138587951660e-01,-5.194588303565979004e-01,1.642940998077392578e+00
8.796539306640625000e-01,-1.826346278190612793e+00,3.276327550411224365e-01
6.285274624824523926e-01,-1.654342651367187500e+00,6.009734794497489929e-02
1.175734996795654297e+00,1.336406230926513672e+00,1.251135706901550293e+00
-6.978363990783691406e-01,1.339568257331848145e+00,1.726384401321411133e+00
-2.410078048706054688e-01,-2.730373859405517578e+00,8.953689336776733398e-01
4.402854740619659424e-01,-2.346293926239013672e+00,1.237327575683593750e+00
-1.009065151214599609e+00,9.652697294950485229e-02,1.254505872726440430e+00
8.698959350585937500e-01,-1.406583547592163086e+00,1.171981692314147949e+00
1.066330909729003906e+00,1.161663055419921875e+00,9.199026226997375488e-01
-5.345017313957214355e-01,2.102417230606079102e+00,1.836301803588867188e+00
-8.130729198455810547e-01,5.157850384712219238e-01,1.680827140808105469e+00
-9.582443237304687500e-01,8.822262287139892578e-01,9.983041286468505859e-01
-3.186788856983184814e-01,2.631681203842163086e+00,4.794521331787109375e-01
8.796539306640625000e-01,-1.826345920562744141e+00,8.273719549179077148e-01
7.551615834236145020e-01,-1.703984618186950684e+00,1.289709091186523438e+00
-1.028689861297607422e+00,-2.345096111297607422e+00,1.164780497550964355e+00
8.239235281944274902e-01,8.226612806320190430e-01,1.937987804412841797e+00
-6.058991551399230957e-01,8.216698765754699707e-01,1.944081783294677734e+00
1.150229454040527344e+00,2.164787530899047852e+00,4.587460160255432129e-01
-9.347796440124511719e-01,1.289204239845275879e+00,7.334685921669006348e-01
3.168132007122039795e-01,1.843816280364990234e+00,2.017574787139892578e+00
1.241399765014648438e+00,1.718399167060852051e+00,1.119827270507812500e+00
-9.434943199157714844e-01,1.084703922271728516e+00,5.898733139038085938e-01
-6.836436390876770020e-01,-2.568188190460205078e+00,1.095638155937194824e+00
1.742580980062484741e-01,2.675836086273193359e+00,1.006701827049255371e+00
-3.949472010135650635e-01,1.863729000091552734e+00,1.963771820068359375e+00
1.105567932128906250e+00,9.579427242279052734e-01,1.319569706916809082e+00
2.157821692526340485e-02,1.484692931175231934e+00,2.024584293365478516e+00
-1.266333580017089844e+00,-2.227484941482543945e+00,9.358526468276977539e-01
-3.613775670528411865e-01,-1.476030588150024414e+00,1.401287555694580078e+00
9.686222672462463379e-01,8.601807355880737305e-01,5.949797630310058594e-01
-7.626762986183166504e-01,-1.683541059494018555e+00,1.358219146728515625e+00
-9.436426162719726562e-01,1.084676742553710938e+00,8.664472699165344238e-01
9.046010971069335938e-01,-1.606975674629211426e+00,5.339062213897705078e-01
-1.024834156036376953e+00,2.890174090862274170e-01,1.046272277832031250e+00
-8.741537332534790039e-01,-3.570394515991210938e-01,3.813147544860839844e-01
1.003909587860107422e+00,-3.869425058364868164e-01,6.433081030845642090e-01
9.854640960693359375e-01,-5.832108855247497559e-01,9.879903793334960938e-01
9.046001434326171875e-01,-1.606976270675659180e+00,1.135241687297821045e-01
-1.701499968767166138e-01,-1.672129750251770020e+00,1.396457672119140625e+00
8.816299438476562500e-01,-1.972130537033081055e-01,1.567769646644592285e+00
6.033270955085754395e-01,-1.259734153747558594e+00,4.245031774044036865e-01
-1.261783123016357422e+00,-1.813490867614746094e+00,1.052536010742187500e+00
-9.687963724136352539e-01,-1.694332122802734375e+00,1.322063922882080078e+00
-3.113494813442230225e-01,2.095222473144531250e+00,4.578256607055664062e-01
-1.270396709442138672e+00,-1.609691143035888672e+00,7.709435820579528809e-01
-9.793653488159179688e-01,6.818708777427673340e-01,5.808855891227722168e-01
7.921988368034362793e-01,1.680159568786621094e+00,1.967323303222656250e+00
7.068949937820434570e-01,-4.943883717060089111e-01,1.901479244232177734e+00
7.487427592277526855e-01,2.045999050140380859e+00,1.974866390228271484e+00
9.499135017395019531e-01,-9.832390546798706055e-01,3.825640678405761719e-01
9.476423263549804688e-01,-9.836083054542541504e-01,8.634957671165466309e-01
1.182049751281738281e+00,1.736109614372253418e+00,8.550036549568176270e-01
9.114001393318176270e-01,2.535672187805175781e+00,5.389669537544250488e-01
9.301252365112304688e-01,-1.188327074050903320e+00,5.929632186889648438e-01
1.132668018341064453e+00,1.346288323402404785e+00,9.842399358749389648e-01
1.168806076049804688e+00,9.476653337478637695e-01,1.033250093460083008e+00
-4.274459928274154663e-02,-2.327376127243041992e+00,1.283787250518798828e+00
1.089370727539062500e+00,5.731351971626281738e-01,1.243332505226135254e+00
-1.054913520812988281e+00,-9.578835964202880859e-02,8.373160958290100098e-01
7.767582535743713379e-01,1.326213836669921875e+00,1.969550132751464844e+00
-2.622461616992950439e-01,-4.934160411357879639e-01,1.911623001098632812e+00
1.057504177093505859e+00,7.701765894889831543e-01,1.393902420997619629e+00
-5.446220040321350098e-01,-3.275842964649200439e-01,1.923840999603271484e+00
1.047164916992187500e+00,1.569390416145324707e+00,1.649557471275329590e+00
-7.810425758361816406e-01,2.188163995742797852e+00,9.284042119979858398e-01
-6.883875727653503418e-01,-1.483575701713562012e+00,1.372658729553222656e+00
-1.095601439476013184e+00,-1.498846411705017090e+00,1.314743995666503906e+00
-9.299182891845703125e-01,-2.936087846755981445e-01,1.556406259536743164e+00
1.000611782073974609e+00,-3.871553838253021240e-01,8.466116189956665039e-01
-3.127499222755432129e-01,4.836221337318420410e-01,2.012569904327392578e+00
3.870229721069335938e-01,-1.743428707122802734e+00,8.859109282493591309e-01
-9.996805191040039062e-01,4.843962788581848145e-01,8.477343320846557617e-01
1.053545475006103516e+00,2.965927023979020305e-06,9.722463488578796387e-01
-1.077426910400390625e+00,-2.864736914634704590e-01,1.173047184944152832e+00
-2.026897370815277100e-01,8.089717030525207520e-01,2.022257328033447266e+00
-1.129010200500488281e+00,-6.649227738380432129e-01,9.660447239875793457e-01
-1.069383621215820312e+00,-9.555516391992568970e-02,4.362341165542602539e-01
1.022506713867187500e+00,-1.926722675561904907e-01,7.074307203292846680e-01
-1.314823150634765625e+00,-2.000350713729858398e+00,6.452636718750000000e-01
9.562515020370483398e-01,1.420974740540259518e-06,1.441937446594238281e+00
-1.107125282287597656e+00,-4.757224917411804199e-01,8.325545787811279297e-01
-1.155710697174072266e+00,-8.533923625946044922e-01,1.100586533546447754e+00
-8.152185082435607910e-01,-1.294657468795776367e+00,1.357693195343017578e+00
1.179139137268066406e+00,9.459860920906066895e-01,8.304678201675415039e-01
1.216113567352294922e+00,1.132339358329772949e+00,4.991815090179443359e-01
-1.183299541473388672e+00,-1.041753649711608887e+00,4.346063137054443359e-01
-1.134562492370605469e+00,-6.642940640449523926e-01,4.341415166854858398e-01
-5.802130699157714844e-01,2.258826017379760742e+00,1.583112001419067383e+00
-1.083232402801513672e+00,-2.861930429935455322e-01,9.685236811637878418e-01
-5.851759910583496094e-01,2.027324676513671875e+00,7.957867383956909180e-01
1.907246410846710205e-01,1.139941930770874023e+00,2.031975746154785156e+00
-1.292470455169677734e+00,-1.803792357444763184e+00,3.735961914062500000e-01
5.267425179481506348e-01,8.103964328765869141e-01,2.013468265533447266e+00
-1.059126853942871094e+00,-9.572049230337142944e-02,6.361435055732727051e-01
3.219741284847259521e-01,2.566663742065429688e+00,4.759063720703125000e-01
9.072203636169433594e-01,-5.907978415489196777e-01,1.352624654769897461e+00
-4.821687340736389160e-01,3.238837718963623047e-01,1.981035709381103516e+00
9.253412485122680664e-01,2.467386722564697266e+00,1.076122760772705078e+00
-1.018406078219413757e-01,-2.786603450775146484e+00,4.512399137020111084e-01
-1.106571674346923828e+00,-4.757671952247619629e-01,6.330338716506958008e-01
9.672169685363769531e-01,-7.818781733512878418e-01,7.195719480514526367e-01
-5.033816695213317871e-01,-1.882046937942504883e+00,1.362589359283447266e+00
-9.275808334350585938e-01,9.783996641635894775e-02,1.483875393867492676e+00
-9.802131652832031250e-01,6.817749142646789551e-01,1.128910779953002930e+00
-1.270396709442138672e+00,-1.609690546989440918e+00,5.040719509124755859e-01
-9.582168459892272949e-01,-5.952200293540954590e-01,3.731083869934082031e-01
-8.605233430862426758e-01,-3.389372229576110840e-01,1.747822284698486328e+00
-1.248553752899169922e+00,-1.417605400085449219e+00,4.356597661972045898e-01
1.237702846527099609e+00,1.322187304496765137e+00,6.329742074012756348e-01
5.438178777694702148e-01,-1.489486932754516602e+00,1.350242614746093750e+00
4.666255116462707520e-01,1.211166249959205743e-06,1.986804008483886719e+00
-5.389870405197143555e-01,1.158714212579070590e-06,1.965960979461669922e+00
-6.201036572456359863e-01,-6.737962365150451660e-01,1.801137924194335938e+00
5.385268107056617737e-02,3.149852752685546875e-01,4.172518849372863770e-01
3.379478454589843750e-01,-1.267397284507751465e+00,1.476507663726806641e+00
1.874838918447494507e-01,1.170635073322046082e-06,1.990427494049072266e+00
-7.257843017578125000e-01,1.546459317207336426e+00,9.831455945968627930e-01
4.664462804794311523e-01,4.836802482604980469e-01,2.011951923370361328e+00
1.114918589591979980e+00,2.314487934112548828e+00,1.176780939102172852e+00
-7.620315551757812500e-01,-1.537522673606872559e+00,9.047424197196960449e-01
1.527244597673416138e-01,-1.478971242904663086e+00,1.390136241912841797e+00
-3.729598969221115112e-02,2.030707597732543945e+00,2.012428760528564453e+00
3.436708450317382812e-02,2.733856678009033203e+00,6.490838527679443359e-01
-1.017168045043945312e+00,2.893882691860198975e-01,5.742422342300415039e-01
1.259449481964111328e+00,1.513424038887023926e+00,5.028243660926818848e-01
-9.518446922302246094e-01,-6.994910240173339844e-01,1.602904319763183594e+00
1.015612125396728516e+00,3.861829340457916260e-01,1.394981145858764648e+00
-1.256326198577880859e+00,-1.613643169403076172e+00,9.754487276077270508e-01
-2.703129649162292480e-01,1.668728113174438477e+00,2.001567363739013672e+00
1.025611281394958496e+00,1.940022110939025879e+00,1.757603645324707031e+00
-2.072150707244873047e-01,1.573054313659667969e+00,4.398968517780303955e-01
-1.084598675370216370e-01,2.512742996215820312e+00,4.805696010589599609e-01
-4.444877803325653076e-01,1.500626921653747559e+00,1.971196651458740234e+00
-6.863384246826171875e-01,2.221485614776611328e+00,4.922543168067932129e-01
5.120681524276733398e-01,-1.057020545005798340e+00,1.600851058959960938e+00
9.703034758567810059e-01,2.247147560119628906e+00,4.650524854660034180e-01
-1.000502347946166992e+00,-2.472649097442626953e+00,1.024537324905395508e+00
1.072523117065429688e+00,1.910600364208221436e-01,5.685598850250244141e-01
1.237702846527099609e+00,1.322187781333923340e+00,2.376156598329544067e-01
-1.187407970428466797e+00,-1.041017889976501465e+00,8.315733075141906738e-01
-6.199380755424499512e-01,1.336056828498840332e+00,1.932212352752685547e+00
1.123528957366943359e+00,5.698230266571044922e-01,5.660169720649719238e-01
7.499015927314758301e-01,2.609352588653564453e+00,8.811907768249511719e-01
-1.846348494291305542e-01,-2.580962419509887695e+00,1.203068256378173828e+00
-1.161487102508544922e+00,-8.525484800338745117e-01,6.979478001594543457e-01
-1.008207648992538452e-01,-1.252026081085205078e+00,1.543484210968017578e+00
1.062558174133300781e+00,1.362375617027282715e+00,1.560135483741760254e+00
-8.230733871459960938e-01,1.952139139175415039e+00,1.133006572723388672e+00
-3.873042166233062744e-01,1.331053256988525391e+00,4.319796562194824219e-01
1.034302711486816406e+00,-1.922920346260070801e-01,1.112238168716430664e+00
-3.448927104473114014e-01,2.247588396072387695e+00,1.951842784881591797e+00
-1.318340063095092773e+00,-2.038733482360839844e+00,2.567553520202636719e-01
-6.710580587387084961e-01,9.952852129936218262e-01,1.916170597076416016e+00
5.891265869140625000e-01,-8.595115542411804199e-01,3.917849659919738770e-01
-9.121756553649902344e-01,-1.285859465599060059e+00,4.111926257610321045e-01
1.237702846527099609e+00,1.322187423706054688e+00,8.325533866882324219e-01
-7.301119565963745117e-01,-1.822551131248474121e+00,3.943624496459960938e-01
1.239591479301452637e+00,1.790546417236328125e+00,3.342205882072448730e-01
-7.058100700378417969e-01,1.989198684692382812e+00,1.458619475364685059e+00
-3.925634026527404785e-01,2.581303119659423828e+00,1.188649296760559082e+00
5.959413051605224609e-01,1.315567731857299805e+00,2.009935855865478516e+00
-9.408850669860839844e-01,1.287906885147094727e+00,2.489672750234603882e-01
7.514014244079589844e-01,1.433771729469299316e+00,9.753834605216979980e-01
3.675351738929748535e-01,1.485183954238891602e+00,2.022938728332519531e+00
-1.497026830911636353e-01,1.311587333679199219e+00,2.025029659271240234e+00
8.991985321044921875e-01,1.608399868011474609e+00,9.599078297615051270e-01
-8.789272308349609375e-01,4.941444694995880127e-01,1.500435590744018555e+00
7.833976298570632935e-02,1.310564041137695312e+00,2.028923034667968750e+00
-3.845267295837402344e-01,-2.671770572662353516e+00,1.010796427726745605e+00
-3.902000486850738525e-01,1.581530928611755371e+00,4.404993057250976562e-01
1.057056665420532227e+00,1.822203636169433594e+00,3.886648416519165039e-01
-5.936484932899475098e-01,1.422982096672058105e+00,9.452505111694335938e-01
5.375522971153259277e-01,-6.626568436622619629e-01,1.887076377868652344e+00
1.190537929534912109e+00,1.531591773033142090e+00,1.257907390594482422e+00
7.104889750480651855e-01,1.151419162750244141e+00,1.981955051422119141e+00
-4.528265297412872314e-01,-8.576242923736572266e-01,1.722874641418457031e+00
-6.139087677001953125e-01,2.480946540832519531e+00,5.802705287933349609e-01
8.320251107215881348e-02,-1.049000859260559082e+00,1.641820907592773438e+00
1.736861914396286011e-01,-2.690012454986572266e+00,1.003401160240173340e+00
1.281402111053466797e+00,1.706462502479553223e+00,7.059143185615539551e-01
-8.139066100120544434e-01,-2.657383441925048828e+00,7.727442979812622070e-01
5.976825356483459473e-01,-2.662814617156982422e+00,8.661450147628784180e-01
7.804051637649536133e-01,-2.430750370025634766e+00,6.527751088142395020e-01
-7.089743614196777344e-01,9.991189241409301758e-01,3.987511992454528809e-01
5.963134765625000000e-01,2.672744750976562500e+00,7.141934037208557129e-01
-9.690215587615966797e-01,-2.615102767944335938e+00,4.807971119880676270e-01
4.178297221660614014e-01,-1.246786117553710938e+00,4.885673522949218750e-01
-4.912975132465362549e-01,9.845886826515197754e-01,1.970840454101562500e+00
2.561475336551666260e-01,-8.468516469001770020e-01,1.789146900177001953e+00
-2.426162213087081909e-01,2.701878547668457031e+00,6.549688577651977539e-01
-5.560441613197326660e-01,-2.420551300048828125e+00,3.907174468040466309e-01
7.302875518798828125e-01,-2.320194721221923828e+00,1.093040108680725098e+00
9.110064506530761719e-01,5.110542178153991699e-01,1.729618549346923828e+00
-1.050514698028564453e+00,9.585888683795928955e-02,3.713790774345397949e-01
-3.848556578159332275e-01,1.084035754203796387e+00,4.237804412841796875e-01
4.152360558509826660e-01,-3.264686167240142822e-01,1.941063880920410156e+00
-1.218271970748901367e+00,-1.950071930885314941e+00,1.158826828002929688e+00
-8.669252395629882812e-01,1.938281059265136719e+00,1.871536225080490112e-01
4.947704970836639404e-01,1.844915270805358887e+00,2.014608383178710938e+00
1.140847206115722656e+00,7.593736052513122559e-01,4.345257580280303955e-01
6.076570153236389160e-01,1.666313290596008301e+00,2.008800983428955078e+00
9.329726696014404297e-01,2.430003643035888672e+00,1.249783635139465332e+00
-1.043799161911010742e+00,-8.341304063796997070e-01,3.649950027465820312e-01
-5.312545299530029297e-01,2.624720573425292969e+00,6.705560088157653809e-01
6.442737579345703125e-01,-3.274057805538177490e-01,1.926556110382080078e+00
1.896111220121383667e-01,-3.263335824012756348e-01,1.943220138549804688e+00
-7.765877842903137207e-01,-3.287115395069122314e-01,1.906292438507080078e+00
1.398287117481231689e-01,1.843473672866821289e+00,2.018506526947021484e+00
-9.456779062747955322e-02,1.662872433662414551e+00,2.019104957580566406e+00
-8.520691990852355957e-01,-5.029766559600830078e-01,1.812941551208496094e+00
2.104354836046695709e-02,9.728481769561767578e-01,2.030789852142333984e+00
-1.038552075624465942e-01,2.703200340270996094e+00,9.497332572937011719e-01
9.120467901229858398e-01,-1.392337560653686523e+00,7.742004394531250000e-01
-7.575306892395019531e-01,1.538633227348327637e+00,1.495579481124877930e+00
-2.617588639259338379e-01,1.141218543052673340e+00,2.026410102844238281e+00
-1.270396709442138672e+00,-1.609690785408020020e+00,1.071804761886596680e-01
-8.668426275253295898e-01,-1.708026826381683350e-01,1.701004981994628906e+00
6.977161765098571777e-01,1.628820747137069702e-01,1.946706295013427734e+00
3.801692128181457520e-01,2.361169815063476562e+00,4.711751937866210938e-01
-7.735277414321899414e-01,1.468658410885836929e-06,1.915884017944335938e+00
-1.304144114255905151e-01,-1.604391098022460938e+00,3.969454765319824219e-01
7.586441636085510254e-01,4.903879463672637939e-01,1.942745685577392578e+00
-2.026479244232177734e-01,-1.624341756105422974e-01,1.961176395416259766e+00
3.256637603044509888e-02,2.361557960510253906e+00,4.723849296569824219e-01
-4.769290685653686523e-01,-1.631693363189697266e+00,3.963766396045684814e-01
-4.909376502037048340e-01,-4.942399859428405762e-01,1.903091430664062500e+00
7.658776640892028809e-01,-1.527230978012084961e+00,1.850528717041015625e-01
8.082591295242309570e-01,2.096703052520751953e+00,4.630942344665527344e-01
-1.187711715698242188e+00,-1.432601571083068848e+00,1.184272408485412598e+00
1.942266821861267090e-01,1.484281420707702637e+00,2.025963306427001953e+00
-3.884329199790954590e-01,2.627783775329589844e+00,9.699258208274841309e-01
4.621087610721588135e-01,2.095924854278564453e+00,4.603185653686523438e-01
-7.927594184875488281e-01,7.030050754547119141e-01,1.673857092857360840e+00
-2.255114763975143433e-01,-2.335528612136840820e+00,3.900341987609863281e-01
-6.061884760856628418e-01,2.007583618164062500e+00,3.698727190494537354e-01
3.076416254043579102e-01,-2.764002799987792969e+00,6.461737155914306641e-01
-3.762650191783905029e-01,-2.764776229858398438e+00,7.436543107032775879e-01
-6.057090759277343750e-01,-1.489002823829650879e+00,3.975530862808227539e-01
1.180403083562850952e-01,2.095176696777343750e+00,4.576549530029296875e-01
-7.361086606979370117e-01,-2.076741695404052734e+00,3.920235633850097656e-01
5.232794284820556641e-01,1.616850197315216064e-01,1.983894348144531250e+00
-2.577276527881622314e-01,6.457666754722595215e-01,2.017401218414306641e+00
7.847289741039276123e-02,-6.618904471397399902e-01,1.893025398254394531e+00
-3.735648989677429199e-01,-3.270983397960662842e-01,1.931357383728027344e+00
-7.904286384582519531e-01,1.112117409706115723e+00,1.541333556175231934e+00
-3.938816785812377930e-01,-2.076812744140625000e+00,3.923001289367675781e-01
-3.723098039627075195e-01,8.120406866073608398e-01,2.003358364105224609e+00
-9.016059339046478271e-02,4.831848144531250000e-01,2.017086029052734375e+00
