3.037931919097900391e-01,1.417250931262969971e-01,-2.294619679450988770e-01
-8.257537335157394409e-02,3.740628073956031585e-07,8.903541564941406250e-01
-1.689092963933944702e-01,-1.269464641809463501e-01,-9.274951219558715820e-01
-2.612785696983337402e-01,-3.481709957122802734e-01,1.352905184030532837e-01
-5.291608721017837524e-02,3.107035160064697266e-01,3.083941638469696045e-01
2.434357851743698120e-01,-1.838667392730712891e-01,4.339703321456909180e-01
-2.512474060058593750e-01,-3.623232617974281311e-02,-3.613250553607940674e-01
1.907145977020263672e-01,1.490222215652465820e-01,-7.243465781211853027e-01
1.265678405761718750e-01,-3.076085150241851807e-01,-1.693536341190338135e-01
-2.276093959808349609e-01,-1.099150553345680237e-01,5.027131438255310059e-01
3.440337181091308594e-01,2.090573310852050781e-01,1.834619045257568359e-01
-2.966207861900329590e-01,5.710697174072265625e-02,4.431762546300888062e-02
1.690730005502700806e-01,1.719899177551269531e-01,6.254310607910156250e-01
-5.326692387461662292e-02,2.961995601654052734e-01,-1.559908986091613770e-01
1.851450279355049133e-02,-2.016918659210205078e-01,-5.818511843681335449e-01
7.539892196655273438e-02,-3.142396211624145508e-01,1.798129230737686157e-01
2.539227008819580078e-01,-7.239769399166107178e-02,4.047118872404098511e-02
-1.927739828824996948e-01,-3.301441669464111328e-01,-2.027541995048522949e-01
-9.106159210205078125e-03,2.010859251022338867e-01,-4.871929883956909180e-01
2.840164117515087128e-02,-2.395578324794769287e-01,6.516339778900146484e-01
-4.621368274092674255e-02,1.787361502647399902e-01,-9.218395948410034180e-01
-1.312038302421569824e-01,1.756293773651123047e-01,5.962345600128173828e-01
2.234756201505661011e-01,3.737699985504150391e-01,-5.627990514039993286e-02
1.761177033185958862e-01,-7.498598098754882812e-02,-3.630309998989105225e-01
-1.223012879490852356e-01,-3.333537578582763672e-01,3.795474171638488770e-01
7.583522796630859375e-02,-7.813797891139984131e-02,-8.186395168304443359e-01
-2.138898372650146484e-01,9.245371818542480469e-02,3.131002783775329590e-01
-4.958537593483924866e-02,-4.485154151916503906e-01,-8.527832105755805969e-03
2.906010150909423828e-01,7.121545821428298950e-02,4.119180142879486084e-01
2.534770071506500244e-01,-5.917425081133842468e-02,6.641637086868286133e-01
-3.150358498096466064e-01,-1.440657228231430054e-01,2.675738334655761719e-01
-1.361827850341796875e-01,-3.808626905083656311e-02,-6.828659176826477051e-01
1.538984179496765137e-01,3.809330463409423828e-01,1.799526959657669067e-01
-3.029909133911132812e-01,-1.773610860109329224e-01,-3.358734026551246643e-02
-1.378681659698486328e-01,2.675247788429260254e-01,6.917022913694381714e-02
1.600975543260574341e-01,2.955753803253173828e-01,4.118588268756866455e-01
-2.317797839641571045e-01,4.420847972141928039e-07,7.107758522033691406e-01
-1.264147460460662842e-01,-2.604811191558837891e-01,-4.115548729896545410e-01
-1.614987105131149292e-01,1.766944229602813721e-01,-3.112690448760986328e-01
1.596535444259643555e-01,3.016893863677978516e-01,-2.793115079402923584e-01
1.406972408294677734e-01,1.125003223023668397e-06,-5.695303082466125488e-01
3.661129474639892578e-01,2.069163620471954346e-01,-3.266906738281250000e-02
-1.854019165039062500e-01,3.729323297739028931e-02,-1.380450427532196045e-01
2.010431289672851562e-01,1.483557224273681641e-01,-4.226833879947662354e-01
2.331576347351074219e-01,-7.306702435016632080e-02,2.428259253501892090e-01
2.024857997894287109e-01,-7.405566424131393433e-02,-1.626611351966857910e-01
9.037832170724868774e-02,-2.572805881500244141e-01,-3.606011867523193359e-01
-5.487931147217750549e-02,-2.294902801513671875e-01,-7.665759325027465820e-01
8.886459469795227051e-02,-2.948367595672607422e-01,3.859942555427551270e-01
8.244109898805618286e-02,5.473880469799041748e-02,8.018667697906494141e-01
-1.043670624494552612e-01,3.277735412120819092e-02,-4.656693935394287109e-01
1.486587524414062500e-01,7.716561853885650635e-02,-9.047039747238159180e-01
1.779969595372676849e-02,2.904245853424072266e-01,5.398859977722167969e-01
1.721423678100109100e-02,3.631012439727783203e-01,1.480041444301605225e-02
-3.095722198486328125e-02,1.194270700216293335e-01,-7.437793016433715820e-01
1.608878076076507568e-01,-2.846941947937011719e-01,1.538360584527254105e-02
-1.877963542938232422e-01,-1.118407770991325378e-01,-5.317370295524597168e-01
-1.377902179956436157e-01,-1.808204352855682373e-01,6.352819204330444336e-01
-2.631866931915283203e-01,-1.805743873119354248e-01,-2.591461241245269775e-01
-3.633663654327392578e-01,-1.033485084772109985e-01,1.097302213311195374e-01
3.456561565399169922e-01,6.944085657596588135e-02,8.663208037614822388e-02
-1.181845441460609436e-01,-4.062843322753906250e-01,2.010430842638015747e-01
-1.288085430860519409e-01,2.180635929107666016e-01,4.258978068828582764e-01
2.977687418460845947e-01,3.391883373260498047e-01,8.766753971576690674e-02
2.115919589996337891e-01,-2.218997925519943237e-01,5.888256430625915527e-01
-5.071653798222541809e-02,-4.017159938812255859e-01,-1.719171106815338135e-01
2.934980392456054688e-01,2.139576077461242676e-01,3.372778296470642090e-01
1.776644214987754822e-02,2.945690155029296875e-01,-3.543298244476318359e-01
-5.381734669208526611e-02,-2.734270095825195312e-01,5.180958509445190430e-01
-1.316826939582824707e-01,1.671438217163085938e-01,-6.150878593325614929e-02
1.068421900272369385e-01,-1.153786852955818176e-01,7.121216058731079102e-01
-2.547171115875244141e-01,-3.278596401214599609e-01,-3.457672148942947388e-02
7.635802961885929108e-03,1.773191094398498535e-01,6.713949441909790039e-01
-2.318301200866699219e-01,1.097109019756317139e-01,4.754495024681091309e-01
1.654250174760818481e-01,-2.222204208374023438e-01,2.701428234577178955e-01
9.198355674743652344e-02,2.174503803253173828e-01,-6.053255796432495117e-01
8.605232834815979004e-02,3.646385669708251953e-01,-1.274420171976089478e-01
3.102788925170898438e-01,7.058116793632507324e-02,2.591513097286224365e-01
-4.682779312133789062e-02,3.582158088684082031e-01,1.547360122203826904e-01
2.933933734893798828e-01,7.112544029951095581e-02,5.654203891754150391e-01
3.126571178436279297e-01,-7.050452381372451782e-02,5.090830922126770020e-01
-1.641407757997512817e-01,1.102572008967399597e-01,7.914333343505859375e-01
-6.717986613512039185e-02,-2.692789025604724884e-02,-8.288959264755249023e-01
-3.069503791630268097e-02,-1.097629442811012268e-01,7.991894483566284180e-01
-3.209930360317230225e-01,6.122457989476970397e-07,2.206492424011230469e-01
1.887962818145751953e-01,1.102067813008034136e-06,-7.516632080078125000e-01
-1.953666210174560547e-01,1.860493868589401245e-01,1.958322077989578247e-01
8.466326445341110229e-02,-3.990981578826904297e-01,-5.534972995519638062e-02
-1.299767792224884033e-01,-1.973774433135986328e-01,-6.385583281517028809e-01
3.410480022430419922e-01,6.958939880132675171e-02,-8.082427829504013062e-02
2.826333045959472656e-01,2.873816490173339844e-01,-1.582177728414535522e-01
-2.307598590850830078e-01,-2.570042610168457031e-01,3.216052055358886719e-01
-2.357194423675537109e-01,-3.648251295089721680e-02,3.702584803104400635e-01
7.789206504821777344e-02,-7.807167619466781616e-02,-6.709744334220886230e-01
2.342158406972885132e-01,1.957490295171737671e-01,4.812991619110107422e-01
-5.765067413449287415e-02,1.148493289947509766e-01,-6.039935350418090820e-01
-1.098083425313234329e-02,-1.275776326656341553e-01,-9.196933507919311523e-01
-5.225454270839691162e-02,-3.381111621856689453e-01,-2.984258830547332764e-01
1.682272255420684814e-01,-1.836357116699218750e-01,-2.681967020034790039e-01
2.632098197937011719e-01,4.276752471923828125e-03,-2.625445425510406494e-01
1.672170162200927734e-01,-1.505402475595474243e-01,-3.562133759260177612e-02
8.690188825130462646e-02,3.435568809509277344e-01,3.039242625236511230e-01
-2.845466136932373047e-01,-3.569580242037773132e-02,-5.832793936133384705e-02
4.607772827148437500e-02,-7.909715920686721802e-02,-5.069574117660522461e-01
9.304221719503402710e-02,1.911864280700683594e-01,-8.085445761680603027e-01
8.923622965812683105e-02,-2.856147289276123047e-01,5.414829850196838379e-01
5.349636077880859375e-02,-3.975972533226013184e-01,7.211975008249282837e-02
1.667551398277282715e-01,-2.039017677307128906e-01,1.180920377373695374e-01
1.290779113769531250e-01,5.876517295837402344e-02,6.769005060195922852e-01
-2.278809547424316406e-01,3.660881146788597107e-02,5.819804072380065918e-01
2.298738956451416016e-01,3.128936290740966797e-01,2.848767042160034180e-01
-1.273834239691495895e-02,-1.184468045830726624e-01,6.646584272384643555e-01
-2.608470916748046875e-01,-3.607765212655067444e-02,-2.334936410188674927e-01
2.394192218780517578e-01,-7.286518067121505737e-02,3.697973489761352539e-01
-1.773567199707031250e-01,-4.159785509109497070e-01,6.865722686052322388e-02
-1.599085330963134766e-01,-4.191033542156219482e-01,-6.258178502321243286e-02
2.934646606445312500e-02,4.075330495834350586e-02,-8.851714730262756348e-01
-3.198266029357910156e-01,-2.469169497489929199e-01,8.818542212247848511e-02
1.728554628789424896e-02,-3.542487621307373047e-01,3.021816909313201904e-01
-2.649726867675781250e-01,-2.531294822692871094e-01,-1.341342180967330933e-01
-1.333219856023788452e-01,-1.381154060363769531e-01,-7.984625101089477539e-01
-8.012294769287109375e-02,2.740647494792938232e-01,-2.812322974205017090e-01
-2.070891708135604858e-01,1.690003871917724609e-01,4.214477539062500000e-02
2.416621297597885132e-01,2.007360458374023438e-01,-3.190441727638244629e-01
-2.207927703857421875e-01,-1.839968115091323853e-01,-3.934026956558227539e-01
-1.137252803891897202e-02,1.057453900575637817e-01,8.614224195480346680e-01
-6.993389129638671875e-02,2.752187252044677734e-01,-3.726654127240180969e-02
1.760016940534114838e-02,3.151931762695312500e-01,4.071346819400787354e-01
-1.067578122019767761e-01,1.674658507108688354e-01,-4.255990982055664062e-01
-1.430239677429199219e-01,1.902749389410018921e-01,-1.936837732791900635e-01
-3.004505634307861328e-01,-2.491113990545272827e-01,2.122180163860321045e-01
-1.983436495065689087e-01,-2.674522399902343750e-01,-3.093032836914062500e-01
1.702475696802139282e-01,1.558175086975097656e-01,-5.398797392845153809e-01
1.092588901519775391e-01,-1.542804241180419922e-01,-4.395590126514434814e-01
1.539706885814666748e-01,3.799378871917724609e-01,6.184966862201690674e-02
-1.436157226562500000e-01,-5.462656915187835693e-02,8.053154945373535156e-01
-1.830902099609375000e-01,-3.733048588037490845e-02,-8.397625684738159180e-01
-1.497797966003417969e-01,1.897295713424682617e-01,3.054364025592803955e-01
-1.253719925880432129e-01,2.789444923400878906e-01,1.884176582098007202e-01
4.440002515912055969e-02,-1.898061782121658325e-01,-8.241187334060668945e-01
1.976048946380615234e-01,7.421298325061798096e-02,-6.378115415573120117e-01
-2.170344889163970947e-01,5.705499649047851562e-02,-2.832208275794982910e-01
5.961303412914276123e-02,-3.272007405757904053e-01,-2.592380046844482422e-01
2.594717442989349365e-01,-3.128910064697265625e-02,-6.534515321254730225e-02
-2.022951096296310425e-01,-2.229743003845214844e-01,4.259768724441528320e-01
-5.514037981629371643e-02,-2.187063694000244141e-01,-4.976135194301605225e-01
9.155707061290740967e-02,2.280399799346923828e-01,-4.432903826236724854e-01
-3.290252760052680969e-02,2.943264506757259369e-02,-6.730902194976806641e-01
-5.022795125842094421e-02,-4.219303131103515625e-01,1.066290289163589478e-01
-2.693645954132080078e-01,1.078953742980957031e-01,1.393856853246688843e-01
1.446852684020996094e-01,1.123101583289098926e-06,-4.591811895370483398e-01
6.339492648839950562e-02,-5.458190292119979858e-02,8.067626953125000000e-01
2.499222755432128906e-01,7.252664119005203247e-02,-3.616787493228912354e-01
1.717450618743896484e-01,-2.257636040449142456e-01,-1.134951785206794739e-01
-2.169578075408935547e-01,-1.104302704334259033e-01,6.124542355537414551e-01
1.636249274015426636e-01,-2.470064163208007812e-01,4.729594290256500244e-01
-1.903660297393798828e-01,-3.721325471997261047e-02,-4.503338634967803955e-01
5.985839664936065674e-02,3.285456895828247070e-01,-2.500271797180175781e-01
-2.191092967987060547e-01,-3.330591022968292236e-01,2.467938214540481567e-01
-9.057647734880447388e-02,1.704193055629730225e-01,7.425417900085449219e-01
-1.465725898742675781e-02,2.006377726793289185e-01,-8.109276890754699707e-01
-2.133952975273132324e-01,9.802031517028808594e-02,-3.674590960144996643e-02
1.837430149316787720e-02,-2.190454006195068359e-01,-6.863393783569335938e-01
5.957824736833572388e-02,1.791864335536956787e-01,-9.178562164306640625e-01
9.215148538351058960e-02,2.441116869449615479e-01,6.165000200271606445e-01
-1.421199440956115723e-01,-1.776027679443359375e-02,-5.792531967163085938e-01
1.925979554653167725e-01,3.397497534751892090e-01,-1.732957363128662109e-01
2.806277275085449219e-01,-1.432215869426727295e-01,5.959156751632690430e-01
-2.703020572662353516e-01,-1.078500077128410339e-01,-1.331198066473007202e-01
3.192389011383056641e-01,1.039867925101134460e-06,1.603878736495971680e-01
3.017762601375579834e-01,3.101069927215576172e-01,1.872317492961883545e-01
2.345965504646301270e-01,5.963954329490661621e-02,6.497597694396972656e-01
1.857166178524494171e-02,1.945962905883789062e-01,-6.936956644058227539e-01
1.761679165065288544e-02,-3.131294250488281250e-01,4.578875601291656494e-01
-5.593017488718032837e-02,2.470585554838180542e-01,5.937438011169433594e-01
-3.418078422546386719e-01,-3.477319702506065369e-02,3.887237608432769775e-02
-6.522274017333984375e-02,1.177696362137794495e-01,-5.033288598060607910e-01
3.392493724822998047e-01,2.095212489366531372e-01,-1.294570863246917725e-01
2.471450716257095337e-02,3.866717293021793012e-07,8.808292150497436523e-01
2.828905582427978516e-01,1.057200165632821154e-06,-1.568872034549713135e-01
2.033879756927490234e-01,-7.402658462524414062e-02,-2.653491199016571045e-01
-2.310687154531478882e-01,1.148710399866104126e-01,7.199362516403198242e-01
1.720511168241500854e-02,3.642339706420898438e-01,2.286736965179443359e-01
3.559801578521728516e-01,2.078988999128341675e-01,8.657623082399368286e-02
2.992361783981323242e-01,3.285396099090576172e-01,-9.109191596508026123e-03
1.745834350585937500e-01,1.347359865903854370e-01,-8.309994935989379883e-01
1.816847361624240875e-02,-2.446463108062744141e-01,-4.397076368331909180e-01
1.708021461963653564e-01,-1.771129518747329712e-01,6.734956502914428711e-01
-2.080866545438766479e-01,1.577727794647216797e-01,3.844628930091857910e-01
8.647441864013671875e-02,-1.557507663965225220e-01,-7.277166843414306641e-01
2.000207901000976562e-01,-1.484233438968658447e-01,3.245645165443420410e-01
1.968455314636230469e-01,-1.486282348632812500e-01,1.954775899648666382e-01
1.630598604679107666e-01,2.547905445098876953e-01,-3.616589307785034180e-01
-4.829009994864463806e-02,-1.867683380842208862e-01,-8.509186506271362305e-01
2.634809017181396484e-01,1.066455411091737915e-06,3.149539232254028320e-01
1.548044681549072266e-01,2.274063080549240112e-01,5.480971932411193848e-01
-1.281336098909378052e-01,-2.300302982330322266e-01,5.555077791213989258e-01
1.181533336639404297e-01,-3.086989820003509521e-01,9.653136879205703735e-02
-3.461444377899169922e-01,-1.738773286342620850e-01,1.830200105905532837e-01
1.427078247070312500e-01,1.124044501921162009e-06,-8.542876839637756348e-01
-5.444375425577163696e-02,2.475106716156005859e-01,4.717489480972290039e-01
-1.952285766601562500e-01,3.713491559028625488e-02,-3.965765237808227539e-01
2.531411647796630859e-01,-9.152603149414062500e-02,1.511505097150802612e-01
-1.246600672602653503e-01,-2.915568351745605469e-01,4.631251394748687744e-01
-3.243556022644042969e-01,3.505438566207885742e-02,1.358080953359603882e-01
-5.078315734863281250e-04,2.017800658941268921e-01,-6.053344607353210449e-01
-5.761194229125976562e-02,1.181377992033958435e-01,-8.556277155876159668e-01
8.954082429409027100e-02,2.780725955963134766e-01,4.655902087688446045e-01
2.442286014556884766e-01,1.455688625574111938e-01,5.789198279380798340e-01
1.709111221134662628e-02,-3.783853054046630859e-01,1.560427844524383545e-01
3.069431781768798828e-01,1.045730982696113642e-06,3.949523717164993286e-02
-1.430290341377258301e-01,-3.387045860290527344e-02,-9.197424054145812988e-01
8.853860944509506226e-02,-3.029263019561767578e-01,2.848385572433471680e-01
-2.556693553924560547e-01,3.616108000278472900e-02,4.182678163051605225e-01
2.364778667688369751e-01,2.500665187835693359e-01,3.956786990165710449e-01
2.330413162708282471e-01,2.827579975128173828e-01,-2.324520796537399292e-01
-1.680204868316650391e-01,-1.127973347902297974e-01,-6.464263796806335449e-01
-5.512420460581779480e-02,-2.434985041618347168e-01,6.212126016616821289e-01
-1.504957675933837891e-01,-1.896717846393585205e-01,-4.595385491847991943e-01
-2.111302763223648071e-01,1.235134601593017578e-01,5.829371809959411621e-01
1.571779251098632812e-01,-2.271761447191238403e-01,3.581152260303497314e-01
-5.323662608861923218e-02,-2.974803447723388672e-01,-3.790438771247863770e-01
-2.697966098785400391e-01,-1.078744456171989441e-01,-3.081259131431579590e-01
-1.301991939544677734e-01,1.934244632720947266e-01,5.104911923408508301e-01
1.746010780334472656e-01,7.495447248220443726e-02,-5.073495507240295410e-01
-5.421633645892143250e-02,2.569477558135986328e-01,-3.860192894935607910e-01
2.927472591400146484e-01,1.052500124387734104e-06,4.621398746967315674e-01
-2.842695415019989014e-01,-7.069718092679977417e-02,3.066885471343994141e-01
-1.740658283233642578e-01,1.125049367547035217e-01,-2.167385816574096680e-01
3.289535045623779297e-01,2.813782691955566406e-01,-8.191405981779098511e-02
1.514880359172821045e-01,-1.722635775804519653e-01,-3.661596775054931641e-01
-1.591780185699462891e-01,1.132250502705574036e-01,-3.765093982219696045e-01
-1.685452461242675781e-02,4.000891000032424927e-02,-8.076879978179931641e-01
2.154893875122070312e-01,1.089339548343559727e-06,-3.930392265319824219e-01
-4.860734939575195312e-02,3.949729725718498230e-02,-5.631610155105590820e-01
-1.213588342070579529e-01,-3.500406742095947266e-01,-2.486709505319595337e-01
-1.885495185852050781e-01,-1.865997463464736938e-01,5.124186873435974121e-01
-1.203641369938850403e-01,-3.676714897155761719e-01,3.007598817348480225e-01
8.479905128479003906e-02,3.957383632659912109e-01,1.314419507980346680e-01
1.672674529254436493e-02,-4.236156940460205078e-01,-1.007479801774024963e-01
1.882072389125823975e-01,4.303681464534747647e-07,6.949763298034667969e-01
-5.198468267917633057e-02,3.492760658264160156e-01,6.259765475988388062e-02
8.534052968025207520e-02,3.822953701019287109e-01,-3.229614347219467163e-02
-1.293981224298477173e-01,-2.076284885406494141e-01,-5.542541146278381348e-01
1.733856461942195892e-02,3.476679325103759766e-01,-8.053711056709289551e-02
-5.103299021720886230e-02,-3.886234760284423828e-01,2.498226910829544067e-01
3.596737384796142578e-01,1.381189823150634766e-01,3.862579166889190674e-02
6.843169778585433960e-02,1.177747696638107300e-01,6.749298572540283203e-01
3.541595935821533203e-01,1.384748369455337524e-01,1.342089772224426270e-01
2.035443782806396484e-01,-1.481959521770477295e-01,6.695891916751861572e-02
-1.888865381479263306e-01,-3.739008903503417969e-01,-1.272857636213302612e-01
1.791617870330810547e-01,-1.497694104909896851e-01,-1.904913336038589478e-01
-3.508123755455017090e-01,-7.428429275751113892e-02,1.954116821289062500e-01
1.493253707885742188e-01,-3.046589791774749756e-01,-8.869171142578125000e-02
1.743744313716888428e-02,3.353931903839111328e-01,-1.773046851158142090e-01
2.227675765752792358e-01,3.805110454559326172e-01,1.093212887644767761e-01
2.825125157833099365e-01,4.511175859533977928e-07,6.079007387161254883e-01
6.212258338928222656e-02,-7.857996970415115356e-02,-5.888037085533142090e-01
6.800913810729980469e-02,-1.569423675537109375e-01,-6.457742452621459961e-01
1.691858023405075073e-01,1.704368591308593750e-01,-6.467013359069824219e-01
-1.720738112926483154e-01,1.732313930988311768e-01,7.135303020477294922e-01
-3.826247900724411011e-02,-3.408170342445373535e-01,4.028952121734619141e-01
-1.237191632390022278e-01,-3.082349300384521484e-01,-3.277719020843505859e-01
-3.479566574096679688e-01,-1.737310439348220825e-01,6.282165646553039551e-02
2.258236408233642578e-01,3.514344692230224609e-01,2.071166932582855225e-01
-2.369656562805175781e-01,-2.563014030456542969e-01,-2.374615371227264404e-01
-1.860889196395874023e-01,-4.053852558135986328e-01,1.546588093042373657e-01
-1.401919573545455933e-01,5.332424119114875793e-02,8.457176685333251953e-01
-5.488586425781250000e-02,-2.292191982269287109e-01,-6.289108395576477051e-01
3.168601989746093750e-01,1.408818364143371582e-01,3.080767691135406494e-01
-2.788555622100830078e-01,-2.515571415424346924e-01,-9.289245121181011200e-03
-2.596659660339355469e-01,-1.808586120605468750e-01,3.165179491043090820e-01
-9.407547116279602051e-02,-1.181043386459350586e-01,6.698977947235107422e-01
-3.308765888214111328e-01,-1.049200519919395447e-01,-9.024658240377902985e-03
-1.310448050498962402e-01,-1.784467697143554688e-01,-7.278399467468261719e-01
1.777813583612442017e-02,-2.931008338928222656e-01,5.913557410240173340e-01
-1.460256576538085938e-01,1.138612329959869385e-01,-1.405395418405532837e-01
1.561053246259689331e-01,3.505456447601318359e-01,2.549234032630920410e-01
1.701283454895019531e-01,1.110969378714798950e-06,-6.729717850685119629e-01
-2.100517749786376953e-01,-1.107643097639083862e-01,-8.597118854522705078e-01
2.150950431823730469e-01,7.364922761917114258e-02,-7.716113328933715820e-01
6.089629977941513062e-02,-1.309587806463241577e-01,-8.777927160263061523e-01
-6.038643047213554382e-02,1.664161682128906250e-03,-7.519445419311523438e-01
3.681683540344238281e-02,-1.589553058147430420e-01,-5.096642971038818359e-01
9.177355468273162842e-02,2.226681709289550781e-01,-5.235305428504943848e-01
1.766240596771240234e-01,-7.488926500082015991e-02,-6.119323521852493286e-02
-2.467329502105712891e-01,1.089900657534599304e-01,2.162722796201705933e-01
2.401597946882247925e-01,-2.150301933288574219e-01,5.076867341995239258e-01
3.135175704956054688e-01,7.047678530216217041e-02,-1.791836470365524292e-01
1.244473457336425781e-01,-7.657107710838317871e-02,-4.360861182212829590e-01
-8.641171455383300781e-02,2.733525335788726807e-01,3.695574998855590820e-01
1.761102303862571716e-02,-3.137974739074707031e-01,-3.264312744140625000e-01
1.580594927072525024e-01,3.236379623413085938e-01,3.319897353649139404e-01
-2.339668273925781250e-01,-3.651075065135955811e-02,4.745088219642639160e-01
9.241151809692382812e-02,2.068374156951904297e-01,-7.183791995048522949e-01
3.223416805267333984e-01,2.111607342958450317e-01,2.587982118129730225e-01
9.890686720609664917e-02,-4.564619064331054688e-02,-7.390905618667602539e-01
1.638145446777343750e-01,-2.265326082706451416e-01,-1.922500580549240112e-01
6.858658045530319214e-02,-1.769097149372100830e-01,6.756076812744140625e-01
-2.278275489807128906e-01,-1.099044978618621826e-01,-4.173791408538818359e-01
-2.264304161071777344e-01,-4.870986938476562500e-02,5.654020309448242188e-01
8.957105129957199097e-02,2.773160934448242188e-01,-3.827126920223236084e-01
-5.246867984533309937e-02,3.292412757873535156e-01,2.324807643890380859e-01
-2.655417919158935547e-01,3.600201383233070374e-02,-3.405334427952766418e-02
-2.206785678863525391e-01,-1.102502867579460144e-01,4.252300858497619629e-01
-2.051665484905242920e-01,1.906433105468750000e-01,1.189288273453712463e-01
2.819316387176513672e-01,1.431358456611633301e-01,4.397186040878295898e-01
-9.768310189247131348e-02,-4.284623265266418457e-01,-1.076557636260986328e-01
-2.384979724884033203e-01,3.643774986267089844e-02,4.997848272323608398e-01
3.420166969299316406e-01,2.796847224235534668e-01,1.116229221224784851e-01
2.931535243988037109e-01,-1.424132585525512695e-01,4.886569082736968994e-01
1.339559853076934814e-01,-2.527922093868255615e-01,-2.679607868194580078e-01
-1.279759556055068970e-01,2.328135967254638672e-01,-9.436645545065402985e-03
8.578434586524963379e-02,-3.712725639343261719e-01,-1.270461976528167725e-01
-2.735567092895507812e-01,-1.797372400760650635e-01,-1.829574555158615112e-01
8.738912642002105713e-02,3.314664363861083984e-01,3.795821964740753174e-01
1.710167527198791504e-02,-3.770897388458251953e-01,-1.975955218076705933e-01
-2.687199115753173828e-01,-3.258149027824401855e-01,4.060973972082138062e-02
1.827826350927352905e-02,2.310175895690917969e-01,-8.796749711036682129e-01
3.001296520233154297e-01,7.090830057859420776e-02,3.348681628704071045e-01
3.412687778472900391e-01,6.958227604627609253e-02,1.829345673322677612e-01
2.626142501831054688e-01,1.066868662746855989e-06,3.913165330886840820e-01
-2.435886859893798828e-01,-3.635571524500846863e-02,-1.345748901367187500e-01
3.308188915252685547e-01,1.399810463190078735e-01,2.327270507812500000e-01
6.511840503662824631e-03,1.260892152786254883e-01,-9.380950927734375000e-01
-8.055786043405532837e-02,-7.587236911058425903e-02,-9.314095973968505859e-01
2.932243347167968750e-01,1.052272637025453150e-06,2.362689226865768433e-01
1.758391857147216797e-01,-1.499838382005691528e-01,-1.130013987421989441e-01
2.911181449890136719e-01,7.119878381490707397e-02,4.883459508419036865e-01
2.841095924377441406e-01,2.148679643869400024e-01,-2.321212738752365112e-01
1.350426673889160156e-01,-2.293225377798080444e-01,2.012460231781005859e-01
3.015902042388916016e-01,-7.086122035980224609e-02,5.893676877021789551e-01
1.735582351684570312e-01,-2.255878001451492310e-01,-3.561706468462944031e-02
1.633536666631698608e-01,2.507450580596923828e-01,4.721746742725372314e-01
-2.922775223851203918e-02,-5.228511989116668701e-02,8.781733512878417969e-01
-2.782952785491943359e-01,-1.793547272682189941e-01,-1.081463620066642761e-01
2.931835651397705078e-01,-7.113219797611236572e-02,4.368066191673278809e-01
1.366178840398788452e-01,-2.481468021869659424e-01,5.853582620620727539e-01
6.914367433637380600e-03,-2.680645696818828583e-02,-8.365979194641113281e-01
-2.734766006469726562e-01,-1.076964512467384338e-01,-2.074752748012542725e-01
9.032539278268814087e-02,-2.585871219635009766e-01,4.696736037731170654e-01
-1.317419707775115967e-01,-1.660957336425781250e-01,-8.765841722488403320e-01
-9.334707260131835938e-02,2.725670635700225830e-01,2.593160867691040039e-01
1.537245362997055054e-01,3.833274841308593750e-01,-7.940886914730072021e-02
1.741610281169414520e-02,3.380584716796875000e-01,3.289343118667602539e-01
3.350851535797119141e-01,1.397057473659515381e-01,-1.535122692584991455e-01
2.269677668809890747e-01,-3.506944701075553894e-02,-3.234403133392333984e-01
3.024630546569824219e-01,1.047867272063740529e-06,5.369271636009216309e-01
-2.186138629913330078e-01,3.675812482833862305e-02,-2.123669385910034180e-01
-8.460342139005661011e-02,1.062112972140312195e-01,8.541185855865478516e-01
-2.733736038208007812e-01,3.587582707405090332e-02,2.634164392948150635e-01
8.962274342775344849e-02,2.760400772094726562e-01,5.438241362571716309e-01
1.704638265073299408e-02,3.839378356933593750e-01,8.505126833915710449e-02
-3.541021347045898438e-01,-3.457510098814964294e-02,1.339514106512069702e-01
3.662054538726806641e-01,1.376975178718566895e-01,-5.628753453493118286e-02
2.336170673370361328e-01,3.683247268199920654e-01,1.590270921587944031e-02
2.097467035055160522e-01,-1.169671639800071716e-01,6.874824762344360352e-01
3.269767761230468750e-01,2.816344499588012695e-01,3.946166858077049255e-02
1.717558316886425018e-02,-3.678994178771972656e-01,2.282812446355819702e-01
-5.157304555177688599e-02,-3.662960529327392578e-01,3.247222900390625000e-01
1.831177994608879089e-02,-2.268738746643066406e-01,-7.672601342201232910e-01
-5.372970551252365112e-02,-1.782211959362030029e-01,6.620618104934692383e-01
8.528635650873184204e-02,3.836398124694824219e-01,2.030590772628784180e-01
3.483576774597167969e-01,6.935377418994903564e-02,-8.946227841079235077e-03
2.888638973236083984e-01,7.127144187688827515e-02,-2.554730176925659180e-01
7.643646001815795898e-02,7.611148059368133545e-02,-9.265490770339965820e-01
1.793474331498146057e-02,2.736606597900390625e-01,4.661511182785034180e-01
-5.056186392903327942e-02,-4.081151485443115234e-01,1.772296130657196045e-01
-1.146764755249023438e-01,-3.843278437852859497e-02,-7.758697271347045898e-01
-1.164522692561149597e-01,-4.369728565216064453e-01,1.431121770292520523e-02
1.663958467543125153e-02,-4.344358444213867188e-01,1.430633477866649628e-02
1.155533790588378906e-01,1.538725197315216064e-01,-8.659265041351318359e-01
7.795409765094518661e-03,2.410947531461715698e-01,6.397665739059448242e-01
1.532572656869888306e-01,3.897647857666015625e-01,-8.792418986558914185e-03
2.404229640960693359e-01,1.458144634962081909e-01,-3.637722730636596680e-01
-1.169272512197494507e-01,-4.285583496093750000e-01,1.294927895069122314e-01
1.068179309368133545e-01,4.270628437552659307e-07,7.089500427246093750e-01
8.534841239452362061e-02,3.821058273315429688e-01,3.817260637879371643e-02
1.461021453142166138e-01,-5.746427923440933228e-02,7.172635793685913086e-01
-2.043119817972183228e-01,5.564521625638008118e-02,7.736725807189941406e-01
-5.416448041796684265e-02,-2.590651512145996094e-01,-4.370098710060119629e-01
9.954048693180084229e-02,-2.991604804992675781e-02,-6.258261203765869141e-01
1.002814099192619324e-01,-1.153731346130371094e-02,-5.142431259155273438e-01
-1.191141083836555481e-01,-3.898165225982666016e-01,-1.731167584657669067e-01
-2.405278682708740234e-01,3.640504181385040283e-02,3.438067436218261719e-01
1.704047247767448425e-02,3.846714496612548828e-01,1.555804461240768433e-01
-1.053842157125473022e-01,9.925479441881179810e-02,-4.479997158050537109e-01
-1.686247289180755615e-01,-5.666491016745567322e-02,7.420709133148193359e-01
-1.496901512145996094e-01,-1.136839762330055237e-01,-7.365444898605346680e-01
9.176468849182128906e-02,-3.913780450820922852e-01,1.689819246530532837e-02
-1.934638619422912598e-01,-3.223788738250732422e-01,3.078677356243133545e-01
-2.669256925582885742e-01,-3.016626834869384766e-01,1.875616461038589478e-01
4.450317099690437317e-02,1.088677272200584412e-01,8.129712343215942383e-01
-5.420272797346115112e-02,1.797897368669509888e-01,6.458770036697387695e-01
2.160286903381347656e-01,7.361913472414016724e-02,-4.192742705345153809e-01
-1.299774348735809326e-01,1.973485946655273438e-01,-3.705261051654815674e-01
-2.543110847473144531e-01,1.086234822869300842e-01,4.049041494727134705e-02
-1.280107796192169189e-01,2.321944236755371094e-01,-2.623016238212585449e-01
-1.818716526031494141e-01,1.121273785829544067e-01,-2.941049039363861084e-01
8.965377509593963623e-02,1.783369779586791992e-01,6.608678102493286133e-01
-1.423516869544982910e-01,-2.186298370361328125e-02,-4.924331605434417725e-01
-1.746950149536132812e-01,1.877182126045227051e-01,4.615174829959869385e-01
-2.894149720668792725e-02,5.177314206957817078e-02,8.940544128417968750e-01
-2.752616703510284424e-01,-2.330095767974853516e-01,2.701263427734375000e-01
2.157498151063919067e-01,1.203138977289199829e-01,6.356012821197509766e-01
-2.348148822784423828e-01,-3.307657837867736816e-01,-1.110708564519882202e-01
1.507607996463775635e-01,1.185307204723358154e-01,6.632453203201293945e-01
-5.550255626440048218e-02,2.037050724029541016e-01,-8.613393902778625488e-01
-1.024978607892990112e-01,-5.290610715746879578e-02,8.587192296981811523e-01
1.822868734598159790e-02,2.371714115142822266e-01,-4.411648511886596680e-01
2.438934333622455597e-02,-7.732645422220230103e-02,-9.014230966567993164e-01
1.634459495544433594e-01,-2.265683263540267944e-01,4.227691516280174255e-02
-4.304051399230957031e-02,1.188426017761230469e-01,-6.810711622238159180e-01
1.369351148605346680e-01,3.317881822586059570e-01,-2.278306484222412109e-01
1.669147610664367676e-01,2.017076015472412109e-01,-4.227947890758514404e-01
1.124853491783142090e-01,2.560906298458576202e-02,-9.106417894363403320e-01
-2.068284004926681519e-01,-1.719477176666259766e-01,5.710564851760864258e-01
9.221840649843215942e-02,-2.116124629974365234e-01,-4.202078282833099365e-01
-1.561164855957031250e-01,-1.187007650732994080e-01,6.606433391571044922e-01
-1.076147407293319702e-01,-1.940358430147171021e-01,-7.867599725723266602e-01
-2.297042757272720337e-01,-2.070674598217010498e-01,3.645761013031005859e-01
1.341195106506347656e-01,-2.294120490550994873e-01,4.157308936119079590e-01
-2.466626167297363281e-01,-1.089934334158897400e-01,3.688519299030303955e-01
8.821731060743331909e-02,3.109149932861328125e-01,-3.023370206356048584e-01
-1.830246001482009888e-01,3.927281966298323823e-07,7.905844449996948242e-01
1.863272190093994141e-01,7.457649707794189453e-02,-8.389160037040710449e-01
2.329573631286621094e-01,2.835569381713867188e-01,3.390731811523437500e-01
9.163101017475128174e-02,-2.427331358194351196e-01,6.271362304687500000e-01
1.867382600903511047e-02,1.819138526916503906e-01,-7.539257407188415527e-01
2.677459716796875000e-01,1.440512686967849731e-01,-3.086898624897003174e-01
7.651824969798326492e-03,-1.776971071958541870e-01,6.674966812133789062e-01
1.836064457893371582e-02,2.208080291748046875e-01,-5.502093434333801270e-01
-1.860190331935882568e-01,-4.061772823333740234e-01,-8.735351264476776123e-03
-5.331589654088020325e-02,2.941896915435791016e-01,-2.300540059804916382e-01
2.648303210735321045e-01,2.016968280076980591e-01,4.199526309967041016e-01
-2.456662654876708984e-01,-1.819888055324554443e-01,-3.376882970333099365e-01
-2.016711235046386719e-02,1.199489757418632507e-01,-8.074486851692199707e-01
1.742010749876499176e-02,-3.375613689422607422e-01,3.782208263874053955e-01
-1.797326654195785522e-01,-2.388074100017547607e-01,-3.914422988891601562e-01
4.751144349575042725e-02,-1.162272617220878601e-01,6.989995241165161133e-01
-1.954983621835708618e-01,-2.994782924652099609e-01,-2.551156580448150635e-01
8.930486440658569336e-02,-2.839114665985107422e-01,-3.060665726661682129e-01
-1.210191249847412109e-01,1.920513808727264404e-01,-1.158023029565811157e-01
-2.242913246154785156e-01,3.666664287447929382e-02,-3.398287892341613770e-01
1.782655157148838043e-02,-2.870910167694091797e-01,-3.807330131530761719e-01
-2.957822382450103760e-01,6.401181221008300781e-02,1.804748475551605225e-01
-5.579825863242149353e-02,1.914710998535156250e-01,-4.501916468143463135e-01
-2.965376377105712891e-01,-1.065810099244117737e-01,-5.807250738143920898e-02
-1.970046758651733398e-01,-2.825174331665039062e-01,3.639868199825286865e-01
-1.282570362091064453e-01,2.278339862823486328e-01,3.462438881397247314e-01
2.558572292327880859e-01,-1.193971261382102966e-01,6.498265266418457031e-01
8.655501902103424072e-02,-5.747052654623985291e-02,7.171219587326049805e-01
1.958575397729873657e-01,2.732340246438980103e-02,-8.041909933090209961e-01
-4.087352752685546875e-02,-2.785099744796752930e-01,5.756980776786804199e-01
-6.126447394490242004e-02,-3.466248512268066406e-02,-8.871758580207824707e-01
-5.267724767327308655e-02,-3.205959796905517578e-01,4.564422369003295898e-01
2.980720996856689453e-01,1.049961042554059532e-06,-3.355316072702407837e-02
-2.079689800739288330e-01,1.590991020202636719e-01,6.297128200531005859e-01
-2.392952442169189453e-01,1.093497797846794128e-01,3.958572447299957275e-01
-4.972563683986663818e-02,-4.427123069763183594e-01,-7.700072973966598511e-02
8.716106414794921875e-02,-1.557064801454544067e-01,-7.863500714302062988e-01
1.309182643890380859e-01,-2.297224551439285278e-01,-3.284646570682525635e-01
6.814574822783470154e-03,-1.845367699861526489e-01,-8.706195354461669922e-01
8.685303479433059692e-02,3.447692394256591797e-01,-2.007601857185363770e-01
4.310348257422447205e-02,5.274898931384086609e-02,8.638452291488647461e-01
2.465683817863464355e-01,1.540563106536865234e-01,5.212342739105224609e-01
-2.192732542753219604e-01,-3.186917304992675781e-02,6.639381051063537598e-01
-5.162539333105087280e-02,-3.641300201416015625e-01,-2.467208802700042725e-01
2.504348754882812500e-02,-5.294484645128250122e-02,8.576445579528808594e-01
8.725166320800781250e-02,-3.348612785339355469e-01,-2.016830444335937500e-01
2.777945995330810547e-01,2.880087494850158691e-01,2.650579810142517090e-01
-2.222603559494018555e-01,-1.765012741088867188e-03,-9.397796541452407837e-02
2.256269454956054688e-01,-7.330974191427230835e-02,-9.456481784582138062e-03
2.394346594810485840e-01,-1.823554039001464844e-01,6.194173097610473633e-01
-5.362869799137115479e-02,2.812483310699462891e-01,-3.313772380352020264e-01
-2.943375706672668457e-01,7.591104507446289062e-02,9.814422577619552612e-02
9.983550757169723511e-02,-2.697066403925418854e-02,-8.261724710464477539e-01
1.791531220078468323e-02,2.760727405548095703e-01,5.959185361862182617e-01
-1.282133609056472778e-01,2.286055088043212891e-01,2.691055238246917725e-01
-4.843497276306152344e-02,3.950006887316703796e-02,-5.062732100486755371e-01
1.611714363098144531e-01,1.509286910295486450e-01,-4.839337170124053955e-01
3.132045269012451172e-01,2.120467126369476318e-01,-1.799563616514205933e-01
-1.798667907714843750e-01,-1.122243478894233704e-01,-5.880444049835205078e-01
2.039187550544738770e-01,2.465571761131286621e-01,-3.230178356170654297e-01
8.171463012695312500e-02,4.015310253180359723e-07,8.161411285400390625e-01
-1.646039485931396484e-01,1.885328441858291626e-01,2.508532702922821045e-01
-1.629991531372070312e-01,1.886623948812484741e-01,-9.743346832692623138e-03
9.218298643827438354e-02,2.125015258789062500e-01,-6.612695455551147461e-01
2.980105876922607422e-01,1.420982033014297485e-01,3.859268128871917725e-01
1.773342117667198181e-02,-2.986519336700439453e-01,5.120931863784790039e-01
2.262441068887710571e-01,3.474295139312744141e-01,-1.290719509124755859e-01
-5.486115813255310059e-02,-2.302584648132324219e-01,-7.106729149818420410e-01
1.678262799978256226e-01,-1.891567707061767578e-01,2.221231013536453247e-01
5.561828613281250000e-02,-1.577419936656951904e-01,-5.912954807281494141e-01
2.083363234996795654e-01,-5.812079831957817078e-02,6.968458890914916992e-01
2.607875168323516846e-01,-1.877045631408691406e-02,-2.043527215719223022e-01
-1.806793212890625000e-01,-1.121850535273551941e-01,-8.125143051147460938e-01
2.703323364257812500e-01,7.186876982450485229e-02,-3.078521788120269775e-01
-5.372064933180809021e-02,2.774441242218017578e-01,4.142767190933227539e-01
-1.115203835070133209e-02,7.779363542795181274e-02,-8.919016122817993164e-01
9.460143744945526123e-02,1.276507228612899780e-01,-9.187960624694824219e-01
-2.110474854707717896e-01,1.244473457336425781e-01,2.553408741950988770e-01
-1.661245673894882202e-01,-3.623325526714324951e-01,2.704985141754150391e-01
2.098608016967773438e-01,-2.220676392316818237e-01,4.551890492439270020e-01
1.692546010017395020e-01,1.694898605346679688e-01,-7.886755466461181641e-01
-5.665188655257225037e-02,-1.561422348022460938e-01,-9.089397788047790527e-01
2.107188701629638672e-01,7.379028201103210449e-02,-7.169536948204040527e-01
-1.960388123989105225e-01,-3.712851107120513916e-01,2.154121398925781250e-01
-6.795430183410644531e-02,2.754429578781127930e-01,-9.158233553171157837e-02
-2.244753837585449219e-01,-2.669882774353027344e-02,-4.075311124324798584e-01
2.499825805425643921e-01,-1.215782165527343750e-01,3.910143971443176270e-01
8.615017682313919067e-02,3.622043132781982422e-01,2.530801296234130859e-01
-2.636628150939941406e-01,-3.603228554129600525e-02,-3.086526393890380859e-01
1.764805987477302551e-02,3.092484474182128906e-01,-3.023315370082855225e-01
-1.001954078674316406e-01,2.717914283275604248e-01,3.128564357757568359e-01
1.855595037341117859e-02,-1.965465545654296875e-01,-4.756402373313903809e-01
1.823353767395019531e-01,-1.495646089315414429e-01,1.608550921082496643e-02
-2.578256130218505859e-01,-1.084534823894500732e-01,-3.606423735618591309e-01
2.530561387538909912e-01,-9.232997894287109375e-02,9.730163216590881348e-02
2.097373008728027344e-01,-1.477963179349899292e-01,1.432415693998336792e-01
-2.853118814527988434e-02,-7.654040306806564331e-02,-9.177218675613403320e-01
-9.823027998208999634e-02,-1.266428232192993164e-01,-9.312466382980346680e-01
-1.863354444503784180e-01,-7.610684633255004883e-02,-9.265921115875244141e-01
1.558701992034912109e-01,1.117768192671064753e-06,-6.211520433425903320e-01
-3.178308010101318359e-01,-2.471430301666259766e-01,1.615173369646072388e-01
1.695727258920669556e-01,1.651093959808349609e-01,-5.926501154899597168e-01
-1.396806240081787109e-01,4.329318983309349278e-07,8.509508371353149414e-01
-5.493184924125671387e-02,-2.273337841033935547e-01,-5.755090117454528809e-01
2.511096000671386719e-01,3.654818236827850342e-01,6.629424542188644409e-02
1.717886924743652344e-01,-1.502452194690704346e-01,-3.219595253467559814e-01
1.577317714691162109e-01,-3.035688400268554688e-01,-3.599029406905174255e-02
-5.663041770458221436e-02,1.570425033569335938e-01,-5.383377075195312500e-01
-1.776765435934066772e-01,-2.696258425712585449e-01,4.196259975433349609e-01
1.885838508605957031e-01,7.450376451015472412e-02,-5.854547023773193359e-01
-3.027771115303039551e-01,6.405115127563476562e-03,-1.043853722512722015e-02
-1.555521488189697266e-01,1.892635673284530640e-01,-2.452371120452880859e-01
2.597720921039581299e-01,-2.843165397644042969e-02,-1.032745372503995895e-02
-1.635386943817138672e-01,1.886188238859176636e-01,3.566320836544036865e-01
7.748532295227050781e-02,-3.139692246913909912e-01,2.341879159212112427e-01
-4.306364059448242188e-02,3.958661854267120361e-02,-6.220709085464477539e-01
2.595530152320861816e-01,-3.051567077636718750e-02,-1.204778999090194702e-01
-1.453800201416015625e-01,2.666740417480468750e-01,1.215560883283615112e-01
8.486318588256835938e-02,-7.784698158502578735e-02,-4.710882604122161865e-01
-1.368522644042968750e-01,1.143049374222755432e-01,-8.852599561214447021e-02
1.690755039453506470e-02,-4.011716842651367188e-01,-1.485220342874526978e-01
1.843877509236335754e-02,-2.110922336578369141e-01,-6.337664723396301270e-01
-1.742029190063476562e-01,-1.124982982873916626e-01,-4.807998538017272949e-01
-1.192243248224258423e-01,-3.878548145294189453e-01,2.502383291721343994e-01
-1.513650417327880859e-01,3.315598517656326294e-02,-4.422278404235839844e-01
1.673519909381866455e-01,-1.956875324249267578e-01,1.699209511280059814e-01
-1.671314239501953125e-01,-3.758761286735534668e-02,-5.359323024749755859e-01
-2.531089782714843750e-01,-2.544731199741363525e-01,-1.852154433727264404e-01
-3.140363693237304688e-01,-3.522065654397010803e-02,2.586059570312500000e-01
1.932618618011474609e-01,-1.488595306873321533e-01,2.474850416183471680e-01
-8.279480040073394775e-02,5.199817195534706116e-02,8.868530988693237305e-01
2.335430830717086792e-01,2.520717084407806396e-01,-2.743225097656250000e-01
-3.511745929718017578e-01,-1.039382219314575195e-01,3.874389454722404480e-02
-1.282415241003036499e-01,2.281184196472167969e-01,-3.140167295932769775e-01
-2.889129519462585449e-02,3.857416572827787604e-07,8.972277641296386719e-01
-2.357397079467773438e-01,-1.095217764377593994e-01,5.538766384124755859e-01
-5.281344801187515259e-02,3.149611949920654297e-01,-9.082946926355361938e-03
1.928477287292480469e-01,-7.436631619930267334e-02,-1.119998171925544739e-01
2.734658718109130859e-01,-1.419508308172225952e-01,4.346432685852050781e-01
-1.026252731680870056e-01,-2.571394741535186768e-01,5.159666538238525391e-01
-2.011909484863281250e-01,-3.703884407877922058e-02,6.160436868667602539e-01
1.631309092044830322e-01,-2.538087368011474609e-01,5.238842368125915527e-01
-5.402895808219909668e-02,2.646720409393310547e-01,5.201330184936523438e-01
-4.623290896415710449e-02,1.278566271066665649e-01,-9.162427186965942383e-01
2.051217555999755859e-01,-7.397069782018661499e-02,-2.137060463428497314e-01
2.957720756530761719e-01,-1.422442942857742310e-01,5.396823287010192871e-01
2.325503826141357422e-01,-7.308659702539443970e-02,2.938763499259948730e-01
-2.735488414764404297e-01,-2.521581947803497314e-01,-8.384033292531967163e-02
-2.424819469451904297e-01,-3.637355566024780273e-02,4.207254052162170410e-01
2.319998145103454590e-01,4.364843277926411247e-07,6.692934036254882812e-01
-2.793459892272949219e-01,-3.242633044719696045e-01,9.019866585731506348e-02
1.548850536346435547e-01,3.673515319824218750e-01,-1.275119036436080933e-01
-3.228790163993835449e-01,-4.015486687421798706e-02,-7.812976837158203125e-03
6.514892447739839554e-03,1.764348894357681274e-01,-9.421558380126953125e-01
3.280181884765625000e-01,7.000938802957534790e-02,-1.295898407697677612e-01
1.730100437998771667e-02,-3.523302078247070312e-01,-2.480193972587585449e-01
-3.319044113159179688e-01,-1.750268936157226562e-01,1.506500225514173508e-02
-4.347229003906250000e-02,-4.255433082580566406e-01,-1.239411830902099609e-01
3.462466299533843994e-01,1.493374258279800415e-01,1.858258247375488281e-01
-3.065464496612548828e-01,-2.484210282564163208e-01,3.975494205951690674e-02
-1.971325874328613281e-01,1.113892123103141785e-01,5.363184809684753418e-01
1.697495579719543457e-02,-3.927578926086425781e-01,1.080978363752365112e-01
-2.728211879730224609e-01,-1.077281609177589417e-01,-2.574938833713531494e-01
8.861443400382995605e-02,-3.010511398315429688e-01,3.348257243633270264e-01
-2.170715332031250000e-01,5.663847923278808594e-02,-6.457336246967315674e-02
-2.536344528198242188e-01,-3.619386628270149231e-02,-1.840197741985321045e-01
3.325092792510986328e-01,2.809169292449951172e-01,1.607452332973480225e-01
-2.419450283050537109e-01,-2.904496192932128906e-01,2.589559555053710938e-01
3.379824161529541016e-01,2.802080810070037842e-01,-9.059753268957138062e-03
3.195581436157226562e-01,1.039715698425425217e-06,8.763580024242401123e-02
3.537397384643554688e-01,1.385019421577453613e-01,-1.043518036603927612e-01
-3.007292747497558594e-02,3.979592770338058472e-02,-7.432733178138732910e-01
8.611036092042922974e-02,-3.631765842437744141e-01,8.595245331525802612e-02
1.964941024780273438e-01,-7.424879074096679688e-02,-3.180468678474426270e-01
2.561979293823242188e-01,3.646549582481384277e-01,1.418820172548294067e-01
-3.538596630096435547e-01,-1.732545047998428345e-01,1.343847662210464478e-01
2.936587333679199219e-01,1.052065499607124366e-06,-8.255553990602493286e-02
-1.507034301757812500e-01,-1.896550208330154419e-01,-5.139639377593994141e-01
1.741978712379932404e-02,3.375849723815917969e-01,2.801269590854644775e-01
2.996888160705566406e-01,3.252549171447753906e-01,-5.778991430997848511e-02
-1.320291161537170410e-01,-7.531232386827468872e-02,-9.430283308029174805e-01
-1.054899692535400391e-01,1.933049708604812622e-01,5.588220357894897461e-01
-3.388147354125976562e-01,-1.045360714197158813e-01,2.316583245992660522e-01
2.980376482009887695e-01,3.372368812561035156e-01,1.362622082233428955e-01
-1.499841213226318359e-01,-3.786389902234077454e-02,-6.227929592132568359e-01
1.751017943024635315e-02,3.263802528381347656e-01,-2.266375720500946045e-01
-2.077299207448959351e-01,1.617896556854248047e-01,4.374230802059173584e-01
1.738025806844234467e-02,3.425080776214599609e-01,-1.286627203226089478e-01
3.588089942932128906e-01,2.076245993375778198e-01,-8.049346506595611572e-02
-3.227419853210449219e-01,3.508038818836212158e-02,8.751922100782394409e-02
-2.217409610748291016e-01,4.078865051269531250e-03,-1.494262665510177612e-01
-1.163836345076560974e-01,-4.381887912750244141e-01,-5.436218157410621643e-02
1.534423828125000000e-01,3.872160911560058594e-01,1.322146505117416382e-01
3.391244411468505859e-01,6.965139508247375488e-02,3.893585130572319031e-02
-1.233938559889793396e-01,1.080440804362297058e-01,8.257418870925903320e-01
-2.016270160675048828e-01,-1.855440288782119751e-01,4.561721682548522949e-01
2.887078821659088135e-01,3.670283406972885132e-02,-2.220554351806640625e-01
-1.397573798894882202e-01,-3.235412538051605225e-01,-2.843179702758789062e-01
-2.849328517913818359e-01,-1.416499465703964233e-01,3.050036430358886719e-01
1.662979647517204285e-02,-4.356510639190673828e-01,-5.434478819370269775e-02
3.551249504089355469e-01,2.079818546772003174e-01,1.344979852437973022e-01
-3.271048069000244141e-01,-1.754144281148910522e-01,2.333984375000000000e-01
1.731391437351703644e-02,3.507273197174072266e-01,-3.275207430124282837e-02
-3.607842922210693359e-01,-1.034734100103378296e-01,1.575161665678024292e-01
3.570380210876464844e-01,2.077963203191757202e-01,3.877410665154457092e-02
3.479292392730712891e-01,6.936758011579513550e-02,1.343890279531478882e-01
-4.996190965175628662e-02,-4.329628944396972656e-01,6.016204878687858582e-02
3.518943786621093750e-01,1.386210471391677856e-01,8.651580661535263062e-02
8.561076968908309937e-02,3.755958080291748047e-01,-7.955413311719894409e-02
-1.851115226745605469e-01,-3.729791939258575439e-02,-8.975601196289062500e-01
-3.524334430694580078e-01,-3.460199385881423950e-02,8.632568269968032837e-02
2.137777805328369141e-01,-1.475355774164199829e-01,3.745754957199096680e-01
1.668056845664978027e-01,2.032134532928466797e-01,5.897716879844665527e-01
3.680291175842285156e-01,1.375798135995864868e-01,-8.878173306584358215e-03
-1.147601604461669922e-01,2.701418995857238770e-01,1.662567071616649628e-02
2.611285448074340820e-01,-1.552581787109375000e-02,2.674661278724670410e-01
8.875609189271926880e-02,-2.975289821624755859e-01,1.375765949487686157e-01
1.910769641399383545e-01,5.903971567749977112e-02,6.683549880981445312e-01
-1.169960200786590576e-01,-4.273400306701660156e-01,6.040405109524726868e-02
-1.417086124420166016e-01,-3.443612456321716309e-01,3.356246948242187500e-01
-1.421056240797042847e-01,-1.750397682189941406e-02,-8.510711193084716797e-01
-1.761143207550048828e-01,1.124058589339256287e-01,-6.124633550643920898e-02
1.484658718109130859e-01,-1.013659909367561340e-01,-4.044048786163330078e-01
5.178165435791015625e-02,-3.173010945320129395e-01,4.036321938037872314e-01
8.490388095378875732e-02,3.931312561035156250e-01,8.474761992692947388e-02
1.004853025078773499e-01,-6.470441818237304688e-03,-8.732317686080932617e-01
9.921099245548248291e-02,-3.809237480163574219e-02,-6.821990609169006348e-01
4.452392458915710449e-02,-2.724773809313774109e-02,-8.090283870697021484e-01
1.812829971313476562e-01,-3.863811492919921875e-03,-4.305795133113861084e-01
-3.099548257887363434e-02,8.315107226371765137e-02,-7.810635566711425781e-01
-2.243423461914062500e-02,2.000099867582321167e-01,-5.420257449150085449e-01
1.952865123748779297e-01,3.745540082454681396e-01,4.205077886581420898e-02
1.176229864358901978e-01,-3.502753078937530518e-01,-1.012167930603027344e-01
1.673855483531951904e-01,-1.158137544989585876e-01,7.053724527359008789e-01
3.083171546459197998e-01,2.626399993896484375e-01,2.418072521686553955e-01
-5.309493467211723328e-02,3.033151626586914062e-01,3.592633008956909180e-01
9.989646077156066895e-02,-2.108240127563476562e-02,-5.698727369308471680e-01
1.836585998535156250e-01,7.466252148151397705e-02,-4.518176317214965820e-01
3.005308210849761963e-01,3.191449642181396484e-01,3.964660689234733582e-02
-8.071279525756835938e-02,2.739979326725006104e-01,-1.994265764951705933e-01
2.548452615737915039e-01,3.531644046306610107e-01,-8.142805099487304688e-02
-5.179481953382492065e-02,3.571047782897949219e-01,1.099554449319839478e-01
-8.636444061994552612e-02,-1.894695311784744263e-01,-8.270642757415771484e-01
-1.822097301483154297e-01,1.871115714311599731e-01,4.066982865333557129e-01
1.675018668174743652e-02,-4.206602573394775391e-01,6.050445511937141418e-02
-1.444568485021591187e-01,-5.915999412536621094e-02,-8.023330569267272949e-01
-6.481862068176269531e-02,1.177891865372657776e-01,-5.600183010101318359e-01
1.836413741111755371e-01,2.860546112060546875e-02,-6.418194174766540527e-01
-2.153525948524475098e-01,7.598233222961425781e-02,5.660949349403381348e-01
-2.685705423355102539e-01,-2.881147861480712891e-01,-5.865417420864105225e-02
1.682808697223663330e-01,-1.828935146331787109e-01,4.183929413557052612e-02
2.413604594767093658e-02,7.652366161346435547e-02,-9.180191755294799805e-01
-2.085578143596649170e-01,-1.524817943572998047e-01,4.934439063072204590e-01
1.958120614290237427e-01,2.704026699066162109e-01,4.136338233947753906e-01
2.593348026275634766e-01,-7.222323864698410034e-02,1.898776143789291382e-01
-1.679623425006866455e-01,-3.299769163131713867e-01,-2.402210235595703125e-01
-1.281146556138992310e-01,-2.303662300109863281e-01,-4.431817531585693359e-01
1.457579135894775391e-01,-2.282835096120834351e-01,1.476266384124755859e-01
1.783897876739501953e-01,-1.498192399740219116e-01,-2.425640821456909180e-01
1.947863101959228516e-01,2.987670302391052246e-01,3.536547720432281494e-01
-2.322292327880859375e-02,2.805090248584747314e-01,5.507878065109252930e-01
1.386993378400802612e-01,-2.728008292615413666e-02,-8.069144487380981445e-01
2.488715648651123047e-01,1.073421685759967659e-06,-3.106536865234375000e-01
-2.064952105283737183e-01,3.938585564355889801e-07,7.543460130691528320e-01
-1.808745861053466797e-01,-2.626540362834930420e-01,-3.484808206558227539e-01
-1.440055370330810547e-01,-1.901957094669342041e-01,-5.983764529228210449e-01
2.292963415384292603e-01,3.183894157409667969e-01,-1.796762049198150635e-01
-2.713752388954162598e-01,-2.650170326232910156e-01,2.410464435815811157e-01
-2.220394611358642578e-01,-1.838961541652679443e-01,3.997094631195068359e-01
3.193591237068176270e-01,1.118072122335433960e-01,-1.884958744049072266e-01
1.291755586862564087e-01,-1.761844605207443237e-01,6.830766201019287109e-01
-2.094531059265136719e-01,-3.344691097736358643e-01,-1.638024896383285522e-01
-1.277775764465332031e-01,-1.915057301521301270e-01,-6.874343752861022949e-01
-9.521743655204772949e-02,-1.791517734527587891e-01,6.524884700775146484e-01
1.901130676269531250e-01,2.239825129508972168e-01,-3.728402554988861084e-01
-3.065359592437744141e-01,-1.060973778367042542e-01,2.844720482826232910e-01
