7.796050608158111572e-02,-2.588548883795738220e-02,-8.934707641601562500e-01
-4.664138704538345337e-02,3.892060362886695657e-07,8.976622819900512695e-01
-4.975232109427452087e-02,4.416084289550781250e-01,-8.556518703699111938e-03
1.506994366645812988e-01,-4.249806404113769531e-01,1.298513710498809814e-01
-1.876249313354492188e-01,-1.118490770459175110e-01,-3.194787502288818359e-01
2.502923309803009033e-01,1.186311244964599609e-01,3.914990127086639404e-01
-2.597646713256835938e-01,-3.609509393572807312e-02,2.147982716560363770e-01
2.632603049278259277e-01,-4.756689071655273438e-03,-1.221984848380088806e-01
1.797642745077610016e-02,-2.684860229492187500e-01,5.452465415000915527e-01
1.834825426340103149e-02,2.223463058471679688e-01,-5.231969952583312988e-01
-1.265638470649719238e-01,2.578279972076416016e-01,5.487051010131835938e-01
1.455349922180175781e-01,-1.519394516944885254e-01,-5.144924521446228027e-01
8.627401292324066162e-02,-3.591220378875732422e-01,-2.233978211879730225e-01
-2.517089843750000000e-01,1.815010011196136475e-01,-1.345092803239822388e-01
-1.855197101831436157e-01,-2.838689386844635010e-01,6.427764892578125000e-03
2.083262652158737183e-01,4.301085709812468849e-07,6.960334777832031250e-01
-2.478694915771484375e-01,-3.628675267100334167e-02,6.035345196723937988e-01
2.675476074218750000e-01,-2.164739370346069336e-01,3.412444889545440674e-01
8.423980325460433960e-02,3.611408770084381104e-01,2.778141498565673828e-01
-2.707267403602600098e-01,2.703628540039062500e-01,1.651870757341384888e-01
1.615150272846221924e-01,2.760581970214843750e-01,-1.826391518115997314e-01
-1.885025501251220703e-01,1.118066459894180298e-01,-8.678020834922790527e-01
3.314445018768310547e-01,-2.810554504394531250e-01,-5.756347626447677612e-02
-1.240703240036964417e-01,-3.020138740539550781e-01,2.851788401603698730e-01
2.372994422912597656e-01,1.460160464048385620e-01,1.163101196289062500e-01
-8.944824337959289551e-02,3.215636014938354492e-01,-2.978317737579345703e-01
-6.740546226501464844e-02,-1.176640689373016357e-01,-6.743170022964477539e-01
1.345313936471939087e-01,2.443571388721466064e-01,6.145981550216674805e-01
9.239268302917480469e-02,2.072982788085937500e-01,-7.744705080986022949e-01
1.695213317871093750e-01,7.511820644140243530e-02,-3.746026456356048584e-01
-2.051887512207031250e-01,1.109995320439338684e-01,-4.215377569198608398e-01
-2.263963222503662109e-01,-3.663273528218269348e-02,-3.464996442198753357e-02
-2.933624200522899628e-02,-2.353678196668624878e-01,-8.881280422210693359e-01
2.661039829254150391e-01,-1.441588252782821655e-01,-3.089169263839721680e-01
-2.496421337127685547e-01,1.088493168354034424e-01,3.940454125404357910e-01
2.677738666534423828e-01,-7.195123285055160522e-02,1.642581075429916382e-01
1.568877249956130981e-01,3.397727012634277344e-01,3.900634497404098511e-02
-5.368972197175025940e-02,-2.787346839904785156e-01,-3.822698891162872314e-01
1.703158915042877197e-01,-1.548767089843750000e-01,-7.359942197799682617e-01
2.441179156303405762e-01,-1.773712635040283203e-01,5.706170797348022461e-01
-1.123544275760650635e-01,-1.737398654222488403e-01,7.082803249359130859e-01
8.651269972324371338e-02,-3.532052040100097656e-01,3.268844485282897949e-01
-1.412048339843750000e-01,1.140944063663482666e-01,-6.538598537445068359e-01
-1.219557449221611023e-01,3.394658565521240234e-01,3.292327821254730225e-01
-2.083680331707000732e-01,-1.546180248260498047e-01,4.118209779262542725e-01
-5.873779207468032837e-02,-3.252129629254341125e-02,-4.815812110900878906e-01
1.699800975620746613e-02,-3.899424076080322266e-01,-3.215454146265983582e-02
-1.272610574960708618e-01,-2.454884052276611328e-01,-1.849572658538818359e-01
1.031854152679443359e-01,1.142890255323436577e-06,-6.351125836372375488e-01
3.170535564422607422e-01,1.040909978655690793e-06,5.333622694015502930e-01
-2.155642509460449219e-01,3.335767388343811035e-01,-9.594116359949111938e-03
-9.377823024988174438e-02,1.177293881773948669e-01,6.756308078765869141e-01
2.835109233856201172e-01,-2.872672975063323975e-01,1.394967585802078247e-01
-2.927269935607910156e-01,1.067653074860572815e-01,6.429992616176605225e-02
6.865737587213516235e-02,-1.181641295552253723e-01,6.689599752426147461e-01
-4.987910017371177673e-02,4.363632202148437500e-01,1.748364269733428955e-01
1.757526770234107971e-02,3.182842731475830078e-01,4.568078517913818359e-01
9.041462838649749756e-02,2.563896179199218750e-01,-3.607446253299713135e-01
-1.092712394893169403e-02,1.269506365060806274e-01,-9.274600744247436523e-01
-5.078502371907234192e-02,-3.988823890686035156e-01,1.545754969120025635e-01
1.961922645568847656e-01,1.486687511205673218e-01,-6.077240034937858582e-02
1.699016243219375610e-02,3.909168243408203125e-01,-1.727566421031951904e-01
-6.087492406368255615e-02,1.854586601257324219e-02,-7.885754108428955078e-01
-2.489666938781738281e-01,3.626907244324684143e-02,-2.347323596477508545e-01
2.503635883331298828e-01,-2.915639281272888184e-01,-2.111352533102035522e-01
-2.049996852874755859e-01,3.910059263034781907e-07,7.669894695281982422e-01
1.618763953447341919e-01,-2.710824012756347656e-01,-3.590347170829772949e-01
-2.297849953174591064e-01,1.250988692045211792e-01,5.614482164382934570e-01
-2.540729045867919922e-01,-1.813101768493652344e-01,1.155831888318061829e-01
1.823003403842449188e-02,-2.370045185089111328e-01,-5.729113817214965820e-01
1.615708172321319580e-01,-2.752900123596191406e-01,4.670220911502838135e-01
6.765014678239822388e-02,1.164296865463256836e-01,6.957736015319824219e-01
2.210692614316940308e-01,-3.966646194458007812e-01,-3.222747892141342163e-02
2.773339748382568359e-01,1.434325128793716431e-01,5.968000888824462891e-01
1.716041564941406250e-01,2.257772833108901978e-01,2.767123281955718994e-01
3.437178134918212891e-01,-1.391502022743225098e-01,1.496520917862653732e-02
-5.483442544937133789e-02,2.313644886016845703e-01,-7.103264927864074707e-01
7.813978195190429688e-02,7.806369662284851074e-02,-5.003335475921630859e-01
-1.227004528045654297e-01,-1.919155865907669067e-01,5.548055768013000488e-01
-1.685235500335693359e-01,3.404456973075866699e-01,-1.667297333478927612e-01
-2.393419742584228516e-01,1.824993491172790527e-01,-2.874105870723724365e-01
2.685868740081787109e-01,-7.192502170801162720e-02,3.904745280742645264e-01
8.176696300506591797e-02,4.017886681140225846e-07,8.150607347488403320e-01
1.718430519104003906e-01,2.257540971040725708e-01,4.627453386783599854e-01
3.194444179534912109e-01,-1.407166570425033569e-01,-1.546215713024139404e-01
-1.276562213897705078e-01,2.384779453277587891e-01,-4.155981242656707764e-01
1.027472019195556641e-01,1.546989381313323975e-01,-6.365503072738647461e-01
2.244498729705810547e-01,7.334770262241363525e-02,2.437588423490524292e-01
-5.427876487374305725e-02,-2.543535232543945312e-01,4.185806214809417725e-01
-2.728338241577148438e-01,1.077275574207305908e-01,2.387307733297348022e-01
2.479317188262939453e-01,1.073869839274266269e-06,4.055786132812500000e-02
-3.058792091906070709e-02,1.093773022294044495e-01,8.050737380981445312e-01
1.846252568066120148e-02,-2.081439495086669922e-01,-7.453951835632324219e-01
-2.007230520248413086e-01,2.406589984893798828e-01,4.226684570312500000e-01
1.912086009979248047e-01,1.489903479814529419e-01,-2.412246614694595337e-01
-2.045283317565917969e-01,-1.853098273277282715e-01,2.724093496799468994e-01
-1.948364526033401489e-01,-3.069231510162353516e-01,1.619290113449096680e-01
-1.543455123901367188e-01,-1.134588047862052917e-01,-1.400427222251892090e-01
-6.527352333068847656e-02,-1.177671998739242554e-01,-8.227398395538330078e-01
2.185113430023193359e-01,-7.353911548852920532e-02,-4.188186526298522949e-01
2.455608844757080078e-01,1.075000341188570019e-06,-2.856906056404113770e-01
8.403421193361282349e-02,4.147176742553710938e-01,-5.493835359811782837e-02
1.432776451110839844e-01,1.123772790379007347e-06,-7.664669752120971680e-01
2.286476343870162964e-01,-3.245661258697509766e-01,2.587442100048065186e-01
-1.311401370912790298e-02,2.433685958385467529e-01,6.222316026687622070e-01
8.434858918190002441e-02,4.069163799285888672e-01,1.307437121868133545e-01
-1.038728281855583191e-01,-1.071760356426239014e-01,8.392575979232788086e-01
-2.542366981506347656e-01,-3.618415817618370056e-02,3.672305345535278320e-01
9.436188638210296631e-02,-1.584224700927734375e-01,-8.787810802459716797e-01
-1.324295997619628906e-01,1.911301910877227783e-01,-5.456030368804931641e-01
-5.604681000113487244e-02,-1.811878681182861328e-01,-4.789361357688903809e-01
-1.893091499805450439e-01,3.691325187683105469e-01,1.335195899009704590e-01
-2.275695800781250000e-01,2.573656141757965088e-01,2.962509095668792725e-01
1.820008754730224609e-01,3.004235327243804932e-01,1.719070374965667725e-01
-2.315765321254730225e-01,-1.151247248053550720e-01,7.160360813140869141e-01
-2.750220298767089844e-01,-3.584926202893257141e-02,8.943755924701690674e-02
-5.245706811547279358e-02,-3.297054767608642578e-01,-1.294598430395126343e-01
-2.747404873371124268e-01,2.373075485229492188e-01,4.104858264327049255e-02
-1.436762064695358276e-01,4.532766342163085938e-02,-5.264043807983398438e-01
-5.568967759609222412e-02,1.959519386291503906e-01,-8.352361917495727539e-01
2.539398148655891418e-02,-1.073146611452102661e-01,8.371469974517822266e-01
-1.034658774733543396e-01,-3.719564676284790039e-01,4.727482795715332031e-02
-5.284627154469490051e-02,-3.136191368103027344e-01,-2.525555491447448730e-01
-1.086273137480020523e-02,-1.262060403823852539e-01,-9.366830587387084961e-01
5.939361453056335449e-02,3.259933888912200928e-01,-2.675061225891113281e-01
-1.567382737994194031e-02,-3.630363047122955322e-01,2.661776542663574219e-01
-2.297312468290328979e-01,8.584594726562500000e-02,-6.833892315626144409e-02
1.887074261903762817e-01,1.165535151958465576e-01,6.938565969467163086e-01
1.924140900373458862e-01,-1.188438609242439270e-01,6.584080457687377930e-01
1.530704498291015625e-01,-3.923335075378417969e-01,-1.260183751583099365e-01
1.411318778991699219e-01,-2.287320643663406372e-01,5.790487527847290039e-01
8.645725250244140625e-02,7.779560238122940063e-02,-8.449737429618835449e-01
5.742858722805976868e-02,-3.152105212211608887e-01,-3.413505554199218750e-01
1.021008938550949097e-01,-3.360176086425781250e-02,-4.943402111530303955e-01
9.188638627529144287e-02,-2.198448181152343750e-01,-6.591467261314392090e-01
-2.088634967803955078e-01,-1.490409374237060547e-01,-3.596527129411697388e-02
-1.777950972318649292e-01,-3.381801396608352661e-02,-4.011709690093994141e-01
-1.178185939788818359e-01,1.152255907654762268e-01,-7.756527662277221680e-01
1.843893527984619141e-01,3.001145422458648682e-01,-6.146728247404098511e-02
-2.096377015113830566e-01,-1.403267383575439453e-01,6.067083477973937988e-01
2.417595237493515015e-01,-1.998097896575927734e-01,4.575590491294860840e-01
2.104377746582031250e-01,2.220117151737213135e-01,4.142669588327407837e-02
8.480250090360641479e-02,-3.956370353698730469e-01,2.254870533943176270e-01
-1.290937066078186035e-01,-2.130217552185058594e-01,3.485009670257568359e-01
-5.403089523315429688e-02,-3.940991312265396118e-02,-5.905279517173767090e-01
2.914059162139892578e-01,1.425244659185409546e-01,4.890441894531250000e-01
-1.296845078468322754e-01,-2.025551795959472656e-01,-3.958938419818878174e-01
9.057337790727615356e-02,-2.524271011352539062e-01,-4.385320842266082764e-01
2.808544635772705078e-01,-1.432069540023803711e-01,2.630435228347778320e-01
1.837925910949707031e-01,7.465820014476776123e-02,-1.381948888301849365e-01
-2.354056835174560547e-01,3.648757562041282654e-02,5.004682540893554688e-01
-1.219258084893226624e-01,5.340771004557609558e-02,8.431439399719238281e-01
3.001803457736968994e-01,-3.216900825500488281e-01,3.960052505135536194e-02
1.138153076171875000e-01,3.092612922191619873e-01,3.660769462585449219e-01
-2.173507213592529297e-01,2.585229575634002686e-01,-2.138150036334991455e-01
-1.151834055781364441e-01,7.566513866186141968e-02,-9.357641935348510742e-01
-2.178026288747787476e-01,4.841113090515136719e-02,6.594883799552917480e-01
-1.181410923600196838e-01,4.070451259613037109e-01,-1.017105057835578918e-01
2.657890319824218750e-01,-7.201521098613739014e-02,5.989655852317810059e-01
-5.092914775013923645e-02,3.929352760314941406e-01,2.730273306369781494e-01
-1.170474663376808167e-01,4.264192581176757812e-01,8.347351104021072388e-02
1.825443655252456665e-02,2.339751720428466797e-01,-6.274307370185852051e-01
2.660903930664062500e-01,1.065211108652874827e-06,3.145864903926849365e-01
-1.920926272869110107e-01,3.378036022186279297e-01,2.324078381061553955e-01
1.596658229827880859e-01,-1.510275453329086304e-01,-6.214364767074584961e-01
3.160543441772460938e-01,-7.039501518011093140e-02,-5.752075091004371643e-02
-2.175445556640625000e-01,-1.104018762707710266e-01,5.049397349357604980e-01
1.065240427851676941e-01,4.258877197571564466e-07,7.138786315917968750e-01
-1.772236824035644531e-01,1.875140517950057983e-01,6.244105100631713867e-01
-1.703517436981201172e-01,2.638458609580993652e-01,-3.235446214675903320e-01
1.562278270721435547e-01,-7.554668188095092773e-02,-8.498296737670898438e-01
-2.449076175689697266e-01,3.633446246385574341e-02,-3.367501795291900635e-01
8.370726555585861206e-02,-4.228153228759765625e-01,3.743896260857582092e-02
1.076548099517822266e-01,1.543822288513183594e-01,-4.398538172245025635e-01
-3.010597229003906250e-01,1.775169521570205688e-01,1.376910358667373657e-01
-1.275466848164796829e-02,-1.777493208646774292e-01,6.669684648513793945e-01
-1.268620491027832031e-01,-2.525570392608642578e-01,-2.852572500705718994e-01
-1.271800398826599121e-01,-2.469236850738525391e-01,-8.443847298622131348e-02
2.268109321594238281e-01,-3.694308102130889893e-01,1.693789660930633545e-01
3.225905895233154297e-01,-2.111365795135498047e-01,8.792449533939361572e-02
-1.998338699340820312e-01,-3.706071153283119202e-02,-1.884271204471588135e-01
2.202386409044265747e-01,-1.699704676866531372e-01,-3.945426940917968750e-01
-1.297077387571334839e-01,-2.021434307098388672e-01,4.553144872188568115e-01
1.722288131713867188e-02,3.620278835296630859e-01,3.495703041553497314e-01
2.849266529083251953e-01,-7.139835506677627563e-02,-2.310723811388015747e-01
8.922097831964492798e-02,2.860095500946044922e-01,5.154356360435485840e-01
2.121829986572265625e-01,-2.965123653411865234e-01,3.509860038757324219e-01
2.767652869224548340e-01,5.971655249595642090e-02,6.473590135574340820e-01
-5.560165271162986755e-02,-2.456083446741104126e-01,6.049335002899169922e-01
3.075193762779235840e-01,4.751566797494888306e-02,4.490253925323486328e-01
-2.495141029357910156e-01,1.816781759262084961e-01,-3.440490737557411194e-02
1.760884560644626617e-02,-3.141322135925292969e-01,3.823187053203582764e-01
-1.209556385874748230e-01,-3.571925163269042969e-01,2.057571411132812500e-01
-1.330900192260742188e-01,-1.144869402050971985e-01,-4.347817897796630859e-01
1.661195792257785797e-02,4.378199577331542969e-01,6.000518798828125000e-02
1.583639681339263916e-01,-3.194456100463867188e-01,-2.770553529262542725e-01
-5.350061878561973572e-02,2.865583896636962891e-01,-3.809234499931335449e-01
1.171259880065917969e-01,7.680706679821014404e-02,-7.173559665679931641e-01
-2.040491700172424316e-01,2.032144069671630859e-01,5.095155239105224609e-01
-1.244804561138153076e-01,2.947390079498291016e-01,4.369668364524841309e-01
2.220589071512222290e-01,-3.872489929199218750e-01,6.181335449218750000e-02
2.316238284111022949e-01,-2.500001788139343262e-01,-2.926132678985595703e-01
1.517047882080078125e-01,-7.569246739149093628e-02,-5.671673417091369629e-01
2.141122817993164062e-01,7.368090003728866577e-02,-9.504394605755805969e-03
1.728444099426269531e-01,-7.501108199357986450e-02,-6.725369095802307129e-01
-2.479960918426513672e-01,3.628471121191978455e-02,2.917608618736267090e-01
-1.312391757965087891e-01,1.750009059906005859e-01,-9.027981162071228027e-01
-2.891659736633300781e-02,-1.994866579771041870e-01,-6.569228768348693848e-01
-2.849714756011962891e-01,3.568895161151885986e-02,1.629293859004974365e-01
2.490527331829071045e-01,-3.451373279094696045e-01,-1.363999843597412109e-01
4.294067248702049255e-02,1.835661679506301880e-01,-8.792141675949096680e-01
-8.773612976074218750e-02,-1.166806742548942566e-01,-5.547479391098022461e-01
-1.062147617340087891e-01,3.856911510229110718e-02,-6.915231347084045410e-01
1.957328319549560547e-01,2.234375774860382080e-01,-1.123260483145713806e-01
2.820305824279785156e-01,-7.149170339107513428e-02,4.903550744056701660e-01
-2.532515525817871094e-01,-1.086747348308563232e-01,4.050964117050170898e-02
6.909789983183145523e-03,-2.678844146430492401e-02,-8.377157449722290039e-01
-2.104897499084472656e-01,-1.107431128621101379e-01,3.227935731410980225e-01
-5.511806532740592957e-02,2.196125984191894531e-01,-4.709997475147247314e-01
-2.658600807189941406e-01,3.599687665700912476e-02,1.547546312212944031e-02
-2.408561706542968750e-01,2.558608353137969971e-01,-8.507140725851058960e-02
2.979128360748291016e-01,-7.097975909709930420e-02,6.410735845565795898e-02
-5.475008860230445862e-02,2.348537445068359375e-01,-5.736047029495239258e-01
2.946736812591552734e-01,-2.138436138629913330e-01,-2.062228322029113770e-01
1.593248844146728516e-01,2.269679605960845947e-01,-2.715673744678497314e-01
2.416764646768569946e-01,2.006056308746337891e-01,5.378304719924926758e-01
1.986672878265380859e-01,1.485090255737304688e-01,3.247555494308471680e-01
-2.590029239654541016e-01,1.809121519327163696e-01,3.420605361461639404e-01
9.169700741767883301e-02,-2.245509624481201172e-01,-5.230978131294250488e-01
2.503387443721294403e-02,5.292479693889617920e-02,8.582662343978881836e-01
-4.463481903076171875e-02,-3.956130519509315491e-02,-7.093124389648437500e-01
-5.236418917775154114e-02,3.335640430450439453e-01,4.038162231445312500e-01
-2.541980743408203125e-01,1.086289659142494202e-01,-1.841647326946258545e-01
-5.342372879385948181e-02,-2.897286415100097656e-01,3.363751173019409180e-01
2.198688983917236328e-01,2.210972011089324951e-01,1.684826612472534180e-01
-2.213890552520751953e-01,-3.671341016888618469e-02,-2.887911796569824219e-01
-2.617712020874023438e-01,-1.082626432180404663e-01,1.648068130016326904e-01
2.879378795623779297e-01,-2.144967615604400635e-01,1.882351636886596680e-01
-5.153164640069007874e-02,3.680088520050048828e-01,-2.223550379276275635e-01
1.642822027206420898e-01,2.379598617553710938e-01,3.708181679248809814e-01
8.833280205726623535e-02,-3.080329895019531250e-01,4.339941442012786865e-01
1.507472991943359375e-02,1.184904704132350162e-06,-5.130956768989562988e-01
9.258805960416793823e-02,-2.024395465850830078e-01,-8.046038746833801270e-01
-1.291129589080810547e-01,3.820017725229263306e-02,-8.593264818191528320e-01
3.369736671447753906e-01,-2.097418755292892456e-01,-1.054409742355346680e-01
-1.666915416717529297e-01,-1.883642971515655518e-01,-2.440716475248336792e-01
1.682105660438537598e-02,4.119088649749755859e-01,2.235693335533142090e-01
-1.686065644025802612e-02,4.291784167289733887e-01,-1.036789417266845703e-01
-2.042401432991027832e-01,2.010691165924072266e-01,-3.707943558692932129e-01
1.551029682159423828e-01,-3.643474578857421875e-01,2.773797512054443359e-01
-5.868959426879882812e-02,-1.970831304788589478e-01,-5.625964403152465820e-01
-1.182186827063560486e-01,3.051427565515041351e-02,-6.062054634094238281e-01
1.910307407379150391e-01,7.442489266395568848e-02,-2.927526831626892090e-01
1.317321807146072388e-01,-1.796713769435882568e-01,6.471174955368041992e-01
-1.171784400939941406e-01,1.923614144325256348e-01,-6.334591507911682129e-01
1.814723312854766846e-01,1.260757446289062500e-03,-4.310287237167358398e-01
1.722121611237525940e-02,-3.622345924377441406e-01,-1.751061975955963135e-01
-9.219717979431152344e-02,-1.943781226873397827e-01,-8.452675938606262207e-01
1.304144263267517090e-01,1.778739690780639648e-01,6.656529903411865234e-01
-2.695188820362091064e-01,2.199077159166336060e-01,2.321622371673583984e-01
1.681213639676570892e-02,-4.129700660705566406e-01,1.070608496665954590e-01
-5.347326770424842834e-02,2.876517772674560547e-01,4.890014529228210449e-01
8.433499187231063843e-02,-4.072382450103759766e-01,-7.836914062500000000e-02
1.817958056926727295e-02,2.432844638824462891e-01,-7.617208957672119141e-01
1.832876726984977722e-02,-2.247478961944580078e-01,-4.698168933391571045e-01
-2.288792133331298828e-01,-2.572172582149505615e-01,9.186401218175888062e-02
-2.263069152832031250e-01,3.663416206836700439e-02,-1.356054693460464478e-01
8.020114898681640625e-02,1.561538577079772949e-01,-5.287688970565795898e-01
-1.186325177550315857e-01,3.983395099639892578e-01,2.018060237169265747e-01
7.650909479707479477e-03,1.776706129312515259e-01,6.677701473236083984e-01
9.297037124633789062e-02,7.758564502000808716e-02,-5.813531279563903809e-01
-2.352983951568603516e-01,-1.095431372523307800e-01,2.427542060613632202e-01
1.399922370910644531e-01,3.058679997920989990e-01,2.547885179519653320e-01
2.474539279937744141e-01,1.074097667697060388e-06,2.159506231546401978e-01
1.803155615925788879e-02,2.616424560546875000e-01,-4.107006788253784180e-01
1.869232654571533203e-01,-7.455728203058242798e-02,-7.526629567146301270e-01
-1.900353431701660156e-01,-2.616165280342102051e-01,2.488979995250701904e-01
-2.546429634094238281e-01,-3.617761656641960144e-02,4.701792895793914795e-01
1.789124682545661926e-02,-2.790598869323730469e-01,4.650210440158843994e-01
2.635717988014221191e-01,-7.720232009887695312e-03,-3.842345997691154480e-02
1.786544322967529297e-01,1.498004943132400513e-01,-3.210101127624511719e-01
-1.654014587402343750e-01,-3.409016728401184082e-01,9.482666105031967163e-02
9.724502265453338623e-02,-2.576048374176025391e-01,5.123903751373291016e-01
2.451162338256835938e-01,7.268155366182327271e-02,1.659255921840667725e-01
-1.541748046875000000e-01,1.134670525789260864e-01,-4.849401712417602539e-01
-1.797502040863037109e-01,-1.122299805283546448e-01,-2.162090986967086792e-01
-1.233201920986175537e-01,-3.153033256530761719e-01,-3.334381058812141418e-02
-1.570830345153808594e-01,-3.774951770901679993e-02,-1.136917099356651306e-01
3.022265434265136719e-01,-2.848422229290008545e-01,-1.321566700935363770e-01
-1.740759164094924927e-01,3.311067447066307068e-02,-4.450702667236328125e-01
1.517913341522216797e-01,-1.515357196331024170e-01,-8.233831524848937988e-01
1.204540953040122986e-01,1.369735300540924072e-01,-8.032999038696289062e-01
-1.580212116241455078e-01,1.132810115814208984e-01,-5.660092234611511230e-01
2.267222404479980469e-01,1.083983306671143509e-06,-3.652181923389434814e-01
-1.644903570413589478e-01,-1.104933843016624451e-01,7.878093719482421875e-01
1.139627024531364441e-01,3.393761813640594482e-01,-1.758570671081542969e-01
-2.172448635101318359e-01,-3.678018227219581604e-02,2.957449257373809814e-01
-1.903281956911087036e-01,3.576638698577880859e-01,-8.047638088464736938e-02
-1.670408248901367188e-01,-1.883360892534255981e-01,-3.229937553405761719e-01
1.846077665686607361e-02,-2.083103656768798828e-01,-8.305404186248779297e-01
-5.437133088707923889e-02,-2.504961490631103516e-01,4.972140491008758545e-01
-5.191490426659584045e-02,-3.521521091461181641e-01,-3.273864835500717163e-02
-2.208664417266845703e-01,1.102412119507789612e-01,4.777476489543914795e-01
1.971604824066162109e-01,1.486062556505203247e-01,-1.632925420999526978e-01
-8.150970190763473511e-02,-1.788193136453628540e-01,-9.211010932922363281e-01
2.189233303070068359e-01,1.472018808126449585e-01,2.191406190395355225e-01
2.147748470306396484e-01,1.474695950746536255e-01,1.586028933525085449e-02
-2.555236816406250000e-01,1.085648313164710999e-01,-3.100979626178741455e-01
8.433876931667327881e-02,4.071600437164306641e-01,3.772094473242759705e-02
-1.525634713470935822e-02,3.182760179042816162e-01,-3.203625679016113281e-01
2.172341942787170410e-01,1.815564185380935669e-01,6.276634931564331055e-01
2.547843456268310547e-01,1.070602252184471581e-06,-2.089727669954299927e-01
1.904423236846923828e-01,7.444385439157485962e-02,-2.150729298591613770e-01
2.429351806640625000e-01,7.275184988975524902e-02,6.570769846439361572e-02
2.027783393859863281e-01,2.227544188499450684e-01,-3.516967594623565674e-02
2.573490142822265625e-01,-7.228726148605346680e-02,-3.350225687026977539e-01
-2.233457565307617188e-01,3.324406445026397705e-01,6.694610416889190674e-02
1.195497512817382812e-01,1.536146253347396851e-01,-7.177441120147705078e-01
3.005840778350830078e-01,-1.419337242841720581e-01,1.130572482943534851e-01
-2.438523769378662109e-01,-1.821351945400238037e-01,1.917120367288589478e-01
-2.538194656372070312e-01,3.619088232517242432e-02,4.186126589775085449e-01
2.777850627899169922e-01,-1.434050202369689941e-01,3.640884459018707275e-01
1.743876934051513672e-02,-3.352286815643310547e-01,-2.743362486362457275e-01
1.788339391350746155e-02,2.800347805023193359e-01,5.424246191978454590e-01
2.595732212066650391e-01,1.068318738361995202e-06,1.398339867591857910e-01
-2.669510841369628906e-01,1.080120950937271118e-01,3.148333728313446045e-01
-9.659301489591598511e-02,-1.817400455474853516e-01,6.257969141006469727e-01
2.329630851745605469e-01,7.307329028844833374e-02,3.194177150726318359e-01
1.513626873493194580e-01,-4.158482551574707031e-01,-8.683776482939720154e-03
2.856757640838623047e-01,-7.137420028448104858e-02,2.869909703731536865e-01
-2.487335205078125000e-01,1.817411929368972778e-01,-2.102175801992416382e-01
1.784093119204044342e-02,-2.853057384490966797e-01,-4.063589274883270264e-01
8.509145677089691162e-02,3.884823322296142578e-01,-1.260189861059188843e-01
1.483389288187026978e-01,-5.834408476948738098e-02,6.899690628051757812e-01
8.524245768785476685e-02,3.847291469573974609e-01,2.029547095298767090e-01
6.716155912727117538e-03,-5.206175521016120911e-02,8.851562738418579102e-01
4.201873764395713806e-02,7.711546123027801514e-02,-9.058856964111328125e-01
1.652193069458007812e-01,-2.250492572784423828e-01,-4.185009598731994629e-01
3.166565895080566406e-01,7.037560641765594482e-02,5.594593882560729980e-01
2.896026521921157837e-02,-2.442675381898880005e-01,6.152951717376708984e-01
1.266334056854248047e-01,7.650060951709747314e-02,-4.356848001480102539e-01
3.396899700164794922e-01,-1.394101530313491821e-01,-8.100128173828125000e-02
-2.420697212219238281e-01,-1.822791248559951782e-01,4.079589620232582092e-02
3.053307533264160156e-01,-7.074066996574401855e-02,-1.309432983398437500e-01
3.521354198455810547e-01,-2.082717269659042358e-01,-3.288299590349197388e-02
-1.216562613844871521e-01,3.447711467742919922e-01,-2.250704914331436157e-01
1.858658790588378906e-01,2.999231219291687012e-01,9.378723055124282837e-02
-1.980051994323730469e-01,3.709017485380172729e-02,5.896328687667846680e-01
1.448284834623336792e-01,3.509130477905273438e-01,-9.685850143432617188e-02
8.845356851816177368e-02,3.050522804260253906e-01,4.345843493938446045e-01
1.554965972900390625e-01,-3.589272499084472656e-01,-1.998043805360794067e-01
-1.446871757507324219e-01,-1.901406794786453247e-01,-1.409121602773666382e-01
-1.969389319419860840e-01,2.832515239715576172e-01,3.638662695884704590e-01
-2.860751152038574219e-01,3.567117080092430115e-02,8.899322152137756348e-02
8.522869646549224854e-02,-3.850550651550292969e-01,-1.497793495655059814e-01
2.646272182464599609e-01,1.065908804775972385e-06,3.909643590450286865e-01
2.805919647216796875e-01,-2.152090668678283691e-01,2.637597620487213135e-01
1.629364937543869019e-01,2.564857006072998047e-01,5.496046543121337891e-01
-2.642312049865722656e-01,1.081436574459075928e-01,-9.302062913775444031e-03
1.695421710610389709e-02,-3.953788280487060547e-01,2.017758190631866455e-01
2.430927753448486328e-01,1.871247291564941406e-01,4.600823819637298584e-01
1.526231318712234497e-01,-3.984928131103515625e-01,2.020013332366943359e-01
2.777531147003173828e-01,-1.434070616960525513e-01,1.886105239391326904e-01
-2.963395118713378906e-01,1.065905764698982239e-01,1.622616499662399292e-01
-1.172572374343872070e-01,4.227035045623779297e-01,-3.170440718531608582e-02
1.708972454071044922e-02,-3.785574436187744141e-01,-1.029342636466026306e-01
2.951605319976806641e-01,-1.422837674617767334e-01,-2.303637713193893433e-01
-9.598255157470703125e-02,1.940724849700927734e-01,-7.549438476562500000e-01
-1.781755089759826660e-01,1.196846440434455872e-01,6.453440189361572266e-01
2.978424131870269775e-01,-3.386538028717041016e-01,-3.324615582823753357e-02
-4.955584928393363953e-02,4.497370719909667969e-01,1.052023321390151978e-01
8.362660557031631470e-02,-4.248168468475341797e-01,1.527468860149383545e-01
8.291442692279815674e-02,2.753034792840480804e-02,-7.913861274719238281e-01
1.660525985062122345e-02,4.386968612670898438e-01,1.516070514917373657e-01
1.659229770302772522e-02,4.403057098388671875e-01,-3.138702362775802612e-02
1.690016500651836395e-02,-4.020884037017822266e-01,3.778289631009101868e-02
2.368144690990447998e-01,-2.468640804290771484e-01,3.962420523166656494e-01
-5.078298598527908325e-02,-3.989670276641845703e-01,8.446899056434631348e-02
1.460490375757217407e-01,5.744338780641555786e-02,7.179117202758789062e-01
-2.902404777705669403e-02,-7.786384224891662598e-02,-8.903632164001464844e-01
1.507849693298339844e-01,-4.237992763519287109e-01,6.057006865739822388e-02
2.557456493377685547e-01,-1.448272913694381714e-01,4.969401359558105469e-01
1.775641441345214844e-01,-1.498725265264511108e-01,-4.537130594253540039e-01
-5.616175010800361633e-02,1.764206886291503906e-01,-9.010757207870483398e-01
1.284096240997314453e-01,3.854226469993591309e-01,-9.984740987420082092e-03
-1.605122387409210205e-01,4.209603332583355950e-07,8.257806301116943359e-01
-1.660113483667373657e-01,5.578671023249626160e-02,7.693154811859130859e-01
-1.200093999505043030e-01,-3.739559650421142578e-01,1.329061836004257202e-01
-6.137294694781303406e-02,3.916954994201660156e-02,-8.572814464569091797e-01
1.962481588125228882e-01,-1.816602051258087158e-01,6.265921592712402344e-01
4.164672642946243286e-02,-7.643284648656845093e-02,-9.199966192245483398e-01
-5.403987690806388855e-02,2.642202377319335938e-01,5.727654695510864258e-01
7.036071270704269409e-02,2.416893839836120605e-01,6.351768970489501953e-01
-1.012756302952766418e-01,-5.227530002593994141e-02,8.782888650894165039e-01
6.379961967468261719e-02,1.161670866167696659e-06,-5.595980882644653320e-01
2.667710781097412109e-01,-2.894368767738342285e-01,2.158892750740051270e-01
-2.149555087089538574e-01,-8.046293258666992188e-02,5.650485157966613770e-01
-2.948920726776123047e-01,1.780148595571517944e-01,6.437072902917861938e-02
-1.310948729515075684e-01,1.775572299957275391e-01,-4.803091287612915039e-01
1.833461783826351166e-02,2.240221500396728516e-01,-8.248465061187744141e-01
-1.153021231293678284e-01,1.782981306314468384e-01,6.612720489501953125e-01
-1.319628655910491943e-01,1.621825695037841797e-01,-8.193398714065551758e-01
1.586170196533203125e-01,-3.159615993499755859e-01,3.829922378063201904e-01
4.208526387810707092e-02,-1.799112856388092041e-01,-9.114850759506225586e-01
1.756553649902343750e-01,7.492049038410186768e-02,-6.121886894106864929e-02
-1.284320056438446045e-01,-3.315050899982452393e-02,-4.425938129425048828e-01
1.125030517578125000e-01,-7.681224495172500610e-02,-9.120184183120727539e-01
7.800048589706420898e-02,1.293593198060989380e-01,-8.976064920425415039e-01
2.117529213428497314e-01,-5.907389521598815918e-02,6.672768592834472656e-01
-2.264792919158935547e-01,3.319830298423767090e-01,1.689831465482711792e-01
6.207290664315223694e-02,-5.344361066818237305e-02,8.420748710632324219e-01
-5.604934692382812500e-02,-1.182133778929710388e-01,-7.362206578254699707e-01
-2.268095016479492188e-01,1.835110634565353394e-01,4.249694645404815674e-01
2.296244800090789795e-01,5.837557837367057800e-02,6.889724731445312500e-01
-1.277572661638259888e-01,2.366976737976074219e-01,6.074151396751403809e-01
-6.404876708984375000e-02,3.557012081146240234e-01,3.466769456863403320e-01
-2.265795916318893433e-01,-5.634976178407669067e-02,7.518032789230346680e-01
-1.652789115905761719e-01,1.884783506393432617e-01,-4.297616481781005859e-01
-2.442007064819335938e-01,2.554820179939270020e-01,-9.434203617274761200e-03
-4.592071473598480225e-02,7.624781876802444458e-02,-9.237076044082641602e-01
-7.116270065307617188e-02,-1.174823418259620667e-01,-9.118548631668090820e-01
8.915533125400543213e-02,2.876384258270263672e-01,-3.055517375469207764e-01
4.862853884696960449e-02,-1.782847791910171509e-01,6.614242792129516602e-01
-3.864955902099609375e-02,-3.965774551033973694e-02,-7.705419659614562988e-01
-2.702713608741760254e-01,2.741143703460693359e-01,9.011932462453842163e-02
-4.769668355584144592e-02,-1.055651754140853882e-01,8.641999959945678711e-01
1.579778194427490234e-01,-2.270985692739486694e-01,5.199395418167114258e-01
9.214106947183609009e-02,-2.135314941406250000e-01,-7.442224025726318359e-01
-5.362640321254730225e-02,1.778776496648788452e-01,6.655956506729125977e-01
-8.036651462316513062e-02,1.260673105716705322e-01,-9.384033679962158203e-01
1.299438476562500000e-01,-1.182570904493331909e-01,6.675320863723754883e-01
-1.296584606170654297e-01,1.146529093384742737e-01,-7.140462994575500488e-01
6.882446259260177612e-02,1.775232106447219849e-01,6.692808866500854492e-01
-2.177283763885498047e-01,-2.584801614284515381e-01,1.945388764142990112e-01
-1.067109107971191406e-01,1.932063996791839600e-01,-6.935390830039978027e-01
-9.626770019531250000e-02,-2.722363173961639404e-01,-3.338336050510406494e-01
2.560667395591735840e-01,1.194941699504852295e-01,6.482967138290405273e-01
1.364893913269042969e-01,2.291822433471679688e-01,-3.276922404766082764e-01
-7.593841105699539185e-02,-9.128358960151672363e-02,-6.128451824188232422e-01
-2.380964756011962891e-01,-1.094078049063682556e-01,4.480013847351074219e-01
-5.487466603517532349e-02,-2.296826839447021484e-01,-4.427398443222045898e-01
-1.914121955633163452e-01,5.759617686271667480e-02,7.131589651107788086e-01
-5.061188712716102600e-02,4.060456752777099609e-01,-1.482156366109848022e-01
-2.207980155944824219e-01,3.672293946146965027e-02,-3.921771049499511719e-01
1.272525042295455933e-01,1.158071085810661316e-01,7.054556608200073242e-01
2.777648866176605225e-01,4.435368055055732839e-07,6.396963596343994141e-01
-1.507510393857955933e-01,1.265303045511245728e-01,-9.326590299606323242e-01
2.037832736968994141e-01,-2.226569950580596924e-01,-3.706338405609130859e-01
7.607726845890283585e-03,1.178889647126197815e-01,6.732215881347656250e-01
-1.819482445716857910e-01,-5.474849045276641846e-02,8.015046119689941406e-01
1.584122180938720703e-01,1.511067599058151245e-01,-3.769750893115997314e-01
8.665389567613601685e-02,5.753616616129875183e-02,7.150855064392089844e-01
-6.529052555561065674e-02,5.233427882194519043e-02,8.765536546707153320e-01
1.837575621902942657e-02,-2.188646793365478516e-01,-6.863937377929687500e-01
-4.977583885192871094e-02,-3.947846964001655579e-02,-6.493496298789978027e-01
2.690877914428710938e-01,-2.163246124982833862e-01,-2.588326930999755859e-01
-2.280700206756591797e-01,-3.660576045513153076e-02,5.285639762878417969e-01
7.255813479423522949e-02,-2.492370307445526123e-01,5.769412517547607422e-01
-6.665924191474914551e-02,-3.674944341182708740e-01,2.387332916259765625e-01
6.335677951574325562e-02,5.454896017909049988e-02,8.077849149703979492e-01
-1.254687905311584473e-01,2.772228717803955078e-01,-3.576733171939849854e-01
9.240470081567764282e-02,2.070066928863525391e-01,-4.210534691810607910e-01
2.177908271551132202e-01,-3.380981087684631348e-01,-1.846103668212890625e-01
-2.549774646759033203e-01,-3.617222234606742859e-02,1.555084157735109329e-02
1.570688039064407349e-01,3.372828960418701172e-01,1.353393495082855225e-01
-2.372975349426269531e-01,3.645708784461021423e-02,-3.448394685983657837e-02
8.164458721876144409e-02,1.893657594919204712e-01,-8.280023336410522461e-01
8.822326548397541046e-03,3.405404686927795410e-01,4.045886993408203125e-01
-3.226208686828613281e-02,-1.992165744304656982e-01,-8.051834106445312500e-01
-1.021301746368408203e-01,4.294519424438476562e-01,1.520419269800186157e-01
-1.716499328613281250e-01,-1.126217842102050781e-01,-3.745034635066986084e-01
8.740766346454620361e-02,-3.309903144836425781e-01,3.796658217906951904e-01
-2.203208655118942261e-01,-2.007746696472167969e-02,-3.435751199722290039e-01
-1.952026337385177612e-01,-3.028073310852050781e-01,6.418334692716598511e-02
1.568280011415481567e-01,-3.405947685241699219e-01,3.294030725955963135e-01
-1.201457753777503967e-01,3.715286254882812500e-01,2.521725296974182129e-01
1.744017004966735840e-02,-3.350708484649658203e-01,3.293890357017517090e-01
1.183309555053710938e-01,3.086759746074676514e-01,-2.235272228717803955e-01
1.071816980838775635e-01,-3.191822469234466553e-01,-3.141503334045410156e-01
2.688765525817871094e-01,-3.625944554805755615e-01,1.565521210432052612e-02
1.214315742254257202e-01,8.290809392929077148e-02,-7.859954833984375000e-01
4.298309236764907837e-02,3.892858160270407097e-07,8.681634664535522461e-01
1.829907298088073730e-02,-2.284343242645263672e-01,-6.289648413658142090e-01
-1.990330219268798828e-01,2.605975270271301270e-01,-2.674127221107482910e-01
2.531799301505088806e-02,2.676615677773952484e-02,-8.392719030380249023e-01
1.756319999694824219e-01,2.253866940736770630e-01,-2.173544317483901978e-01
-1.202085539698600769e-01,3.704187870025634766e-01,-1.747079491615295410e-01
1.720240712165832520e-02,3.645856380462646484e-01,-2.226541042327880859e-01
3.304758071899414062e-01,-2.811809778213500977e-01,1.515167206525802612e-02
2.470309734344482422e-01,-3.661447167396545410e-01,1.170858740806579590e-01
-1.198362708091735840e-01,4.285678301130246837e-07,8.707270622253417969e-01
2.589476108551025391e-01,-3.642080128192901611e-01,-8.495422452688217163e-02
3.060381412506103516e-01,1.046162537932104897e-06,5.878700017929077148e-01
-5.478147789835929871e-02,2.335381507873535156e-01,-6.548479795455932617e-01
1.366677880287170410e-01,-2.688048034906387329e-02,-8.317145109176635742e-01
2.655950784683227539e-01,-1.239414960145950317e-01,5.794070959091186523e-01
1.307392120361328125e-01,3.070678710937500000e-01,3.094793558120727539e-01
-1.456872075796127319e-01,8.095431327819824219e-02,-8.091659545898437500e-01
1.074683666229248047e-01,7.711834460496902466e-02,-6.627813577651977539e-01
9.176194667816162109e-02,-2.229325771331787109e-01,-6.038717627525329590e-01
-8.336496353149414062e-02,-1.168921068310737610e-01,-4.995782375335693359e-01
-2.407119274139404297e-01,1.092812791466712952e-01,-3.633950650691986084e-01
1.705760508775711060e-02,3.825445175170898438e-01,2.981970012187957764e-01
6.417012214660644531e-02,1.571883857250213623e-01,-4.758657813072204590e-01
2.706802189350128174e-01,-7.534623146057128906e-02,2.193273901939392090e-01
1.231637001037597656e-01,1.133363866756553762e-06,-6.865374445915222168e-01
-2.148840427398681641e-01,1.844738125801086426e-01,5.601419210433959961e-01
9.150004386901855469e-02,1.554247140884399414e-01,-5.826156735420227051e-01
2.040951251983642578e-01,2.226267457008361816e-01,2.211398333311080933e-01
9.261086583137512207e-02,2.018907070159912109e-01,-7.199285626411437988e-01
-5.125824362039566040e-02,-3.793199062347412109e-01,1.469207741320133209e-02
1.714424043893814087e-01,-1.393656730651855469e-01,-6.836538314819335938e-01
2.377227693796157837e-01,-1.208055391907691956e-01,6.280106306076049805e-01
1.696932315826416016e-01,3.020191788673400879e-01,-1.140106171369552612e-01
-5.491730570793151855e-02,2.279183864593505859e-01,-7.671065926551818848e-01
1.820275560021400452e-02,2.404077053070068359e-01,-7.073110938072204590e-01
8.564477413892745972e-02,-3.747363090515136719e-01,2.755285501480102539e-01
8.695115894079208374e-02,3.423345088958740234e-01,3.285394310951232910e-01
8.890563994646072388e-02,-2.938120365142822266e-01,-3.798724412918090820e-01
-1.661295890808105469e-01,-1.884096860885620117e-01,4.095199406147003174e-01
2.634086608886718750e-01,-1.443327516317367554e-01,4.433907866477966309e-01
1.346843242645263672e-01,-7.624109834432601929e-02,-4.886520206928253174e-01
-2.108065783977508545e-01,-2.002760320901870728e-01,-1.918959617614746094e-02
5.913268774747848511e-02,-1.271659284830093384e-01,-9.247747659683227539e-01
1.528511047363281250e-01,-1.514673233032226562e-01,-5.677746534347534180e-01
-1.655020713806152344e-01,-1.129191592335700989e-01,-8.745269477367401123e-02
1.624307632446289062e-01,-7.534675300121307373e-02,-6.197357177734375000e-01
-2.297432422637939453e-01,2.571193873882293701e-01,-1.616747975349426270e-01
3.171010017395019531e-01,-2.116689085960388184e-01,-1.551907360553741455e-01
-2.606158256530761719e-01,3.608138114213943481e-02,2.397912591695785522e-01
3.083271086215972900e-01,-2.625715732574462891e-01,9.077606350183486938e-02
-2.821014262735843658e-02,-1.762773841619491577e-01,-9.435629844665527344e-01
-2.334830760955810547e-01,-1.096309348940849304e-01,3.710092008113861084e-01
1.879257112741470337e-01,-3.680381178855895996e-01,2.353935241699218750e-01
-1.710272133350372314e-01,7.717648148536682129e-02,-9.044799804687500000e-01
8.939420431852340698e-02,2.817046642303466797e-01,5.685815215110778809e-01
-1.518206596374511719e-01,-1.895647943019866943e-01,-8.814849704504013062e-02
-5.600059404969215393e-02,-1.831002235412597656e-01,-6.141161918640136719e-01
3.420593217015266418e-02,-3.600765764713287354e-01,2.843711376190185547e-01
3.433694839477539062e-01,-2.091217190027236938e-01,3.902130201458930969e-02
1.838667392730712891e-01,3.001822233200073242e-01,1.617553643882274628e-02
-1.061210632324218750e-01,-2.711203396320343018e-01,-1.436675935983657837e-01
2.720792293548583984e-01,-7.181245833635330200e-02,-2.824768126010894775e-01
-5.039344355463981628e-02,4.150989055633544922e-01,2.232855111360549927e-01
-1.226549297571182251e-01,3.270771503448486328e-01,3.806469738483428955e-01
-2.734589576721191406e-01,-3.587444126605987549e-02,1.637762486934661865e-01
-2.183155715465545654e-01,-2.197840660810470581e-01,2.334513664245605469e-01
1.874310970306396484e-01,2.242425829172134399e-01,-1.644094884395599365e-01
1.776308566331863403e-02,2.949857711791992188e-01,-3.542626798152923584e-01
-2.315707206726074219e-01,-1.097234487533569336e-01,-9.437865577638149261e-03
-2.595343589782714844e-01,1.808692514896392822e-01,2.658816576004028320e-01
-2.099959850311279297e-01,3.689697384834289551e-02,-8.569701761007308960e-02
-1.564707756042480469e-01,-1.891894042491912842e-01,-1.925790309906005859e-01
2.741026878356933594e-02,-4.072210565209388733e-02,-8.844940066337585449e-01
9.241078794002532959e-02,-2.068452835083007812e-01,-4.738827347755432129e-01
2.034914493560791016e-01,2.226852625608444214e-01,5.098351836204528809e-01
1.829755306243896484e-02,2.286229133605957031e-01,-5.750332474708557129e-01
1.847381144762039185e-02,2.067430019378662109e-01,-4.735348522663116455e-01
-1.264371126890182495e-01,-2.600848674774169922e-01,3.159347474575042725e-01
3.194906711578369141e-01,7.028425484895706177e-02,5.074926614761352539e-01
-2.168350219726562500e-01,-2.585813701152801514e-01,4.138091951608657837e-02
-4.675735533237457275e-02,-5.176985636353492737e-02,8.939622640609741211e-01
2.220954895019531250e-01,2.208812832832336426e-01,9.198241680860519409e-02
-1.896669864654541016e-01,-1.117503046989440918e-01,-2.671075463294982910e-01
1.969723701477050781e-01,1.486184000968933105e-01,2.729864418506622314e-01
3.147435188293457031e-01,-7.043725997209548950e-02,1.514282170683145523e-02
2.028968334197998047e-01,1.482360959053039551e-01,3.763580322265625000e-01
-1.267933696508407593e-01,2.537615299224853516e-01,4.971372783184051514e-01
-5.476187169551849365e-02,2.343494892120361328e-01,-5.205749273300170898e-01
-5.695295333862304688e-02,-3.936283290386199951e-02,-5.328100323677062988e-01
1.820769347250461578e-02,-2.397775650024414062e-01,-5.191928148269653320e-01
-2.786118984222412109e-01,1.793291419744491577e-01,1.543518062680959702e-02
-1.463191509246826172e-01,-3.436880111694335938e-01,4.283752292394638062e-02
-5.307990312576293945e-02,-3.039638996124267578e-01,-3.031396269798278809e-01
-2.326719760894775391e-01,3.310786783695220947e-01,1.175396665930747986e-01
-2.530502378940582275e-01,6.891927123069763184e-02,3.618607521057128906e-01
-9.265375137329101562e-02,3.878761455416679382e-02,-7.536355257034301758e-01
2.843725681304931641e-01,-7.141620665788650513e-02,5.416284203529357910e-01
-9.200882911682128906e-02,-1.943933516740798950e-01,-4.432488977909088135e-01
2.632739543914794922e-01,-7.209628075361251831e-02,4.427268803119659424e-01
1.979157924652099609e-01,1.485575288534164429e-01,-1.119280979037284851e-01
2.940902709960937500e-01,1.423512101173400879e-01,5.400939583778381348e-01
-5.409330874681472778e-02,-2.620096206665039062e-01,5.469709634780883789e-01
-1.959558278322219849e-01,2.943174839019775391e-01,3.118350207805633545e-01
2.731130123138427734e-01,1.437049210071563721e-01,4.414669573307037354e-01
2.997937202453613281e-01,-3.244934082031250000e-01,-8.217101544141769409e-02
-2.175266742706298828e-01,-3.677563741803169250e-02,-2.380108535289764404e-01
-2.578423023223876953e-01,1.084526777267456055e-01,-2.592254579067230225e-01
2.335453033447265625e-01,1.462583094835281372e-01,1.670370399951934814e-01
2.439217567443847656e-01,7.272005081176757812e-02,3.690609633922576904e-01
-2.293195724487304688e-01,-2.571673989295959473e-01,1.426281780004501343e-01
1.732391119003295898e-02,-3.495028018951416016e-01,-2.242269814014434814e-01
1.837917603552341461e-02,-2.184906005859375000e-01,-8.845315575599670410e-01
1.518168896436691284e-01,-4.095909595489501953e-01,-7.842346280813217163e-02
2.688219249248504639e-01,-5.767178535461425781e-02,1.033636480569839478e-01
-1.401737928390502930e-01,-5.331738665699958801e-02,8.459302186965942383e-01
-2.638499736785888672e-01,-1.081620976328849792e-01,8.997985720634460449e-02
2.959945201873779297e-01,-7.104159891605377197e-02,-1.806198060512542725e-01
2.312672138214111328e-01,1.464052945375442505e-01,6.615050882101058960e-02
2.964224815368652344e-01,1.050747641784255393e-06,4.359393119812011719e-01
-2.390959262847900391e-01,3.642811253666877747e-02,-1.852108687162399292e-01
-2.613236904144287109e-01,-3.606997057795524597e-02,4.172140359878540039e-01
2.029078006744384766e-01,-2.977138757705688477e-01,-2.674853503704071045e-01
2.835700511932373047e-01,-7.144206017255783081e-02,3.373889029026031494e-01
-2.934834957122802734e-01,1.781285554170608521e-01,1.874948143959045410e-01
3.295257091522216797e-01,-1.400660574436187744e-01,6.328552216291427612e-02
-5.265547335147857666e-02,-3.214969635009765625e-01,-2.028225660324096680e-01
-2.529275417327880859e-01,3.620525449514389038e-02,-2.847940027713775635e-01
-1.269268095493316650e-01,-2.514097690582275391e-01,-2.348205447196960449e-01
2.488288879394531250e-01,7.256188243627548218e-02,1.155374124646186829e-01
-1.569061279296875000e-01,-3.421422243118286133e-01,1.741543561220169067e-01
3.131573200225830078e-01,1.042767848957737442e-06,4.832224845886230469e-01
2.628765106201171875e-01,1.066743607225362211e-06,2.646240293979644775e-01
-2.488749027252197266e-01,1.088864430785179138e-01,-1.343991011381149292e-01
-2.506337165832519531e-01,1.815877705812454224e-01,-8.443908393383026123e-02
9.118651971220970154e-03,-3.170356154441833496e-01,-3.288428783416748047e-01
2.823019027709960938e-01,-1.431135386228561401e-01,3.129534721374511719e-01
1.882296651601791382e-01,-3.320438563823699951e-01,-2.260675430297851562e-01
-2.092301696538925171e-01,-1.449074745178222656e-01,4.677489995956420898e-01
-1.132171154022216797e-01,-1.926812082529067993e-01,5.013546347618103027e-01
2.585287094116210938e-01,1.068816800398053601e-06,9.008880704641342163e-02
2.901597023010253906e-01,-2.142813056707382202e-01,1.385717689990997314e-01
2.402179241180419922e-01,-2.928788661956787109e-01,2.951788306236267090e-01
-1.892654597759246826e-01,3.696262836456298828e-01,-3.259094059467315674e-02
8.266479521989822388e-02,-5.488746985793113708e-02,7.972546815872192383e-01
8.706126362085342407e-02,-3.395862579345703125e-01,-2.739974856376647949e-01
-1.697106361389160156e-01,-2.639184296131134033e-01,-3.573638945817947388e-02
-2.990643978118896484e-01,1.064587831497192383e-01,1.130325272679328918e-01
2.460784912109375000e-01,-1.029520332813262939e-01,-3.715906143188476562e-01
-1.449777036905288696e-01,6.838488578796386719e-02,-5.909002423286437988e-01
-5.216694623231887817e-02,3.417084217071533203e-01,-2.735861241817474365e-01
1.227762699127197266e-01,3.863381743431091309e-01,-6.339996308088302612e-02
-2.076791077852249146e-01,1.623616218566894531e-01,4.642823636531829834e-01
-1.905971616506576538e-01,3.546345233917236328e-01,3.878845274448394775e-02
2.857100963592529297e-01,7.137309759855270386e-02,4.128295779228210449e-01
1.961498260498046875e-01,-3.744137585163116455e-01,-1.391888409852981567e-01
-2.163268923759460449e-01,2.900229096412658691e-01,2.622447013854980469e-01
-5.239183828234672546e-02,-3.324041366577148438e-01,-8.112945407629013062e-02
2.470568567514419556e-01,-1.494088172912597656e-01,-3.528985381126403809e-01
-1.900516897439956665e-01,3.607702255249023438e-01,1.819015443325042725e-01
3.469004631042480469e-01,-1.389448493719100952e-01,-3.287750110030174255e-02
-1.178003251552581787e-01,4.130821228027343750e-01,3.764373809099197388e-02
1.972747743129730225e-01,3.414594754576683044e-02,-3.807342052459716797e-01
-1.326498091220855713e-01,-1.500229835510253906e-01,5.750872492790222168e-01
-1.895820200443267822e-01,3.660626411437988281e-01,8.610473573207855225e-02
1.686748676002025604e-02,-4.061450958251953125e-01,1.540011614561080933e-01
1.459771692752838135e-01,3.323391452431678772e-02,-4.374258518218994141e-01
8.331070840358734131e-02,-4.326555728912353516e-01,1.061337292194366455e-01
-1.123718265444040298e-02,1.825854033231735229e-01,-8.878653049468994141e-01
8.408472687005996704e-02,-4.134485721588134766e-01,-8.677978068590164185e-03
2.214504778385162354e-01,-3.930423259735107422e-01,1.467315666377544403e-02
-1.936078071594238281e-02,-3.622266650199890137e-01,-6.599395722150802612e-02
9.505895525217056274e-02,1.411421298980712891e-01,-8.555492758750915527e-01
-2.518772780895233154e-01,-5.762197822332382202e-02,7.123514413833618164e-01
1.587405353784561157e-01,3.142607212066650391e-01,2.100976556539535522e-01
9.320838004350662231e-02,1.870565414428710938e-01,-6.686248779296875000e-01
8.434718102216720581e-02,4.069454669952392578e-01,8.419189602136611938e-02
1.638055145740509033e-01,2.445235252380371094e-01,3.184603750705718994e-01
8.395848423242568970e-02,4.165968894958496094e-01,-8.664855733513832092e-03
-4.990752413868904114e-02,4.352023601531982422e-01,3.719634935259819031e-02
-7.668166607618331909e-02,2.452204227447509766e-01,6.079370975494384766e-01
1.655825413763523102e-02,4.444866180419921875e-01,1.054443344473838806e-01
1.556785851716995239e-01,3.564252853393554688e-01,-3.275024518370628357e-02
2.431716918945312500e-01,1.852012276649475098e-01,5.900673866271972656e-01
-5.016784369945526123e-02,-8.330032974481582642e-02,-7.779089212417602539e-01
1.661807857453823090e-02,4.371054172515869141e-01,1.428802497684955597e-02
-9.163260459899902344e-02,-3.516734242439270020e-01,-1.011444069445133209e-02
-4.978908970952033997e-02,4.400768280029296875e-01,-5.424194037914276123e-02
-1.949237734079360962e-01,3.059294223785400391e-01,-1.804202198982238770e-01
-1.566748023033142090e-01,-1.714161336421966553e-01,-3.766520023345947266e-01
2.843371629714965820e-01,-1.084033399820327759e-01,-2.588737010955810547e-01
-2.004521191120147705e-01,-2.437188625335693359e-01,-9.413146413862705231e-03
1.631948053836822510e-01,2.529325485229492188e-01,4.978381097316741943e-01
1.889798641204833984e-01,2.240924090147018433e-01,5.673031210899353027e-01
-5.485622212290763855e-02,-2.304458618164062500e-01,-8.513091802597045898e-01
1.573065668344497681e-01,3.340089321136474609e-01,8.728423714637756348e-02
1.763931214809417725e-01,-8.173605799674987793e-02,-8.101871013641357422e-01
-1.280517131090164185e-01,-2.314815521240234375e-01,-1.354946941137313843e-01
-1.925856918096542358e-01,3.322515487670898438e-01,-1.297793537378311157e-01
2.218966186046600342e-01,-3.887927532196044922e-01,-7.943084836006164551e-02
2.403072565793991089e-01,-2.136268615722656250e-01,-3.172555565834045410e-01
-5.105878785252571106e-02,-3.875458240509033203e-01,2.025793343782424927e-01
1.665769964456558228e-01,4.266990458745567594e-07,7.103800773620605469e-01
-1.943138986825942993e-01,-3.128108978271484375e-01,1.126373261213302612e-01
1.742105744779109955e-02,3.374273777008056641e-01,-2.740575969219207764e-01
2.127375602722167969e-01,-2.217886894941329956e-01,4.811378419399261475e-01
1.802038960158824921e-02,2.630288600921630859e-01,5.994137525558471680e-01
-1.309112552553415298e-02,-2.429445385932922363e-01,6.255035400390625000e-01
-2.071531116962432861e-01,1.682825088500976562e-01,5.995206832885742188e-01
-1.046209707856178284e-01,-9.853617101907730103e-02,-4.628565311431884766e-01
-1.274123489856719971e-01,-2.428076267242431641e-01,-3.375564515590667725e-01
-2.202129364013671875e-02,-2.806450724601745605e-01,4.077401757240295410e-01
3.054191470146179199e-01,6.124443933367729187e-02,5.999482870101928711e-01
-1.678316593170166016e-01,2.641312479972839355e-01,4.373593032360076904e-01
1.664376631379127502e-02,4.339170455932617188e-01,-7.730987668037414551e-02
-5.266903713345527649e-02,-3.209247589111328125e-01,3.069543242454528809e-01
1.011994779109954834e-01,-1.123332977294921875e-02,-5.773016214370727539e-01
1.723443567752838135e-01,1.787121593952178955e-01,6.569960117340087891e-01
-1.301995813846588135e-01,-1.678587496280670166e-01,-4.206962585449218750e-01
1.903176307678222656e-01,-7.444787025451660156e-02,-4.505187869071960449e-01
