2.756640911102294922e-01,-1.435419023036956787e-01,1.639330983161926270e-01
-1.325308233499526978e-01,1.259102821350097656e-01,-9.403549432754516602e-01
-1.009468063712120056e-01,4.091492655788897537e-07,8.828123807907104492e-01
-1.435559093952178955e-01,3.323351740837097168e-01,-2.240951061248779297e-01
1.802374236285686493e-02,-2.626125812530517578e-01,-4.362048208713531494e-01
-5.207185074687004089e-02,3.456587791442871094e-01,3.769021630287170410e-01
-2.638499736785888672e-01,-1.081620976328849792e-01,8.997985720634460449e-02
3.054191470146179199e-01,6.124443933367729187e-02,5.999482870101928711e-01
-5.437133088707923889e-02,-2.504961490631103516e-01,4.972140491008758545e-01
8.585786819458007812e-02,1.557888239622116089e-01,-5.556848049163818359e-01
1.517913341522216797e-01,-1.515357196331024170e-01,-8.233831524848937988e-01
2.025980949401855469e-01,2.227718681097030640e-01,-9.591979905962944031e-03
1.699800975620746613e-02,-3.899424076080322266e-01,-3.215454146265983582e-02
2.849266529083251953e-01,-7.139835506677627563e-02,-2.310723811388015747e-01
-2.211959362030029297e-01,-3.671652451157569885e-02,-2.631890773773193359e-01
-2.830431461334228516e-01,2.510828971862792969e-01,1.144494637846946716e-01
-2.538194656372070312e-01,3.619088232517242432e-02,4.186126589775085449e-01
1.994845867156982422e-01,1.484562903642654419e-01,2.986270189285278320e-01
-4.971360042691230774e-02,4.432356357574462891e-01,5.986297503113746643e-02
2.804336510598659515e-02,1.776122450828552246e-01,6.683453321456909180e-01
2.417595237493515015e-01,-1.998097896575927734e-01,4.575590491294860840e-01
2.997937202453613281e-01,-3.244934082031250000e-01,-8.217101544141769409e-02
8.522034436464309692e-02,-3.852622509002685547e-01,2.503503262996673584e-01
1.671245992183685303e-01,1.988184452056884766e-01,-2.923818826675415039e-01
-7.277131080627441406e-02,-1.174045279622077942e-01,-6.439239382743835449e-01
-1.667477339506149292e-01,-2.914068698883056641e-01,2.515809535980224609e-01
1.094630435109138489e-01,-1.182089596986770630e-01,6.682645082473754883e-01
-8.465194702148437500e-02,-1.949872523546218872e-01,-9.086782336235046387e-01
9.296192973852157593e-02,1.931791305541992188e-01,-8.078466653823852539e-01
-1.611151695251464844e-01,1.131313592195510864e-01,-5.106231570243835449e-01
-1.100883483886718750e-01,-2.706710100173950195e-01,-2.238623052835464478e-01
-2.178026288747787476e-01,4.841113090515136719e-02,6.594883799552917480e-01
1.517047882080078125e-01,-7.569246739149093628e-02,-5.671673417091369629e-01
-1.323335170745849609e-01,-1.736595481634140015e-01,7.091287374496459961e-01
8.564271032810211182e-02,3.747971057891845703e-01,-1.505056768655776978e-01
-2.411451339721679688e-01,1.092603281140327454e-01,-8.461914211511611938e-02
1.631948053836822510e-01,2.529325485229492188e-01,4.978381097316741943e-01
1.600946038961410522e-01,-3.268967270851135254e-01,-2.613260746002197266e-01
2.494313716888427734e-01,1.073154749064997304e-06,-9.352722205221652985e-03
1.578574478626251221e-01,3.264200687408447266e-01,1.845819056034088135e-01
-5.392828956246376038e-02,2.688372135162353516e-01,-4.094869792461395264e-01
-1.013805866241455078e-01,1.936367601156234741e-01,-7.240691781044006348e-01
2.470309734344482422e-01,-3.661447167396545410e-01,1.170858740806579590e-01
-1.286752223968505859e-01,-9.960488975048065186e-02,-4.408364295959472656e-01
-1.855197101831436157e-01,-2.838689386844635010e-01,6.427764892578125000e-03
-1.265638470649719238e-01,2.578279972076416016e-01,5.487051010131835938e-01
-1.164794899523258209e-02,-2.709334529936313629e-02,-8.192300796508789062e-01
-2.271928787231445312e-01,2.574082612991333008e-01,3.221105933189392090e-01
2.202386409044265747e-01,-1.699704676866531372e-01,-3.945426940917968750e-01
2.827532291412353516e-01,1.057265649251348805e-06,4.131664931774139404e-01
-2.344470024108886719e-01,1.828944981098175049e-01,-3.136614859104156494e-01
-2.083680331707000732e-01,-1.546180248260498047e-01,4.118209779262542725e-01
-1.655020713806152344e-01,-1.129191592335700989e-01,-8.745269477367401123e-02
8.176696300506591797e-02,4.017886681140225846e-07,8.150607347488403320e-01
-2.718422412872314453e-01,3.590049594640731812e-02,2.136401385068893433e-01
1.972747743129730225e-01,3.414594754576683044e-02,-3.807342052459716797e-01
2.402179241180419922e-01,-2.928788661956787109e-01,2.951788306236267090e-01
-2.157931327819824219e-01,3.335433900356292725e-01,-3.517608717083930969e-02
9.188638627529144287e-02,-2.198448181152343750e-01,-6.591467261314392090e-01
1.866788864135742188e-01,7.456516474485397339e-02,-1.637802124023437500e-01
-5.073276907205581665e-02,-4.010338783264160156e-01,1.310430914163589478e-01
3.446371555328369141e-01,-1.390909105539321899e-01,-5.685668811202049255e-02
1.409046649932861328e-01,1.124904315474850591e-06,-7.384341359138488770e-01
1.223640441894531250e-01,3.864051699638366699e-01,1.668334938585758209e-02
8.786635100841522217e-02,-3.196084499359130859e-01,4.066284000873565674e-01
1.682105660438537598e-02,4.119088649749755859e-01,2.235693335533142090e-01
1.942111104726791382e-01,1.797741204500198364e-01,6.460416316986083984e-01
2.481963634490966797e-01,7.258225977420806885e-02,1.406170576810836792e-01
1.507472991943359375e-02,1.184904704132350162e-06,-5.130956768989562988e-01
-2.192022800445556641e-01,-1.103216931223869324e-01,5.848106145858764648e-01
-1.431607007980346680e-01,3.679424822330474854e-01,2.359898090362548828e-01
-5.475008860230445862e-02,2.348537445068359375e-01,-5.736047029495239258e-01
-1.128463745117187500e-01,3.846226632595062256e-02,-6.610339283943176270e-01
1.235795021057128906e-01,3.079957365989685059e-01,3.374545276165008545e-01
9.093268215656280518e-02,-2.435109615325927734e-01,5.783711075782775879e-01
1.727111078798770905e-02,-3.560569286346435547e-01,-1.995532214641571045e-01
2.479217052459716797e-01,-1.453321725130081177e-01,6.046974062919616699e-01
3.397186100482940674e-02,3.221184909343719482e-01,-2.940566539764404297e-01
-5.006737634539604187e-02,4.285888671875000000e-01,-1.005328372120857239e-01
-2.038728296756744385e-01,-5.552565306425094604e-02,7.773816585540771484e-01
-2.927269935607910156e-01,1.067653074860572815e-01,6.429992616176605225e-02
1.523512452840805054e-01,-4.022367000579833984e-01,-1.020501703023910522e-01
-2.352983951568603516e-01,-1.095431372523307800e-01,2.427542060613632202e-01
2.842643260955810547e-01,1.429852992296218872e-01,4.648812711238861084e-01
-3.058792091906070709e-02,1.093773022294044495e-01,8.050737380981445312e-01
2.083262652158737183e-01,4.301085709812468849e-07,6.960334777832031250e-01
2.823019027709960938e-01,-1.431135386228561401e-01,3.129534721374511719e-01
6.003417819738388062e-02,7.751602679491043091e-02,-8.974481821060180664e-01
3.062384128570556641e-01,-2.127221971750259399e-01,-1.805297881364822388e-01
1.788627356290817261e-02,2.796773910522460938e-01,5.165072679519653320e-01
-1.282105743885040283e-01,-2.286572456359863281e-01,-3.654882609844207764e-01
-2.207980155944824219e-01,3.672293946146965027e-02,-3.921771049499511719e-01
2.624987661838531494e-01,2.488851547241210938e-03,2.688696086406707764e-01
4.146209731698036194e-02,-1.267358213663101196e-01,-9.301397800445556641e-01
9.240470081567764282e-02,2.070066928863525391e-01,-4.210534691810607910e-01
-2.076791077852249146e-01,1.623616218566894531e-01,4.642823636531829834e-01
-5.342372879385948181e-02,-2.897286415100097656e-01,3.363751173019409180e-01
-1.138290390372276306e-02,-1.058442965149879456e-01,8.599352836608886719e-01
1.859248988330364227e-02,-1.920106410980224609e-01,-8.076266050338745117e-01
8.331070840358734131e-02,-4.326555728912353516e-01,1.061337292194366455e-01
-1.456872075796127319e-01,8.095431327819824219e-02,-8.091659545898437500e-01
-1.153021231293678284e-01,1.782981306314468384e-01,6.612720489501953125e-01
-6.260585784912109375e-02,-1.967669874429702759e-01,-5.332372784614562988e-01
-1.893233060836791992e-01,3.689749240875244141e-01,1.097448691725730896e-01
3.347678184509277344e-01,-2.099557965993881226e-01,6.329711526632308960e-02
1.874310970306396484e-01,2.242425829172134399e-01,-1.644094884395599365e-01
2.232334613800048828e-01,2.207709252834320068e-01,1.427685469388961792e-01
-2.297432422637939453e-01,2.571193873882293701e-01,-1.616747975349426270e-01
-2.293195724487304688e-01,-2.571673989295959473e-01,1.426281780004501343e-01
-1.001000404357910156e-01,-2.718022465705871582e-01,-9.037200361490249634e-02
1.820275560021400452e-02,2.404077053070068359e-01,-7.073110938072204590e-01
-2.920104935765266418e-02,1.824705451726913452e-01,-8.888803720474243164e-01
-1.275466848164796829e-02,-1.777493208646774292e-01,6.669684648513793945e-01
-2.559905052185058594e-01,1.085422560572624207e-01,-2.091046124696731567e-01
1.139554977416992188e-01,1.539756059646606445e-01,-6.906310915946960449e-01
-2.425768375396728516e-01,-3.637202829122543335e-02,-9.382324293255805969e-03
-2.669510841369628906e-01,1.080120950937271118e-01,3.148333728313446045e-01
1.756657846271991730e-02,-3.193147182464599609e-01,-3.256072998046875000e-01
-2.856914997100830078e-01,1.787576228380203247e-01,2.129754573106765747e-01
2.853002548217773438e-01,-7.138631492853164673e-02,5.154501199722290039e-01
-1.166112422943115234e-01,-1.924072206020355225e-01,5.842310786247253418e-01
9.169700741767883301e-02,-2.245509624481201172e-01,-5.230978131294250488e-01
-2.168869972229003906e-01,3.678594157099723816e-02,5.311657786369323730e-01
1.145184263586997986e-01,-2.607193589210510254e-02,-8.819149732589721680e-01
-1.660113483667373657e-01,5.578671023249626160e-02,7.693154811859130859e-01
2.548291683197021484e-01,-2.177072167396545410e-01,-2.858505249023437500e-01
2.211104184389114380e-01,-3.962731361389160156e-01,-8.790588006377220154e-03
1.714424043893814087e-01,-1.393656730651855469e-01,-6.836538314819335938e-01
8.665389567613601685e-02,5.753616616129875183e-02,7.150855064392089844e-01
8.434858918190002441e-02,4.069163799285888672e-01,1.307437121868133545e-01
1.903176307678222656e-01,-7.444787025451660156e-02,-4.505187869071960449e-01
-6.665924191474914551e-02,-3.674944341182708740e-01,2.387332916259765625e-01
-2.039954662322998047e-01,1.853528618812561035e-01,5.899353027343750000e-01
2.632603049278259277e-01,-4.756689071655273438e-03,-1.221984848380088806e-01
-9.163260459899902344e-02,-3.516734242439270020e-01,-1.011444069445133209e-02
2.979128360748291016e-01,-7.097975909709930420e-02,6.410735845565795898e-02
-1.678316593170166016e-01,2.641312479972839355e-01,4.373593032360076904e-01
1.618763953447341919e-01,-2.710824012756347656e-01,-3.590347170829772949e-01
1.804108619689941406e-01,3.006295561790466309e-01,6.805785745382308960e-02
-1.702411174774169922e-01,-1.880777478218078613e-01,-2.699142396450042725e-01
-1.800646781921386719e-01,-1.872847378253936768e-01,3.015005290508270264e-01
-1.828045547008514404e-01,-1.042757183313369751e-01,-3.442525863647460938e-01
-1.652789115905761719e-01,1.884783506393432617e-01,-4.297616481781005859e-01
1.031854152679443359e-01,1.142890255323436577e-06,-6.351125836372375488e-01
-1.710462570190429688e-02,-2.004402428865432739e-01,-6.896932721138000488e-01
-2.327706813812255859e-01,-1.830298006534576416e-01,1.575378328561782837e-02
2.732062339782714844e-01,-2.886033654212951660e-01,1.901815682649612427e-01
-1.478018760681152344e-01,2.663997113704681396e-01,-3.534502983093261719e-01
7.973980903625488281e-02,7.801212370395660400e-02,-4.720877110958099365e-01
8.987366408109664917e-02,2.698071002960205078e-01,5.980631709098815918e-01
1.778292655944824219e-01,3.009647428989410400e-01,-8.761627227067947388e-02
-2.241389453411102295e-01,2.289891242980957031e-02,-1.510415673255920410e-01
-5.003380775451660156e-02,-1.185043305158615112e-01,-7.677749395370483398e-01
-5.122042447328567505e-02,3.808686733245849609e-01,-1.972949206829071045e-01
2.573490142822265625e-01,-7.228726148605346680e-02,-3.350225687026977539e-01
2.275348454713821411e-01,-3.351488113403320312e-01,-1.782958954572677612e-01
-1.654014587402343750e-01,-3.409016728401184082e-01,9.482666105031967163e-02
-1.021301746368408203e-01,4.294519424438476562e-01,1.520419269800186157e-01
1.973650455474853516e-01,1.485930532217025757e-01,-8.633758127689361572e-02
1.838746294379234314e-02,2.174618244171142578e-01,-4.977557361125946045e-01
-2.659924030303955078e-01,1.803479194641113281e-01,-9.313964284956455231e-03
-1.235896274447441101e-01,-1.082166805863380432e-01,8.230983018875122070e-01
2.312672138214111328e-01,1.464052945375442505e-01,6.615050882101058960e-02
-1.422770917415618896e-01,2.053046226501464844e-02,-4.631960988044738770e-01
-2.336852550506591797e-01,-3.651528432965278625e-02,3.191915750503540039e-01
-1.311689466238021851e-01,1.762452125549316406e-01,-6.167333722114562988e-01
6.834564264863729477e-03,3.920807216672983486e-07,8.891552686691284180e-01
1.879257112741470337e-01,-3.680381178855895996e-01,2.353935241699218750e-01
1.124591827392578125e-01,7.695748656988143921e-02,-8.062716722488403320e-01
1.615708172321319580e-01,-2.752900123596191406e-01,4.670220911502838135e-01
-1.507704257965087891e-01,-1.896495968103408813e-01,-1.667770296335220337e-01
1.686823368072509766e-01,2.260606139898300171e-01,3.829586803913116455e-01
3.001803457736968994e-01,-3.216900825500488281e-01,3.960052505135536194e-02
-3.417587280273437500e-02,2.439088970422744751e-01,6.180478334426879883e-01
1.183309555053710938e-01,3.086759746074676514e-01,-2.235272228717803955e-01
-1.310825347900390625e-01,1.777710914611816406e-01,-8.429208397865295410e-01
8.845356851816177368e-02,3.050522804260253906e-01,4.345843493938446045e-01
1.916406154632568359e-01,7.440523803234100342e-02,-2.667062282562255859e-01
2.416764646768569946e-01,2.006056308746337891e-01,5.378304719924926758e-01
1.568280011415481567e-01,-3.405947685241699219e-01,3.294030725955963135e-01
-4.592071473598480225e-02,7.624781876802444458e-02,-9.237076044082641602e-01
-6.427063047885894775e-02,3.191524744033813477e-01,-3.143479824066162109e-01
-1.297077387571334839e-01,-2.021434307098388672e-01,4.553144872188568115e-01
-1.172820478677749634e-01,4.222640991210937500e-01,-8.648071438074111938e-03
-4.463481903076171875e-02,-3.956130519509315491e-02,-7.093124389648437500e-01
-1.990330219268798828e-01,2.605975270271301270e-01,-2.674127221107482910e-01
1.584122180938720703e-01,1.511067599058151245e-01,-3.769750893115997314e-01
1.659229770302772522e-02,4.403057098388671875e-01,-3.138702362775802612e-02
-5.403089523315429688e-02,-3.940991312265396118e-02,-5.905279517173767090e-01
1.669553220272064209e-01,-2.011489868164062500e-01,6.175973415374755859e-01
1.021008938550949097e-01,-3.360176086425781250e-02,-4.943402111530303955e-01
1.735756173729896545e-02,-3.453090190887451172e-01,3.034408390522003174e-01
1.826320774853229523e-02,-2.328367233276367188e-01,-6.007772684097290039e-01
-1.835165023803710938e-01,3.382564187049865723e-01,-1.396044939756393433e-01
2.616174221038818359e-01,-2.170490175485610962e-01,3.676925599575042725e-01
2.292819023132324219e-01,7.319193333387374878e-02,3.456527590751647949e-01
1.848146915435791016e-01,-7.462524622678756714e-02,-7.818371653556823730e-01
-1.797502040863037109e-01,-1.122299805283546448e-01,-2.162090986967086792e-01
1.624363064765930176e-01,2.633726596832275391e-01,2.652621269226074219e-01
2.722628116607666016e-01,-9.040975570678710938e-02,3.962829411029815674e-01
-9.200882911682128906e-02,-1.943933516740798950e-01,-4.432488977909088135e-01
-2.528836727142333984e-01,1.814061552286148071e-01,3.685992360115051270e-01
1.373109817504882812e-01,-1.524701714515686035e-01,-4.888708293437957764e-01
-1.321947574615478516e-01,3.815052285790443420e-02,-5.716567635536193848e-01
3.194906711578369141e-01,7.028425484895706177e-02,5.074926614761352539e-01
1.713957451283931732e-02,3.723852634429931641e-01,3.237115442752838135e-01
-5.368972197175025940e-02,-2.787346839904785156e-01,-3.822698891162872314e-01
-5.508931353688240051e-02,2.208187580108642578e-01,-7.977529764175415039e-01
-5.300422385334968567e-02,3.070681095123291016e-01,4.592755138874053955e-01
-2.167010307312011719e-01,3.334107100963592529e-01,1.954409778118133545e-01
1.938650608062744141e-01,1.488189250230789185e-01,-2.150891125202178955e-01
1.974956989288330078e-01,7.421651482582092285e-02,-3.510406240820884705e-02
-1.437052637338638306e-01,4.583120346069335938e-02,-8.922430276870727539e-01
-2.315765321254730225e-01,-1.151247248053550720e-01,7.160360813140869141e-01
2.277424335479736328e-01,1.466327756643295288e-01,1.928552240133285522e-01
1.412403583526611328e-01,-2.287215590476989746e-01,-4.348083436489105225e-01
-2.438523769378662109e-01,-1.821351945400238037e-01,1.917120367288589478e-01
-2.902404777705669403e-02,-7.786384224891662598e-02,-8.903632164001464844e-01
-2.546429634094238281e-01,-3.617761656641960144e-02,4.701792895793914795e-01
-2.963395118713378906e-01,1.065905764698982239e-01,1.622616499662399292e-01
2.836110591888427734e-01,-2.149163186550140381e-01,2.384112477302551270e-01
-1.300955861806869507e-01,1.952602863311767578e-01,-5.302444100379943848e-01
2.455608844757080078e-01,1.075000341188570019e-06,-2.856906056404113770e-01
-5.251077562570571899e-02,-3.274834156036376953e-01,-1.537765413522720337e-01
-2.763330936431884766e-01,-3.582813590764999390e-02,1.388058513402938843e-01
-7.491254806518554688e-02,-1.957734823226928711e-01,-8.211886286735534668e-01
2.706802189350128174e-01,-7.534623146057128906e-02,2.193273901939392090e-01
1.678509414196014404e-01,1.161348670721054077e-01,7.003527879714965820e-01
2.590736448764801025e-01,-6.048085168004035950e-02,6.236270666122436523e-01
-9.265375137329101562e-02,3.878761455416679382e-02,-7.536355257034301758e-01
-2.109770476818084717e-01,-1.252508163452148438e-01,4.991677701473236084e-01
-1.757469177246093750e-01,-3.744881227612495422e-02,-3.999288976192474365e-01
-2.505567073822021484e-01,3.624345362186431885e-02,-3.104614317417144775e-01
2.773339748382568359e-01,1.434325128793716431e-01,5.968000888824462891e-01
-8.773612976074218750e-02,-1.166806742548942566e-01,-5.547479391098022461e-01
8.590456098318099976e-02,3.682994842529296875e-01,2.523584067821502686e-01
-5.873779207468032837e-02,-3.252129629254341125e-02,-4.815812110900878906e-01
1.512583494186401367e-01,-4.172813892364501953e-01,3.760680928826332092e-02
1.663208007812500000e-03,-2.833274900913238525e-01,4.403355419635772705e-01
-2.429852485656738281e-01,2.556196451187133789e-01,-5.979431048035621643e-02
-5.092914775013923645e-02,3.929352760314941406e-01,2.730273306369781494e-01
-5.295728147029876709e-02,-3.090100288391113281e-01,-2.777310013771057129e-01
9.214106947183609009e-02,-2.135314941406250000e-01,-7.442224025726318359e-01
2.585287094116210938e-01,1.068816800398053601e-06,9.008880704641342163e-02
-5.446291342377662659e-02,-2.467348575592041016e-01,6.039367318153381348e-01
-1.219557449221611023e-01,3.394658565521240234e-01,3.292327821254730225e-01
-1.296584606170654297e-01,1.146529093384742737e-01,-7.140462994575500488e-01
1.695421710610389709e-02,-3.953788280487060547e-01,2.017758190631866455e-01
8.977884799242019653e-02,2.721662521362304688e-01,-3.329064846038818359e-01
2.244498729705810547e-01,7.334770262241363525e-02,2.437588423490524292e-01
8.522869646549224854e-02,-3.850550651550292969e-01,-1.497793495655059814e-01
1.797642745077610016e-02,-2.684860229492187500e-01,5.452465415000915527e-01
2.352252006530761719e-01,1.461498588323593140e-01,3.969308435916900635e-01
1.684381812810897827e-02,-4.090371131896972656e-01,6.084258854389190674e-02
1.511254608631134033e-01,-4.191145896911621094e-01,1.534454375505447388e-01
-2.517089843750000000e-01,1.815010011196136475e-01,-1.345092803239822388e-01
-2.509319782257080078e-01,2.547196447849273682e-01,2.423364222049713135e-01
-1.781755089759826660e-01,1.196846440434455872e-01,6.453440189361572266e-01
9.297037124633789062e-02,7.758564502000808716e-02,-5.813531279563903809e-01
1.074683666229248047e-01,7.711834460496902466e-02,-6.627813577651977539e-01
1.099339276552200317e-01,1.779211610555648804e-01,6.651695966720581055e-01
3.093492984771728516e-01,-7.061113417148590088e-02,-1.063442975282669067e-01
1.141216978430747986e-01,-1.297726780176162720e-01,-8.924975395202636719e-01
1.924140900373458862e-01,-1.188438609242439270e-01,6.584080457687377930e-01
-2.478694915771484375e-01,-3.628675267100334167e-02,6.035345196723937988e-01
-1.264371126890182495e-01,-2.600848674774169922e-01,3.159347474575042725e-01
-2.051887512207031250e-01,1.109995320439338684e-01,-4.215377569198608398e-01
1.837917603552341461e-02,-2.184906005859375000e-01,-8.845315575599670410e-01
-5.478147789835929871e-02,2.335381507873535156e-01,-6.548479795455932617e-01
3.369736671447753906e-01,-2.097418755292892456e-01,-1.054409742355346680e-01
8.075332641601562500e-02,1.561182439327239990e-01,-8.785641193389892578e-01
1.562995910644531250e-01,-1.512447744607925415e-01,-5.945577621459960938e-01
-2.161974906921386719e-01,3.679705783724784851e-02,-6.012756377458572388e-02
1.655825413763523102e-02,4.444866180419921875e-01,1.054443344473838806e-01
-1.818521022796630859e-01,-1.871404051780700684e-01,-6.122222915291786194e-02
-1.188001334667205811e-01,3.953697681427001953e-01,-1.257058680057525635e-01
-2.112596333026885986e-01,-1.220703125000000000e-01,3.361871242523193359e-01
1.651314198970794678e-01,-2.262632846832275391e-01,5.303088426589965820e-01
8.424606174230575562e-02,4.094605445861816406e-01,-7.828582823276519775e-02
-1.570830345153808594e-01,-3.774951770901679993e-02,-1.136917099356651306e-01
-2.658600807189941406e-01,3.599687665700912476e-02,1.547546312212944031e-02
-1.201627925038337708e-01,-3.712294101715087891e-01,1.568133533000946045e-01
1.636345684528350830e-01,2.468774318695068359e-01,5.785595774650573730e-01
-8.296966552734375000e-02,-1.169112473726272583e-01,-8.467443585395812988e-01
-1.605122387409210205e-01,4.209603332583355950e-07,8.257806301116943359e-01
2.508745193481445312e-01,1.072466602636268362e-06,1.904955953359603882e-01
8.890563994646072388e-02,-2.938120365142822266e-01,-3.798724412918090820e-01
2.866086959838867188e-01,-2.868663966655731201e-01,-1.579339504241943359e-01
-1.885025501251220703e-01,1.118066459894180298e-01,-8.678020834922790527e-01
-6.137101352214813232e-02,3.908896446228027344e-02,-8.260186314582824707e-01
6.417012214660644531e-02,1.571883857250213623e-01,-4.758657813072204590e-01
-1.297956556081771851e-01,-2.005863189697265625e-01,3.765530288219451904e-01
-2.463922500610351562e-01,1.819301992654800415e-01,-2.357348650693893433e-01
4.390777647495269775e-02,2.687063440680503845e-02,-8.324310779571533203e-01
1.833461783826351166e-02,2.240221500396728516e-01,-8.248465061187744141e-01
-5.511806532740592957e-02,2.196125984191894531e-01,-4.709997475147247314e-01
1.827510446310043335e-02,2.314095497131347656e-01,-6.011551022529602051e-01
1.874315738677978516e-01,2.997201979160308838e-01,-9.690551087260246277e-03
-2.305102348327636719e-01,1.097747310996055603e-01,5.551559329032897949e-01
8.665756136178970337e-02,-3.495979309082031250e-01,-2.485284358263015747e-01
2.362549304962158203e-01,7.296717911958694458e-02,4.078948870301246643e-02
1.788099668920040131e-02,2.803323268890380859e-01,-3.818957507610321045e-01
-2.479960918426513672e-01,3.628471121191978455e-02,2.917608618736267090e-01
3.194444179534912109e-01,-1.407166570425033569e-01,-1.546215713024139404e-01
2.763836383819580078e-01,-1.434954851865768433e-01,-2.823705971240997314e-01
2.523585557937622070e-01,5.891318246722221375e-02,6.722629070281982422e-01
2.547843456268310547e-01,1.070602252184471581e-06,-2.089727669954299927e-01
-2.593910694122314453e-01,-3.610111773014068604e-02,3.919314444065093994e-01
-2.500140666961669922e-01,1.088313385844230652e-01,-3.363366723060607910e-01
2.872021198272705078e-01,-2.867889404296875000e-01,1.144583076238632202e-01
-2.122261524200439453e-01,3.340641856193542480e-01,4.163787886500358582e-02
-2.574746608734130859e-01,2.539786994457244873e-01,1.563079841434955597e-02
-2.540729045867919922e-01,-1.813101768493652344e-01,1.155831888318061829e-01
-2.496421337127685547e-01,1.088493168354034424e-01,3.940454125404357910e-01
-2.613363265991210938e-01,1.807237714529037476e-01,2.909384071826934814e-01
-2.880003452301025391e-01,3.564015775918960571e-02,1.134826615452766418e-01
2.901597023010253906e-01,-2.142813056707382202e-01,1.385717689990997314e-01
1.459771692752838135e-01,3.323391452431678772e-02,-4.374258518218994141e-01
2.635166645050048828e-01,-1.443258076906204224e-01,5.213320851325988770e-01
4.462890699505805969e-02,-1.091753169894218445e-01,8.082730770111083984e-01
-2.243838310241699219e-01,-2.577264010906219482e-01,6.663665920495986938e-02
2.176454067230224609e-01,2.213127911090850830e-01,6.672088801860809326e-02
8.959725499153137207e-02,-2.766561508178710938e-01,4.916869997978210449e-01
-2.728338241577148438e-01,1.077275574207305908e-01,2.387307733297348022e-01
2.708251476287841797e-01,-7.185287028551101685e-02,1.392037868499755859e-01
3.180813789367675781e-01,-7.032966613769531250e-02,-9.071960113942623138e-03
-3.012857437133789062e-01,1.774987578392028809e-01,1.131533756852149963e-01
-2.489666938781738281e-01,3.626907244324684143e-02,-2.347323596477508545e-01
3.173487186431884766e-01,-1.408518701791763306e-01,8.790710568428039551e-02
2.383184432983398438e-01,-3.675605952739715576e-01,-1.111749261617660522e-01
1.748311333358287811e-02,3.296761512756347656e-01,4.293746948242187500e-01
1.546454131603240967e-01,-3.706476688385009766e-01,-1.748709082603454590e-01
1.820769347250461578e-02,-2.397775650024414062e-01,-5.191928148269653320e-01
-4.718566685914993286e-02,5.224412679672241211e-02,8.792490959167480469e-01
-2.288188189268112183e-01,4.364374035503715277e-07,7.336322069168090820e-01
3.170535564422607422e-01,1.040909978655690793e-06,5.333622694015502930e-01
8.408472687005996704e-02,-4.134485721588134766e-01,-8.677978068590164185e-03
-2.617712020874023438e-01,-1.082626432180404663e-01,1.648068130016326904e-01
1.720240712165832520e-02,3.645856380462646484e-01,-2.226541042327880859e-01
-2.439787387847900391e-01,-1.091232672333717346e-01,1.564330980181694031e-02
-1.998338699340820312e-01,-3.706071153283119202e-02,-1.884271204471588135e-01
2.992627620697021484e-01,7.093625515699386597e-02,4.356036186218261719e-01
1.688644476234912872e-02,4.037916660308837891e-01,-1.483367830514907837e-01
1.483389288187026978e-01,-5.834408476948738098e-02,6.899690628051757812e-01
1.987578868865966797e-01,2.231442630290985107e-01,-8.651031553745269775e-02
2.018122673034667969e-01,1.483060866594314575e-01,-9.570312686264514923e-03
1.676750183105468750e-01,-7.517770677804946899e-02,-6.461026072502136230e-01
-2.481188774108886719e-01,-3.628273308277130127e-02,2.411294430494308472e-01
3.518309593200683594e-01,-2.083012312650680542e-01,-8.968810550868511200e-03
1.911604404449462891e-01,-2.992369234561920166e-01,3.806530535221099854e-01
-2.708771228790283203e-01,-3.591604903340339661e-02,6.486907601356506348e-02
3.341343402862548828e-01,-2.807062566280364990e-01,-3.327972441911697388e-02
-5.600059404969215393e-02,-1.831002235412597656e-01,-6.141161918640136719e-01
-1.307797431945800781e-02,-3.631441295146942139e-01,-9.404083341360092163e-02
-5.391131713986396790e-02,2.695391178131103516e-01,5.451307296752929688e-01
-1.233738288283348083e-01,3.143436908721923828e-01,4.079281389713287354e-01
6.922927498817443848e-02,-1.785672903060913086e-01,6.585136651992797852e-01
6.567382719367742538e-03,1.271724551916122437e-01,-9.246768951416015625e-01
2.040951251983642578e-01,2.226267457008361816e-01,2.211398333311080933e-01
-1.086578331887722015e-02,-1.765514910221099854e-01,-9.411417245864868164e-01
-4.675735533237457275e-02,-5.176985636353492737e-02,8.939622640609741211e-01
2.286150455474853516e-01,-2.943826317787170410e-01,-2.388046234846115112e-01
-5.104167386889457703e-02,-3.882799148559570312e-01,3.804168477654457092e-02
1.071816980838775635e-01,-3.191822469234466553e-01,-3.141503334045410156e-01
1.562278270721435547e-01,-7.554668188095092773e-02,-8.498296737670898438e-01
-2.642312049865722656e-01,1.081436574459075928e-01,-9.302062913775444031e-03
2.896026521921157837e-02,-2.442675381898880005e-01,6.152951717376708984e-01
-2.203208655118942261e-01,-2.007746696472167969e-02,-3.435751199722290039e-01
2.860410213470458984e-01,-7.136242836713790894e-02,3.119390904903411865e-01
3.437178134918212891e-01,-1.391502022743225098e-01,1.496520917862653732e-02
8.922097831964492798e-02,2.860095500946044922e-01,5.154356360435485840e-01
2.630105018615722656e-01,1.066679715222562663e-06,3.403414785861968994e-01
1.602297872304916382e-01,2.937548160552978516e-01,-1.565295308828353882e-01
8.651269972324371338e-02,-3.532052040100097656e-01,3.268844485282897949e-01
2.803356647491455078e-01,-1.432404369115829468e-01,2.381433099508285522e-01
8.398365974426269531e-02,-4.159564971923828125e-01,1.766567975282669067e-01
4.370468109846115112e-02,5.348482355475425720e-02,8.410211801528930664e-01
-1.170474663376808167e-01,4.264192581176757812e-01,8.347351104021072388e-02
-5.013287439942359924e-02,4.258537292480468750e-01,1.989056318998336792e-01
8.433499187231063843e-02,-4.072382450103759766e-01,-7.836914062500000000e-02
-1.047964096069335938e-01,-2.712703347206115723e-01,-3.054690361022949219e-01
-6.347259134054183960e-02,-1.270769834518432617e-01,-9.258960485458374023e-01
-1.524796485900878906e-01,1.135490611195564270e-01,-5.949856638908386230e-01
-1.938784867525100708e-01,3.177015781402587891e-01,2.591555714607238770e-01
1.746885776519775391e-01,-1.500581204891204834e-01,-7.578247189521789551e-01
1.513361930847167969e-01,-4.162130355834960938e-01,-3.183654695749282837e-02
4.312988370656967163e-02,-5.278117954730987549e-02,8.628468513488769531e-01
1.666071265935897827e-02,4.318132400512695312e-01,3.724762052297592163e-02
1.642138957977294922e-01,2.388968467712402344e-01,-2.363729774951934814e-01
-1.957081556320190430e-01,-2.971110343933105469e-01,1.873144507408142090e-01
-4.975232109427452087e-02,4.416084289550781250e-01,-8.556518703699111938e-03
1.683547161519527435e-02,-4.101192951202392578e-01,1.304418891668319702e-01
-1.219258084893226624e-01,5.340771004557609558e-02,8.431439399719238281e-01
4.278472810983657837e-02,-2.618348039686679840e-02,-8.750754594802856445e-01
1.760884560644626617e-02,-3.141322135925292969e-01,3.823187053203582764e-01
6.379961967468261719e-02,1.161670866167696659e-06,-5.595980882644653320e-01
8.148559182882308960e-02,-1.889973729848861694e-01,-8.312551975250244141e-01
-2.042401432991027832e-01,2.010691165924072266e-01,-3.707943558692932129e-01
1.263308674097061157e-01,4.256446004546887707e-07,7.148213386535644531e-01
1.556785851716995239e-01,3.564252853393554688e-01,-3.275024518370628357e-02
-5.427876487374305725e-02,-2.543535232543945312e-01,4.185806214809417725e-01
4.781158268451690674e-02,1.169604882597923279e-01,6.875648498535156250e-01
2.183093279600143433e-01,-3.373161330819129944e-02,-4.064719676971435547e-01
-1.961182355880737305e-01,2.924911975860595703e-01,-2.062725722789764404e-01
-9.377823024988174438e-02,1.177293881773948669e-01,6.756308078765869141e-01
-7.487808167934417725e-02,-1.798089295625686646e-01,6.456946134567260742e-01
2.749776840209960938e-01,-3.616029322147369385e-01,-3.434997424483299255e-02
2.777648866176605225e-01,4.435368055055732839e-07,6.396963596343994141e-01
-1.566748023033142090e-01,-1.714161336421966553e-01,-3.766520023345947266e-01
2.243029177188873291e-01,-3.659036159515380859e-01,1.817486584186553955e-01
2.224745750427246094e-01,-2.208445072174072266e-01,-3.416509926319122314e-01
9.400382637977600098e-02,1.673176288604736328e-01,-6.186205744743347168e-01
1.846252568066120148e-02,-2.081439495086669922e-01,-7.453951835632324219e-01
2.220589071512222290e-01,-3.872489929199218750e-01,6.181335449218750000e-02
-1.276562213897705078e-01,2.384779453277587891e-01,-4.155981242656707764e-01
-2.280700206756591797e-01,-3.660576045513153076e-02,5.285639762878417969e-01
-1.287895590066909790e-01,-2.184095382690429688e-01,-1.108776852488517761e-01
2.874313294887542725e-02,2.424380630254745483e-01,6.294107437133789062e-01
-2.085809260606765747e-01,-1.522216796875000000e-01,6.315627694129943848e-01
9.236861765384674072e-02,2.079019546508789062e-01,-7.460546493530273438e-01
2.117529213428497314e-01,-5.907389521598815918e-02,6.672768592834472656e-01
-2.052466869354248047e-01,-3.697349876165390015e-02,-6.041595339775085449e-02
2.324256896972656250e-01,1.181127130985260010e-01,6.697084903717041016e-01
-1.309857219457626343e-01,-1.795039176940917969e-01,5.135720968246459961e-01
-1.277572661638259888e-01,2.366976737976074219e-01,6.074151396751403809e-01
7.676238566637039185e-02,-7.643590122461318970e-02,-9.198422431945800781e-01
-1.239091828465461731e-01,3.048686981201171875e-01,-3.034085035324096680e-01
1.217591762542724609e-01,7.665771245956420898e-02,-7.448137998580932617e-01
-6.183528900146484375e-02,-1.179335117340087891e-01,-7.050756812095642090e-01
1.868228167295455933e-01,5.772524327039718628e-02,7.091350555419921875e-01
-5.238301679491996765e-02,-3.327581882476806641e-01,-5.706787109375000000e-02
-5.362640321254730225e-02,1.778776496648788452e-01,6.655956506729125977e-01
-2.183155715465545654e-01,-2.197840660810470581e-01,2.334513664245605469e-01
1.318125724792480469e-01,1.129239763031364419e-06,-7.993206381797790527e-01
-1.203980445861816406e-01,-3.670711517333984375e-01,6.216064468026161194e-02
-1.980051994323730469e-01,3.709017485380172729e-02,5.896328687667846680e-01
1.570654958486557007e-01,3.373243808746337891e-01,1.112301647663116455e-01
2.634086608886718750e-01,-1.443327516317367554e-01,4.433907866477966309e-01
-2.518772780895233154e-01,-5.762197822332382202e-02,7.123514413833618164e-01
-2.040491700172424316e-01,2.032144069671630859e-01,5.095155239105224609e-01
1.244053840637207031e-01,1.533012986183166504e-01,-7.742120027542114258e-01
-4.958466067910194397e-02,4.485347270965576172e-01,1.280773878097534180e-01
1.072958335280418396e-01,1.158673614263534546e-01,7.045254707336425781e-01
1.448284834623336792e-01,3.509130477905273438e-01,-9.685850143432617188e-02
2.430927753448486328e-01,1.871247291564941406e-01,4.600823819637298584e-01
-1.401737928390502930e-01,-5.331738665699958801e-02,8.459302186965942383e-01
-1.914121955633163452e-01,5.759617686271667480e-02,7.131589651107788086e-01
-2.380964756011962891e-01,-1.094078049063682556e-01,4.480013847351074219e-01
8.460228890180587769e-02,4.006152153015136719e-01,6.113525107502937317e-02
-1.216545775532722473e-01,-3.448107242584228516e-01,2.311132699251174927e-01
-1.412048339843750000e-01,1.140944063663482666e-01,-6.538598537445068359e-01
-1.312391757965087891e-01,1.750009059906005859e-01,-9.027981162071228027e-01
8.854352682828903198e-02,3.028202056884765625e-01,-2.786602675914764404e-01
-5.487138032913208008e-02,2.298188209533691406e-01,-7.385376095771789551e-01
-1.857611089944839478e-01,-1.117334142327308655e-01,7.686091661453247070e-01
-1.084263324737548828e-01,1.930679678916931152e-01,-4.677670300006866455e-01
-1.284320056438446045e-01,-3.315050899982452393e-02,-4.425938129425048828e-01
2.940902709960937500e-01,1.423512101173400879e-01,5.400939583778381348e-01
-4.977583885192871094e-02,-3.947846964001655579e-02,-6.493496298789978027e-01
1.018066424876451492e-02,4.318613708019256592e-01,-8.869123458862304688e-02
-2.326719760894775391e-01,3.310786783695220947e-01,1.175396665930747986e-01
-2.153468132019042969e-01,-1.105081737041473389e-01,-3.485473617911338806e-02
1.786544322967529297e-01,1.498004943132400513e-01,-3.210101127624511719e-01
2.871893346309661865e-01,-1.823589801788330078e-01,-2.410886287689208984e-01
8.266479521989822388e-02,-5.488746985793113708e-02,7.972546815872192383e-01
-1.969389319419860840e-01,2.832515239715576172e-01,3.638662695884704590e-01
2.551608085632324219e-01,-1.448650211095809937e-01,-3.358727991580963135e-01
1.826855167746543884e-02,2.322230339050292969e-01,-4.421294927597045898e-01
1.212961673736572266e-01,2.306554764509201050e-01,-3.568286001682281494e-01
-2.735924720764160156e-01,2.521532475948333740e-01,1.897772103548049927e-01
-1.903281956911087036e-01,3.576638698577880859e-01,-8.047638088464736938e-02
-3.864955902099609375e-02,-3.965774551033973694e-02,-7.705419659614562988e-01
8.768630772829055786e-02,3.240919113159179688e-01,3.808731138706207275e-01
-5.184708908200263977e-02,3.549578189849853516e-01,-2.477804571390151978e-01
8.291442692279815674e-02,2.753034792840480804e-02,-7.913861274719238281e-01
1.076548099517822266e-01,1.543822288513183594e-01,-4.398538172245025635e-01
1.638055145740509033e-01,2.445235252380371094e-01,3.184603750705718994e-01
1.584639549255371094e-01,2.270514816045761108e-01,4.383734166622161865e-01
-1.545053124427795410e-01,-2.785820066928863525e-01,-4.025912284851074219e-02
-4.262423515319824219e-02,-1.983800530433654785e-01,-4.806371927261352539e-01
1.758325099945068359e-01,7.491478323936462402e-02,-8.700927346944808960e-02
1.318038851022720337e-01,2.487315535545349121e-01,-3.038144111633300781e-01
1.829681396484375000e-01,-7.468476891517639160e-02,-7.256445288658142090e-01
-5.480669438838958740e-02,-2.324836254119873047e-01,-8.793346881866455078e-01
-5.148778483271598816e-02,3.698234558105468750e-01,3.241854906082153320e-01
1.730811595916748047e-02,3.514633178710937500e-01,3.757891654968261719e-01
1.771886274218559265e-02,-3.004586696624755859e-01,-3.784328997135162354e-01
9.057337790727615356e-02,-2.524271011352539062e-01,-4.385320842266082764e-01
2.633689343929290771e-01,-5.790233612060546875e-03,-6.632659584283828735e-02
3.724861145019531250e-02,2.388053238391876221e-01,-7.744964361190795898e-01
1.807115077972412109e-01,7.475750893354415894e-02,-3.464712500572204590e-01
1.312008649110794067e-01,-7.738856226205825806e-02,-9.000821113586425781e-01
3.060381412506103516e-01,1.046162537932104897e-06,5.878700017929077148e-01
6.072784215211868286e-02,-1.826448440551757812e-01,-8.873206377029418945e-01
-1.178185939788818359e-01,1.152255907654762268e-01,-7.756527662277221680e-01
-2.208664417266845703e-01,1.102412119507789612e-01,4.777476489543914795e-01
9.176194667816162109e-02,-2.229325771331787109e-01,-6.038717627525329590e-01
-8.336496353149414062e-02,-1.168921068310737610e-01,-4.995782375335693359e-01
1.867144107818603516e-01,2.998125851154327393e-01,1.455889791250228882e-01
-1.377336978912353516e-01,3.806127607822418213e-02,-5.151925683021545410e-01
8.395848423242568970e-02,4.165968894958496094e-01,-8.664855733513832092e-03
-1.202085539698600769e-01,3.704187870025634766e-01,-1.747079491615295410e-01
8.328390121459960938e-02,7.789789140224456787e-02,-5.272729396820068359e-01
2.677798271179199219e-01,7.195104658603668213e-02,3.906158506870269775e-01
1.231637001037597656e-01,1.133363866756553762e-06,-6.865374445915222168e-01
-6.602310389280319214e-02,-1.057874485850334167e-01,8.607715368270874023e-01
8.677332848310470581e-02,3.467471599578857422e-01,-2.005758583545684814e-01
1.713040098547935486e-02,-3.734610080718994141e-01,2.515515089035034180e-01
2.431716918945312500e-01,1.852012276649475098e-01,5.900673866271972656e-01
1.526007652282714844e-01,7.566360384225845337e-02,-4.040688872337341309e-01
6.802797317504882812e-02,3.952356874942779541e-01,2.086846828460693359e-01
5.776071548461914062e-02,-2.368163466453552246e-01,-5.636163353919982910e-01
-6.307769566774368286e-02,1.262860149145126343e-01,-9.356943368911743164e-01
2.784936428070068359e-01,-7.160570472478866577e-02,5.692382454872131348e-01
1.568877249956130981e-01,3.397727012634277344e-01,3.900634497404098511e-02
2.476226724684238434e-02,1.828681528568267822e-01,-8.853720426559448242e-01
-2.881007194519042969e-01,1.785631328821182251e-01,3.996429219841957092e-02
-8.942317962646484375e-02,2.730114459991455078e-01,4.799392521381378174e-01
1.346843242645263672e-01,-7.624109834432601929e-02,-4.886520206928253174e-01
-2.463266849517822266e-01,3.631160780787467957e-02,4.719207584857940674e-01
-1.275773644447326660e-01,-2.398750782012939453e-01,-1.601855456829071045e-01
-1.543455123901367188e-01,-1.134588047862052917e-01,-1.400427222251892090e-01
-1.952026337385177612e-01,-3.028073310852050781e-01,6.418334692716598511e-02
2.726254463195800781e-01,-2.159815579652786255e-01,3.151376247406005859e-01
1.743876934051513672e-02,-3.352286815643310547e-01,-2.743362486362457275e-01
2.756688594818115234e-01,-1.435415744781494141e-01,3.898425102233886719e-01
2.592911720275878906e-01,-2.904063165187835693e-01,2.419088631868362427e-01
1.493229866027832031e-01,-1.516949832439422607e-01,-5.410766601562500000e-01
2.350640594959259033e-01,-2.635183334350585938e-01,3.676794469356536865e-01
1.775641441345214844e-01,-1.498725265264511108e-01,-4.537130594253540039e-01
1.792283914983272552e-02,2.751381397247314453e-01,5.698205232620239258e-01
1.551029682159423828e-01,-3.643474578857421875e-01,2.773797512054443359e-01
-1.151834055781364441e-01,7.566513866186141968e-02,-9.357641935348510742e-01
8.659504354000091553e-02,3.511710166931152344e-01,3.028509318828582764e-01
1.833654567599296570e-02,-2.237827777862548828e-01,-6.574957370758056641e-01
-1.150512695312500000e-02,2.676089666783809662e-02,-8.398541212081909180e-01
2.360692024230957031e-01,1.079526327885105275e-06,-3.380261063575744629e-01
-1.670408248901367188e-01,-1.883360892534255981e-01,-3.229937553405761719e-01
1.942679882049560547e-01,1.487929373979568481e-01,3.515301346778869629e-01
1.360669136047363281e-01,3.063773512840270996e-01,2.819628715515136719e-01
1.697730086743831635e-02,3.925130367279052734e-01,2.730111777782440186e-01
-1.119761466979980469e-01,1.927814036607742310e-01,-6.633401513099670410e-01
2.065157890319824219e-01,1.480025500059127808e-01,2.460632324218750000e-01
1.816575527191162109e-01,-2.248024195432662964e-01,-4.007308781147003174e-01
2.720792293548583984e-01,-7.181245833635330200e-02,-2.824768126010894775e-01
1.823563128709793091e-02,2.363266944885253906e-01,-6.538726687431335449e-01
-2.492258548736572266e-01,1.817014217376708984e-01,-5.944305285811424255e-02
1.878285408020019531e-01,1.492084711790084839e-01,-2.675634622573852539e-01
1.526231318712234497e-01,-3.984928131103515625e-01,2.020013332366943359e-01
-5.061188712716102600e-02,4.060456752777099609e-01,-1.482156366109848022e-01
2.414398081600666046e-02,-7.654925435781478882e-02,-9.174906015396118164e-01
3.037405014038085938e-01,-1.417300552129745483e-01,-2.048413008451461792e-01
-1.153756678104400635e-01,3.607964515686035156e-01,2.799353599548339844e-01
-1.647398471832275391e-01,-3.409981429576873779e-01,1.472985744476318359e-01
-2.578184604644775391e-01,1.084538400173187256e-01,-2.844693064689636230e-01
1.411318778991699219e-01,-2.287320643663406372e-01,5.790487527847290039e-01
9.241078794002532959e-02,-2.068452835083007812e-01,-4.738827347755432129e-01
-1.617815494537353516e-01,-1.887606829404830933e-01,-2.183367908000946045e-01
-1.901824474334716797e-01,-1.117253825068473816e-01,-2.930505275726318359e-01
-5.321206152439117432e-02,-2.984859943389892578e-01,-3.288027942180633545e-01
-2.388732433319091797e-01,-1.093702018260955811e-01,3.959310948848724365e-01
2.366688251495361328e-01,1.460567265748977661e-01,1.415573060512542725e-01
-1.240703240036964417e-01,-3.020138740539550781e-01,2.851788401603698730e-01
2.638021707534790039e-01,-2.570778727531433105e-01,-2.301261425018310547e-01
-2.010726481676101685e-01,2.367238998413085938e-01,-3.135601878166198730e-01
1.832199469208717346e-02,2.256057262420654297e-01,-5.490512251853942871e-01
-1.186325177550315857e-01,3.983395099639892578e-01,2.018060237169265747e-01
-4.664138704538345337e-02,3.892060362886695657e-07,8.976622819900512695e-01
1.971604824066162109e-01,1.486062556505203247e-01,-1.632925420999526978e-01
3.064281940460205078e-01,1.045976546265592333e-06,4.592755138874053955e-01
2.034914493560791016e-01,2.226852625608444214e-01,5.098351836204528809e-01
1.667026430368423462e-02,4.306275844573974609e-01,1.752767860889434814e-01
-5.476187169551849365e-02,2.343494892120361328e-01,-5.205749273300170898e-01
-5.695295333862304688e-02,-3.936283290386199951e-02,-5.328100323677062988e-01
2.394077777862548828e-01,7.286555320024490356e-02,1.915664672851562500e-01
6.602783221751451492e-03,7.675787061452865601e-02,-9.132459163665771484e-01
2.959945201873779297e-01,-7.104159891605377197e-02,-1.806198060512542725e-01
8.590859174728393555e-02,-3.681893348693847656e-01,-1.985784918069839478e-01
-1.176724582910537720e-01,4.153451919555664062e-01,-7.812652736902236938e-02
-1.893151104450225830e-01,3.690652847290039062e-01,-8.890381082892417908e-03
-1.301995813846588135e-01,-1.678587496280670166e-01,-4.206962585449218750e-01
2.654121518135070801e-01,-2.523040771484375000e-02,4.572784155607223511e-02
1.904423236846923828e-01,7.444385439157485962e-02,-2.150729298591613770e-01
-2.530502378940582275e-01,6.891927123069763184e-02,3.618607521057128906e-01
-2.717822492122650146e-01,2.616708278656005859e-01,6.560699641704559326e-02
1.961498260498046875e-01,-3.744137585163116455e-01,-1.391888409852981567e-01
-5.409330874681472778e-02,-2.620096206665039062e-01,5.469709634780883789e-01
-2.680387496948242188e-01,-3.596177324652671814e-02,1.890664696693420410e-01
1.806865632534027100e-02,-2.570374011993408203e-01,4.956393241882324219e-01
-2.379894256591796875e-01,2.561855316162109375e-01,-1.104528754949569702e-01
-5.274558067321777344e-02,-3.177855014801025391e-01,-2.275930792093276978e-01
3.159725666046142578e-01,-2.830606698989868164e-01,-1.068539395928382874e-01
2.332780361175537109e-01,7.306313514709472656e-02,2.937820255756378174e-01
1.317321807146072388e-01,-1.796713769435882568e-01,6.471174955368041992e-01
2.632739543914794922e-01,-7.209628075361251831e-02,4.427268803119659424e-01
-5.487466603517532349e-02,-2.296826839447021484e-01,-4.427398443222045898e-01
1.832876726984977722e-02,-2.247478961944580078e-01,-4.698168933391571045e-01
-1.012756302952766418e-01,-5.227530002593994141e-02,8.782888650894165039e-01
-1.661295890808105469e-01,-1.884096860885620117e-01,4.095199406147003174e-01
-1.086273137480020523e-02,-1.262060403823852539e-01,-9.366830587387084961e-01
2.688765525817871094e-01,-3.625944554805755615e-01,1.565521210432052612e-02
-2.488749027252197266e-01,1.088864430785179138e-01,-1.343991011381149292e-01
-2.503721714019775391e-01,1.816088855266571045e-01,-1.848626732826232910e-01
-1.019349098205566406e-01,2.715944349765777588e-01,-3.877291679382324219e-01
-8.309508860111236572e-02,1.822967678308486938e-01,-8.903970718383789062e-01
-2.485718727111816406e-01,-1.817542165517807007e-01,6.572265177965164185e-02
1.717443205416202545e-02,-3.680422306060791016e-01,-1.508663892745971680e-01
2.470839023590087891e-01,7.261812686920166016e-02,9.059569984674453735e-02
3.333594799041748047e-01,-1.398186683654785156e-01,-1.053427085280418396e-01
2.595732212066650391e-01,1.068318738361995202e-06,1.398339867591857910e-01
1.543176174163818359e-01,-3.040119707584381104e-01,4.136889576911926270e-01
2.879378795623779297e-01,-2.144967615604400635e-01,1.882351636886596680e-01
-2.849714756011962891e-01,3.568895161151885986e-02,1.629293859004974365e-01
-1.959558278322219849e-01,2.943174839019775391e-01,3.118350207805633545e-01
-1.525634713470935822e-02,3.182760179042816162e-01,-3.203625679016113281e-01
-2.985107898712158203e-01,1.777227371931076050e-01,1.624389588832855225e-01
-2.818458080291748047e-01,3.573931753635406494e-02,6.454986333847045898e-02
-2.990643978118896484e-01,1.064587831497192383e-01,1.130325272679328918e-01
2.271608263254165649e-01,-3.387072086334228516e-01,2.326739430427551270e-01
2.460784912109375000e-01,-1.029520332813262939e-01,-3.715906143188476562e-01
9.937011450529098511e-02,1.340850293636322021e-01,-8.390946388244628906e-01
-1.233201920986175537e-01,-3.153033256530761719e-01,-3.334381058812141418e-02
6.227844208478927612e-02,1.873074471950531006e-01,-8.461505174636840820e-01
3.304758071899414062e-01,-2.811809778213500977e-01,1.515167206525802612e-02
-2.268095016479492188e-01,1.835110634565353394e-01,4.249694645404815674e-01
3.160543441772460938e-01,-7.039501518011093140e-02,-5.752075091004371643e-02
5.961639434099197388e-02,1.282059103250503540e-01,-9.118927717208862305e-01
-1.563494205474853516e-01,-1.133618727326393127e-01,-4.036855995655059814e-01
-9.368468821048736572e-02,-3.739120364189147949e-01,1.992545127868652344e-01
-5.241739749908447266e-02,-3.313627243041992188e-01,-1.052517667412757874e-01
1.814723312854766846e-01,1.260757446289062500e-03,-4.310287237167358398e-01
-1.703665256500244141e-01,1.126838847994804382e-01,-4.547055065631866455e-01
2.435473948717117310e-01,-1.828045845031738281e-01,5.419941544532775879e-01
1.594478935003280640e-01,-3.045175075531005859e-01,-3.037725687026977539e-01
3.498728275299072266e-01,-2.084911316633224487e-01,-5.686615034937858582e-02
-5.205888673663139343e-02,-3.461952209472656250e-01,2.790838479995727539e-01
-1.895447075366973877e-01,3.664767742156982422e-01,1.575317382812500000e-01
2.468023598194122314e-01,1.518304347991943359e-01,6.326556205749511719e-01
-5.089177563786506653e-02,-3.944659233093261719e-01,1.783859282732009888e-01
1.597752571105957031e-01,3.033040463924407959e-01,2.262329012155532837e-01
1.207470670342445374e-01,-1.920292079448699951e-01,-8.044730424880981445e-01
1.505104005336761475e-01,-4.275803565979003906e-01,1.065881326794624329e-01
-1.199984624981880188e-01,-3.741495609283447266e-01,1.092224121093750000e-01
2.198722809553146362e-01,-1.837613433599472046e-01,6.049289703369140625e-01
3.136243820190429688e-01,-2.833645045757293701e-01,6.414917111396789551e-02
-5.665767937898635864e-02,-1.559145450592041016e-01,-6.772756576538085938e-01
1.227762699127197266e-01,3.863381743431091309e-01,-6.339996308088302612e-02
-1.444027423858642578e-01,-1.901636272668838501e-01,3.328024148941040039e-01
-1.178003251552581787e-01,4.130821228027343750e-01,3.764373809099197388e-02
8.370726555585861206e-02,-4.228153228759765625e-01,3.743896260857582092e-02
2.213253676891326904e-01,-3.942282199859619141e-01,-5.573852360248565674e-02
1.698782853782176971e-02,-3.912065029144287109e-01,1.460571214556694031e-02
-2.277816683053970337e-01,6.390094757080078125e-02,-9.631225466728210449e-02
8.645725250244140625e-02,7.779560238122940063e-02,-8.449737429618835449e-01
-5.078298598527908325e-02,-3.989670276641845703e-01,8.446899056434631348e-02
1.345313936471939087e-01,2.443571388721466064e-01,6.145981550216674805e-01
6.782989483326673508e-03,5.258079245686531067e-02,8.690567016601562500e-01
-1.326498091220855713e-01,-1.500229835510253906e-01,5.750872492790222168e-01
9.289228916168212891e-02,1.949069499969482422e-01,-6.941427588462829590e-01
-1.579493731260299683e-01,1.799854934215545654e-01,6.438776254653930664e-01
-4.978908970952033997e-02,4.400768280029296875e-01,-5.424194037914276123e-02
9.128799289464950562e-02,2.418241798877716064e-01,6.341495513916015625e-01
-3.226208686828613281e-02,-1.992165744304656982e-01,-8.051834106445312500e-01
-2.004521191120147705e-01,-2.437188625335693359e-01,-9.413146413862705231e-03
-1.267933696508407593e-01,2.537615299224853516e-01,4.971372783184051514e-01
1.882296651601791382e-01,-3.320438563823699951e-01,-2.260675430297851562e-01
-2.316141128540039062e-02,-3.616717159748077393e-01,-3.814269974827766418e-02
-1.701864600181579590e-01,1.279066652059555054e-01,-9.156006574630737305e-01
-2.177283763885498047e-01,-2.584801614284515381e-01,1.945388764142990112e-01
-5.568967759609222412e-02,1.959519386291503906e-01,-8.352361917495727539e-01
2.826073169708251953e-01,-7.147310674190521240e-02,2.624264359474182129e-01
9.082123637199401855e-02,-2.462899684906005859e-01,5.246825814247131348e-01
-8.965587615966796875e-02,1.945832520723342896e-01,-7.864565849304199219e-01
-2.108065783977508545e-01,-2.002760320901870728e-01,-1.918959617614746094e-02
-1.311406642198562622e-01,-1.767654418945312500e-01,6.234994530677795410e-01
-5.315842479467391968e-02,3.006885051727294922e-01,-3.534384071826934814e-01
-1.274027824401855469e-01,1.915360391139984131e-01,-5.746026635169982910e-01
5.717834457755088806e-02,3.484165966510772705e-01,3.561222553253173828e-01
9.115421772003173828e-02,2.380299568176269531e-01,-3.894772231578826904e-01
-1.933648586273193359e-01,-1.115714609622955322e-01,5.371960401535034180e-01
-1.263134479522705078e-01,-3.466092944145202637e-01,1.661437936127185822e-02
-1.943138986825942993e-01,-3.128108978271484375e-01,1.126373261213302612e-01
2.386401295661926270e-01,-2.294943332672119141e-01,4.254214465618133545e-01
-1.268662214279174805e-01,-2.524733543395996094e-01,-2.599560618400573730e-01
-7.668166607618331909e-02,2.452204227447509766e-01,6.079370975494384766e-01
2.127375602722167969e-01,-2.217886894941329956e-01,4.811378419399261475e-01
-1.710272133350372314e-01,7.717648148536682129e-02,-9.044799804687500000e-01
-1.309112552553415298e-02,-2.429445385932922363e-01,6.255035400390625000e-01
-1.968200206756591797e-01,2.608481347560882568e-01,4.053991734981536865e-01
5.742858722805976868e-02,-3.152105212211608887e-01,-3.413505554199218750e-01
3.166565895080566406e-01,7.037560641765594482e-02,5.594593882560729980e-01
2.843371629714965820e-01,-1.084033399820327759e-01,-2.588737010955810547e-01
1.011994779109954834e-01,-1.123332977294921875e-02,-5.773016214370727539e-01
-6.087492406368255615e-02,1.854586601257324219e-02,-7.885754108428955078e-01
6.716155912727117538e-03,-5.206175521016120911e-02,8.851562738418579102e-01
7.607726845890283585e-03,1.178889647126197815e-01,6.732215881347656250e-01
-1.470794621855020523e-02,3.406639099121093750e-01,4.038388729095458984e-01
1.366677880287170410e-01,-2.688048034906387329e-02,-8.317145109176635742e-01
1.037962436676025391e-01,3.894227445125579834e-01,9.757141023874282837e-02
-6.897079199552536011e-02,1.105091869831085205e-01,7.875461578369140625e-01
