-2.855898737907409668e-01,-1.479489803314208984e-01,2.802618443965911865e-01
1.649365127086639404e-01,-2.548481337726116180e-02,-9.183036088943481445e-01
2.967388629913330078e-01,1.421802937984466553e-01,-1.562313735485076904e-01
5.836914107203483582e-02,5.025486648082733154e-02,9.409958124160766602e-01
-2.231452465057373047e-01,-1.101309880614280701e-01,-3.403530716896057129e-01
2.996675968170166016e-01,1.049200250236026477e-06,4.100146293640136719e-01
-1.247420310974121094e-01,2.901051044464111328e-01,5.148832798004150391e-01
9.266369789838790894e-02,-2.005627155303955078e-01,4.144470021128654480e-02
9.417112916707992554e-02,1.631731986999511719e-01,-5.372076034545898438e-01
-5.131268501281738281e-02,1.976786702871322632e-01,9.873748570680618286e-02
-2.089805603027343750e-01,-3.691333904862403870e-02,-7.451956272125244141e-01
1.870343461632728577e-02,-1.782386302947998047e-01,6.221339106559753418e-01
3.099015951156616211e-01,2.511420249938964844e-01,1.669592261314392090e-01
-3.375356197357177734e-01,-3.484203666448593140e-02,-3.295623883605003357e-02
9.597452729940414429e-02,-1.183979511260986328e-01,-2.752490043640136719e-01
-2.722712755203247070e-01,5.193166430217388552e-07,5.666180849075317383e-01
1.536729335784912109e-01,1.810747832059860229e-01,6.326335668563842773e-01
-1.328731477260589600e-01,1.460566520690917969e-01,-1.931143105030059814e-01
9.159032255411148071e-02,-2.272050380706787109e-01,3.460699319839477539e-01
9.139899164438247681e-02,2.319629192352294922e-01,3.453454375267028809e-01
-2.103194445371627808e-01,1.326422691345214844e-01,3.078738451004028320e-01
-1.916289329528808594e-02,-8.120005577802658081e-02,-5.204354524612426758e-01
3.024659156799316406e-01,-7.083299756050109863e-02,1.372280865907669067e-01
1.885717548429965973e-02,1.591713428497314453e-01,-7.901119589805603027e-01
-1.305355727672576904e-01,-1.874780654907226562e-01,-1.123806759715080261e-01
9.192127734422683716e-02,2.190022468566894531e-01,-2.892907559871673584e-01
-1.110249310731887817e-01,1.145546808838844299e-01,7.248617410659790039e-01
-6.372863799333572388e-02,-1.275890469551086426e-01,-9.195535182952880859e-01
-1.264987736940383911e-01,-2.589924335479736328e-01,1.151391565799713135e-01
2.458102405071258545e-01,3.429209440946578979e-02,-3.716840744018554688e-01
1.621127277612686157e-01,-5.611198768019676208e-02,7.592110633850097656e-01
-4.087934494018554688e-01,3.369390964508056641e-02,1.771432459354400635e-01
-1.361508816480636597e-01,8.798885345458984375e-02,-4.156356751918792725e-01
1.806874275207519531e-01,1.105934416045784019e-06,-6.699221730232238770e-01
-6.675216555595397949e-02,-1.069556996226310730e-01,8.426690101623535156e-01
-1.297608911991119385e-01,-2.006563097238540649e-01,4.307005405426025391e-01
9.097921848297119141e-02,2.423794269561767578e-01,-5.947875976562500000e-02
2.923815846443176270e-01,2.044857293367385864e-01,3.911809921264648438e-01
1.913285255432128906e-01,-7.441528886556625366e-02,-8.642913401126861572e-02
-2.179400026798248291e-01,-4.686975479125976562e-02,-5.370467901229858398e-01
-2.098834365606307983e-01,1.375477313995361328e-01,-9.856262244284152985e-03
1.579313278198242188e-01,-7.549178600311279297e-02,5.177912712097167969e-01
-1.352631151676177979e-01,1.037139892578125000e-01,-6.359835863113403320e-01
-3.542265892028808594e-01,3.457310795783996582e-02,3.753426969051361084e-01
3.633648455142974854e-01,7.286410778760910034e-02,2.394590377807617188e-01
3.507253825664520264e-01,1.227885484695434570e-01,3.853297233581542969e-02
2.637878432869911194e-02,-2.788792550563812256e-02,-7.696713209152221680e-01
-2.843393385410308838e-01,-1.582477092742919922e-01,9.481048583984375000e-02
-1.380366981029510498e-01,5.457258224487304688e-02,-8.876391649246215820e-01
-5.599410831928253174e-02,-1.833856105804443359e-01,-3.459933400154113770e-01
-2.708709239959716797e-01,3.591614961624145508e-02,-2.075024396181106567e-01
1.697571277618408203e-01,-1.625666618347167969e-01,1.984966993331909180e-01
1.928976736962795258e-02,-1.054537296295166016e-01,-1.161856055259704590e-01
-5.578906834125518799e-02,1.918511390686035156e-01,2.731051445007324219e-01
8.929766714572906494e-02,2.841064929962158203e-01,5.158786177635192871e-01
-1.357335895299911499e-01,-9.539198875427246094e-02,5.602494478225708008e-01
-1.193289160728454590e-01,5.227020010352134705e-02,8.784327507019042969e-01
-5.493000522255897522e-02,-2.273931503295898438e-01,2.688998281955718994e-01
1.646818816661834717e-01,2.324564456939697266e-01,9.137664735317230225e-02
7.599792443215847015e-03,2.350493520498275757e-01,6.864114999771118164e-01
-2.799084186553955078e-01,-1.073853671550750732e-01,4.397198259830474854e-01
-2.460494041442871094e-01,1.819578707218170166e-01,4.996716082096099854e-01
1.796371042728424072e-01,-2.653074264526367188e-02,-5.120754837989807129e-01
-2.102947235107421875e-01,1.329185962677001953e-01,1.483209133148193359e-01
1.550652980804443359e-01,1.513227373361587524e-01,-7.070358395576477051e-01
2.558765411376953125e-01,1.070081452780868858e-06,-2.088711559772491455e-01
2.243853658437728882e-01,6.259800493717193604e-02,5.579439401626586914e-01
-2.672085762023925781e-01,-1.079996451735496521e-01,-1.581814587116241455e-01
-5.733985453844070435e-02,1.276791095733642578e-01,-6.246826052665710449e-02
-5.795493349432945251e-02,-1.022431850433349609e-01,-6.640777587890625000e-01
1.698889285326004028e-01,1.607553958892822266e-01,-4.035159349441528320e-01
4.186096042394638062e-02,7.682563364505767822e-02,-9.118769168853759766e-01
6.378173828125000000e-02,-1.645161360502243042e-01,8.034170866012573242e-01
1.844484731554985046e-02,-2.103383541107177734e-01,4.794099330902099609e-01
-1.368998736143112183e-01,2.392452210187911987e-01,6.540466547012329102e-01
-2.216451913118362427e-01,1.206674650311470032e-01,6.301178932189941406e-01
4.503726959228515625e-03,1.211423054337501526e-01,-4.313918948173522949e-01
2.674334049224853516e-01,-7.196220755577087402e-02,2.893554568290710449e-01
2.924363613128662109e-01,1.052648372024123091e-06,-9.173888713121414185e-03
2.275609970092773438e-01,-1.466461122035980225e-01,4.101013019680976868e-02
-4.110918045043945312e-01,-1.010400429368019104e-01,1.305294781923294067e-01
6.968975067138671875e-03,2.023836523294448853e-01,-1.779751479625701904e-01
1.260621547698974609e-01,1.131981775870372076e-06,6.360943317413330078e-01
-1.556700170040130615e-01,4.824902362088323571e-07,6.621820926666259766e-01
1.893970370292663574e-02,1.489090919494628906e-01,-6.509841680526733398e-01
2.199192047119140625e-01,2.210923135280609131e-01,5.061882138252258301e-01
9.752722829580307007e-02,-7.986783981323242188e-02,-4.167104959487915039e-01
2.446020990610122681e-01,1.727643013000488281e-01,-3.565795719623565674e-02
-2.370038032531738281e-01,3.646181151270866394e-02,-3.379302918910980225e-01
-5.432652309536933899e-02,2.523775100708007812e-01,3.932217359542846680e-01
-1.353313922882080078e-01,-1.025173664093017578e-01,-4.405837953090667725e-01
1.816217899322509766e-01,-1.496106535196304321e-01,4.063253700733184814e-01
-5.497813597321510315e-02,-2.254018783569335938e-01,-9.455260820686817169e-03
1.548605263233184814e-01,8.038485050201416016e-02,-8.381506204605102539e-01
2.315833568572998047e-01,1.463848948478698730e-01,-2.880596816539764404e-01
-3.924563527107238770e-01,-7.228972017765045166e-02,2.572844028472900391e-01
-1.474637985229492188e-01,1.137916669249534607e-01,-7.660000324249267578e-01
-5.698481574654579163e-02,1.423797607421875000e-01,-2.988531291484832764e-01
-3.169653415679931641e-01,1.055929362773895264e-01,2.340002357959747314e-01
-2.946554422378540039e-01,7.329297065734863281e-02,7.112823426723480225e-02
1.827368140220642090e-02,-2.315864562988281250e-01,1.415853798389434814e-01
1.655685901641845703e-01,2.202434539794921875e-01,-1.617449969053268433e-01
-1.305273324251174927e-01,-1.876242160797119141e-01,-2.414816170930862427e-01
2.354088574647903442e-01,2.602322101593017578e-01,2.917361259460449219e-01
-1.179692745208740234e-01,-1.152183189988136292e-01,-8.049331307411193848e-01
9.199482947587966919e-02,2.171707153320312500e-01,2.190313637256622314e-01
-2.048265039920806885e-01,-1.944811344146728516e-01,-9.618835523724555969e-03
2.071771621704101562e-01,-7.390444725751876831e-02,-3.165719509124755859e-01
-1.079727150499820709e-02,-5.022551491856575012e-02,9.419881105422973633e-01
-5.847614631056785583e-02,8.069729804992675781e-02,-5.277172923088073730e-01
-2.035473585128784180e-01,-2.088730335235595703e-01,1.948174983263015747e-01
-1.341859251260757446e-01,-1.228094100952148438e-01,-5.747616291046142578e-01
9.608031809329986572e-02,-5.190548673272132874e-02,8.897476196289062500e-01
2.070455551147460938e-01,7.390868663787841797e-02,-5.807784795761108398e-01
9.849204868078231812e-02,-5.593276023864746094e-02,-5.904708504676818848e-01
-2.928161621093750000e-02,-2.619399502873420715e-02,-8.741159439086914062e-01
-1.755435466766357422e-01,1.876496970653533936e-01,4.078680276870727539e-01
-3.016710281372070312e-03,-1.615258753299713135e-01,-2.334521412849426270e-01
1.733443737030029297e-01,-7.499497383832931519e-02,-8.145550489425659180e-01
1.749416440725326538e-01,-9.118342399597167969e-02,-1.978216469287872314e-01
-2.893977761268615723e-01,1.165928840637207031e-01,4.199172854423522949e-01
3.479253351688385010e-01,2.477955818176269531e-02,1.024343818426132202e-01
3.992784023284912109e-01,1.355632394552230835e-01,1.548226922750473022e-01
-2.334229946136474609e-01,-1.829771995544433594e-01,3.717913627624511719e-01
-7.561707496643066406e-02,-1.172668784856796265e-01,6.503705978393554688e-01
1.246142387390136719e-01,-1.532895267009735107e-01,6.378063559532165527e-01
-2.451245784759521484e-01,1.090678498148918152e-01,-1.095330789685249329e-01
-4.882537573575973511e-02,8.107124269008636475e-02,-8.239917755126953125e-01
1.852205581963062286e-02,2.007544040679931641e-01,1.592498831450939178e-02
2.775274515151977539e-01,1.295087933540344238e-01,4.931082725524902344e-01
2.029765024781227112e-02,1.966047286987304688e-02,-4.623150527477264404e-01
-2.879029810428619385e-01,-1.288971900939941406e-01,-3.639648482203483582e-02
1.624174863100051880e-01,2.636315822601318359e-01,4.178271293640136719e-01
1.992793008685112000e-02,-2.618074417114257812e-02,-6.555389165878295898e-01
-3.510333299636840820e-01,-6.916756182909011841e-02,3.541395664215087891e-01
1.956770420074462891e-01,7.427512109279632568e-02,-4.760516285896301270e-01
-2.126357555389404297e-01,3.685444593429565430e-02,-6.607800126075744629e-01
1.776667684316635132e-02,2.945234775543212891e-01,5.909745693206787109e-01
-1.984465122222900391e-01,1.113256439566612244e-01,-2.660925090312957764e-01
1.776945590972900391e-01,-1.498640924692153931e-01,3.014556765556335449e-01
3.262076377868652344e-01,2.107858657836914062e-01,2.829122841358184814e-01
3.134046196937561035e-01,2.257215976715087891e-01,6.679992377758026123e-02
3.058464527130126953e-01,7.072404772043228149e-02,-8.214202523231506348e-02
-3.183920383453369141e-01,3.515048325061798096e-02,4.821285903453826904e-01
-2.841140702366828918e-02,1.015945896506309509e-01,9.256757497787475586e-01
2.996392250061035156e-01,1.049213778969715349e-06,2.109475731849670410e-01
-5.785940587520599365e-02,1.062133312225341797e-01,-7.204775810241699219e-01
-5.482992529869079590e-02,-2.315335273742675781e-01,3.710030913352966309e-01
-3.835723400115966797e-01,3.410028293728828430e-02,2.741961479187011719e-01
-1.326290071010589600e-01,1.503813266754150391e-01,2.256155312061309814e-01
9.462756663560867310e-02,-1.518292427062988281e-01,5.192921161651611328e-01
-3.037324547767639160e-01,-1.462936401367187500e-03,-1.222607418894767761e-01
1.909297704696655273e-02,-1.298999786376953125e-01,-3.807858228683471680e-01
-3.889028728008270264e-01,-4.118027165532112122e-02,5.584120750427246094e-02
-3.121856600046157837e-02,-1.673064976930618286e-01,7.746274471282958984e-01
3.284161090850830078e-01,6.999654322862625122e-02,3.305624425411224365e-01
-1.780554205179214478e-01,-2.679207734763622284e-02,-8.371744155883789062e-01
-2.953923642635345459e-01,6.722259521484375000e-02,-3.734344244003295898e-02
-2.031008601188659668e-01,2.138946056365966797e-01,5.877931118011474609e-01
-1.319928169250488281e-01,1.616518497467041016e-01,4.217895492911338806e-02
-2.911813259124755859e-01,1.068400815129280090e-01,5.403146147727966309e-01
-2.095544785261154175e-01,-1.412634849548339844e-01,4.958019852638244629e-01
-3.493702709674835205e-01,-1.478804647922515869e-01,2.084476947784423828e-01
9.894110262393951416e-02,-4.478216171264648438e-02,-7.097536921501159668e-01
9.566320478916168213e-02,-1.261370182037353516e-01,-6.254119426012039185e-02
-1.884078979492187500e-01,3.724480047821998596e-02,-4.773672521114349365e-01
1.856638304889202118e-02,1.952004432678222656e-01,-3.441393971443176270e-01
1.697068214416503906e-01,2.259612381458282471e-01,-9.729309007525444031e-03
2.541488111019134521e-01,-8.193945884704589844e-02,3.975311219692230225e-01
1.906733512878417969e-01,7.443641126155853271e-02,-7.514428496360778809e-01
-2.613518238067626953e-01,-3.606952354311943054e-02,-2.837261855602264404e-01
9.330727159976959229e-02,-1.845922470092773438e-01,2.481008917093276978e-01
-2.003893852233886719e-01,-3.705175966024398804e-02,-4.219808876514434814e-01
-5.636079236865043640e-02,-1.681861877441406250e-01,5.154070854187011719e-01
2.616965770721435547e-01,1.067306243385246489e-06,4.945936501026153564e-01
2.401871681213378906e-01,-1.458313167095184326e-01,1.413372755050659180e-01
9.261169284582138062e-02,2.453310191631317139e-01,6.070915460586547852e-01
-3.135654926300048828e-01,1.057573705911636353e-01,3.330389261245727539e-01
-5.619041249155998230e-02,-1.752350330352783203e-01,-8.427462577819824219e-01
6.071502715349197388e-02,-2.614072524011135101e-02,-8.777005672454833984e-01
8.031737804412841797e-02,1.332012116909027100e-01,-8.500158786773681641e-01
1.790009066462516785e-02,2.779130935668945312e-01,4.396154582500457764e-01
1.843986287713050842e-02,2.109572887420654297e-01,1.683572381734848022e-01
-1.358779817819595337e-01,-7.750782370567321777e-02,-8.976397514343261719e-01
1.867511868476867676e-02,-1.817536354064941406e-01,-3.532684221863746643e-02
-1.280332207679748535e-01,-2.318089008331298828e-01,3.199227750301361084e-01
2.583842277526855469e-01,1.068885694621712901e-06,-1.087618991732597351e-01
1.011929512023925781e-01,-7.732062041759490967e-02,5.864081978797912598e-01
-5.612535029649734497e-02,-1.779386997222900391e-01,-1.643618792295455933e-01
-4.373478889465332031e-02,-8.199207484722137451e-02,-7.657824754714965820e-01
1.090492233633995056e-01,1.177609711885452271e-01,6.751825809478759766e-01
-1.317456215620040894e-01,1.660289764404296875e-01,3.292010426521301270e-01
1.681291908025741577e-01,-1.849856376647949219e-01,9.328979253768920898e-02
-3.766502737998962402e-01,5.831646919250488281e-02,9.929626435041427612e-02
2.186560630798339844e-01,1.472191065549850464e-01,5.854827761650085449e-01
-2.082354724407196045e-01,-1.561102867126464844e-01,-2.190161049365997314e-01
1.791778951883316040e-01,-3.284931182861328125e-02,-4.255798161029815674e-01
1.913639903068542480e-02,1.244921684265136719e-01,-5.180297493934631348e-01
2.935712337493896484e-01,-7.111971080303192139e-02,3.975677490234375000e-02
-2.162908315658569336e-01,-6.543278694152832031e-02,5.685586333274841309e-01
9.843984991312026978e-02,-5.723524093627929688e-02,-5.047997832298278809e-01
2.621650695800781250e-01,7.213202863931655884e-02,-2.585580348968505859e-01
-3.206619247794151306e-02,1.718475073575973511e-01,7.277973890304565430e-01
-1.352806985378265381e-01,-1.034150123596191406e-01,-7.222570776939392090e-01
-8.038665354251861572e-02,3.641476951088407077e-07,9.330203533172607422e-01
9.643041342496871948e-02,-1.070852279663085938e-01,-1.694650202989578247e-01
-2.910973727703094482e-01,1.025948524475097656e-01,1.507305800914764404e-01
2.463546767830848694e-02,-1.041093617677688599e-01,8.868134021759033203e-01
1.247746273875236511e-01,-1.701817810535430908e-01,7.449800968170166016e-01
-3.200602531433105469e-01,-1.054432094097137451e-01,3.930480778217315674e-02
1.362573206424713135e-01,3.966163717450399417e-07,8.365401029586791992e-01
-2.338886260986328125e-04,2.018021494150161743e-01,-9.383880347013473511e-02
1.543264389038085938e-01,1.513704210519790649e-01,-6.228542923927307129e-01
-2.016374468803405762e-01,-2.303771972656250000e-01,6.629913300275802612e-02
-3.336732387542724609e-01,-3.490426391363143921e-02,4.286254644393920898e-01
-5.917840823531150818e-02,5.162501335144042969e-02,-4.493521153926849365e-01
1.672034263610839844e-01,1.977329254150390625e-01,-3.185476660728454590e-01
1.427311897277832031e-01,1.521186828613281250e-01,-7.972903251647949219e-01
1.993328146636486053e-02,-2.557063102722167969e-02,-5.683978199958801270e-01
-1.316929906606674194e-01,-1.669638156890869141e-01,-3.754156529903411865e-01
-1.358368098735809326e-01,9.355020523071289062e-02,-5.536444187164306641e-01
-1.326652616262435913e-01,1.497366428375244141e-01,-8.808044344186782837e-02
1.836411841213703156e-02,2.203598022460937500e-01,2.953124940395355225e-01
-5.821301788091659546e-02,9.158372879028320312e-02,-6.098852157592773438e-01
9.151104837656021118e-02,2.291822433471679688e-01,4.092895239591598511e-02
9.311372786760330200e-02,1.894054412841796875e-01,-3.978497087955474854e-01
1.623192131519317627e-01,2.649850845336914062e-01,5.475225448608398438e-01
-1.334904134273529053e-01,1.351308822631835938e-01,-3.268694877624511719e-01
1.715416908264160156e-01,1.379985809326171875e-01,-5.439837574958801270e-01
-2.040079385042190552e-01,-2.036948204040527344e-01,2.986334264278411865e-01
-1.317150443792343140e-01,1.665704250335693359e-01,1.458703577518463135e-01
1.635158360004425049e-01,2.485125064849853516e-01,2.416909784078598022e-01
-2.095818519592285156e-01,3.690364211797714233e-02,-5.799102783203125000e-01
1.853741332888603210e-02,-1.988477706909179688e-01,2.206176668405532837e-01
-2.067892551422119141e-01,-1.723885536193847656e-01,-8.743590861558914185e-02
2.269227504730224609e-01,-7.326796650886535645e-02,4.761688113212585449e-01
-2.222125530242919922e-01,1.101760938763618469e-01,-1.867877095937728882e-01
-5.711410939693450928e-02,1.370308399200439453e-01,-1.672573834657669067e-01
9.945133328437805176e-02,-3.212809562683105469e-02,-8.032671809196472168e-01
9.522479772567749023e-02,1.370263099670410156e-01,-4.610482752323150635e-01
-2.120042443275451660e-01,1.136779785156250000e-01,2.296768128871917725e-01
-1.284056305885314941e-01,-2.252109050750732422e-01,2.184301763772964478e-01
1.916918754577636719e-01,1.100687086363905109e-06,-8.365359306335449219e-01
9.269019961357116699e-02,-1.999051570892333984e-01,1.693017482757568359e-01
-1.293500810861587524e-01,-2.084798812866210938e-01,-3.497406095266342163e-02
1.890190318226814270e-02,-1.536016464233398438e-01,5.458358526229858398e-01
-5.428554490208625793e-02,-2.540841102600097656e-01,6.536834686994552612e-02
1.193402037024497986e-01,-1.086071357131004333e-01,8.170642852783203125e-01
2.956032752990722656e-01,1.051138269758666866e-06,3.104302883148193359e-01
9.123771637678146362e-02,2.359652519226074219e-01,1.414221227169036865e-01
9.190683811902999878e-02,-2.193441390991210938e-01,4.253271520137786865e-01
-5.754586681723594666e-02,-1.191678047180175781e-01,-4.369561672210693359e-01
1.826906204223632812e-02,2.032958567142486572e-01,-2.634191811084747314e-01
2.355733066797256470e-01,2.586729526519775391e-01,1.406607031822204590e-01
-5.749663710594177246e-02,1.212046146392822266e-01,-3.822821080684661865e-01
1.822522655129432678e-02,-2.376010417938232422e-01,3.186089992523193359e-01
-2.158977985382080078e-01,-3.680188208818435669e-02,-6.324975490570068359e-01
-2.100555002689361572e-01,1.356110572814941406e-01,6.906738132238388062e-02
1.656985282897949219e-01,1.113081680159666575e-06,-7.591754198074340820e-01
-5.308136716485023499e-02,3.038656711578369141e-01,4.854176342487335205e-01
3.723461627960205078e-01,2.063119411468505859e-01,1.334182769060134888e-01
-2.829138934612274170e-01,-1.699862480163574219e-01,1.726235896348953247e-01
9.148478507995605469e-02,2.298340797424316406e-01,-1.860961914062500000e-01
-5.616251379251480103e-02,1.764183044433593750e-01,1.609771698713302612e-02
1.663674116134643555e-01,2.092444896697998047e-01,-2.394726574420928955e-01
-2.142136096954345703e-01,3.682902455329895020e-02,-7.716085910797119141e-01
2.404408752918243408e-01,2.123556137084960938e-01,4.142577946186065674e-02
1.832353696227073669e-02,-2.253975868225097656e-01,4.096527025103569031e-02
1.679503917694091797e-01,-1.504929214715957642e-01,-9.711303748190402985e-03
-5.443226173520088196e-02,-2.479860782623291016e-01,1.656765639781951904e-01
-5.622012168169021606e-02,1.740174293518066406e-01,1.970629841089248657e-01
-3.246803283691406250e-01,-1.052197515964508057e-01,-1.056686341762542725e-01
7.836028933525085449e-02,1.040037497878074646e-01,8.883546590805053711e-01
-5.636950209736824036e-02,-1.678371429443359375e-01,-8.728881925344467163e-02
-1.270295977592468262e-01,2.495789527893066406e-01,4.200155436992645264e-01
2.361953705549240112e-01,2.527544498443603516e-01,3.694488406181335449e-01
2.894740104675292969e-01,7.125177979469299316e-02,4.375408887863159180e-01
-2.887927889823913574e-01,-1.215701103210449219e-01,3.645184338092803955e-01
3.500666618347167969e-01,1.387389600276947021e-01,3.033908009529113770e-01
6.932983174920082092e-03,2.687783725559711456e-02,-8.321685791015625000e-01
2.427124977111816406e-01,1.456667184829711914e-01,-2.105334401130676270e-01
1.991989612579345703e-01,7.416159659624099731e-02,-6.649206280708312988e-01
1.830541156232357025e-02,2.276475429534912109e-01,3.715420365333557129e-01
1.815182417631149292e-01,-6.287097930908203125e-04,5.537360906600952148e-01
1.819130592048168182e-02,-2.418289184570312500e-01,3.949649035930633545e-01
-2.219146639108657837e-01,4.232688297634012997e-07,6.239943504333496094e-01
1.626458168029785156e-01,2.604877948760986328e-01,3.416229188442230225e-01
-5.297555401921272278e-02,3.082544803619384766e-01,5.614846944808959961e-01
1.136416569352149963e-01,-7.758971303701400757e-02,-8.959454298019409180e-01
-5.531631037592887878e-02,-2.114393711090087891e-01,4.528840482234954834e-01
4.741943255066871643e-02,1.738515645265579224e-01,7.071307897567749023e-01
2.680723667144775391e-01,7.194162160158157349e-02,-1.829080134630203247e-01
2.534284591674804688e-01,1.071248789230594411e-06,-2.846935987472534180e-01
1.646668016910552979e-01,2.326643466949462891e-01,1.671942174434661865e-01
1.648021787405014038e-01,2.307965755462646484e-01,-8.513122051954269409e-02
2.715418338775634766e-01,-7.182977348566055298e-02,2.137521356344223022e-01
3.012831211090087891e-01,7.087112963199615479e-02,1.523620542138814926e-02
2.352334856986999512e-01,2.619059085845947266e-01,2.157470583915710449e-01
-1.270071417093276978e-01,-2.499864101409912109e-01,4.058562964200973511e-02
1.942918300628662109e-01,1.099447331398550887e-06,-5.837057232856750488e-01
-5.771049484610557556e-02,-1.123859882354736328e-01,-5.765329003334045410e-01
3.559963703155517578e-01,2.078973352909088135e-01,2.065087854862213135e-01
2.446892261505126953e-01,-7.269532233476638794e-02,-3.438476473093032837e-02
-1.326287686824798584e-01,-1.503853797912597656e-01,-8.824847340583801270e-01
9.371048957109451294e-02,1.745970249176025391e-01,-6.722268462181091309e-01
-1.009042337536811829e-01,-5.208348482847213745e-02,8.842390775680541992e-01
-1.766291707754135132e-01,1.778173446655273438e-01,6.662373542785644531e-01
1.771187223494052887e-02,3.013269901275634766e-01,5.114709138870239258e-01
1.836319826543331146e-02,2.204742431640625000e-01,9.162109345197677612e-02
3.135494887828826904e-01,1.352349370718002319e-01,4.043619632720947266e-01
-4.300653934478759766e-01,-3.335117176175117493e-02,1.522567719221115112e-01
9.437072277069091797e-02,2.549442648887634277e-02,-9.177896976470947266e-01
1.551062017679214478e-01,6.100573018193244934e-02,6.073956489562988281e-01
-7.337509095668792725e-02,2.346471399068832397e-01,6.895183324813842773e-01
8.994320780038833618e-02,2.680876255035400391e-01,4.419032335281372070e-01
2.449065297842025757e-01,1.698677539825439453e-01,-1.136791929602622986e-01
-1.252766251564025879e-01,2.806437015533447266e-01,5.956209897994995117e-01
-2.803993225097656250e-01,-3.576262667775154114e-02,-2.066152840852737427e-01
1.266503334045410156e-02,-1.605138778686523438e-01,-3.158596754074096680e-01
-1.636462211608886719e-01,-1.130089238286018372e-01,-5.100708007812500000e-01
-2.424376010894775391e-01,-1.091978028416633606e-01,-2.610064744949340820e-01
-2.972661554813385010e-01,-5.178594589233398438e-02,4.878936707973480225e-01
-6.395629793405532837e-02,2.563564665615558624e-02,-9.090906381607055664e-01
-2.672714293003082275e-01,6.114369630813598633e-02,6.030943393707275391e-01
-2.400934696197509766e-01,-3.641203790903091431e-02,-3.631170690059661865e-01
9.346677362918853760e-02,1.806514263153076172e-01,-7.549242973327636719e-01
3.062751293182373047e-01,1.415649056434631348e-01,-8.225402981042861938e-02
-5.763196945190429688e-02,-1.156053543090820312e-01,5.827525258064270020e-01
-1.605569422245025635e-01,8.091235905885696411e-02,-8.272360563278198242e-01
-1.318586021661758423e-01,-1.640298366546630859e-01,4.898684620857238770e-01
-1.979435682296752930e-01,5.956150963902473450e-02,6.521873474121093750e-01
9.618402272462844849e-02,-1.132133007049560547e-01,-3.566589355468750000e-01
-3.626836836338043213e-01,-1.488566398620605469e-01,1.220321655273437500e-01
3.876698017120361328e-01,6.808663159608840942e-02,1.554357856512069702e-01
-5.589182302355766296e-02,-1.876173019409179688e-01,-2.671105861663818359e-01
-2.520327568054199219e-01,-1.814748346805572510e-01,4.061584547162055969e-02
-2.052739113569259644e-01,-1.894450187683105469e-01,4.322494268417358398e-01
3.778557777404785156e-01,1.369456648826599121e-01,2.276803553104400635e-01
-1.899149417877197266e-01,-1.117383241653442383e-01,-3.979040384292602539e-01
1.653219610452651978e-01,-1.143859848380088806e-01,7.274969816207885742e-01
1.500897407531738281e-01,-7.574453204870223999e-02,6.299831867218017578e-01
1.544778347015380859e-01,-1.513623148202896118e-01,4.649856388568878174e-01
1.918917708098888397e-02,1.179406642913818359e-01,-8.632916212081909180e-01
1.748934835195541382e-01,1.210076138377189636e-01,6.248438358306884766e-01
-4.030013084411621094e-01,-1.014313846826553345e-01,2.012735009193420410e-01
-1.742741316556930542e-01,1.170640364289283752e-01,6.859533786773681641e-01
-8.298019319772720337e-02,1.041734963655471802e-01,8.856967687606811523e-01
1.144931018352508545e-01,5.212523043155670166e-02,8.828945159912109375e-01
1.861532479524612427e-01,-7.788087427616119385e-02,-8.899066448211669922e-01
-1.528927534818649292e-01,5.815515294671058655e-02,6.958476305007934570e-01
2.355712838470935822e-02,3.685653666707366938e-07,9.566489458084106445e-01
-9.870178252458572388e-02,-2.547669410705566406e-02,-9.188507795333862305e-01
2.628450393676757812e-01,2.169299125671386719e-01,4.446578919887542725e-01
-4.030466079711914062e-03,2.014956772327423096e-01,2.400659173727035522e-01
-3.506793975830078125e-01,-1.039621680974960327e-01,3.030285537242889404e-01
-2.107586860656738281e-01,3.688469156622886658e-02,-3.939044177532196045e-01
-3.008501529693603516e-01,3.543310984969139099e-02,1.523315440863370895e-02
-5.534066632390022278e-02,2.104203701019287109e-01,3.484448194503784180e-01
-2.022323757410049438e-01,2.236640453338623047e-01,5.049789547920227051e-01
-1.370654553174972534e-01,7.178664207458496094e-02,-4.741467237472534180e-01
-1.070449780672788620e-02,4.979369044303894043e-02,9.553833007812500000e-01
1.827756017446517944e-01,1.668882369995117188e-02,-4.629711806774139404e-01
-1.348358094692230225e-01,-1.112966537475585938e-01,-6.624301075935363770e-01
-8.322326838970184326e-02,7.838284969329833984e-02,-8.795077800750732422e-01
1.137325987219810486e-01,7.765174657106399536e-02,-8.946630954742431641e-01
3.863139152526855469e-01,1.363998800516128540e-01,8.512970060110092163e-02
-9.173675626516342163e-02,1.726023107767105103e-01,7.200294733047485352e-01
2.894563674926757812e-01,1.426502466201782227e-01,-9.205321781337261200e-03
-2.153921127319335938e-02,-8.127665519714355469e-02,-8.515228033065795898e-01
-5.730757117271423340e-02,-1.290266513824462891e-01,-8.004949688911437988e-01
6.338596343994140625e-03,1.212310492992401123e-01,-5.763824582099914551e-01
-1.661209017038345337e-01,-8.371629565954208374e-02,-7.692679166793823242e-01
9.870669990777969360e-02,-5.059909820556640625e-02,-6.495739817619323730e-01
2.045798301696777344e-01,2.225797176361083984e-01,5.634736418724060059e-01
3.584618568420410156e-01,6.902807950973510742e-02,6.234466284513473511e-02
9.432906657457351685e-02,3.771311867240001447e-07,9.183577299118041992e-01
3.479625880718231201e-01,2.505207061767578125e-02,1.874642968177795410e-01
6.133484840393066406e-02,2.364697605371475220e-01,6.565029621124267578e-01
1.170611381530761719e-02,-2.027660459280014038e-01,6.751986742019653320e-01
2.130913734436035156e-01,7.371380925178527832e-02,-4.198135137557983398e-01
1.869583129882812500e-01,-7.455615699291229248e-02,-3.717996180057525635e-01
-1.669018268585205078e-01,2.642365396022796631e-01,5.461940169334411621e-01
1.883530616760253906e-02,1.618859767913818359e-01,-7.318902611732482910e-01
1.685897856950759888e-01,2.604926005005836487e-02,-8.832715749740600586e-01
2.692878246307373047e-01,7.190244644880294800e-02,4.931722879409790039e-01
8.558959700167179108e-03,-3.318093344569206238e-02,-4.410467147827148438e-01
-1.307141035795211792e-01,-1.843152046203613281e-01,-3.200711011886596680e-01
-3.680620789527893066e-01,-1.139867305755615234e-01,7.024688273668289185e-02
-3.400855064392089844e-01,-1.044745966792106628e-01,-3.295166045427322388e-02
-2.091248333454132080e-01,1.460869312286376953e-01,3.863812088966369629e-01
-2.161467075347900391e-01,-1.843718737363815308e-01,2.453167736530303955e-01
-1.297127753496170044e-01,2.020447254180908203e-01,3.763143718242645264e-01
-3.751715123653411865e-01,6.790447235107421875e-02,2.084292620420455933e-01
1.690858453512191772e-01,-1.718134880065917969e-01,3.551495373249053955e-01
-2.903174757957458496e-01,1.090197563171386719e-01,4.764877259731292725e-01
1.996159180998802185e-02,-2.205634117126464844e-02,-5.116708278656005859e-01
9.366214275360107422e-02,-1.757864952087402344e-01,-9.666442871093750000e-03
7.984710484743118286e-02,-1.059782505035400391e-01,8.577640056610107422e-01
-1.241946220397949219e-02,1.203237250447273254e-01,-6.895593404769897461e-01
1.879398152232170105e-02,1.669983863830566406e-01,-4.013949632644653320e-01
-2.016885578632354736e-01,-2.298014163970947266e-01,1.422500610351562500e-01
-2.389907836914062500e-02,-8.135269582271575928e-02,-6.095797419548034668e-01
-2.891418933868408203e-01,1.187014579772949219e-01,2.837469279766082764e-01
-2.582161426544189453e-01,1.084346175193786621e-01,-9.327087551355361938e-03
3.056864738464355469e-01,2.127757668495178223e-01,3.354147374629974365e-01
3.091938495635986328e-01,7.061614841222763062e-02,3.833688199520111084e-01
2.116889953613281250e-01,1.476687341928482056e-01,-3.683981299400329590e-01
-3.860278129577636719e-01,-3.406071290373802185e-02,2.977352738380432129e-01
2.536620497703552246e-01,-8.657026290893554688e-02,3.417395055294036865e-01
-2.127447128295898438e-01,-3.685268759727478027e-02,-6.883019804954528809e-01
9.926046431064605713e-02,-3.686499595642089844e-02,-4.522958397865295410e-01
1.374348402023315430e-01,-5.405528843402862549e-02,8.230220079421997070e-01
-1.348779648542404175e-01,1.105370521545410156e-01,-6.912835836410522461e-01
-3.741320669651031494e-01,7.464075088500976562e-02,1.531668007373809814e-01
-1.657247543334960938e-03,2.016872614622116089e-01,-3.819396719336509705e-02
1.735683530569076538e-01,1.100926399230957031e-01,-4.396484196186065674e-01
-5.803624913096427917e-02,9.887909889221191406e-02,-6.650094389915466309e-01
-4.134955406188964844e-01,-3.361815214157104492e-02,2.234210222959518433e-01
1.913052424788475037e-02,-1.252217292785644531e-01,-1.680496186017990112e-01
1.745162904262542725e-01,-9.704017639160156250e-02,-2.782229483127593994e-01
1.993224024772644043e-02,-2.570009231567382812e-02,-7.147127985954284668e-01
-1.387450248003005981e-01,-4.204249382019042969e-02,6.305015683174133301e-01
2.462860010564327240e-02,2.603762783110141754e-02,-8.844742774963378906e-01
1.538367271423339844e-01,-1.514037251472473145e-01,2.517150938510894775e-01
2.523767352104187012e-01,9.879374504089355469e-02,-3.059655725955963135e-01
-3.379387855529785156e-01,3.483553603291511536e-02,4.277813732624053955e-01
-2.473897933959960938e-01,1.089582815766334534e-01,1.156863346695899963e-01
-1.456844806671142578e-01,2.666395306587219238e-01,4.687377810478210449e-01
-2.140581607818603516e-01,3.683152422308921814e-02,-7.156292796134948730e-01
-1.287040561437606812e-01,-2.199246883392333984e-01,3.733862340450286865e-01
-4.638336226344108582e-02,-7.701587677001953125e-02,-9.078296422958374023e-01
-5.779250338673591614e-02,1.089637279510498047e-01,-7.778539657592773438e-01
-2.507419586181640625e-01,3.624047338962554932e-02,-2.850708067417144775e-01
9.388767182826995850e-02,1.702001094818115234e-01,-6.178561449050903320e-01
-2.552572488784790039e-01,-6.348185241222381592e-02,5.305372476577758789e-01
-2.045689970254898071e-01,1.973693370819091797e-01,4.573293924331665039e-01
-3.033103942871093750e-01,3.539347648620605469e-02,-8.220489323139190674e-02
-6.337844580411911011e-02,-5.080153420567512512e-02,9.241003990173339844e-01
-1.331829428672790527e-01,1.405656337738037109e-01,-2.728997766971588135e-01
-3.427543640136718750e-01,-3.475794568657875061e-02,-1.046817004680633545e-01
-2.840653955936431885e-01,-1.605041027069091797e-01,2.259338349103927612e-01
-1.820576190948486328e-01,1.121183782815933228e-01,-3.202480971813201904e-01
-1.674833595752716064e-01,-1.273435503244400024e-01,5.267169475555419922e-01
1.618837714195251465e-01,2.709846496582031250e-01,4.938387870788574219e-01
-1.772552430629730225e-01,2.667163871228694916e-02,-8.446502685546875000e-01
-5.781454592943191528e-02,-1.080517768859863281e-01,-4.940417408943176270e-01
1.723157614469528198e-01,1.273438930511474609e-01,-4.912045300006866455e-01
-2.921584993600845337e-02,-1.044732853770256042e-01,8.811544179916381836e-01
-2.332220077514648438e-01,1.829934269189834595e-01,5.556468367576599121e-01
2.042968273162841797e-01,-7.399728894233703613e-02,-2.394836395978927612e-01
-6.273254007101058960e-02,5.028389766812324524e-02,9.401580095291137695e-01
-1.327698081731796265e-01,1.478869915008544922e-01,-9.790038689970970154e-03
1.752341985702514648e-01,-8.715510368347167969e-02,-1.442648321390151978e-01
-2.075363248586654663e-01,-1.639797687530517578e-01,-1.659524440765380859e-01
3.150799274444580078e-01,1.041851078298350330e-06,3.934875503182411194e-02
-1.184825077652931213e-01,4.237271582496759947e-07,8.891298770904541016e-01
9.666327387094497681e-02,-1.013135910034179688e-01,-1.164770498871803284e-01
9.620127826929092407e-02,-1.127777099609375000e-01,-2.223702967166900635e-01
2.052416950464248657e-01,-2.609195560216903687e-02,-8.806146383285522461e-01
1.119869947433471680e-01,-2.549556456506252289e-02,-9.176856279373168945e-01
9.218437224626541138e-02,2.124738693237304688e-01,-3.418261706829071045e-01
-5.701816454529762268e-02,1.410179138183593750e-01,-2.460290491580963135e-01
-2.068626880645751953e-01,3.694745525717735291e-02,-5.268048048019409180e-01
9.227851778268814087e-02,-2.101209163665771484e-01,1.175582855939865112e-01
4.125213623046875000e-02,-5.048355460166931152e-02,9.341138601303100586e-01
-1.317686289548873901e-01,1.656212806701660156e-01,2.765676677227020264e-01
-2.098396271467208862e-01,1.380407810211181641e-01,-6.242187321186065674e-02
-2.023615837097167969e-01,-3.701997548341751099e-02,-4.744857549667358398e-01
-5.721243843436241150e-02,1.329801082611083984e-01,-1.148797571659088135e-01
-2.549190521240234375e-01,-1.085940822958946228e-01,-2.092044055461883545e-01
2.403427101671695709e-02,1.015686690807342529e-01,9.261134862899780273e-01
-1.327413767576217651e-01,1.483905315399169922e-01,-1.404574513435363770e-01
3.111542165279388428e-01,2.420537471771240234e-01,2.185140997171401978e-01
-2.840015888214111328e-01,3.570458292961120605e-02,-1.568289101123809814e-01
1.837853714823722839e-02,-2.185194492340087891e-01,2.698797583580017090e-01
2.108638286590576172e-01,7.378560304641723633e-02,-5.260906815528869629e-01
-1.314717084169387817e-01,1.708834171295166016e-01,9.376037120819091797e-02
1.688449978828430176e-01,-1.751258373260498047e-01,4.197936877608299255e-02
-1.174346916377544403e-02,-2.731629833579063416e-02,-8.053985834121704102e-01
3.309805393218994141e-01,1.399706453084945679e-01,3.553729057312011719e-01
-3.694202899932861328e-01,3.432830795645713806e-02,3.241943418979644775e-01
9.124185144901275635e-02,2.358622550964355469e-01,2.935330271720886230e-01
1.683938354253768921e-01,-1.813421249389648438e-01,1.450976580381393433e-01
-1.304906010627746582e-01,-1.882746219635009766e-01,-1.896508783102035522e-01
4.590368270874023438e-02,1.231448128819465637e-01,-4.676614403724670410e-01
9.170028567314147949e-02,2.244863510131835938e-01,-2.374468892812728882e-01
-5.599622055888175964e-02,-1.832809448242187500e-01,-2.156909108161926270e-01
2.441771030426025391e-01,1.768078804016113281e-01,5.161792039871215820e-01
-1.270144730806350708e-01,-2.498469352722167969e-01,1.657550036907196045e-01
9.211651235818862915e-02,-2.141406536102294922e-01,2.963488698005676270e-01
-2.782531641423702240e-02,3.715105378887528786e-07,9.563586711883544922e-01
-2.097277790307998657e-01,-1.393063068389892578e-01,-3.003338575363159180e-01
9.127443283796310425e-02,2.350537776947021484e-01,-1.351757794618606567e-01
-2.128525376319885254e-01,-1.041340827941894531e-01,5.314953327178955078e-01
1.653946638107299805e-01,2.226383686065673828e-01,4.112152010202407837e-02
2.934255599975585938e-01,7.112441211938858032e-02,-1.316537410020828247e-01
-5.486733838915824890e-02,-2.299745082855224609e-01,3.197662234306335449e-01
9.103149920701980591e-02,2.410819530487060547e-01,3.954031169414520264e-01
2.367071509361267090e-01,2.478802204132080078e-01,9.101531654596328735e-02
-3.248531818389892578e-01,-3.504637628793716431e-02,-1.539376825094223022e-01
-1.281770467758178711e-01,-2.292509078979492188e-01,2.690289318561553955e-01
-5.502314120531082153e-02,-2.235288619995117188e-01,2.183081060647964478e-01
2.446665763854980469e-01,-1.455422341823577881e-01,9.083434939384460449e-02
8.881820738315582275e-02,1.766749322414398193e-01,6.780079603195190430e-01
-5.352722108364105225e-02,2.854578495025634766e-01,4.382363855838775635e-01
1.824795827269554138e-02,-2.347795963287353516e-01,9.104613959789276123e-02
9.113457798957824707e-02,2.385177612304687500e-01,9.096679836511611938e-02
-2.061879485845565796e-01,1.791460514068603516e-01,6.243200302124023438e-01
3.100553750991821289e-01,2.500240802764892578e-01,1.165066510438919067e-01
9.119945019483566284e-02,2.369143962860107422e-01,-9.412230923771858215e-03
1.629968732595443726e-01,2.556581497192382812e-01,2.914962768554687500e-01
1.699609756469726562e-01,2.259366214275360107e-01,5.995376706123352051e-01
-1.006250008940696716e-01,-1.263265460729598999e-01,5.424896478652954102e-01
2.572395801544189453e-01,1.069431505129614379e-06,-1.587023884057998657e-01
1.939184218645095825e-02,-9.278249740600585938e-02,-4.141637980937957764e-01
-2.939302921295166016e-01,3.554461523890495300e-02,5.390819907188415527e-01
9.766259789466857910e-02,-7.651567459106445312e-02,-8.487023711204528809e-01
-5.421261489391326904e-02,-2.570736408233642578e-01,1.150881946086883545e-01
2.593052387237548828e-01,1.068446522367594298e-06,-5.898498371243476868e-02
-2.596504688262939453e-01,1.083652302622795105e-01,-5.904479697346687317e-02
2.948200702667236328e-01,1.051511731020582374e-06,3.605474829673767090e-01
2.498574256896972656e-01,1.072951590685988776e-06,-3.359673917293548584e-01
3.144640922546386719e-01,7.044626772403717041e-02,-3.332092240452766418e-02
3.551936149597167969e-01,2.079751491546630859e-01,8.660797029733657837e-02
7.074584718793630600e-03,-1.642898172140121460e-01,8.057594299316406250e-01
2.245008945465087891e-01,1.085042526938195806e-06,5.293257236480712891e-01
9.321018308401107788e-02,-1.870012283325195312e-01,4.846739172935485840e-01
2.909486293792724609e-01,1.053357777891505975e-06,2.613033950328826904e-01
-3.407621383666992188e-02,-8.168075233697891235e-02,-7.019921541213989258e-01
-3.268017768859863281e-01,-3.501497581601142883e-02,1.505340542644262314e-02
2.448335736989974976e-01,1.705672740936279297e-01,1.622222922742366791e-02
3.043770790100097656e-01,-7.077140361070632935e-02,8.829192817211151123e-02
-2.108914703130722046e-01,1.262011528015136719e-01,-1.421151757240295410e-01
-1.468470096588134766e-01,-1.138215139508247375e-01,-8.537850975990295410e-01
-2.674221992492675781e-02,1.996621638536453247e-01,1.548678576946258545e-01
3.232769966125488281e-01,1.037942411130643450e-06,1.358578503131866455e-01
-5.670214071869850159e-02,-1.541042327880859375e-01,-4.037182629108428955e-01
1.514873504638671875e-01,-7.569949328899383545e-02,-4.042605459690093994e-01
1.915932446718215942e-02,-1.216464042663574219e-01,5.811251997947692871e-01
-2.619149684906005859e-01,1.082556992769241333e-01,6.003939509391784668e-01
1.736423075199127197e-01,-1.090743541717529297e-01,4.742486476898193359e-01
3.826049715280532837e-02,-2.020366936922073364e-01,2.613067626953125000e-03
3.831739425659179688e-01,6.823153793811798096e-02,1.086422726511955261e-01
3.562164306640625000e-02,2.046967148780822754e-01,2.154598981142044067e-01
-4.090075492858886719e-01,3.369046002626419067e-02,1.305239796638488770e-01
-1.614581197500228882e-01,-6.141321361064910889e-02,5.947726964950561523e-01
-4.218249320983886719e-01,-3.348395228385925293e-02,1.066171228885650635e-01
9.497903287410736084e-02,-1.431009769439697266e-01,6.041076779365539551e-01
2.506405115127563477e-01,-1.153182983398437500e-01,1.660705544054508209e-02
2.499206513166427612e-01,1.221616268157958984e-01,-2.492889314889907837e-01
-3.032969534397125244e-01,5.784930294794321526e-07,5.065404176712036133e-01
-1.637816429138183594e-02,2.004988491535186768e-01,4.487365484237670898e-02
2.612579166889190674e-01,-6.641747802495956421e-02,4.394826889038085938e-01
-3.671243190765380859e-01,3.436529636383056641e-02,6.206817552447319031e-02
-2.339317798614501953e-01,1.096092313528060913e-01,4.085784777998924255e-02
-1.789495944976806641e-01,3.739720582962036133e-02,-4.259149134159088135e-01
9.420038759708404541e-02,1.624469757080078125e-01,-8.186089992523193359e-01
1.722873896360397339e-01,1.277308464050292969e-01,-7.735552787780761719e-01
1.947433948516845703e-01,7.430522143840789795e-02,5.906983613967895508e-01
5.603606998920440674e-02,-1.028413251042366028e-01,-3.740863800048828125e-01
-2.153661698102951050e-01,7.583594322204589844e-02,-3.358502089977264404e-01
-1.328556835651397705e-01,1.743448227643966675e-01,7.020545005798339844e-01
-1.403474807739257812e-01,1.141358837485313416e-01,-3.795382678508758545e-01
-2.881283164024353027e-01,-1.270415782928466797e-01,1.655578613281250000e-02
1.989291310310363770e-01,1.841413825750350952e-01,6.010034084320068359e-01
-2.432632446289062500e-01,-1.091578751802444458e-01,4.992500245571136475e-01
-1.166842654347419739e-01,2.555925957858562469e-02,-9.137064218521118164e-01
-1.484756469726562500e-01,-3.788820281624794006e-02,-8.819128274917602539e-01
1.890427246689796448e-02,-1.533074378967285156e-01,-2.710034251213073730e-01
3.235879540443420410e-01,4.113706201314926147e-02,5.315279960632324219e-02
1.842992566525936127e-02,2.122080326080322266e-01,-1.364331096410751343e-01
-3.687615096569061279e-01,-1.094524860382080078e-01,2.589718699455261230e-01
2.469938397407531738e-01,1.500082015991210938e-01,-1.672061085700988770e-01
-2.903472818434238434e-02,-1.297280043363571167e-01,-8.930389881134033203e-01
1.209042072296142578e-01,1.535272151231765747e-01,-4.922656118869781494e-01
-3.967168331146240234e-01,3.388849645853042603e-02,2.252175807952880859e-01
6.714477203786373138e-03,7.805728912353515625e-02,-8.863840103149414062e-01
1.795056909322738647e-01,-2.833604812622070312e-02,-8.059661388397216797e-01
1.305513381958007812e-01,-7.637432217597961426e-02,5.514665246009826660e-01
-9.873168915510177612e-02,-7.642634958028793335e-02,-9.200134277343750000e-01
9.637098014354705811e-02,-1.085739135742187500e-01,5.567440390586853027e-01
-2.831176817417144775e-01,-1.156366765499114990e-01,-1.093657016754150391e-01
3.471779823303222656e-01,6.939180195331573486e-02,2.790200710296630859e-01
2.371784895658493042e-01,2.434005737304687500e-01,4.228155314922332764e-01
-2.889289259910583496e-01,1.204538345336914062e-01,3.646896183490753174e-01
1.745687574148178101e-01,-9.631395339965820312e-02,-3.325802683830261230e-01
-2.371370792388916016e-01,-1.826773285865783691e-01,1.922827064990997314e-01
2.290003299713134766e-01,1.082897028936713468e-06,-3.907147049903869629e-01
2.514301836490631104e-01,-1.078050136566162109e-01,2.037295550107955933e-01
8.992230147123336792e-02,2.685999870300292969e-01,5.719404220581054688e-01
-5.697913840413093567e-02,-1.426148414611816406e-01,5.485342144966125488e-01
-2.185111045837402344e-01,-3.675977513194084167e-02,-5.776495337486267090e-01
-2.046680450439453125e-02,-1.626519709825515747e-01,-1.787243634462356567e-01
1.865245215594768524e-02,-1.845674514770507812e-01,5.116534233093261719e-01
4.756450653076171875e-02,-1.582617312669754028e-01,6.004533171653747559e-01
1.842020303010940552e-01,3.632521629333496094e-02,-7.651656866073608398e-01
-3.299047648906707764e-01,4.102865606546401978e-02,4.641866683959960938e-02
-2.603893280029296875e-01,-1.808001995086669922e-01,1.402377337217330933e-01
2.939828336238861084e-01,2.048485875129699707e-01,3.748989105224609375e-02
2.077143192291259766e-01,-1.479268521070480347e-01,1.945550441741943359e-01
-1.365362107753753662e-01,-8.117318153381347656e-02,-8.177123665809631348e-01
-3.279937803745269775e-02,2.340848296880722046e-01,6.938482522964477539e-01
-3.557391166687011719e-01,-3.454874083399772644e-02,3.750781118869781494e-01
3.198289573192596436e-01,1.791024208068847656e-01,3.564446866512298584e-01
-2.901089489459991455e-01,1.107354164123535156e-01,2.038513123989105225e-01
1.716766506433486938e-01,1.361398696899414062e-01,-6.562225222587585449e-01
-3.837299346923828125e-02,-1.638074815273284912e-01,-1.234164386987686157e-01
9.415557980537414551e-02,1.635591983795166016e-01,-4.290316700935363770e-01
2.682928442955017090e-01,1.122456640005111694e-01,-1.794562339782714844e-01
1.031178236007690430e-01,-1.668903827667236328e-01,7.789261341094970703e-01
-2.149068713188171387e-01,-8.101701736450195312e-02,-3.901574611663818359e-01
1.939173974096775055e-02,9.279537200927734375e-02,-4.693127274513244629e-01
2.252021729946136475e-01,1.882158368825912476e-01,5.589866638183593750e-01
-3.234148025512695312e-03,1.207680329680442810e-01,-6.328122019767761230e-01
-1.351292431354522705e-01,1.060876846313476562e-01,-8.092895150184631348e-01
1.357255578041076660e-01,2.465261667966842651e-01,5.978626012802124023e-01
7.423248142004013062e-03,1.723874658346176147e-01,7.222523689270019531e-01
2.510720789432525635e-01,1.275882273912429810e-01,5.228743553161621094e-01
-2.301497459411621094e-01,-1.832413971424102783e-01,3.206878602504730225e-01
-1.172030642628669739e-01,-1.282308846712112427e-01,-9.115915298461914062e-01
-1.500610355287790298e-02,1.743394434452056885e-01,-3.404538631439208984e-01
-1.432952843606472015e-02,-9.995941072702407837e-02,-4.337058067321777344e-01
2.551043033599853516e-01,7.235961407423019409e-02,-3.353579640388488770e-01
1.905904896557331085e-02,1.340942382812500000e-01,-8.278930187225341797e-01
2.502804398536682129e-01,6.362673640251159668e-02,5.260622501373291016e-01
1.178210452198982239e-01,1.339791715145111084e-01,-8.403916358947753906e-01
2.051737308502197266e-01,1.094258436751260888e-06,-4.210482835769653320e-01
1.890049129724502563e-02,-1.537771224975585938e-01,-6.176513433456420898e-02
1.830712854862213135e-01,2.075529098510742188e-02,-7.300259470939636230e-01
1.809560209512710571e-01,-8.369922637939453125e-03,-6.324343681335449219e-01
-4.766058921813964844e-02,-8.211862295866012573e-02,-4.676803350448608398e-01
-8.406677097082138062e-02,2.324844300746917725e-01,3.797786235809326172e-01
-1.204516589641571045e-01,7.912570983171463013e-02,-8.642239570617675781e-01
-5.803591012954711914e-02,9.892320632934570312e-02,-4.132147133350372314e-01
-1.418519020080566406e-02,-2.437926828861236572e-01,7.349822670221328735e-02
-9.925979375839233398e-02,5.123465880751609802e-02,9.105719327926635742e-01
-2.123400866985321045e-01,1.098980903625488281e-01,-2.233340442180633545e-01
-1.601801961660385132e-01,2.430750429630279541e-01,6.244864463806152344e-01
-5.808227881789207458e-02,-9.697508811950683594e-02,6.156106591224670410e-01
-1.421704292297363281e-01,-1.140477135777473450e-01,-6.255126595497131348e-01
-3.142749071121215820e-01,-6.654759496450424194e-02,4.354343414306640625e-01
-2.377364635467529297e-01,-3.645001724362373352e-02,5.794561505317687988e-01
2.009868621826171875e-01,1.096254891308490187e-06,-5.280859470367431641e-01
1.249186992645263672e-01,2.303042113780975342e-01,-1.688537597656250000e-01
-2.046378403902053833e-01,-1.966044902801513672e-01,3.518252372741699219e-01
2.836053371429443359e-01,1.056859332493331749e-06,4.640539586544036865e-01
1.847223564982414246e-02,2.069559097290039062e-01,-2.134313881397247314e-01
3.745315074920654297e-01,6.851011514663696289e-02,2.038735896348953247e-01
-2.990692108869552612e-02,2.675332315266132355e-02,-8.393979072570800781e-01
1.500489711761474609e-01,1.120543970500875730e-06,5.741668343544006348e-01
-2.330126762390136719e-01,1.096536889672279358e-01,1.669244319200515747e-01
-1.963562965393066406e-01,-3.711673989892005920e-02,-8.061843514442443848e-01
2.352843284606933594e-01,7.299847155809402466e-02,-3.898361027240753174e-01
-2.580857276916503906e-02,-1.629966944456100464e-01,-6.662872433662414551e-02
-1.162658631801605225e-02,8.110528439283370972e-02,-8.234454393386840820e-01
1.482125818729400635e-01,-7.693426311016082764e-02,-9.094873666763305664e-01
3.247058391571044922e-01,1.037261085912177805e-06,8.742889016866683960e-02
1.406184285879135132e-01,-1.105575561523437500e-01,7.868074178695678711e-01
-1.331667453050613403e-01,-1.408653259277343750e-01,-8.268111944198608398e-01
-5.594134330749511719e-02,-8.238552510738372803e-02,-8.004660010337829590e-01
2.006203867495059967e-02,-9.587526321411132812e-03,-8.099731206893920898e-01
-1.328663676977157593e-01,-1.461868286132812500e-01,-4.056072831153869629e-01
1.683746725320816040e-01,1.816098690032958984e-01,-3.734469413757324219e-01
5.819930881261825562e-02,3.708346980602073018e-07,9.449141025543212891e-01
1.269741803407669067e-01,-1.028704345226287842e-01,-3.733615875244140625e-01
-3.174233436584472656e-02,-1.633795946836471558e-01,-3.787991106510162354e-01
1.765234321355819702e-01,8.179652690887451172e-02,-8.089364767074584961e-01
-3.622997701168060303e-01,-1.513435840606689453e-01,1.747790426015853882e-01
-1.559048444032669067e-01,2.619862928986549377e-02,-8.740057945251464844e-01
-3.372769057750701904e-01,5.628914436783816200e-07,4.371824264526367188e-01
1.314006000757217407e-01,1.195822209119796753e-01,6.469565629959106445e-01
-1.823797523975372314e-01,8.229913562536239624e-02,-7.985763549804687500e-01
1.300222724676132202e-01,2.557335793972015381e-02,-9.128388166427612305e-01
-5.577506124973297119e-02,-1.924309730529785156e-01,4.832845926284790039e-01
-2.819058895111083984e-01,-3.573834523558616638e-02,5.160391330718994141e-01
9.471801668405532837e-02,5.116951465606689453e-02,9.125795364379882812e-01
5.949554219841957092e-02,2.561574801802635193e-02,-9.102808237075805664e-01
1.746161729097366333e-01,-9.566497802734375000e-02,-6.345947086811065674e-02
-6.378082185983657837e-02,-2.556541189551353455e-02,-9.134491682052612305e-01
7.713409513235092163e-02,7.680625468492507935e-02,-9.121856689453125000e-01
2.912986278533935547e-01,1.425313502550125122e-01,4.634052813053131104e-01
-3.191976547241210938e-01,-1.054849326610565186e-01,3.569784462451934814e-01
-3.096826076507568359e-01,3.529080376029014587e-02,-3.338073566555976868e-02
-5.812297388911247253e-02,-9.530901908874511719e-02,-7.237594723701477051e-01
-3.157461583614349365e-01,-1.443905681371688843e-01,2.625405788421630859e-01
2.351670265197753906e-01,1.461536288261413574e-01,5.545207262039184570e-01
1.747655272483825684e-01,-9.360480308532714844e-02,-8.442519903182983398e-01
1.722693145275115967e-01,-1.279795169830322266e-01,-3.624054044485092163e-02
-1.228022575378417969e-02,-2.436079680919647217e-01,1.294756978750228882e-01
1.373934745788574219e-01,7.615377008914947510e-02,6.333869695663452148e-01
-2.426669299602508545e-01,6.035064533352851868e-02,6.276798248291015625e-01
-1.827547550201416016e-01,-1.870675384998321533e-01,-3.542541339993476868e-02
-1.344185918569564819e-01,-1.186773777008056641e-01,-4.924862682819366455e-01
-1.306296586990356445e-01,-1.858110427856445312e-01,-6.101654097437858582e-02
-1.357623189687728882e-01,-9.488296508789062500e-02,-7.834514975547790527e-01
-3.842709362506866455e-01,6.413213213818380609e-07,3.029329776763916016e-01
-3.144982755184173584e-01,-1.172961220145225525e-01,-7.502388954162597656e-02
1.159983798861503601e-01,-5.281048268079757690e-02,8.616358041763305664e-01
2.358535677194595337e-02,4.986209794878959656e-02,9.532718658447265625e-01
-2.171053290367126465e-01,5.625796318054199219e-02,-3.663107156753540039e-01
