2.101683616638183594e-02,-2.403792887926101685e-01,2.387737929821014404e-01
-4.574432224035263062e-02,1.769209951162338257e-01,-9.378665685653686523e-01
-2.928451448678970337e-02,5.238681286573410034e-02,8.750193119049072266e-01
1.569023728370666504e-01,3.395745754241943359e-01,-1.291726678609848022e-01
-1.343169510364532471e-01,-1.204886436462402344e-01,-4.100354015827178955e-01
1.658543199300765991e-01,2.163090705871582031e-01,4.266683757305145264e-01
-1.267596334218978882e-01,3.980979323387145996e-02,-2.920007705688476562e-02
-1.316125392913818359e-01,-3.815991431474685669e-02,5.234062075614929199e-01
1.173470020294189453e-01,7.679993659257888794e-02,-6.034982204437255859e-01
-1.233562156558036804e-01,-3.146650791168212891e-01,-1.061999499797821045e-01
-1.325429081916809082e-01,-1.519067287445068359e-01,-8.819134235382080078e-01
1.788172721862792969e-01,1.106826175600872375e-06,6.753936409950256348e-02
1.742958724498748779e-01,-1.000752449035644531e-01,5.038040280342102051e-01
8.769035339355468750e-02,7.775586098432540894e-02,-2.787167429924011230e-01
-8.793807029724121094e-02,1.166709288954734802e-01,2.585498094558715820e-01
1.617151647806167603e-01,2.733061313629150391e-01,1.393429487943649292e-01
1.501968353986740112e-01,1.180871352553367615e-01,6.701190471649169922e-01
1.134943962097167969e-01,-7.692411541938781738e-02,-8.653243780136108398e-01
-5.907773971557617188e-02,-1.180668920278549194e-01,-6.475567221641540527e-01
-8.531761169433593750e-02,1.167976707220077515e-01,-4.435571134090423584e-01
1.923132874071598053e-02,-1.127259731292724609e-01,-1.423657238483428955e-01
1.807131767272949219e-01,1.105922137867310084e-06,3.004388213157653809e-01
7.812042254954576492e-03,-1.814109981060028076e-01,6.291971206665039062e-01
-1.352186501026153564e-01,-1.045141220092773438e-01,3.108035326004028320e-01
5.258035659790039062e-02,1.579362750053405762e-01,-9.176635742187500000e-02
-5.441037192940711975e-02,-2.489199638366699219e-01,4.454669058322906494e-01
-1.357604935765266418e-02,1.262363046407699585e-01,5.439053773880004883e-01
-1.170327663421630859e-01,-1.152636036276817322e-01,9.588775783777236938e-02
-1.427360773086547852e-01,-2.867293357849121094e-02,-2.357299774885177612e-01
6.333112716674804688e-03,4.038250818848609924e-02,-7.542288303375244141e-01
1.888542808592319489e-02,1.556468009948730469e-01,9.422698616981506348e-02
3.465700149536132812e-02,-7.946527749300003052e-02,-4.808813333511352539e-01
-5.291403084993362427e-02,-3.108267784118652344e-01,6.371673196554183960e-02
9.432166069746017456e-02,-1.594204902648925781e-01,4.218627884984016418e-02
2.408941388130187988e-01,2.080483436584472656e-01,2.726028263568878174e-01
-5.680644512176513672e-02,1.497595310211181641e-01,-2.188116461038589478e-01
9.374023228883743286e-02,7.594551146030426025e-02,-9.299801588058471680e-01
8.414268493652343750e-03,-8.031115680932998657e-02,-3.159066736698150635e-01
1.800141334533691406e-01,7.477998733520507812e-02,5.129090547561645508e-01
7.692503929138183594e-02,7.810285687446594238e-02,-4.448098540306091309e-01
9.381740540266036987e-02,-1.719400882720947266e-01,3.809472620487213135e-01
1.878868229687213898e-02,1.676561832427978516e-01,3.813509941101074219e-01
-1.580157279968261719e-01,3.773448988795280457e-02,3.829644620418548584e-01
-4.568786546587944031e-02,-2.529601007699966431e-02,-9.300149679183959961e-01
8.473175019025802612e-02,4.163565279213798931e-07,7.539689540863037109e-01
1.465132236480712891e-01,1.122229946304287296e-06,-8.806121349334716797e-02
-5.966461077332496643e-02,3.152775764465332031e-02,6.616180539131164551e-01
-1.169700622558593750e-01,-1.152666434645652771e-01,-6.280517578125000000e-02
1.740133762359619141e-01,2.255436629056930542e-01,-9.711303748190402985e-03
9.586623311042785645e-02,1.211099624633789062e-01,2.549032568931579590e-01
9.618685394525527954e-02,-1.131358146667480469e-01,2.023260444402694702e-01
-1.530327796936035156e-01,3.781477734446525574e-02,1.204071044921875000e-01
1.901323534548282623e-02,-1.397814750671386719e-01,-7.676293849945068359e-01
-1.693654060363769531e-02,4.000758007168769836e-02,-5.704370141029357910e-01
1.043043136596679688e-01,1.142356722994009033e-06,6.135537624359130859e-01
1.352658271789550781e-01,7.622236013412475586e-02,-7.405840754508972168e-01
1.878437958657741547e-02,1.681389808654785156e-01,-3.481799364089965820e-01
-8.666062355041503906e-02,3.888417780399322510e-02,-3.330819606781005859e-01
1.892943494021892548e-02,1.501836776733398438e-01,-8.222628831863403320e-01
1.157197579741477966e-01,1.872855275869369507e-01,5.685985088348388672e-01
-7.327604293823242188e-02,3.909982368350028992e-02,-1.447323560714721680e-01
6.024551391601562500e-02,-7.864049077033996582e-02,-6.468267440795898438e-01
1.900998316705226898e-02,-1.401851177215576172e-01,-9.148901104927062988e-01
-8.493560552597045898e-02,-5.334260687232017517e-02,8.451443910598754883e-01
-1.426315754652023315e-01,-2.682137489318847656e-02,-8.542211651802062988e-01
-9.741878509521484375e-02,1.162123382091522217e-01,-8.416824340820312500e-01
-7.914400100708007812e-02,-3.900527954101562500e-02,-4.999313354492187500e-01
-4.131031036376953125e-02,-2.464229315519332886e-01,-3.890655562281608582e-02
-9.341597557067871094e-02,1.164059415459632874e-01,4.489721655845642090e-01
-6.371045112609863281e-02,-2.759235799312591553e-01,3.176129162311553955e-01
1.916625723242759705e-02,1.207859516143798828e-01,-6.587713360786437988e-01
4.650735855102539062e-02,1.169916458820807748e-06,-1.736141890287399292e-01
-5.680231377482414246e-02,-1.499481201171875000e-01,-2.450976520776748657e-01
-7.473611831665039062e-02,-2.746748626232147217e-01,1.795104891061782837e-01
1.934980005025863647e-01,1.643235683441162109e-01,1.667291224002838135e-01
4.349945113062858582e-02,-5.323372781276702881e-02,8.488095998764038086e-01
-7.831192016601562500e-02,-1.171365454792976379e-01,2.053512483835220337e-01
2.026414871215820312e-01,1.095465904654702172e-06,4.280944764614105225e-01
-5.735259875655174255e-02,1.271636486053466797e-01,-9.863586165010929108e-03
-6.136322021484375000e-02,-1.179563477635383606e-01,5.679379105567932129e-01
9.543099254369735718e-02,1.319100856781005859e-01,1.641448959708213806e-02
1.750684827566146851e-01,-8.943676948547363281e-02,3.677154481410980225e-01
9.642387926578521729e-02,-1.072540283203125000e-01,5.850973129272460938e-01
-1.214027404785156250e-01,-1.150522381067276001e-01,4.437509179115295410e-01
1.247248649597167969e-01,2.118899077177047729e-01,3.114825487136840820e-01
1.878641359508037567e-02,-1.679382324218750000e-01,1.455578655004501343e-01
2.308287620544433594e-01,1.464336216449737549e-01,3.717816174030303955e-01
1.823819987475872040e-02,-2.359907627105712891e-01,5.266699194908142090e-01
1.903867721557617188e-02,1.366231441497802734e-01,-5.153844952583312988e-01
4.958486557006835938e-02,1.581295877695083618e-01,-2.011267095804214478e-01
1.714713573455810547e-01,-7.505534589290618896e-02,-9.681701660156250000e-03
2.012290433049201965e-02,-2.050399780273437500e-03,-4.013265967369079590e-01
1.466188430786132812e-01,1.122179583035176620e-06,1.993258595466613770e-01
-1.484057605266571045e-01,-7.478878647089004517e-02,-9.538333415985107422e-01
9.519040584564208984e-02,-1.378693580627441406e-01,-6.223205476999282837e-02
-1.411926746368408203e-01,-1.140950098633766174e-01,-2.992657423019409180e-01
-1.298215389251708984e-01,-1.146450266242027283e-01,-1.679147332906723022e-01
-1.079956069588661194e-02,7.533769309520721436e-02,-9.426691532135009766e-01
-5.701727420091629028e-02,1.410543918609619141e-01,-1.144879087805747986e-01
-5.722286552190780640e-02,-1.325311660766601562e-01,-5.439693927764892578e-01
5.545020103454589844e-02,1.236065626144409180e-01,6.251066327095031738e-01
9.360088407993316650e-02,-1.773061752319335938e-01,4.867054522037506104e-01
-1.504924297332763672e-01,3.785571083426475525e-02,2.779538035392761230e-01
-3.970670700073242188e-02,-3.964070975780487061e-02,-7.107360959053039551e-01
7.890224456787109375e-03,-4.040760546922683716e-02,-8.157366514205932617e-01
1.011579036712646484e-01,1.022028923034667969e-02,-8.170510530471801758e-01
-9.853076934814453125e-02,1.161585599184036255e-01,1.500604152679443359e-01
-1.470603942871093750e-01,-3.791100531816482544e-02,4.238006472587585449e-02
9.565775841474533081e-02,1.262829303741455078e-01,1.482733190059661865e-01
-8.490371704101562500e-02,-1.949668973684310913e-01,3.686346411705017090e-01
9.803557395935058594e-02,7.742240279912948608e-02,-1.433114558458328247e-01
8.940005302429199219e-02,1.149463628280500416e-06,-6.962899565696716309e-01
-5.697761848568916321e-02,-1.426954269409179688e-01,-3.520703017711639404e-01
1.146206855773925781e-01,2.961205542087554932e-01,-4.009674116969108582e-02
-1.411864757537841797e-01,-1.228570938110351562e-03,-4.024798572063446045e-01
1.217808723449707031e-01,2.116522192955017090e-01,7.653411477804183960e-02
-7.203388214111328125e-02,-1.960058808326721191e-01,2.607965171337127686e-01
-1.326861381530761719e-01,-3.814260289072990417e-02,2.005319148302078247e-01
-6.549572944641113281e-02,-1.177564412355422974e-01,-8.226647973060607910e-01
1.562936305999755859e-01,-7.554456591606140137e-02,1.202865540981292725e-01
8.510041236877441406e-02,-1.558394432067871094e-01,2.862469553947448730e-01
3.862357139587402344e-02,-2.386720031499862671e-01,4.325115978717803955e-01
1.687173843383789062e-01,7.514410465955734253e-02,3.548718094825744629e-01
1.909859627485275269e-01,1.297345161437988281e-01,2.822946012020111084e-01
1.871639862656593323e-02,-1.765780448913574219e-01,-9.655761532485485077e-03
-1.305012702941894531e-01,-3.817781060934066772e-02,-1.149813830852508545e-01
1.906307786703109741e-02,1.335940361022949219e-01,2.004354745149612427e-01
5.912628024816513062e-02,-2.545678056776523590e-02,-9.201464653015136719e-01
1.476616859436035156e-01,7.582280784845352173e-02,-3.586395084857940674e-02
1.596258580684661865e-01,3.020706176757812500e-01,3.968719393014907837e-02
-3.618526458740234375e-02,3.969744220376014709e-02,-8.622381687164306641e-01
3.613471984863281250e-02,1.174862518382724375e-06,-2.845254540443420410e-01
-9.966111183166503906e-02,3.867470473051071167e-02,5.584382414817810059e-01
-6.284165382385253906e-02,-3.926795721054077148e-02,-5.884008407592773438e-01
-8.357357978820800781e-02,-2.505210638046264648e-01,-1.547897309064865112e-01
-2.879381179809570312e-03,-2.426963895559310913e-01,1.010672003030776978e-01
-1.186118125915527344e-01,1.151872351765632629e-01,3.627343773841857910e-01
-5.664625391364097595e-02,-1.564042568206787109e-01,-1.137429773807525635e-01
1.420040130615234375e-01,2.132847756147384644e-01,2.244995087385177612e-01
9.802873432636260986e-02,-6.742978096008300781e-02,-1.181225553154945374e-01
1.947995647788047791e-02,-8.186268806457519531e-02,-2.250747680664062500e-01
2.149927616119384766e-01,2.215700149536132812e-01,9.226928651332855225e-02
-2.354168891906738281e-02,3.990115970373153687e-02,-4.828613102436065674e-01
1.902452111244201660e-02,-1.383802890777587891e-01,-5.978796482086181641e-01
-6.280578672885894775e-02,-1.257419288158416748e-01,-9.424334764480590820e-01
9.618327766656875610e-02,1.132421493530273438e-01,-8.358404636383056641e-01
-1.196682453155517578e-01,-2.695860266685485840e-01,-9.955138899385929108e-03
1.930892467498779297e-01,1.488689780235290527e-01,5.648229718208312988e-01
2.128210067749023438e-01,1.475956439971923828e-01,4.798705875873565674e-01
9.334114938974380493e-02,1.837687492370605469e-01,4.853509366512298584e-01
-7.802057266235351562e-02,-1.955225765705108643e-01,5.087478756904602051e-01
4.663562774658203125e-02,-2.378950864076614380e-01,3.471114933490753174e-01
-1.404430866241455078e-01,3.801762685179710388e-02,4.668575823307037354e-01
1.504044532775878906e-01,7.573438435792922974e-02,9.448364377021789551e-02
7.242178916931152344e-02,-7.824800163507461548e-02,-7.308138608932495117e-01
-5.927348136901855469e-02,1.970359981060028076e-01,-8.568255305290222168e-01
1.026110947132110596e-01,4.627323150634765625e-02,-5.261898636817932129e-01
-5.789518356323242188e-03,4.018718749284744263e-02,-6.610067486763000488e-01
-2.466869354248046875e-02,-3.988300263881683350e-02,6.340311765670776367e-01
2.025477886199951172e-01,2.227767705917358398e-01,3.511801064014434814e-01
6.565165519714355469e-02,1.160787746812275145e-06,-6.162719726562500000e-01
1.975071430206298828e-02,4.823374748229980469e-02,6.279340982437133789e-01
-5.714438483119010925e-02,-1.357781887054443359e-01,-4.610522389411926270e-01
8.137583732604980469e-02,7.795938849449157715e-02,-3.613107204437255859e-01
-8.838868141174316406e-02,1.166491284966468811e-01,-3.059652745723724365e-01
1.895772665739059448e-02,-1.466720104217529297e-01,-6.797695755958557129e-01
-5.660604313015937805e-02,1.580390930175781250e-01,3.298992812633514404e-01
-1.524217128753662109e-01,-3.782461956143379211e-02,4.375097453594207764e-01
1.581785678863525391e-01,-7.548382133245468140e-02,2.771523892879486084e-01
-3.319740295410156250e-03,-8.068939298391342163e-02,-4.023849368095397949e-01
-1.579728126525878906e-01,-3.773517906665802002e-02,-3.232397437095642090e-01
1.885814219713211060e-02,1.589822769165039062e-01,4.631445109844207764e-01
-8.092331886291503906e-02,3.897661715745925903e-02,-2.522555589675903320e-01
-5.537349730730056763e-02,-2.090449333190917969e-01,5.869004726409912109e-01
-5.656375363469123840e-02,1.598005294799804688e-01,-3.760797083377838135e-01
1.882482133805751801e-02,1.631700992584228516e-01,-4.287689030170440674e-01
1.809756755828857422e-01,7.474899291992187500e-02,5.942262411117553711e-01
-1.650474071502685547e-01,-3.762120008468627930e-02,3.552920520305633545e-01
1.886345073580741882e-02,1.583230495452880859e-01,2.770004272460937500e-01
9.584059566259384155e-02,1.217389106750488281e-01,-6.875070333480834961e-01
-9.526729583740234375e-02,1.163163930177688599e-01,7.005218416452407837e-02
9.487111121416091919e-02,-1.457860469818115234e-01,1.208612024784088135e-01
6.334548443555831909e-02,5.453937873244285583e-02,8.080821037292480469e-01
-1.088852882385253906e-01,-1.156577095389366150e-01,1.658019982278347015e-02
1.784865856170654297e-01,1.106983859244792257e-06,5.400295853614807129e-01
9.346955269575119019e-02,1.805825233459472656e-01,4.059930443763732910e-01
1.895100623369216919e-02,1.474540233612060547e-01,-9.776610881090164185e-03
1.779656410217285156e-01,7.484601438045501709e-02,4.329174757003784180e-01
-1.324486732482910156e-01,-3.814643248915672302e-02,-3.608184680342674255e-02
1.872650906443595886e-02,-1.753230094909667969e-01,6.764312833547592163e-02
-1.285717487335205078e-01,3.820889443159103394e-02,2.008804231882095337e-01
1.323025524616241455e-01,2.602193318307399750e-02,-8.849991559982299805e-01
1.825435161590576172e-01,1.105049364014121238e-06,-9.630432352423667908e-03
-1.532552242279052734e-01,-3.781119734048843384e-02,2.776269614696502686e-01
-1.563110351562500000e-01,-3.776196017861366272e-02,1.202389523386955261e-01
1.870496273040771484e-01,2.997697591781616211e-01,-6.139648333191871643e-02
1.877698674798011780e-02,1.691083908081054688e-01,-2.691784501075744629e-01
-1.383437216281890869e-01,4.914093017578125000e-02,4.420837387442588806e-02
6.448669359087944031e-03,-7.497071474790573120e-02,-9.501907825469970703e-01
-4.661297798156738281e-02,-1.186698004603385925e-01,-7.390630841255187988e-01
-9.888427704572677612e-02,1.274856179952621460e-01,-9.208068847656250000e-01
4.540491104125976562e-02,1.583993136882781982e-01,-8.914013504981994629e-01
4.751729965209960938e-02,-7.905074208974838257e-02,-5.636309981346130371e-01
1.418951451778411865e-01,2.677748799324035645e-01,-1.356704235076904297e-01
2.338240146636962891e-01,2.197440266609191895e-01,1.928399652242660522e-01
9.477240592241287231e-02,1.482527256011962891e-01,3.314498960971832275e-01
4.020643234252929688e-02,1.228692531585693359e-01,-7.345843315124511719e-01
-8.321715891361236572e-02,3.335598483681678772e-02,-4.299776554107666016e-01
1.175749301910400391e-01,7.679259032011032104e-02,2.018905580043792725e-01
1.674164682626724243e-01,1.948034763336181641e-01,5.107166767120361328e-01
1.101856976747512817e-01,5.952563136816024780e-02,6.533496379852294922e-01
1.421787738800048828e-01,-1.521560400724411011e-01,4.402752518653869629e-01
-5.294943600893020630e-02,-3.093347549438476562e-01,-9.106445126235485077e-03
-6.135714426636695862e-02,-3.851509094238281250e-02,-8.258318901062011719e-01
-5.672463402152061462e-02,-1.531445980072021484e-01,-8.803048729896545410e-01
1.591047644615173340e-01,-6.257843971252441406e-02,5.586050748825073242e-01
9.630154073238372803e-02,1.103076934814453125e-01,-5.493609309196472168e-01
2.892700210213661194e-02,-1.222453266382217407e-01,6.057943105697631836e-01
1.942427158355712891e-01,-7.432136684656143188e-02,4.298827946186065674e-01
1.520810127258300781e-01,7.568035274744033813e-02,2.778741419315338135e-01
9.641478210687637329e-02,1.074976921081542969e-01,-6.303222477436065674e-02
-1.335348486900329590e-01,-2.512458264827728271e-01,-9.098505973815917969e-02
5.143234133720397949e-02,1.258183866739273071e-01,5.503015518188476562e-01
-1.340920925140380859e-01,-1.144384667277336121e-01,-8.288348317146301270e-01
-6.970119476318359375e-02,1.175530403852462769e-01,5.094346404075622559e-01
6.842651404440402985e-03,3.925431713014404522e-07,8.872554302215576172e-01
1.785810478031635284e-02,-2.831742763519287109e-01,2.871752977371215820e-01
-5.755366757512092590e-02,1.188452243804931641e-01,2.017370611429214478e-01
2.283096313476562500e-03,1.210348829627037048e-01,-5.754495263099670410e-01
-1.792447566986083984e-01,-1.122544482350349426e-01,-9.007696509361267090e-01
-4.539299011230468750e-02,3.954909369349479675e-02,5.998153686523437500e-01
-8.500198274850845337e-02,5.338433757424354553e-02,8.438497781753540039e-01
-6.514251232147216797e-02,4.038114127524750074e-07,8.795523643493652344e-01
-2.927108667790889740e-02,-5.236254259943962097e-02,8.757718801498413086e-01
-7.272124290466308594e-02,-3.910877928137779236e-02,5.931373238563537598e-01
-5.342644453048706055e-02,-2.896158695220947266e-01,2.367245405912399292e-01
-1.151309162378311157e-01,-2.521897666156291962e-02,-9.348254203796386719e-01
-5.342954024672508240e-02,-2.894716262817382812e-01,-8.273620158433914185e-02
1.895294897258281708e-02,-1.472129821777343750e-01,-8.526830673217773438e-01
-8.934783935546875000e-02,-2.730199992656707764e-01,9.750793129205703735e-02
-1.464172359555959702e-02,-2.717271447181701660e-01,4.034245014190673828e-01
2.402007952332496643e-02,2.539433352649211884e-02,-9.243881702423095703e-01
1.911993138492107391e-02,-1.265368461608886719e-01,-5.175842046737670898e-01
9.382324665784835815e-02,1.717989444732666016e-01,6.243456602096557617e-01
-5.149579048156738281e-02,-3.945075720548629761e-02,-6.488937139511108398e-01
-5.683876201510429382e-02,1.484398841857910156e-01,4.114056229591369629e-01
1.754071712493896484e-01,1.500100344419479370e-01,6.241680979728698730e-01
9.412749856710433960e-02,-7.625918835401535034e-02,-9.234955310821533203e-01
2.383178658783435822e-02,1.258468627929687500e-01,-9.411447048187255859e-01
1.292488574981689453e-01,2.122550904750823975e-01,1.646356135606765747e-01
-1.780605316162109375e-02,-2.441437840461730957e-01,1.751983538269996643e-02
-7.742118835449218750e-02,1.171796172857284546e-01,-1.716268956661224365e-01
1.900703832507133484e-02,-1.405508518218994141e-01,-8.828704804182052612e-02
4.210233688354492188e-03,4.034831002354621887e-02,-8.145397901535034180e-01
1.922225207090377808e-01,1.467657089233398438e-01,2.247653156518936157e-01
-5.826244875788688660e-02,8.952093124389648438e-02,5.608885288238525391e-01
5.968403816223144531e-02,-1.574796289205551147e-01,5.688461065292358398e-01
1.877183467149734497e-02,1.697654724121093750e-01,-1.389642357826232910e-01
-1.444633007049560547e-01,-5.927443504333496094e-02,-1.813876330852508545e-01
-5.691715702414512634e-02,1.451792716979980469e-01,1.208294630050659180e-01
1.008406579494476318e-01,2.340555191040039062e-03,-7.535412311553955078e-01
-1.101622581481933594e-01,-1.155959516763687134e-01,5.009533762931823730e-01
-1.364344060420989990e-01,-8.297634124755859375e-02,1.510961949825286865e-01
1.940515078604221344e-02,9.113073348999023438e-02,5.885813832283020020e-01
-1.359395831823348999e-01,9.173202514648437500e-02,3.124618530273437500e-01
-8.350982517004013062e-02,-2.005364298820495605e-01,4.319393634796142578e-01
9.631982445716857910e-02,1.098539829254150391e-01,-7.779681086540222168e-01
1.833806745707988739e-02,-2.235934734344482422e-01,5.830218195915222168e-01
1.079993247985839844e-01,2.953706681728363037e-01,-9.820830821990966797e-02
-9.497117996215820312e-02,1.163307130336761475e-01,-3.868368566036224365e-01
-9.126949310302734375e-02,3.880991786718368530e-02,-9.014007449150085449e-02
8.476352691650390625e-02,-7.785020023584365845e-02,-8.156243562698364258e-01
1.354815959930419922e-01,7.621540129184722900e-02,-8.573519587516784668e-01
1.664233207702636719e-01,1.112736072172992863e-06,1.456478834152221680e-01
-1.692719459533691406e-01,-3.755312785506248474e-02,-9.037014842033386230e-01
1.894614845514297485e-02,-1.481091976165771484e-01,1.992062330245971680e-01
-2.639484405517578125e-02,1.196477487683296204e-01,-8.054211139678955078e-01
1.774090081453323364e-01,-5.720567703247070312e-02,4.410858079791069031e-02
2.010652422904968262e-02,-4.065513610839843750e-03,-3.444479405879974365e-01
-1.012818813323974609e-01,-1.160254999995231628e-01,2.571197450160980225e-01
-6.347564607858657837e-02,7.630199939012527466e-02,-9.225680828094482422e-01
-7.912841439247131348e-02,-7.452649623155593872e-02,-9.592339992523193359e-01
6.174881011247634888e-02,3.934509891223569866e-07,8.500734567642211914e-01
-5.306751653552055359e-02,-3.044383525848388672e-01,1.370736658573150635e-01
6.812572479248046875e-03,-2.417565882205963135e-01,1.563397198915481567e-01
1.018697246909141541e-01,2.788376808166503906e-02,-5.811294317245483398e-01
1.515741348266601562e-01,-7.569669187068939209e-02,-6.185302510857582092e-02
7.730498909950256348e-02,-1.282057762145996094e-01,-9.118955135345458984e-01
9.023742750287055969e-03,-2.790944874286651611e-01,3.465692996978759766e-01
-1.272673606872558594e-01,-1.147685572504997253e-01,3.883959949016571045e-01
1.285099983215332031e-01,7.644011080265045166e-02,-6.853494048118591309e-01
2.495925873517990112e-02,5.276701971888542175e-02,8.631606101989746094e-01
1.280112266540527344e-01,2.121551632881164551e-01,1.826049759984016418e-02
4.135727882385253906e-02,1.172372208202432375e-06,-2.288372814655303955e-01
8.904311805963516235e-02,1.181825995445251465e-01,6.686389446258544922e-01
-1.340225338935852051e-01,-1.257040500640869141e-01,-3.550689518451690674e-01
-5.905365943908691406e-02,1.180680543184280396e-01,-6.433166563510894775e-02
1.426265239715576172e-01,-7.598510384559631348e-02,1.734670996665954590e-01
9.595871716737747192e-02,1.188075542449951172e-01,-6.314852833747863770e-01
-9.843683242797851562e-02,-2.719906270503997803e-01,4.352691397070884705e-02
-4.401421546936035156e-02,1.187955141067504883e-01,-4.793673455715179443e-01
-1.346634924411773682e-01,-1.143491268157958984e-01,-2.223971486091613770e-01
9.185218811035156250e-02,7.762170583009719849e-02,-2.242538332939147949e-01
-8.335185050964355469e-02,-1.950921714305877686e-01,3.140695095062255859e-01
-4.514068365097045898e-02,1.248365789651870728e-01,-9.536523818969726562e-01
4.755067825317382812e-02,-2.378063648939132690e-01,2.914550602436065674e-01
9.675019234418869019e-02,9.917449951171875000e-02,-4.961327910423278809e-01
-5.713571980595588684e-02,-1.361660957336425781e-01,-4.068053960800170898e-01
1.629691272974014282e-01,2.560365200042724609e-01,1.905590742826461792e-01
2.228462696075439453e-01,1.469487100839614868e-01,4.252120852470397949e-01
-3.403167799115180969e-02,-1.216940209269523621e-01,6.143137216567993164e-01
-8.400392532348632812e-02,1.168612092733383179e-01,-2.521960437297821045e-01
-7.710099220275878906e-02,3.903820738196372986e-02,-1.984811425209045410e-01
-1.446518898010253906e-01,-2.667565047740936279e-01,-1.413552761077880859e-01
-1.320532262325286865e-01,-1.254569739103317261e-01,-9.459699392318725586e-01
1.929350197315216064e-02,-1.050081253051757812e-01,-8.083941340446472168e-01
1.181955337524414062e-01,2.113627642393112183e-01,3.699026405811309814e-01
-5.688354745507240295e-02,-1.465694904327392578e-01,-2.983221411705017090e-01
2.008581161499023438e-01,1.096316282200859860e-06,4.813790917396545410e-01
9.608045965433120728e-02,1.157937049865722656e-01,-8.947796225547790527e-01
1.584975719451904297e-01,7.547353208065032959e-02,1.622558571398258209e-02
9.547723829746246338e-02,1.307559013366699219e-01,9.530150890350341797e-02
1.433954238891601562e-01,7.596030831336975098e-02,1.471615582704544067e-01
-1.369144469499588013e-01,-7.447218894958496094e-02,4.806121587753295898e-01
1.023404598236083984e-01,-1.547268927097320557e-01,-9.984435513615608215e-03
1.602253913879394531e-01,1.115691475206403993e-06,2.505084276199340820e-01
-5.673144385218620300e-02,-1.528625488281250000e-01,-1.923062056303024292e-01
2.001683712005615234e-01,2.230074852705001831e-01,4.161254689097404480e-02
7.602202892303466797e-02,2.524189464747905731e-02,-9.334143400192260742e-01
1.243963241577148438e-01,-7.657270878553390503e-02,2.278665155172348022e-01
-1.250927448272705078e-01,-1.148737594485282898e-01,-1.153637692332267761e-01
-5.663748085498809814e-02,1.567790508270263672e-01,-3.234570324420928955e-01
-1.624271869659423828e-01,3.766340762376785278e-02,3.292275965213775635e-01
1.876880787312984467e-02,1.701231002807617188e-01,3.281118571758270264e-01
6.542663555592298508e-03,-2.536382898688316345e-02,-9.261161088943481445e-01
-1.245321258902549744e-01,-2.938330173492431641e-01,-5.816833302378654480e-02
9.345412999391555786e-02,-1.809482574462890625e-01,4.324877858161926270e-01
1.652157008647918701e-01,2.251024246215820312e-01,2.698010206222534180e-01
1.889875531196594238e-02,1.539924144744873047e-01,1.464282125234603882e-01
1.891435682773590088e-02,1.520559787750244141e-01,4.228607192635536194e-02
1.396006792783737183e-01,-1.270454972982406616e-01,5.313501358032226562e-01
9.184966981410980225e-02,-6.098589301109313965e-02,6.080665588378906250e-01
1.898994445800781250e-01,1.101541784009896219e-06,3.514648377895355225e-01
4.102233797311782837e-02,7.528636604547500610e-02,-9.436963796615600586e-01
1.931128501892089844e-01,2.989839017391204834e-01,-1.128649860620498657e-01
2.323150634765625000e-01,1.463376730680465698e-01,3.200073242187500000e-01
-5.647778511047363281e-02,1.633746623992919922e-01,-8.178594708442687988e-01
1.606059968471527100e-01,2.885782718658447266e-01,8.911498636007308960e-02
-1.032810956239700317e-01,4.186105115877580829e-07,8.454163074493408203e-01
-1.645636558532714844e-01,-3.762898594141006470e-02,-3.752532899379730225e-01
9.572350233793258667e-02,-1.246335506439208984e-01,-8.615368604660034180e-01
-5.714505910873413086e-02,1.357676982879638672e-01,4.259033128619194031e-02
2.261202335357666016e-01,2.204910218715667725e-01,1.425875872373580933e-01
-5.664974451065063477e-02,1.562428474426269531e-01,-4.301516711711883545e-01
-1.365126818418502808e-01,8.157944679260253906e-02,3.960418701171875000e-01
-6.222330033779144287e-02,7.435011863708496094e-02,-8.374899029731750488e-01
-1.432058513164520264e-01,-3.699493408203125000e-02,-4.371728301048278809e-01
6.631164345890283585e-03,1.795715838670730591e-01,-9.144598245620727539e-01
1.096158027648925781e-01,-1.542574018239974976e-01,3.373223841190338135e-01
1.776087731122970581e-01,-5.445909500122070312e-02,3.176281750202178955e-01
-5.671773850917816162e-02,1.534469127655029297e-01,-2.710577249526977539e-01
1.930730789899826050e-02,-1.032764911651611328e-01,-4.397583007812500000e-01
1.598499268293380737e-01,2.989890575408935547e-01,-9.170836769044399261e-03
-1.233900785446166992e-01,-3.140556812286376953e-01,-1.549279689788818359e-01
-7.861638069152832031e-02,-1.171218007802963257e-01,-5.005599856376647949e-01
-5.388575419783592224e-02,-2.705967426300048828e-01,3.646142482757568359e-01
1.573421508073806763e-01,3.335154056549072266e-01,-8.127746731042861938e-02
-5.734919384121894836e-02,-1.273221969604492188e-01,-6.008349657058715820e-01
2.594900131225585938e-02,-7.974597066640853882e-02,-1.751599013805389404e-01
-5.690485239028930664e-02,1.456882953643798828e-01,2.785671949386596680e-01
-1.364869475364685059e-01,-8.204603195190429688e-02,7.046692073345184326e-02
-5.710462853312492371e-02,1.374526023864746094e-01,4.675253331661224365e-01
-1.373335570096969604e-01,6.703400611877441406e-02,1.520928889513015747e-01
1.729568243026733398e-01,-1.185090541839599609e-01,4.449407756328582764e-01
1.052110195159912109e-01,7.719111442565917969e-02,-8.087191581726074219e-01
-5.477467924356460571e-02,-2.338082790374755859e-01,5.009025335311889648e-01
1.647544652223587036e-01,2.314574718475341797e-01,3.203051686286926270e-01
-1.369641721248626709e-01,7.358050346374511719e-02,9.767730534076690674e-02
-5.966066569089889526e-02,-3.169083595275878906e-02,6.615743637084960938e-01
1.887514814734458923e-02,1.569228172302246094e-01,-6.168212741613388062e-02
1.814286969602108002e-02,-2.478244304656982422e-01,4.715609550476074219e-01
-1.412798017263412476e-01,-2.863168716430664062e-03,-3.459426760673522949e-01
1.042728424072265625e-01,-1.546021997928619385e-01,5.304803252220153809e-01
1.743496656417846680e-01,-3.969345614314079285e-02,-3.653168678283691406e-02
1.013786122202873230e-01,1.569676399230957031e-02,-6.373828053474426270e-01
-6.207776814699172974e-02,-6.832933425903320312e-02,-6.807602047920227051e-01
-1.739776507019996643e-02,-2.826862931251525879e-01,-4.026174545288085938e-03
1.897677406668663025e-02,1.443078517913818359e-01,5.205495953559875488e-01
1.950621008872985840e-01,1.858606338500976562e-01,1.082339435815811157e-01
4.188227653503417969e-02,1.586266458034515381e-01,-3.121493458747863770e-01
-5.891728401184082031e-02,-2.481302171945571899e-01,-9.619689732789993286e-02
-9.049320220947265625e-02,3.882242366671562195e-02,-3.871545195579528809e-01
-1.109985355287790298e-02,2.581799216568470001e-02,-8.983484506607055664e-01
-8.189544826745986938e-02,1.796644032001495361e-01,-9.136395454406738281e-01
1.650031507015228271e-01,2.280333042144775391e-01,3.724453747272491455e-01
-1.419075429439544678e-01,-1.399707794189453125e-02,-2.907769680023193359e-01
1.521638482809066772e-01,5.984853953123092651e-02,6.432956457138061523e-01
1.309919357299804688e-01,-1.528779417276382446e-01,4.970388710498809814e-01
1.521093845367431641e-01,1.119561488849285524e-06,5.736632943153381348e-01
5.961847305297851562e-02,-1.574838459491729736e-01,1.526306122541427612e-01
-5.778205767273902893e-02,-1.093957424163818359e-01,-6.907165646553039551e-01
-3.389968723058700562e-02,-1.816743612289428711e-01,6.264566183090209961e-01
6.318786740303039551e-02,-5.440365523099899292e-02,8.122923374176025391e-01
1.059031486511230469e-01,7.716880738735198975e-02,-8.962737768888473511e-02
-2.635693550109863281e-02,-1.196495816111564636e-01,-7.751950025558471680e-01
5.828704684972763062e-02,-7.526013255119323730e-02,-9.440860748291015625e-01
9.539435803890228271e-02,-1.328015327453613281e-01,2.536505162715911865e-01
5.930053442716598511e-02,1.275273263454437256e-01,-9.202988147735595703e-01
-1.503831446170806885e-01,5.378128093980194535e-07,4.554138183593750000e-01
1.868781074881553650e-02,1.801266670227050781e-01,-8.699578642845153809e-01
1.168708801269531250e-01,1.136364517151378095e-06,-1.156280487775802612e-01
-5.930358916521072388e-02,3.283435478806495667e-02,-4.621512889862060547e-01
1.280107498168945312e-01,-1.530703157186508179e-01,3.886273205280303955e-01
-1.219174861907958984e-01,3.831611946225166321e-02,5.255488753318786621e-01
1.916085779666900635e-01,1.986880451440811157e-01,4.509909152984619141e-01
1.847593635320663452e-01,-6.395065039396286011e-02,5.160285234451293945e-01
-1.139407157897949219e-01,-1.154131889343261719e-01,1.490975916385650635e-01
5.359625816345214844e-02,-1.578724831342697144e-01,2.624694705009460449e-01
-6.302975863218307495e-02,1.076967716217041016e-01,-8.164892196655273438e-01
1.437750160694122314e-01,-3.884105011820793152e-02,-8.948421478271484375e-02
9.650897979736328125e-02,1.051530838012695312e-01,-1.162908896803855896e-01
-1.087341271340847015e-02,-1.263301670551300049e-01,-9.351452589035034180e-01
2.076132148504257202e-01,1.282304376363754272e-01,5.129081010818481445e-01
1.070930957794189453e-01,1.141026928053179290e-06,-8.973165750503540039e-01
1.920052431523799896e-02,1.165499687194824219e-01,-8.044982552528381348e-01
-4.311323165893554688e-02,-1.983405798673629761e-01,2.363070696592330933e-01
1.797363720834255219e-02,-2.688324451446533203e-01,2.139080762863159180e-01
-1.106388568878173828e-01,-1.155728921294212341e-01,-4.389059245586395264e-01
-1.121029853820800781e-01,-3.847424313426017761e-02,5.555436611175537109e-01
-6.116971001029014587e-02,-3.074193000793457031e-02,-5.520251393318176270e-01
1.687227785587310791e-01,1.768128871917724609e-01,5.691224336624145508e-01
5.338859558105468750e-02,1.578841209411621094e-01,-1.462029963731765747e-01
5.046478286385536194e-02,-1.850167363882064819e-01,5.920001268386840820e-01
-1.203335523605346680e-01,-2.639918923377990723e-01,-1.690635681152343750e-01
9.345220029354095459e-02,1.810128688812255859e-01,5.398797392845153809e-01
-8.049488067626953125e-02,1.170309409499168396e-01,1.677703857421875000e-02
3.600525856018066406e-02,1.590058952569961548e-01,-3.966818153858184814e-01
1.877389661967754364e-02,1.695091724395751953e-01,-2.169167995452880859e-01
1.892055869102478027e-01,1.052205562591552734e-01,3.089770376682281494e-01
6.769408937543630600e-03,-5.247515067458152771e-02,8.723334074020385742e-01
-1.376303285360336304e-01,-6.178998947143554688e-02,1.691375672817230225e-02
-2.901855483651161194e-02,3.874401386383397039e-07,8.901703357696533203e-01
-9.297513961791992188e-02,-1.164272874593734741e-01,5.324978232383728027e-01
1.098566055297851562e-01,7.704136520624160767e-02,-5.493041872978210449e-01
1.327040195465087891e-01,-7.630492746829986572e-02,5.787051320075988770e-01
9.579407423734664917e-02,1.229002475738525391e-01,-7.446740269660949707e-01
9.612159430980682373e-02,-1.147553920745849609e-01,-8.932189643383026123e-02
-1.374429762363433838e-01,-6.510901451110839844e-02,2.611071765422821045e-01
1.800504326820373535e-02,-2.649505138397216797e-01,3.909210264682769775e-01
2.196264266967773438e-01,1.471564918756484985e-01,2.703008949756622314e-01
1.177282333374023438e-01,1.135955699282931164e-06,-8.633404374122619629e-01
1.160563603043556213e-01,-1.253289729356765747e-01,5.579346418380737305e-01
-5.690561607480049133e-02,1.456568241119384766e-01,-1.666467189788818359e-01
1.311240196228027344e-01,2.124064564704895020e-01,4.315887391567230225e-01
3.160810470581054688e-02,4.078974574804306030e-02,-7.925366163253784180e-01
-1.636981964111328125e-01,-1.130064278841018677e-01,-8.476708531379699707e-01
-5.555175244808197021e-02,2.016584873199462891e-01,-8.912887573242187500e-01
1.916792392730712891e-01,-7.440397143363952637e-02,4.835517704486846924e-01
-8.041504025459289551e-02,-2.525496855378150940e-02,-9.325469732284545898e-01
1.324670314788818359e-01,2.981418073177337646e-01,1.834899932146072388e-02
-9.723174571990966797e-02,-1.253551989793777466e-01,-9.471967220306396484e-01
-1.441173702478408813e-01,-5.313205718994140625e-02,-8.316665291786193848e-01
1.896251365542411804e-02,1.460773944854736328e-01,-4.589245617389678955e-01
-2.787994407117366791e-02,-7.479363679885864258e-02,-9.538321495056152344e-01
-1.076263375580310822e-02,1.250413060188293457e-01,-9.511108398437500000e-01
1.555800437927246094e-02,-8.008091151714324951e-02,-2.591723501682281494e-01
-1.121745109558105469e-01,3.847309201955795288e-02,-6.286621093750000000e-02
-1.132150217890739441e-01,-7.437203824520111084e-02,-9.624969959259033203e-01
1.305594444274902344e-01,-7.637406885623931885e-02,-8.870422095060348511e-02
-5.350688844919204712e-02,-2.862877845764160156e-01,2.868466079235076904e-01
3.147768974304199219e-02,1.224470287561416626e-01,-7.017275691032409668e-01
9.776168316602706909e-02,7.407450675964355469e-02,-4.733309745788574219e-01
-1.422690451145172119e-01,-2.040672302246093750e-02,-9.148553013801574707e-01
1.892879605293273926e-02,-1.502807140350341797e-01,-7.355236411094665527e-01
-8.468581736087799072e-02,1.356891989707946777e-01,3.973557949066162109e-01
-4.435516148805618286e-02,-2.771668434143066406e-01,-5.276155471801757812e-02
-1.231861114501953125e-02,1.621243059635162354e-01,-8.187704086303710938e-01
1.168765202164649963e-01,2.324875444173812866e-01,1.024305820465087891e-01
-1.038408279418945312e-02,1.204221770167350769e-01,-5.146651864051818848e-01
9.303307533264160156e-02,1.147731268247298431e-06,6.449444293975830078e-01
-1.373164802789688110e-01,6.733703613281250000e-02,4.261477589607238770e-01
9.546194970607757568e-02,-1.311242580413818359e-01,1.743646264076232910e-01
-1.357126533985137939e-01,-9.576272964477539062e-02,4.211682081222534180e-01
-1.262249797582626343e-01,6.515321135520935059e-02,4.787836074829101562e-01
1.267354488372802734e-01,7.649731636047363281e-02,-7.722479104995727539e-01
9.673685580492019653e-02,9.949851036071777344e-02,2.303219586610794067e-01
-1.393797397613525391e-01,3.078699111938476562e-02,1.712890528142452240e-02
-5.743885040283203125e-02,1.181461811065673828e-01,2.344412207603454590e-01
6.496953964233398438e-02,-7.848820835351943970e-02,-7.625991702079772949e-01
-5.321915075182914734e-02,-2.981758117675781250e-01,1.865438818931579590e-01
1.120471134781837463e-01,2.550932392477989197e-02,-9.168317317962646484e-01
1.912292651832103729e-02,1.261646747589111328e-01,5.522184371948242188e-01
-5.685130879282951355e-02,-1.478919982910156250e-01,-9.121392369270324707e-01
-9.813475608825683594e-02,-1.161777004599571228e-01,-3.664276003837585449e-02
1.886085048317909241e-02,-1.586976051330566406e-01,-6.163574010133743286e-02
1.960011869668960571e-01,1.987950801849365234e-01,7.873351871967315674e-02
1.646645069122314453e-01,1.113574739974865224e-06,-6.147613376379013062e-02
-1.512289047241210938e-01,-3.784384578466415405e-02,-2.712698280811309814e-01
-3.360772132873535156e-02,-3.973897546529769897e-02,-7.422094345092773438e-01
-6.084605678915977478e-02,-1.737046241760253906e-02,-8.499218821525573730e-01
8.522629737854003906e-02,-1.558313071727752686e-01,-3.687316924333572388e-02
2.013683319091796875e-03,4.031291976571083069e-02,-7.227886915206909180e-01
3.670334815979003906e-02,-7.939932495355606079e-02,-8.015438914299011230e-01
1.667215824127197266e-01,-7.520844042301177979e-02,6.792663782835006714e-02
4.575085639953613281e-02,1.583769917488098145e-01,-2.564224302768707275e-01
9.003639221191406250e-03,1.213599666953086853e-01,-6.063756942749023438e-01
-1.423981189727783203e-01,-3.798612579703330994e-02,4.936834573745727539e-01
2.374706268310546875e-01,2.193904072046279907e-01,2.433743178844451904e-01
-8.388996124267578125e-02,1.168667227029800415e-01,1.779046654701232910e-01
-5.719151720404624939e-02,1.338279247283935547e-01,1.740750074386596680e-01
1.102790832519531250e-01,-7.702775299549102783e-02,-8.965871930122375488e-01
-4.566049575805664062e-02,-3.954477608203887939e-02,-6.796383261680603027e-01
-1.327238976955413818e-01,-1.487107276916503906e-01,-9.130065441131591797e-01
1.929081231355667114e-02,1.053421497344970703e-01,-7.495898008346557617e-01
1.322932243347167969e-01,7.631817460060119629e-02,-8.883275985717773438e-01
-1.159796714782714844e-01,1.153145506978034973e-01,3.091854751110076904e-01
-8.400797843933105469e-02,1.168610155582427979e-01,4.785206615924835205e-01
-1.925945281982421875e-03,4.024943336844444275e-02,-6.917492747306823730e-01
1.942368596792221069e-01,1.745018959045410156e-01,1.375540196895599365e-01
4.592537879943847656e-02,1.583657413721084595e-01,-8.605041503906250000e-01
-6.935214996337890625e-02,-2.491420358419418335e-01,-1.252481043338775635e-01
-4.166364669799804688e-03,1.207229420542716980e-01,-5.448883175849914551e-01
-1.424474716186523438e-01,3.798532485961914062e-02,1.734127700328826904e-01
-8.020877838134765625e-03,4.015123844146728516e-02,6.382954120635986328e-01
-9.577751159667968750e-03,4.012614488601684570e-02,-6.305493116378784180e-01
-6.105343252420425415e-02,-2.594995498657226562e-02,-5.217190384864807129e-01
-5.722045898437500000e-02,-3.935852274298667908e-02,-6.184866428375244141e-01
-5.515509843826293945e-02,-2.180802822113037109e-01,5.577073693275451660e-01
-1.024377346038818359e-01,1.159695610404014587e-01,4.198214709758758545e-01
1.325662136077880859e-01,7.630937546491622925e-02,-6.235351413488388062e-02
-1.460683345794677734e-01,-3.792698681354522705e-02,1.731463521718978882e-01
1.848437786102294922e-01,1.494010835886001587e-01,5.941603183746337891e-01
1.216681003570556641e-01,2.116431146860122681e-01,4.001654088497161865e-01
-1.361865848302841187e-01,-8.736658096313476562e-02,4.502908289432525635e-01
1.348080635070800781e-01,2.127038687467575073e-01,1.944119185209274292e-01
9.584431350231170654e-02,1.216464042663574219e-01,-3.627105802297592163e-02
5.435419082641601562e-02,1.235535815358161926e-01,5.948876738548278809e-01
1.928293555974960327e-01,1.551170349121093750e-01,1.957894861698150635e-01
1.680357307195663452e-01,1.862730979919433594e-01,5.396357774734497070e-01
-1.329302787780761719e-02,4.006629064679145813e-02,-6.003631353378295898e-01
2.008614316582679749e-02,-6.614208221435546875e-03,-2.599792480468750000e-01
-1.021454334259033203e-01,-1.159837096929550171e-01,1.765606701374053955e-01
-2.050924301147460938e-02,3.995002061128616333e-02,-5.407583713531494141e-01
1.251883506774902344e-01,2.119273394346237183e-01,1.351013183593750000e-01
-1.173357963562011719e-01,-1.152489408850669861e-01,2.821691930294036865e-01
1.917441189289093018e-01,1.401741504669189453e-01,2.537789940834045410e-01
-1.582674980163574219e-01,-1.132690981030464172e-01,-9.389269948005676270e-01
-4.961371421813964844e-02,-2.472280859947204590e-01,-6.743194162845611572e-02
-1.399328708648681641e-01,2.098846435546875000e-02,4.912097156047821045e-01
2.004029750823974609e-01,1.483969986438751221e-01,5.360440015792846680e-01
1.169977188110351562e-01,2.112661004066467285e-01,3.401068150997161865e-01
2.016118913888931274e-02,2.720832824707031250e-03,-4.305953979492187500e-01
-1.420380920171737671e-01,-1.630711555480957031e-02,-8.818957209587097168e-01
1.119875907897949219e-01,2.958224117755889893e-01,-1.275421082973480225e-01
7.186416536569595337e-02,-1.236830949783325195e-01,5.834394693374633789e-01
-1.476733684539794922e-01,-1.137815266847610474e-01,-3.783599734306335449e-01
1.008414551615715027e-01,2.374649047851562500e-03,-7.233856320381164551e-01
1.668515950441360474e-01,2.025814056396484375e-01,4.822854399681091309e-01
1.930329799652099609e-01,1.100047597901721019e-06,5.097660422325134277e-01
1.761689335107803345e-01,-7.428431510925292969e-02,3.424972593784332275e-01
-1.187157630920410156e-01,-3.836769610643386841e-02,-8.333556652069091797e-01
1.080989837646484375e-03,-8.054753392934799194e-02,-3.733056485652923584e-01
-2.204418182373046875e-02,3.992529585957527161e-02,-8.364788889884948730e-01
-1.433180570602416992e-01,-3.898286819458007812e-02,-2.082946747541427612e-01
-8.411788940429687500e-02,-3.892514482140541077e-02,-4.710504114627838135e-01
-1.684610843658447266e-01,-3.756619244813919067e-02,-8.744177222251892090e-01
-1.111176013946533203e-01,1.155497133731842041e-01,3.910394310951232910e-01
-5.496303737163543701e-02,-2.260265350341796875e-01,5.291253328323364258e-01
-7.909560203552246094e-02,1.170986369252204895e-01,-9.396414160728454590e-01
-7.449078559875488281e-02,-1.958075314760208130e-01,5.377039909362792969e-01
1.230821609497070312e-01,2.117572724819183350e-01,4.739349335432052612e-02
1.090309619903564453e-01,2.954874634742736816e-01,-6.912017613649368286e-02
-2.540969848632812500e-02,-2.448810935020446777e-01,-1.054382324218750000e-02
4.152771085500717163e-02,-1.269369274377822876e-01,-9.276486635208129883e-01
4.244065284729003906e-02,-2.383018881082534790e-01,4.036962687969207764e-01
-1.229755878448486328e-01,-3.829906508326530457e-02,2.279138118028640747e-01
1.644059866666793823e-01,2.362556457519531250e-01,2.430065870285034180e-01
9.637094289064407349e-02,-1.085677146911621094e-01,-8.374773859977722168e-01
9.605599939823150635e-02,1.164007186889648438e-01,1.754482984542846680e-01
-8.232975006103515625e-02,-1.169422045350074768e-01,-4.718887209892272949e-01
-7.013392448425292969e-02,1.175320968031883240e-01,-9.102538973093032837e-02
9.366215765476226807e-02,1.757965087890625000e-01,5.957272052764892578e-01
1.011786162853240967e-01,1.074147224426269531e-02,-6.658413410186767578e-01
-1.464169025421142578e-01,3.792137280106544495e-02,4.386288225650787354e-01
4.772663116455078125e-03,-8.042854815721511841e-02,-3.445181250572204590e-01
1.021888926625251770e-01,3.580355644226074219e-02,-5.534170269966125488e-01
9.529199451208114624e-02,1.353526115417480469e-01,2.799355983734130859e-01
-1.196331977844238281e-01,3.835291787981987000e-02,2.282342463731765747e-01
-1.213502883911132812e-01,-3.832525387406349182e-02,-6.262450665235519409e-02
1.016057357192039490e-01,2.133321762084960938e-02,-6.091378927230834961e-01
-1.375700086355209351e-01,6.285858154296875000e-02,7.102630287408828735e-02
-1.366727054119110107e-01,7.874178886413574219e-02,2.868606448173522949e-01
1.004274785518646240e-01,-7.898330688476562500e-03,-8.418273925781250000e-01
-8.072876930236816406e-02,-1.953039765357971191e-01,4.801675379276275635e-01
-1.359692513942718506e-01,-9.120631217956542969e-02,2.853839099407196045e-01
1.828693412244319916e-02,-2.299408912658691406e-01,5.546646118164062500e-01
1.378800868988037109e-01,7.613809406757354736e-02,2.530322074890136719e-01
-5.459057167172431946e-02,-2.414362430572509766e-01,4.730210900306701660e-01
1.200890541076660156e-02,-8.019530028104782104e-02,-2.874609231948852539e-01
-2.401208877563476562e-02,3.989357501268386841e-02,-5.113165378570556641e-01
1.314675807952880859e-01,2.980285584926605225e-01,-1.100524887442588806e-02
5.333924293518066406e-02,1.166658762485894840e-06,-5.906182527542114258e-01
-1.359877884387969971e-01,-9.088826179504394531e-02,1.237759366631507874e-01
1.892224326729774475e-02,-1.510245800018310547e-01,-8.808715343475341797e-01
-5.696834996342658997e-02,1.430788040161132812e-01,4.393218755722045898e-01
6.867074966430664062e-02,-7.836890965700149536e-02,-7.026427984237670898e-01
9.580545127391815186e-02,1.226177215576171875e-01,-7.159115672111511230e-01
1.828684806823730469e-01,3.003116250038146973e-01,-1.393340975046157837e-01
1.741394698619842529e-01,-1.022286415100097656e-01,3.930685222148895264e-01
-1.277422904968261719e-02,-2.436558604240417480e-01,4.546539112925529480e-02
2.011392638087272644e-02,-3.091573715209960938e-03,-3.728241026401519775e-01
1.343622207641601562e-01,7.625148445367813110e-02,1.740753203630447388e-01
3.797483444213867188e-02,1.588788032531738281e-01,-3.683679103851318359e-01
1.889587938785552979e-02,1.543493270874023438e-01,4.911324977874755859e-01
1.445405483245849609e-01,-7.592341303825378418e-02,2.523187100887298584e-01
-1.358634531497955322e-01,9.308075904846191406e-02,3.667782545089721680e-01
-5.727787688374519348e-02,-1.302843093872070312e-01,-5.722109675407409668e-01
9.353232383728027344e-02,-1.552952975034713745e-01,7.016662508249282837e-02
-1.522727012634277344e-01,3.782702609896659851e-02,4.106686413288116455e-01
2.009918913245201111e-02,-4.976034164428710938e-03,-3.161886632442474365e-01
-1.078472137451171875e-01,1.157079264521598816e-01,-8.679351806640625000e-01
-1.478574275970458984e-01,-3.789816424250602722e-02,4.653906226158142090e-01
1.731876730918884277e-01,-1.153342723846435547e-01,4.730068743228912354e-01
1.785557270050048828e-01,7.482699304819107056e-02,6.223518252372741699e-01
1.906704343855381012e-02,-1.331019401550292969e-01,-8.282403349876403809e-01
-5.423243716359138489e-02,-2.562699317932128906e-01,4.182235598564147949e-01
-1.181371212005615234e-01,-1.152102053165435791e-01,4.717608392238616943e-01
4.501366615295410156e-02,-2.380523830652236938e-01,3.752602934837341309e-01
-7.800102233886718750e-03,-2.431735396385192871e-01,7.331146299839019775e-02
1.971453987061977386e-02,5.272459983825683594e-02,6.557664275169372559e-01
6.446337699890136719e-02,-7.850452512502670288e-02,-6.746944785118103027e-01
1.766768097877502441e-01,-6.729173660278320312e-02,1.689300499856472015e-02
1.048529148101806641e-01,-7.720265537500381470e-02,-8.385336399078369141e-01
-6.956219673156738281e-02,-2.752608358860015869e-01,2.071685791015625000e-01
-5.671467259526252747e-02,1.535563468933105469e-01,3.837561011314392090e-01
5.601572990417480469e-02,-7.877682149410247803e-02,-6.190325617790222168e-01
-1.415761858224868774e-01,-8.124351501464843750e-03,-3.183444142341613770e-01
9.582506865262985229e-02,1.221313476562500000e-01,-8.624444603919982910e-01
-1.410096734762191772e-01,1.909017562866210938e-03,-3.735821545124053955e-01
1.819018833339214325e-02,-2.419509887695312500e-01,4.989732205867767334e-01
5.034112930297851562e-02,-1.580825448036193848e-01,5.997735261917114258e-01
-1.369669139385223389e-01,-7.354259490966796875e-02,4.376830905675888062e-02
1.990318298339843750e-03,-2.422241866588592529e-01,1.287402361631393433e-01
-1.569013595581054688e-01,-3.775244951248168945e-02,4.098590016365051270e-01
-1.379246711730957031e-01,3.805820643901824951e-02,2.529290616512298584e-01
5.177330970764160156e-02,-7.891355454921722412e-02,-5.913031101226806641e-01
-5.718259513378143311e-02,-1.342146396636962891e-01,-5.160436630249023438e-01
1.936552673578262329e-02,-9.604930877685546875e-02,-1.969097852706909180e-01
1.920826360583305359e-02,-1.155712604522705078e-01,-4.648721218109130859e-01
2.933335304260253906e-02,-7.963687926530838013e-02,-1.474105864763259888e-01
4.324674606323242188e-02,-7.918839901685714722e-02,-5.360080003738403320e-01
1.158905029296875000e-02,-2.412934452295303345e-01,1.838729828596115112e-01
-7.975006103515625000e-02,-2.741070091724395752e-01,1.520230025053024292e-01
9.589141607284545898e-02,1.204848289489746094e-01,-6.593679785728454590e-01
-5.818569660186767578e-02,-9.269595146179199219e-02,-8.127608895301818848e-01
-5.689163133502006531e-02,-1.462235450744628906e-01,-8.532629013061523438e-01
-1.408879756927490234e-01,-3.801045939326286316e-02,2.526116967201232910e-01
8.385944366455078125e-02,-1.559195220470428467e-01,9.731109440326690674e-02
-5.550124868750572205e-02,-1.228383108973503113e-01,5.965416431427001953e-01
-1.339433193206787109e-01,-2.679692804813385010e-01,-6.268310546875000000e-02
-1.773145198822021484e-01,-1.123478114604949951e-01,-8.720025420188903809e-01
1.264266967773437500e-01,7.650726288557052612e-02,-8.309808373451232910e-01
7.924985885620117188e-02,7.802791893482208252e-02,-3.891128599643707275e-01
7.449603080749511719e-02,1.156570419880154077e-06,-6.427148580551147461e-01
3.896021842956542969e-02,-7.932657748460769653e-02,-5.084277391433715820e-01
4.382109642028808594e-02,1.585015207529067993e-01,-2.842279076576232910e-01
3.022766113281250000e-02,-7.960804551839828491e-02,-4.533822536468505859e-01
4.023861885070800781e-02,-2.385153770446777344e-01,2.645901441574096680e-01
-1.330514848232269287e-01,-1.428971290588378906e-01,-8.555791974067687988e-01
1.632308959960937500e-02,-2.408344000577926636e-01,2.113482654094696045e-01
1.896219886839389801e-02,1.461169719696044922e-01,2.520272731781005859e-01
1.894014142453670502e-02,-1.488027572631835938e-01,-7.074752449989318848e-01
1.663326621055603027e-01,2.097227573394775391e-01,4.542846679687500000e-01
-6.997394561767578125e-02,-1.961721181869506836e-01,5.671105980873107910e-01
1.809583231806755066e-02,-2.536141872406005859e-01,4.444226026535034180e-01
1.636610031127929688e-01,2.465095520019531250e-01,2.166101038455963135e-01
8.349084854125976562e-02,7.789121568202972412e-02,-3.336492776870727539e-01
4.747676849365234375e-02,-2.378135472536087036e-01,3.191882371902465820e-01
9.604652971029281616e-02,1.166355609893798828e-01,-6.038546562194824219e-01
1.322143077850341797e-01,7.632071524858474731e-02,-7.128136754035949707e-01
7.681822776794433594e-02,7.810630649328231812e-02,-4.171136319637298584e-01
4.394078254699707031e-02,1.171140297628880944e-06,-2.011709511280059814e-01
4.767203330993652344e-02,1.582530140876770020e-01,-2.287243604660034180e-01
1.895779743790626526e-02,1.466631889343261719e-01,1.730859279632568359e-01
1.879118755459785461e-02,1.673455238342285156e-01,-8.728454262018203735e-02
1.883406192064285278e-02,1.620233058929443359e-01,4.356774687767028809e-01
-1.057136058807373047e-01,1.158111169934272766e-01,2.835455238819122314e-01
1.247978210449218750e-01,7.655977457761764526e-02,-6.579806208610534668e-01
-5.716527253389358521e-02,1.349139213562011719e-01,-4.612206816673278809e-01
1.897733472287654877e-02,-1.442377567291259766e-01,-6.522778272628784180e-01
-8.461689949035644531e-02,-2.735558152198791504e-01,1.246929913759231567e-01
-5.405785515904426575e-02,-2.634928226470947266e-01,3.912771642208099365e-01
1.771416664123535156e-01,3.010532259941101074e-01,-3.569213673472404480e-02
1.918017864227294922e-02,-1.190576553344726562e-01,-1.155255064368247986e-01
4.905819892883300781e-02,1.168700123344024178e-06,-1.461578309535980225e-01
9.978652000427246094e-02,-1.548916846513748169e-01,3.115685880184173584e-01
2.181048393249511719e-01,1.472547054290771484e-01,4.523721337318420410e-01
9.581553190946578979e-02,-1.223504543304443359e-01,-8.923187255859375000e-01
-5.754144117236137390e-02,1.193685531616210938e-01,-3.628692403435707092e-02
-8.798146247863769531e-02,1.166688054800033569e-01,4.348937794566154480e-02
