-2.778813838958740234e-01,1.793881207704544067e-01,-2.825106680393218994e-01
2.446533180773258209e-02,-5.172244086861610413e-02,8.955637216567993164e-01
4.459791183471679688e-01,-6.620714813470840454e-02,1.282662898302078247e-01
1.640048176050186157e-01,-1.265719383955001831e-01,-9.321289062500000000e-01
-2.052491456270217896e-01,-1.897237300872802734e-01,2.743533253669738770e-01
8.890990167856216431e-02,2.937285900115966797e-01,4.368264675140380859e-01
1.661586910486221313e-01,-2.121183872222900391e-01,-3.685327172279357910e-01
1.642099916934967041e-01,2.389504909515380859e-01,-1.099935919046401978e-01
-2.164816856384277344e-01,1.104533001780509949e-01,-7.716439366340637207e-01
-3.271720409393310547e-01,2.460850477218627930e-01,1.852099597454071045e-01
2.183992862701416016e-01,-1.472373306751251221e-01,5.052096247673034668e-01
-2.447447180747985840e-01,6.086736544966697693e-02,6.116490364074707031e-01
8.869732916355133057e-02,-2.989876270294189453e-01,1.525634713470935822e-02
1.746160089969635010e-01,9.566712379455566406e-02,-6.102764606475830078e-01
-1.947920322418212891e-01,-1.860958039760589600e-01,-2.152545154094696045e-01
3.838605880737304688e-01,1.009053903544554487e-06,-2.206372022628784180e-01
-3.939423561096191406e-01,-3.393319249153137207e-02,1.458831783384084702e-02
-1.351769119501113892e-01,-1.052536964416503906e-01,-5.230395197868347168e-01
3.292730152606964111e-01,1.105697154998779297e-01,3.669699132442474365e-01
-5.437466502189636230e-02,-2.503859996795654297e-01,6.029580831527709961e-01
2.141583263874053955e-01,1.194264218211174011e-01,6.493536233901977539e-01
-1.246393546462059021e-01,2.919237613677978516e-01,-3.370055928826332092e-02
1.867390982806682587e-02,1.819207668304443359e-01,-3.724279701709747314e-01
9.121783822774887085e-02,2.364580631256103516e-01,1.666113287210464478e-01
-3.304000943899154663e-02,2.358017116785049438e-01,6.806011199951171875e-01
9.036602824926376343e-02,-2.575788497924804688e-01,2.907174527645111084e-01
-1.344268172979354858e-01,-1.185319423675537109e-01,-8.944485187530517578e-01
-3.553724288940429688e-01,3.455464541912078857e-02,3.506924211978912354e-01
3.984274268150329590e-01,1.672217845916748047e-01,1.639068499207496643e-02
-2.009933441877365112e-01,2.376165390014648438e-01,4.232375919818878174e-01
4.395263642072677612e-02,8.066429197788238525e-02,-8.325250148773193359e-01
3.194918632507324219e-01,-1.815528869628906250e-01,-6.160857900977134705e-02
9.527606517076492310e-02,-1.357369422912597656e-01,-5.990148782730102539e-01
-3.578307628631591797e-01,2.426127642393112183e-01,-5.675170943140983582e-02
-5.694590508937835693e-02,1.440072059631347656e-01,-5.966097712516784668e-01
2.491504251956939697e-01,1.294953823089599609e-01,-3.829363882541656494e-01
-2.031993269920349121e-01,-2.127964496612548828e-01,4.135314747691154480e-02
3.104520440101623535e-01,-2.471497058868408203e-01,1.672555506229400635e-01
-3.000450134277343750e-01,-3.544608503580093384e-02,-3.534841835498809814e-01
1.858655363321304321e-02,-1.927475929260253906e-01,-1.632711738348007202e-01
-2.457561492919921875e-01,-1.090373024344444275e-01,4.725303649902343750e-01
-1.243014410138130188e-01,2.979102134704589844e-01,1.868087798357009888e-01
-1.271491944789886475e-01,-1.113336905837059021e-01,7.747980356216430664e-01
3.291463255882263184e-01,-1.114907264709472656e-01,3.395367264747619629e-01
-3.787881433963775635e-01,3.732309862971305847e-02,-1.835725307464599609e-01
1.085452213883399963e-01,-1.756743192672729492e-01,6.883406639099121094e-01
-5.881447345018386841e-02,-6.668210029602050781e-02,-7.030575275421142578e-01
2.282845973968505859e-01,1.083238316823553760e-06,-7.949078083038330078e-01
-1.985774040222167969e-01,1.113193333148956299e-01,-4.491991996765136719e-01
2.983772754669189453e-01,-7.096479833126068115e-02,-3.789755105972290039e-01
-5.383512005209922791e-02,-2.726914882659912109e-01,1.638592481613159180e-01
-5.580962449312210083e-02,-1.910009384155273438e-01,-3.710656762123107910e-01
-3.612763881683349609e-01,-1.034496203064918518e-01,2.052783221006393433e-01
-5.447918176651000977e-02,2.460448741912841797e-01,-2.098474055528640747e-01
3.203750252723693848e-01,1.751379966735839844e-01,-1.922250390052795410e-01
-5.415822565555572510e-02,-2.593405246734619141e-01,4.176510572433471680e-01
-1.162591502070426941e-01,7.637192308902740479e-02,-9.211529493331909180e-01
-4.326026439666748047e-01,9.999956935644149780e-02,1.291851848363876343e-01
4.511125087738037109e-01,9.769856887942296453e-07,-5.393585190176963806e-02
2.384003549814224243e-01,2.317702770233154297e-01,6.636200100183486938e-02
3.518142700195312500e-01,1.386262029409408569e-01,1.823248267173767090e-01
-2.368831634521484375e-01,3.646376356482505798e-02,-5.997631549835205078e-01
-8.752242475748062134e-02,5.496726557612419128e-02,7.947424650192260742e-01
2.413376569747924805e-01,-2.038233280181884766e-01,-2.148931771516799927e-01
2.995088100433349609e-01,4.782575047102000099e-07,4.940688610076904297e-01
-5.454551428556442261e-02,2.433176040649414062e-01,3.434380888938903809e-01
-5.285584926605224609e-02,3.132066726684570312e-01,5.344582796096801758e-01
9.672570228576660156e-02,-9.976434707641601562e-02,-7.812524437904357910e-01
-2.874475121498107910e-01,-1.326544284820556641e-01,-8.923034369945526123e-02
1.857905387878417969e-01,2.244016826152801514e-01,3.011871278285980225e-01
1.843214407563209534e-02,2.119154930114746094e-01,-3.486724942922592163e-02
1.989997550845146179e-02,2.970504760742187500e-02,-5.100912451744079590e-01
1.630554199218750000e-01,2.548518180847167969e-01,5.765119791030883789e-01
2.332737445831298828e-01,-7.306326925754547119e-02,-5.474666953086853027e-01
6.699645519256591797e-02,1.153050512075424194e-01,7.132011651992797852e-01
2.151177972555160522e-01,-6.001264974474906921e-02,6.381527185440063477e-01
1.584320813417434692e-01,-3.185076713562011719e-01,1.608642488718032837e-01
-2.013269066810607910e-01,-1.210960298776626587e-01,6.235288381576538086e-01
-5.618615448474884033e-02,1.754229068756103516e-01,-7.562335133552551270e-01
-5.461021885275840759e-02,-2.406237125396728516e-01,-9.392089210450649261e-03
1.657642871141433716e-01,2.175529003143310547e-01,-2.642697095870971680e-01
2.461674064397811890e-01,1.578714847564697266e-01,4.930807352066040039e-01
-2.083706557750701904e-01,-1.545884609222412109e-01,-3.782913088798522949e-01
9.142413735389709473e-02,-2.313218116760253906e-01,4.491825699806213379e-01
-1.284475326538085938e-01,2.244570255279541016e-01,-3.403008878231048584e-01
-4.264831542968750000e-01,1.002955585718154907e-01,-5.464782565832138062e-02
-1.213150005787611008e-02,-2.251375317573547363e-01,7.628978490829467773e-01
2.392361164093017578e-01,-2.238180637359619141e-01,2.964791655540466309e-01
-1.983037143945693970e-01,2.678849697113037109e-01,-1.835488826036453247e-01
3.985054492950439453e-01,1.002070689537504222e-06,2.722262442111968994e-01
-2.933611869812011719e-01,1.067346483469009399e-01,4.625514149665832520e-01
-2.043076455593109131e-01,2.003109455108642578e-01,5.912857055664062500e-01
1.652351170778274536e-01,-2.248315811157226562e-01,-8.535491675138473511e-02
2.381173670291900635e-01,-2.879067659378051758e-01,4.207921028137207031e-02
-3.267197608947753906e-01,1.754454821348190308e-01,3.317245543003082275e-01
-1.761150360107421875e-01,-3.744287788867950439e-02,-7.844693064689636230e-01
1.476681530475616455e-01,2.555958367884159088e-02,-9.136459827423095703e-01
-1.142813116312026978e-01,1.179144009947776794e-01,6.727995872497558594e-01
-2.686631381511688232e-01,2.873587608337402344e-01,4.014068469405174255e-02
1.727087795734405518e-01,1.219325065612792969e-01,-7.463335990905761719e-01
1.950861141085624695e-02,7.830572128295898438e-02,-6.995177865028381348e-01
-1.414428651332855225e-02,-9.866644442081451416e-02,-4.604330062866210938e-01
-3.024461269378662109e-01,-1.062951982021331787e-01,-2.293939143419265747e-01
-3.181898593902587891e-01,-1.055336818099021912e-01,3.323345780372619629e-01
-1.988204270601272583e-01,2.620751857757568359e-01,2.910412549972534180e-01
-4.863739013671875000e-02,-2.692904695868492126e-02,-8.286615610122680664e-01
4.318909645080566406e-01,6.666125357151031494e-02,1.061419621109962463e-01
-1.300353556871414185e-01,-1.963398456573486328e-01,5.098458528518676758e-01
3.127093911170959473e-01,2.307684421539306641e-01,-6.030059605836868286e-02
1.796588897705078125e-01,7.479143887758255005e-02,-4.793606400489807129e-01
-3.590525686740875244e-01,1.723959445953369141e-01,-1.666540503501892090e-01
-1.315331012010574341e-01,-1.698062419891357422e-01,-8.732848614454269409e-02
-2.799437046051025391e-01,-1.944491863250732422e-01,1.449554413557052612e-01
2.117371559143066406e-01,-7.375746220350265503e-02,-6.888732910156250000e-01
9.118122607469558716e-02,-2.373435497283935547e-01,-2.615020573139190674e-01
-5.524783581495285034e-02,-2.142605781555175781e-01,2.961795032024383545e-01
6.264404207468032837e-02,5.393534153699874878e-02,8.268206119537353516e-01
4.072245061397552490e-01,-1.157109737396240234e-01,1.675262488424777985e-02
4.091989099979400635e-01,1.149101108312606812e-01,-1.243531703948974609e-01
-3.879849910736083984e-01,1.021577119827270508e-01,2.501171827316284180e-01
1.007530167698860168e-01,-1.088029071688652039e-01,8.140181303024291992e-01
-5.712445080280303955e-02,1.366028785705566406e-01,-4.608913958072662354e-01
3.413467407226562500e-01,-1.393032371997833252e-01,-1.771792620420455933e-01
-1.546015888452529907e-01,4.791785954694205429e-07,6.747958660125732422e-01
9.430519491434097290e-02,-1.598222255706787109e-01,-4.566006362438201904e-01
5.062332004308700562e-02,3.084745407104492188e-01,6.018936634063720703e-01
3.785367012023925781e-01,-1.369032710790634155e-01,2.038067579269409180e-01
-5.359600111842155457e-02,2.826120853424072266e-01,6.453796476125717163e-02
9.299033880233764648e-02,-1.924569606781005859e-01,5.642628073692321777e-01
6.002135947346687317e-02,-7.749967277050018311e-02,-8.977866172790527344e-01
-2.054882794618606567e-01,-2.555557712912559509e-02,-9.139087200164794922e-01
2.435652613639831543e-01,1.826348304748535156e-01,1.973565667867660522e-01
1.242996156215667725e-01,1.677239537239074707e-01,-4.224107265472412109e-01
-4.040858745574951172e-01,1.691998243331909180e-01,3.786865249276161194e-02
-2.190547883510589600e-01,-3.432846069335937500e-02,-4.825890958309173584e-01
-1.628708839416503906e-01,-1.886727511882781982e-01,3.833642601966857910e-01
3.337080478668212891e-01,6.982599198818206787e-02,-2.991015613079071045e-01
-1.873493194580078125e-03,2.425988763570785522e-01,2.409783899784088135e-01
3.416361808776855469e-01,-2.092898190021514893e-01,6.309631466865539551e-02
-2.869422435760498047e-01,-3.565720096230506897e-02,5.668525695800781250e-01
-4.073905944824218750e-01,-3.371650725603103638e-02,1.306249946355819702e-01
-8.357803523540496826e-02,-5.248991400003433228e-02,8.715975284576416016e-01
-1.315959095954895020e-01,1.686811447143554688e-01,-6.744622588157653809e-01
3.572325706481933594e-01,1.021751131702330895e-06,3.747677505016326904e-01
1.671379059553146362e-01,-1.986351013183593750e-01,3.772647082805633545e-01
-3.785246908664703369e-01,-4.616546630859375000e-02,-9.290191531181335449e-02
1.295965611934661865e-01,4.366471557659679092e-07,6.686760187149047852e-01
-5.532102286815643311e-02,-2.112324237823486328e-01,-2.643826305866241455e-01
8.935958892107009888e-02,2.367158681154251099e-01,6.735638380050659180e-01
3.015468120574951172e-01,-1.418716162443161011e-01,-2.791754007339477539e-01
-3.129405081272125244e-01,5.968871619188576005e-07,4.431550502777099609e-01
9.180317819118499756e-02,2.219333648681640625e-01,-1.867440789937973022e-01
9.157315641641616821e-02,2.276408672332763672e-01,4.095672443509101868e-02
1.655394285917282104e-01,2.206447124481201172e-01,4.258584380149841309e-01
4.114555120468139648e-01,-9.093737602233886719e-02,-9.144592285156250000e-02
2.895321547985076904e-01,3.380018472671508789e-02,-4.022119045257568359e-01
-1.466937065124511719e-01,2.665252685546875000e-01,5.233302116394042969e-01
-3.377520740032196045e-01,3.576399385929107666e-02,-2.803182601928710938e-01
2.806649208068847656e-01,7.153571397066116333e-02,5.686819553375244141e-01
-5.702577903866767883e-02,1.406731605529785156e-01,-8.552752733230590820e-01
9.130760282278060913e-02,2.342307567596435547e-01,3.449999988079071045e-01
-2.696130573749542236e-01,2.795357704162597656e-01,-1.085269153118133545e-01
-2.824876308441162109e-01,1.072605997323989868e-01,-3.566757142543792725e-01
-9.815459698438644409e-02,-2.533549070358276367e-02,-9.276142120361328125e-01
-2.219127863645553589e-01,-2.158880233764648438e-03,-6.943188309669494629e-01
-1.952127069234848022e-01,3.026838302612304688e-01,1.131588742136955261e-01
1.773382909595966339e-02,-2.986013889312744141e-01,8.848113566637039185e-02
-1.362722516059875488e-01,-8.584928512573242188e-02,-6.407250761985778809e-01
-5.431270971894264221e-02,2.529489994049072266e-01,-1.090573072433471680e-01
2.245502471923828125e-01,-1.468403935432434082e-01,-4.183615148067474365e-01
2.390646934509277344e-01,1.078097966455970891e-06,-6.260009407997131348e-01
2.575253248214721680e-01,1.794448643922805786e-01,-2.771894931793212891e-01
-1.183955371379852295e-01,2.438133507966995239e-01,6.187969446182250977e-01
-1.279863119125366211e-01,-2.326395511627197266e-01,2.177169770002365112e-01
-5.337459966540336609e-02,2.917721271514892578e-01,4.369869828224182129e-01
1.952599920332431793e-02,-7.607579231262207031e-02,-6.423174738883972168e-01
1.847247220575809479e-02,2.069094181060791016e-01,-2.648132145404815674e-01
-2.130396366119384766e-01,1.106197983026504517e-01,-6.613500714302062988e-01
-3.595380783081054688e-01,2.424193918704986572e-01,8.657898008823394775e-02
1.709624230861663818e-01,-1.459705829620361328e-01,-8.258801102638244629e-01
3.392434120178222656e-02,-2.869812846183776855e-01,2.159896790981292725e-01
-1.304616034030914307e-01,-1.887953281402587891e-01,6.202709674835205078e-01
-1.270138174295425415e-01,-2.498681545257568359e-01,9.058074653148651123e-02
2.329253703355789185e-01,-2.838661670684814453e-01,2.136300653219223022e-01
-3.556327819824218750e-01,-3.455045074224472046e-02,2.778158485889434814e-01
-5.835732445120811462e-02,-8.562517166137695312e-02,-5.829946994781494141e-01
9.690201282501220703e-02,9.540724754333496094e-02,-5.527862310409545898e-01
2.432603836059570312e-01,1.855356693267822266e-01,3.804998695850372314e-01
-3.334014415740966797e-01,-1.047979071736335754e-01,-9.014282375574111938e-03
3.175839483737945557e-01,-1.953954696655273438e-01,2.490746974945068359e-01
-2.061263173818588257e-01,1.798384189605712891e-01,-3.742187321186065674e-01
-3.680180311203002930e-01,-1.142723560333251953e-01,9.702087193727493286e-02
6.966094952076673508e-03,-1.617723554372787476e-01,8.317208290100097656e-01
2.478190958499908447e-01,-1.421620845794677734e-01,4.146551489830017090e-01
9.599534422159194946e-02,1.179058551788330078e-01,-6.600823998451232910e-01
-2.701537907123565674e-01,3.359768167138099670e-02,-4.147803783416748047e-01
1.815571784973144531e-01,7.473024725914001465e-02,-8.406454324722290039e-01
9.406147152185440063e-02,-1.658773422241210938e-01,-8.759835362434387207e-01
2.540838718414306641e-01,-7.239250093698501587e-02,5.490327477455139160e-01
3.107500076293945312e-01,-7.056598365306854248e-02,4.333297610282897949e-01
-1.329281032085418701e-01,1.450800895690917969e-01,-5.417892336845397949e-01
1.716620177030563354e-01,-1.363415718078613281e-01,-5.167868137359619141e-01
-1.595046967267990112e-01,1.338780224323272705e-01,-8.416419029235839844e-01
4.470257759094238281e-01,6.617341190576553345e-02,1.422607433050870895e-02
-1.327455937862396240e-01,-1.483263969421386719e-01,-4.321655035018920898e-01
-9.225600957870483398e-02,-2.311580628156661987e-01,7.164337635040283203e-01
1.959741115570068359e-01,-1.486844867467880249e-01,6.186457872390747070e-01
-1.998124122619628906e-01,3.706105425953865051e-02,-8.337014317512512207e-01
2.396939247846603394e-01,2.194628715515136719e-01,-1.878237873315811157e-01
2.343559265136718750e-01,1.080343281500972807e-06,-4.678179919719696045e-01
4.069654941558837891e-01,6.746467202901840210e-02,2.007626295089721680e-01
1.854807138442993164e-02,1.975419521331787109e-01,-1.373077332973480225e-01
3.248525559902191162e-01,1.426475048065185547e-01,2.814806997776031494e-01
9.598559141159057617e-02,-1.181230545043945312e-01,-6.885522603988647461e-01
3.175234794616699219e-01,1.958346366882324219e-01,9.348388761281967163e-02
1.563189029693603516e-01,-2.272594273090362549e-01,-1.928668171167373657e-01
-3.227142244577407837e-02,1.153976917266845703e-01,7.117810249328613281e-01
-1.293605715036392212e-01,-2.082936763763427734e-01,-3.167569041252136230e-01
-2.244110107421875000e-01,1.837047189474105835e-01,5.044686794281005859e-01
-2.850462198257446289e-01,-1.524260044097900391e-01,2.531896829605102539e-01
1.659178286790847778e-01,2.154343128204345703e-01,1.174990832805633545e-01
1.830459944903850555e-02,-2.277481555938720703e-01,5.285873413085937500e-01
1.816033944487571716e-02,-2.456731796264648438e-01,3.429907262325286865e-01
9.213963150978088379e-02,2.135839462280273438e-01,-3.157794177532196045e-01
-1.312653869390487671e-01,1.745390892028808594e-01,-4.273483157157897949e-01
1.968229189515113831e-02,-5.674576759338378906e-02,-7.648022174835205078e-01
-4.034783840179443359e-01,1.692488491535186768e-01,1.781481951475143433e-01
1.835683919489383698e-02,-2.212638854980468750e-01,-3.144738674163818359e-01
1.830420270562171936e-02,-2.277975082397460938e-01,-5.981658771634101868e-02
-2.808510065078735352e-01,1.869816780090332031e-01,4.075158536434173584e-01
1.640368402004241943e-01,2.413384914398193359e-01,-9.411010891199111938e-03
1.800282858312129974e-02,2.651593685150146484e-01,1.146432459354400635e-01
1.753685250878334045e-02,3.230531215667724609e-01,4.810513257980346680e-01
-2.021193206310272217e-01,2.249364852905273438e-01,-2.894396781921386719e-01
-2.069902718067169189e-01,-1.701259613037109375e-01,-3.564269840717315674e-02
5.989868193864822388e-02,2.578944712877273560e-02,-8.995013236999511719e-01
-3.562836349010467529e-01,1.903455257415771484e-01,2.502084374427795410e-01
-2.779154777526855469e-01,3.580264374613761902e-02,5.169674754142761230e-01
4.008552432060241699e-01,-1.530029773712158203e-01,9.569610655307769775e-02
1.792446896433830261e-02,2.749526500701904297e-01,3.891711235046386719e-01
4.843306541442871094e-02,-1.232671514153480530e-01,-5.268243551254272461e-01
2.368102073669433594e-01,-2.468993663787841797e-01,-3.452209383249282837e-02
1.586197465658187866e-01,-3.159203529357910156e-01,6.371734291315078735e-02
2.149004936218261719e-01,7.365549355745315552e-02,-6.879211068153381348e-01
2.237567156553268433e-01,1.870076358318328857e-01,5.714465379714965820e-01
2.020404338836669922e-01,-7.407001405954360962e-02,-8.621597290039062500e-01
-4.058821201324462891e-01,3.374082222580909729e-02,2.007882595062255859e-01
-2.148264497518539429e-01,-8.192205429077148438e-02,-8.494546413421630859e-01
1.512977629899978638e-01,1.782759577035903931e-01,6.614968776702880859e-01
-2.820289134979248047e-01,-1.790532767772674561e-01,4.007385298609733582e-02
-2.023579925298690796e-01,-2.222607135772705078e-01,1.681802272796630859e-01
3.457448482513427734e-01,-6.943799555301666260e-02,-2.731365859508514404e-01
1.660263091325759888e-01,2.139410972595214844e-01,2.197405993938446045e-01
-4.147331714630126953e-01,3.359821066260337830e-02,6.068267673254013062e-02
-2.178953140974044800e-01,-4.737901687622070312e-02,-5.655889511108398438e-01
1.972656510770320892e-02,5.124998092651367188e-02,-5.911416411399841309e-01
-1.270402818918228149e-01,2.493872642517089844e-01,-2.603130936622619629e-01
-3.457403182983398438e-01,-3.470983728766441345e-02,-2.246411144733428955e-01
2.433750927448272705e-01,-1.844384670257568359e-01,-3.213055431842803955e-01
3.897225856781005859e-01,-6.802046298980712891e-02,-1.729388386011123657e-01
-4.102919101715087891e-01,3.366976976394653320e-02,-1.014044135808944702e-01
1.898984909057617188e-01,-7.446138560771942139e-02,-7.801201939582824707e-01
-2.762519717216491699e-01,2.248582839965820312e-01,-2.133132815361022949e-01
8.664550259709358215e-03,-1.677795946598052979e-01,-4.216642379760742188e-01
-2.967453002929687500e-02,5.308409035205841064e-02,8.533902168273925781e-01
1.672317981719970703e-01,1.973421573638916016e-01,-3.447137475013732910e-01
9.528839588165283203e-02,1.354484558105468750e-01,-7.696374058723449707e-01
-2.085475176572799683e-01,-1.525914669036865234e-01,5.482040047645568848e-01
1.729283481836318970e-01,-1.189053058624267578e-01,-6.326092481613159180e-01
-3.435430824756622314e-01,1.090931370854377747e-01,-2.446243762969970703e-01
2.408474236726760864e-01,-2.084875106811523438e-01,-1.117950379848480225e-01
-1.267860978841781616e-01,2.538902759552001953e-01,3.934676945209503174e-01
1.624083667993545532e-01,2.637612819671630859e-01,4.954391419887542725e-01
9.721946716308593750e-02,3.114121556282043457e-01,5.353786945343017578e-01
3.703222572803497314e-01,1.113644540309906006e-01,-1.976559162139892578e-01
-2.133155763149261475e-01,9.891557693481445312e-02,-5.537045001983642578e-01
-4.684875532984733582e-02,2.593874186277389526e-02,-8.901242017745971680e-01
3.156747817993164062e-01,7.040723413228988647e-02,4.575769007205963135e-01
2.551076412200927734e-01,1.070448092832521070e-06,6.015167236328125000e-01
9.216445684432983398e-02,-2.129511833190917969e-01,-1.364950537681579590e-01
-5.621215701103210449e-02,-1.743471622467041016e-01,-1.387268006801605225e-01
-1.955726891756057739e-01,2.986316680908203125e-01,-8.269378542900085449e-02
4.485797882080078125e-01,9.781933840713463724e-07,5.968993902206420898e-02
-2.057828605175018311e-01,-1.837103366851806641e-01,-2.946844398975372314e-01
6.641340255737304688e-02,-2.359773069620132446e-01,6.261811852455139160e-01
-5.389546602964401245e-02,-2.702224254608154297e-01,6.489867717027664185e-02
1.800177097320556641e-01,-2.249614447355270386e-01,-2.691665589809417725e-01
-5.457780137658119202e-02,-2.419538497924804688e-01,4.991021752357482910e-01
-5.562522262334823608e-02,1.986587047576904297e-01,-3.960507214069366455e-01
-2.698445916175842285e-01,2.776274681091308594e-01,1.397259533405303955e-01
-5.431267991662025452e-02,2.529337406158447266e-01,-9.340819902718067169e-03
-3.318653106689453125e-01,1.048721969127655029e-01,3.796478211879730225e-01
2.367012500762939453e-01,1.079224944078305271e-06,-7.084481716156005859e-01
-2.725898921489715576e-01,2.550191879272460938e-01,2.421246320009231567e-01
-1.303191930055618286e-01,-1.913015842437744141e-01,-1.636282354593276978e-01
9.196776896715164185e-02,2.178487777709960938e-01,-8.546142280101776123e-02
-1.253958344459533691e-01,2.785224914550781250e-01,-1.326849311590194702e-01
-1.951882839202880859e-01,3.029565811157226562e-01,1.527648884803056717e-02
-2.839286327362060547e-01,-1.071908921003341675e-01,-3.061733841896057129e-01
1.612993776798248291e-01,-2.790272235870361328e-01,2.634054422378540039e-01
4.096589088439941406e-01,-6.737786531448364258e-02,2.239190638065338135e-01
-6.829772889614105225e-02,-1.640071123838424683e-01,8.086529970169067383e-01
-1.289871782064437866e-01,-2.149088382720947266e-01,-9.511108510196208954e-03
3.983297348022460938e-01,1.677954196929931641e-01,-6.228302046656608582e-02
-1.998873800039291382e-01,1.202289238572120667e-01,6.369240283966064453e-01
-5.486664175987243652e-02,2.300426959991455078e-01,-3.133437931537628174e-01
-2.521367073059082031e-01,1.087286546826362610e-01,5.498655438423156738e-01
4.187755584716796875e-01,9.924051482812501490e-07,-1.472717225551605225e-01
9.227035194635391235e-02,-2.103166580200195312e-01,-3.942489624023437500e-01
8.454238623380661011e-02,-1.681696474552154541e-01,7.657203674316406250e-01
4.365956783294677734e-01,9.839078529694234021e-07,1.747656166553497314e-01
-2.067721486091613770e-01,-1.725809574127197266e-01,-1.393383741378784180e-01
3.732926845550537109e-01,6.855005770921707153e-02,2.996456921100616455e-01
2.367291152477264404e-01,2.476711273193359375e-01,-5.961791798472404480e-02
-1.310300081968307495e-01,1.787087917327880859e-01,-7.847393751144409180e-01
-1.966247856616973877e-01,2.867891788482666016e-01,2.130151391029357910e-01
2.309450358152389526e-01,-3.027079105377197266e-01,1.378970295190811157e-01
9.159985184669494629e-02,-2.269685268402099609e-01,3.719427287578582764e-01
-1.261545866727828979e-01,2.650780677795410156e-01,2.647845447063446045e-01
1.819062978029251099e-02,2.418959140777587891e-01,3.180041313171386719e-01
8.785071969032287598e-02,-3.199961185455322266e-01,1.119174137711524963e-01
9.126255661249160767e-02,2.353417873382568359e-01,2.680984437465667725e-01
2.133584022521972656e-01,-7.370520383119583130e-02,-4.723986685276031494e-01
1.606096029281616211e-01,-2.885251045227050781e-01,-9.214477613568305969e-03
1.838164404034614563e-02,-2.182013988494873047e-01,-2.379174679517745972e-01
1.804494857788085938e-02,-2.599306106567382812e-01,4.431729018688201904e-01
-1.357183456420898438e-01,-9.566211700439453125e-02,-8.128142952919006348e-01
-4.041559696197509766e-01,1.691941767930984497e-01,-7.867614924907684326e-02
-3.171560764312744141e-01,-1.055837050080299377e-01,-1.546429395675659180e-01
3.127934634685516357e-01,2.301564216613769531e-01,1.586944609880447388e-02
9.061003476381301880e-02,-2.515304088592529297e-01,-5.923767015337944031e-02
1.938530057668685913e-02,9.359478950500488281e-02,-4.691568017005920410e-01
-3.406229019165039062e-01,-3.479229286313056946e-02,3.777221739292144775e-01
-2.921875007450580597e-02,-1.044829562306404114e-01,8.810043334960937500e-01
-2.389643192291259766e-01,3.643022477626800537e-02,-5.194302201271057129e-01
-2.755778729915618896e-01,2.304115295410156250e-01,3.219586014747619629e-01
-5.350916087627410889e-02,2.861773967742919922e-01,1.628671288490295410e-01
3.717865943908691406e-01,1.373373419046401978e-01,1.093972772359848022e-01
-5.654164031147956848e-02,1.607153415679931641e-01,-6.758886575698852539e-01
-1.239930018782615662e-01,3.033742904663085938e-01,8.842681348323822021e-02
1.811006665229797363e-02,2.518968582153320312e-01,4.048797488212585449e-02
1.676635742187500000e-01,-1.913971900939941406e-01,5.384407043457031250e-01
-1.295766830444335938e-01,-2.044651508331298828e-01,2.978353798389434814e-01
4.356658831238746643e-02,-2.666190825402736664e-02,-8.453840017318725586e-01
-2.674651741981506348e-01,2.972238063812255859e-01,-3.381286561489105225e-02
3.749730587005615234e-01,-6.849589198827743530e-02,2.994088530540466309e-01
-3.930382728576660156e-01,1.019132882356643677e-01,-1.492672711610794067e-01
-2.747013866901397705e-01,-1.365636885166168213e-01,3.838198184967041016e-01
-2.416770905256271362e-01,-6.010450795292854309e-02,6.353162527084350586e-01
-1.574446111917495728e-01,1.794102936983108521e-01,6.498093605041503906e-01
3.341917991638183594e-01,1.032737827699747868e-06,-3.233755528926849365e-01
1.789736747741699219e-02,-2.783002853393554688e-01,1.538787782192230225e-02
3.027975559234619141e-01,2.130558490753173828e-01,-1.316409260034561157e-01
1.647860258817672729e-01,2.310187816619873047e-01,-1.863378882408142090e-01
2.391455173492431641e-01,1.078059426617983263e-06,-5.457650423049926758e-01
-1.293477863073348999e-01,-2.085206508636474609e-01,-2.392993122339248657e-01
-7.307891547679901123e-02,1.754879653453826904e-01,6.902545690536499023e-01
-3.469507992267608643e-01,2.508454322814941406e-01,1.576171815395355225e-02
-2.253117561340332031e-01,3.609991073608398438e-02,-7.660934329032897949e-01
2.205696105957031250e-01,7.347276806831359863e-02,-7.697625756263732910e-01
1.707066297531127930e-01,5.908654257655143738e-02,6.669303178787231445e-01
2.430162429809570312e-01,7.274924963712692261e-02,-4.402395486831665039e-01
6.786605715751647949e-02,-2.331196367740631104e-01,7.012994289398193359e-01
-4.201238155364990234e-01,1.679051369428634644e-01,1.070376560091972351e-01
-3.050768375396728516e-01,3.536501154303550720e-02,-3.526757657527923584e-01
-8.399009704589843750e-02,-1.950406283140182495e-01,5.638397336006164551e-01
-1.373286843299865723e-01,-6.713366508483886719e-02,-7.331911921501159668e-01
-4.241650104522705078e-01,3.344624489545822144e-02,-3.163604810833930969e-02
3.260909616947174072e-01,1.336605548858642578e-01,-2.490557879209518433e-01
4.438354969024658203e-01,6.627625226974487305e-02,-7.697600871324539185e-02
-4.199867248535156250e-01,1.006097868084907532e-01,3.750335425138473511e-02
-2.631022930145263672e-01,-1.081982478499412537e-01,5.471832156181335449e-01
-1.319889873266220093e-01,-1.732077300548553467e-01,7.137883901596069336e-01
-3.694603443145751953e-01,3.432765975594520569e-02,2.760244607925415039e-01
7.455443963408470154e-03,1.731323599815368652e-01,7.145707607269287109e-01
-5.527257919311523438e-02,-1.973589807748794556e-01,-6.456542760133743286e-02
2.424066662788391113e-01,1.936578750610351562e-01,2.743145823478698730e-01
4.356384277343750000e-01,-6.654047220945358276e-02,-3.147338703274726868e-02
-5.854296684265136719e-02,2.765088379383087158e-01,6.292709112167358398e-01
-2.125995159149169922e-01,-3.685502335429191589e-02,-6.334109306335449219e-01
-3.951156139373779297e-01,-3.391429409384727478e-02,2.018206715583801270e-01
-2.931884229183197021e-01,-8.536887168884277344e-02,4.254187047481536865e-01
-1.803874969482421875e-01,3.737403452396392822e-02,-8.993914723396301270e-01
-5.679924041032791138e-02,-1.500577926635742188e-01,-4.312866032123565674e-01
1.898090839385986328e-01,1.101584871321392711e-06,-8.662987947463989258e-01
7.018737494945526123e-03,2.721027284860610962e-02,-8.115402460098266602e-01
1.510011255741119385e-01,-1.187205538153648376e-01,6.603140830993652344e-01
9.655345976352691650e-02,1.040563583374023438e-01,-8.690001964569091797e-01
-1.187072694301605225e-02,1.379141211509704590e-01,-7.916550636291503906e-01
-4.198923110961914062e-01,3.351508080959320068e-02,1.298446655273437500e-01
1.286146491765975952e-01,1.170467138290405273e-01,6.862468719482421875e-01
1.695039868354797363e-01,-1.660521030426025391e-01,4.360580444335937500e-01
-1.674533039331436157e-01,-7.556361705064773560e-02,-9.378235340118408203e-01
2.916531562805175781e-01,1.425084769725799561e-01,4.123638868331909180e-01
9.386352449655532837e-02,-2.535740844905376434e-02,-9.262930154800415039e-01
8.818405866622924805e-02,-3.117239475250244141e-01,1.854922473430633545e-01
6.086822226643562317e-02,3.878398047163500451e-07,8.736038208007812500e-01
-1.254582256078720093e-01,4.486736884246056434e-07,7.942912578582763672e-01
-2.181944251060485840e-01,4.161727531482029008e-07,6.554454565048217773e-01
9.394836425781250000e-02,-1.267688274383544922e-01,-9.297199249267578125e-01
4.443910121917724609e-01,-6.625833362340927124e-02,5.984313786029815674e-02
-8.300628513097763062e-02,-7.817864418029785156e-02,-8.837293386459350586e-01
9.845748543739318848e-02,-5.318979546427726746e-02,8.499046564102172852e-01
-3.177917003631591797e-01,1.761662214994430542e-01,-2.282662838697433472e-01
-2.840547561645507812e-01,-3.570373356342315674e-02,4.897169470787048340e-01
-1.283608078956604004e-01,-2.260055541992187500e-01,4.244155883789062500e-01
3.313552737236022949e-01,4.917362161904748064e-07,4.375400543212890625e-01
3.325331211090087891e-01,-1.398719698190689087e-01,2.813561856746673584e-01
2.359728962182998657e-01,5.998947098851203918e-02,6.389034986495971680e-01
8.774871379137039185e-02,5.826300010085105896e-02,6.925373077392578125e-01
3.692605495452880859e-01,-1.375018805265426636e-01,-1.035971045494079590e-01
1.649683415889739990e-01,-2.285084724426269531e-01,3.207217454910278320e-01
-2.903930656611919403e-02,3.877172218835767126e-07,8.890192508697509766e-01
-1.760734468698501587e-01,5.916800722479820251e-02,6.644165515899658203e-01
2.624723613262176514e-01,1.224833875894546509e-01,6.019750833511352539e-01
-2.697074413299560547e-01,-3.593489155173301697e-02,-4.092608690261840820e-01
8.762771636247634888e-02,1.743063628673553467e-01,7.024343013763427734e-01
3.488631248474121094e-01,-2.085890322923660278e-01,1.348907500505447388e-01
-5.448344722390174866e-02,-2.458853721618652344e-01,2.414077669382095337e-01
2.451510727405548096e-01,-1.675415039062500000e-01,3.568212687969207764e-01
6.136978045105934143e-02,-1.056215837597846985e-01,8.633161783218383789e-01
-3.138990402221679688e-01,1.057412326335906982e-01,-3.020327687263488770e-01
1.919319182634353638e-01,4.388847969494236168e-07,6.592564582824707031e-01
3.042578697204589844e-01,-2.129142582416534424e-01,-9.167480282485485077e-03
-1.756544411182403564e-01,-5.902716889977455139e-02,6.687859296798706055e-01
-3.619692921638488770e-01,1.425687521696090698e-01,2.907223701477050781e-01
6.868028640747070312e-02,-1.242465153336524963e-01,-8.363781571388244629e-01
-1.333145145326852798e-02,3.087829351425170898e-01,6.000076532363891602e-01
-5.905640497803688049e-02,-5.669069290161132812e-02,-7.650182843208312988e-01
1.689312905073165894e-01,-1.739375591278076172e-01,-4.279034435749053955e-01
-2.147734165191650391e-01,-1.844827383756637573e-01,3.488116264343261719e-01
2.772955298423767090e-01,-6.473472714424133301e-02,4.916536808013916016e-01
1.278359889984130859e-01,-7.540353387594223022e-02,-9.411200284957885742e-01
9.550634771585464478e-02,1.300396919250488281e-01,-4.624114930629730225e-01
2.268954366445541382e-01,1.751081645488739014e-01,-3.309011459350585938e-01
-2.489652633666992188e-01,-1.088820621371269226e-01,-3.877328336238861084e-01
2.781387232244014740e-02,2.345998585224151611e-01,6.898883581161499023e-01
1.960274949669837952e-02,-6.660199165344238281e-02,-7.028982639312744141e-01
3.044037818908691406e-01,7.077054679393768311e-02,-3.529214262962341309e-01
2.417444437742233276e-01,1.999585628509521484e-01,1.186340302228927612e-01
2.693076133728027344e-01,-1.439521014690399170e-01,-3.591220080852508545e-01
1.808343082666397095e-02,-2.551536560058593750e-01,2.655462622642517090e-01
-1.235328614711761475e-01,-5.411173403263092041e-02,8.213034868240356445e-01
-2.660478055477142334e-01,5.074462592347117607e-07,6.108106374740600586e-01
1.500585973262786865e-01,-5.902045965194702148e-02,6.689854860305786133e-01
-1.185574308037757874e-01,1.297129094600677490e-01,-8.932334184646606445e-01
-1.099314689636230469e-01,2.706887423992156982e-01,4.758560061454772949e-01
-5.858152732253074646e-02,-7.631993293762207031e-02,-6.424193978309631348e-01
1.945326663553714752e-02,-8.517575263977050781e-02,-5.829519629478454590e-01
3.098318278789520264e-01,-2.516522407531738281e-01,9.121917188167572021e-02
1.926877498626708984e-01,7.437147200107574463e-02,-5.572689771652221680e-01
-3.691897392272949219e-01,-3.433201834559440613e-02,-1.507998555898666382e-01
9.233775734901428223e-02,-2.086505889892578125e-01,5.067262053489685059e-01
3.600811958312988281e-01,2.075012475252151489e-01,-3.276123106479644775e-02
4.013807773590087891e-01,6.764469295740127563e-02,-1.719833314418792725e-01
2.686834335327148438e-01,1.439907550811767578e-01,5.463146567344665527e-01
9.140019863843917847e-02,-2.319228649139404297e-01,-3.389199674129486084e-01
-3.720830976963043213e-01,-8.792233467102050781e-02,4.395355284214019775e-02
-2.093612551689147949e-01,-1.434381008148193359e-01,4.408561587333679199e-01
-3.320894241333007812e-01,-1.048613712191581726e-01,2.567367553710937500e-01
1.347088664770126343e-01,-1.837314963340759277e-01,6.052471399307250977e-01
-5.830293893814086914e-02,-8.784532546997070312e-02,-4.982153177261352539e-01
-1.642309576272964478e-01,2.492221146821975708e-01,5.770568847656250000e-01
1.900901086628437042e-02,1.403057575225830078e-01,-4.329641759395599365e-01
3.616659641265869141e-01,6.892481446266174316e-02,-2.470617592334747314e-01
-1.140182465314865112e-01,5.885264277458190918e-02,6.742430925369262695e-01
2.219233512878417969e-01,-7.342913001775741577e-02,-6.310747861862182617e-01
-5.449566617608070374e-02,2.453629970550537109e-01,2.667736709117889404e-01
-2.822058200836181641e-01,2.511777579784393311e-01,-1.579388380050659180e-01
-8.483688533306121826e-02,-1.065057739615440369e-01,8.496249914169311523e-01
-3.757407367229461670e-01,-6.421065330505371094e-02,-3.755584731698036194e-02
-1.355983465909957886e-01,-9.778761863708496094e-02,-5.808117389678955078e-01
-3.241595327854156494e-01,-1.482380479574203491e-01,2.029201984405517578e-01
2.690825462341308594e-01,1.063784338839468546e-06,5.450831651687622070e-01
3.375349044799804688e-01,-6.970263272523880005e-02,3.784094154834747314e-01
-2.852877378463745117e-01,-1.504371166229248047e-01,-9.835815057158470154e-03
-1.303536742925643921e-01,-1.906907558441162109e-01,-3.715975880622863770e-01
1.519508361816406250e-01,2.276830077171325684e-01,6.321084499359130859e-01
-5.735303089022636414e-02,1.271634101867675781e-01,-5.175817608833312988e-01
1.774715818464756012e-02,-2.969465255737304688e-01,1.620327681303024292e-01
1.499761939048767090e-01,7.784952223300933838e-02,-8.905652761459350586e-01
3.225500583648681641e-01,-7.018563896417617798e-02,-3.252825736999511719e-01
-3.503980934619903564e-01,2.284994125366210938e-01,-1.115151941776275635e-01
1.744768917560577393e-01,-9.758281707763671875e-02,-7.247677445411682129e-01
1.926281452178955078e-01,2.237386703491210938e-01,5.392574667930603027e-01
2.647085487842559814e-01,-1.009199470281600952e-01,-4.135849475860595703e-01
2.445488125085830688e-01,1.732769012451171875e-01,4.359545707702636719e-01
1.104522645473480225e-01,-2.925913929939270020e-01,2.424435615539550781e-01
7.985353469848632812e-03,-2.416429072618484497e-01,5.824103951454162598e-01
1.719366461038589478e-01,-1.325600147247314453e-01,-5.729995369911193848e-01
3.885848522186279297e-01,-1.362548470497131348e-01,-3.224090486764907837e-02
1.807761378586292267e-02,2.559254169464111328e-01,1.900741606950759888e-01
4.052500724792480469e-01,-1.351793855428695679e-01,1.543826311826705933e-01
3.366714417934417725e-01,6.751133501529693604e-02,4.055235385894775391e-01
3.595042228698730469e-01,1.020667923512519337e-06,-2.712512016296386719e-01
1.847922243177890778e-02,-2.060885429382324219e-01,-3.685452044010162354e-01
9.272346645593643188e-02,1.990966796875000000e-01,-3.699566423892974854e-01
1.941003277897834778e-02,9.054255485534667969e-02,-7.542226910591125488e-01
-1.151061989367008209e-02,8.029706776142120361e-02,-8.401520252227783203e-01
-3.193740844726562500e-01,-3.513465821743011475e-02,-3.009634315967559814e-01
1.961701177060604095e-02,6.483125686645507812e-02,-6.452966332435607910e-01
-2.000466436147689819e-01,2.482726573944091797e-01,-2.356991469860076904e-01
-1.320940703153610229e-01,-1.598680019378662109e-01,5.726779103279113770e-01
1.734626740217208862e-01,1.115479469299316406e-01,-6.917101740837097168e-01
-5.453960597515106201e-02,-2.435619831085205078e-01,3.434008657932281494e-01
4.058904647827148438e-01,1.351365447044372559e-01,6.105895712971687317e-02
-2.419996261596679688e-01,1.092190071940422058e-01,-4.147759974002838135e-01
1.696050465106964111e-01,-1.646645069122314453e-01,-8.780340552330017090e-01
-2.019537538290023804e-01,2.268002033233642578e-01,5.308735370635986328e-01
-1.998995542526245117e-01,2.499270439147949219e-01,3.693365454673767090e-01
1.828848272562026978e-01,-7.651364058256149292e-02,-9.181729555130004883e-01
-1.602978706359863281e-01,-1.888804584741592407e-01,4.643749892711639404e-01
1.752437464892864227e-02,3.246018886566162109e-01,5.571520924568176270e-01
1.949594542384147644e-02,-7.985973358154296875e-02,-4.997350871562957764e-01
9.554117918014526367e-02,1.291756629943847656e-01,-7.139367461204528809e-01
-2.037776857614517212e-01,-2.062866687774658203e-01,2.207635492086410522e-01
-2.339231967926025391e-01,3.651145845651626587e-02,-6.546304225921630859e-01
1.876502856612205505e-02,-1.705925464630126953e-01,-1.130248978734016418e-01
-3.382797241210937500e-01,3.483004122972488403e-02,4.028719961643218994e-01
-2.142487466335296631e-01,8.841156959533691406e-02,-4.999142289161682129e-01
-1.354002803564071655e-01,-1.012966632843017578e-01,-4.683843851089477539e-01
3.235216438770294189e-01,1.523072719573974609e-01,2.271993905305862427e-01
9.644880145788192749e-02,1.066534519195556641e-01,-6.063836812973022461e-01
-2.860044836997985840e-01,-1.445338726043701172e-01,3.073666393756866455e-01
9.738371521234512329e-02,8.345389366149902344e-02,-4.993816912174224854e-01
-1.328823864459991455e-01,2.527529746294021606e-02,-9.313534498214721680e-01
1.254656314849853516e-01,2.302512079477310181e-01,3.900579810142517090e-01
-2.159039974212646484e-01,1.104812324047088623e-01,-7.157943844795227051e-01
3.783032894134521484e-01,1.011703830045007635e-06,3.228005766868591309e-01
9.238417446613311768e-02,2.075157165527343750e-01,-9.534606710076332092e-03
-1.310641765594482422e-01,1.781010627746582031e-01,-7.279483079910278320e-01
-1.760427802801132202e-01,7.943952083587646484e-02,-8.576951026916503906e-01
-2.814116477966308594e-01,-1.823596954345703125e-01,1.977404803037643433e-01
-1.335968524217605591e-01,1.332352161407470703e-01,-4.621478021144866943e-01
3.218312263488769531e-01,-1.405626237392425537e-01,-2.275772094726562500e-01
3.609011769294738770e-01,1.944984793663024902e-01,-9.071516990661621094e-02
1.650271564722061157e-01,-2.549876458942890167e-02,-9.174374341964721680e-01
-1.321280449628829956e-01,1.592540740966796875e-01,-6.212429404258728027e-01
-1.271287053823471069e-01,-2.478229999542236328e-01,1.659039258956909180e-01
3.681149482727050781e-01,-6.871695071458816528e-02,-2.223944067955017090e-01
-4.095313549041748047e-01,1.011155322194099426e-01,2.006466686725616455e-01
-5.574224889278411865e-02,-1.937882900238037109e-01,-1.889529377222061157e-01
-2.090232819318771362e-01,-1.472423076629638672e-01,4.945452809333801270e-01
-2.088160514831542969e-01,1.108240857720375061e-01,-6.078323125839233398e-01
-3.680785596370697021e-01,-1.138820648193359375e-01,1.506884694099426270e-01
2.382764816284179688e-01,2.329490184783935547e-01,-1.359365880489349365e-01
1.718882769346237183e-01,-1.332263946533203125e-01,-4.626305997371673584e-01
-3.542480468750000000e-01,1.037895679473876953e-01,3.268423378467559814e-01
9.487681090831756592e-02,-1.456444263458251953e-01,-5.412374734878540039e-01
2.513337433338165283e-01,-1.087172031402587891e-01,4.756793081760406494e-01
-2.736570835113525391e-01,3.587125614285469055e-02,5.702553987503051758e-01
-3.045196533203125000e-01,-1.772376745939254761e-01,8.852752298116683960e-02
-1.262871176004409790e-01,2.627325057983398438e-01,-2.085644453763961792e-01
2.831878662109375000e-01,1.430547684431076050e-01,-3.065545558929443359e-01
-2.594738602638244629e-01,1.289920210838317871e-01,5.011152029037475586e-01
-8.401153236627578735e-02,3.805692472269583959e-07,8.623561859130859375e-01
4.255485534667968750e-01,1.338679790496826172e-01,-3.167663514614105225e-02
-4.649383574724197388e-02,7.719966024160385132e-02,-9.040298461914062500e-01
2.421038001775741577e-01,-1.965394020080566406e-01,-2.674673497676849365e-01
-1.494845598936080933e-01,-2.511973120272159576e-02,-9.409664869308471680e-01
-1.224304176867008209e-02,-2.847793512046337128e-02,-7.333350181579589844e-01
2.367945164442062378e-01,2.470536231994628906e-01,1.568969711661338806e-02
3.205911219120025635e-01,-1.735758781433105469e-01,-1.139434799551963806e-01
-1.935172080993652344e-01,-3.716248646378517151e-02,-7.220596075057983398e-01
1.710021346807479858e-01,1.454274654388427734e-01,-4.331481754779815674e-01
-3.687412738800048828e-01,1.030885204672813416e-01,-1.985980123281478882e-01
1.688353121280670166e-01,-1.752631664276123047e-01,4.880201518535614014e-01
-1.090487614274024963e-01,-1.686281412839889526e-01,7.609958648681640625e-01
9.915283322334289551e-02,3.964166523928724928e-07,8.374768495559692383e-01
-1.266848593950271606e-01,2.556841373443603516e-01,3.165554702281951904e-01
-5.383362621068954468e-02,2.727425098419189453e-01,2.135885506868362427e-01
1.850750669836997986e-02,2.025604248046875000e-01,-3.170550465583801270e-01
-1.155837997794151306e-01,-7.592795044183731079e-02,-9.303314685821533203e-01
-2.156441956758499146e-01,-7.271790504455566406e-02,-4.471050798892974854e-01
9.193247556686401367e-02,2.187180519104003906e-01,-2.636547684669494629e-01
1.981561183929443359e-01,1.713134348392486572e-01,-3.779242038726806641e-01
-2.075270563364028931e-01,-1.640839576721191406e-01,-8.774810284376144409e-02
4.176931679248809814e-01,5.427684754977235571e-07,2.234852313995361328e-01
-2.890319749712944031e-02,-5.170447379350662231e-02,8.961845636367797852e-01
-3.140988051891326904e-01,6.651023775339126587e-02,4.365932941436767578e-01
2.423302978277206421e-01,1.943845748901367188e-01,3.264730870723724365e-01
1.864503510296344757e-02,1.854882240295410156e-01,-8.660552650690078735e-02
-5.539499595761299133e-02,-2.081835269927978516e-01,-3.163610696792602539e-01
2.802793979644775391e-01,7.154814898967742920e-02,5.166186690330505371e-01
2.275233268737792969e-01,-1.466485410928726196e-01,5.563923716545104980e-01
-1.968265324831008911e-01,2.845165729522705078e-01,-1.326370239257812500e-01
-2.021517455577850342e-01,-2.245881557464599609e-01,9.181305021047592163e-02
1.593850106000900269e-01,-3.053867816925048828e-01,2.109506130218505859e-01
-5.464588105678558350e-02,2.391650676727294922e-01,-2.611559927463531494e-01
-2.710263133049011230e-01,2.678952217102050781e-01,1.904425024986267090e-01
-2.237744331359863281e-01,3.667496517300605774e-02,-4.700637757778167725e-01
3.904643058776855469e-01,6.799656152725219727e-02,2.496615499258041382e-01
3.554053306579589844e-01,6.912660598754882812e-02,3.508239686489105225e-01
1.653881371021270752e-01,2.227280139923095703e-01,6.643615663051605225e-02
2.537863254547119141e-01,-2.911203205585479736e-01,9.103454649448394775e-02
-1.293277740478515625e-01,-2.088754177093505859e-01,3.491329848766326904e-01
9.181360155344009399e-02,2.216677665710449219e-01,2.186001539230346680e-01
9.170117229223251343e-02,-2.244477272033691406e-01,-1.865377724170684814e-01
2.409429252147674561e-01,-2.075788974761962891e-01,-1.631097346544265747e-01
1.848081313073635101e-02,2.058908939361572266e-01,-2.135302722454071045e-01
9.112042188644409180e-02,2.388689517974853516e-01,9.095275402069091797e-02
-1.276615560054779053e-01,-2.383930683135986328e-01,4.079467803239822388e-02
1.655275672674179077e-01,-2.208082675933837891e-01,-1.362738013267517090e-01
1.662715077400207520e-01,2.105686664581298828e-01,1.688238531351089478e-01
-5.419968068599700928e-02,2.576251029968261719e-01,3.923037648200988770e-01
1.804960519075393677e-02,-2.594187259674072266e-01,3.918884098529815674e-01
-2.425363063812255859e-01,1.978920251131057739e-01,4.592030048370361328e-01
9.183513373136520386e-02,2.211401462554931641e-01,-1.360064595937728882e-01
4.127608835697174072e-01,8.329987525939941406e-02,1.530200093984603882e-01
-6.473449617624282837e-02,-2.594764344394207001e-02,-8.897284269332885742e-01
8.090829849243164062e-02,3.135260939598083496e-01,4.825776517391204834e-01
-2.434844970703125000e-01,-1.821649372577667236e-01,2.423803657293319702e-01
-5.294880270957946777e-02,3.093502521514892578e-01,4.842053055763244629e-01
-5.436723679304122925e-02,2.506763935089111328e-01,-1.592132598161697388e-01
1.640313267707824707e-01,2.414143085479736328e-01,-5.961242690682411194e-02
1.651578247547149658e-01,2.258994579315185547e-01,3.468990921974182129e-01
3.389959335327148438e-01,-2.095458209514617920e-01,1.838903725147247314e-01
1.767166890203952789e-02,3.062691688537597656e-01,4.340054094791412354e-01
4.265286922454833984e-01,6.683409959077835083e-02,-1.237121522426605225e-01
-5.432018265128135681e-02,2.526121139526367188e-01,-5.917846411466598511e-02
-1.246127486228942871e-01,2.923951148986816406e-01,3.982055559754371643e-02
2.884155213832855225e-01,-3.366983681917190552e-02,-4.103019237518310547e-01
-2.700635790824890137e-01,2.758257389068603516e-01,9.005004912614822388e-02
3.226490616798400879e-01,1.586399078369140625e-01,1.475146412849426270e-01
-5.374659597873687744e-02,-2.763540744781494141e-01,1.140988096594810486e-01
-1.249492689967155457e-01,2.864310741424560547e-01,-8.295775949954986572e-02
-2.117695808410644531e-01,-3.686840087175369263e-02,-8.293676376342773438e-01
-1.954631358385086060e-01,2.998588085174560547e-01,1.624505519866943359e-01
-5.343733355402946472e-02,2.891492843627929688e-01,1.134420782327651978e-01
-3.515348434448242188e-01,-3.461647778749465942e-02,3.269158899784088135e-01
-1.957904547452926636e-01,2.961790561676025391e-01,6.437713652849197388e-02
4.314837455749511719e-01,-6.667438149452209473e-02,1.752896010875701904e-01
-3.273878097534179688e-01,-1.050887927412986755e-01,-8.138854801654815674e-02
-1.949016600847244263e-01,3.061850070953369141e-01,-3.356140106916427612e-02
-1.238879635930061340e-01,3.052327632904052734e-01,1.372021436691284180e-01
1.892263889312744141e-01,2.240685224533081055e-01,4.860836565494537354e-01
4.502041339874267578e-01,9.774188356459490024e-07,1.279357820749282837e-01
1.581992357969284058e-01,-3.217103481292724609e-01,1.120330765843391418e-01
8.808238804340362549e-02,-3.142406940460205078e-01,6.365051120519638062e-02
5.503479018807411194e-02,1.682234704494476318e-01,-4.162371158599853516e-01
-4.148063659667968750e-01,1.008603647351264954e-01,-1.012905836105346680e-01
-3.577749729156494141e-01,2.426190823316574097e-01,1.345596313476562500e-01
3.138656616210937500e-01,1.410750895738601685e-01,3.332962095737457275e-01
-1.723365783691406250e-01,-1.879085898399353027e-01,-3.486724793910980225e-01
-7.468108832836151123e-02,2.388227283954620361e-01,6.573003530502319336e-01
1.650598645210266113e-01,-2.272448539733886719e-01,-3.144644200801849365e-01
1.736260205507278442e-01,1.092989444732666016e-01,-8.090447783470153809e-01
-3.117955029010772705e-01,2.136909365653991699e-01,2.962696552276611328e-01
4.399144649505615234e-01,9.823253321883385070e-07,-9.995391964912414551e-02
-4.115993976593017578e-01,1.685932874679565430e-01,-3.192687779664993286e-02
-3.835020065307617188e-01,1.708615422248840332e-01,-1.266244500875473022e-01
2.061440944671630859e-01,-2.832272946834564209e-01,7.655620574951171875e-04
-3.999443054199218750e-01,-3.383649513125419617e-02,6.111327931284904480e-02
2.078824043273925781e-01,7.388170808553695679e-02,-6.349642872810363770e-01
2.117376625537872314e-01,2.691779471933841705e-02,-8.293595314025878906e-01
3.537476062774658203e-01,2.081153988838195801e-01,1.493438705801963806e-02
-1.805267333984375000e-01,-1.121924370527267456e-01,-8.415652513504028320e-01
-2.059490978717803955e-01,-7.681146264076232910e-02,-9.120019674301147461e-01
-8.098327368497848511e-02,2.543351054191589355e-02,-9.214657545089721680e-01
-4.209439754486083984e-01,3.349813818931579590e-02,1.440124493092298508e-02
-4.280707836151123047e-01,1.002187803387641907e-01,-8.620300330221652985e-03
4.338171482086181641e-01,6.659916043281555176e-02,6.015075370669364929e-02
4.174907207489013672e-01,-5.560278892517089844e-02,-1.203179880976676941e-01
-4.322917461395263672e-01,1.000146046280860901e-01,8.320220559835433960e-02
9.027843922376632690e-02,2.597689628601074219e-01,3.921322524547576904e-01
4.322228431701660156e-01,-6.665055453777313232e-02,1.432861294597387314e-02
3.078308105468750000e-01,1.045307726599276066e-06,-3.771523833274841309e-01
9.269845485687255859e-02,-1.996934413909912109e-01,6.168653964996337891e-01
2.415050268173217773e-01,2.022309303283691406e-01,-2.408944666385650635e-01
-1.580335944890975952e-01,-1.201585009694099426e-01,6.380548477172851562e-01
-2.842693924903869629e-01,6.503232568502426147e-02,4.824547767639160156e-01
4.501800537109375000e-01,6.607174873352050781e-02,-3.125182911753654480e-02
4.499185085296630859e-01,9.775550324775394984e-07,1.419860776513814926e-02
2.512267976999282837e-02,5.311259999871253967e-02,8.524407148361206055e-01
-2.419528961181640625e-01,2.557365894317626953e-01,-1.861352473497390747e-01
-4.916262626647949219e-02,1.645019054412841797e-01,-7.995883226394653320e-01
6.072051823139190674e-02,7.840225100517272949e-02,-8.791266679763793945e-01
2.707297801971435547e-01,1.062998876477649901e-06,-4.346081316471099854e-01
3.120710849761962891e-01,-2.354028224945068359e-01,4.116912931203842163e-02
-1.150888055562973022e-01,1.779678910970687866e-01,6.646775007247924805e-01
1.714221090078353882e-01,1.186057031154632568e-01,6.620644330978393555e-01
6.420969963073730469e-02,-2.361909598112106323e-01,4.841386377811431885e-01
-9.936141967773437500e-02,2.718859016895294189e-01,5.903012156486511230e-01
1.982589662075042725e-01,1.835210174322128296e-01,6.074010133743286133e-01
1.207827702164649963e-01,-2.801436483860015869e-01,-2.648282051086425781e-02
2.977077960968017578e-01,-1.421193629503250122e-01,3.357595801353454590e-01
1.205012798309326172e-01,2.307325750589370728e-01,1.226327493786811829e-01
1.911709643900394440e-02,-1.268882751464843750e-01,-4.626657068729400635e-01
3.816208839416503906e-01,1.367027014493942261e-01,-1.502123922109603882e-01
-9.386169165372848511e-02,2.628099918365478516e-01,-1.795241832733154297e-01
-7.267212122678756714e-02,1.164398193359375000e-01,6.956446170806884766e-01
2.842681705951690674e-01,-2.165008932352066040e-01,2.672836780548095703e-01
-2.300720214843750000e-01,3.657350689172744751e-02,-7.106158137321472168e-01
-3.622927665710449219e-01,3.444314375519752502e-02,-2.229150384664535522e-01
5.986541509628295898e-02,-2.577489241957664490e-02,-9.004040956497192383e-01
-1.558961421251296997e-01,1.185319870710372925e-01,6.632173061370849609e-01
-1.273100078105926514e-01,2.446115016937255859e-01,4.468994140625000000e-01
-1.379151642322540283e-01,-5.674386024475097656e-02,-7.958752512931823730e-01
9.530395269393920898e-02,7.721238583326339722e-02,-9.037899971008300781e-01
2.034301757812500000e-01,-2.109467685222625732e-01,3.245792388916015625e-01
