-2.567832946777343750e+00,-1.197491064667701721e-01,1.046759009361267090e+00
2.730371475219726562e+00,2.343214303255081177e-01,3.731005787849426270e-01
3.564412593841552734e-01,-1.154932022094726562e+00,2.371951818466186523e+00
7.163215428590774536e-02,1.107860565185546875e+00,6.540091037750244141e-01
1.168002009391784668e+00,-1.461419343948364258e+00,8.221626281738281250e-03
-1.596976637840270996e+00,1.479298591613769531e+00,2.322868585586547852e+00
2.350835800170898438e+00,-1.243116021156311035e+00,1.802689909934997559e+00
-7.702001929283142090e-01,-8.426668643951416016e-01,4.381933212280273438e-01
9.617965221405029297e-01,7.325109839439392090e-01,2.445804595947265625e+00
-1.838872909545898438e+00,1.678962707519531250e+00,4.371392726898193359e-01
-1.334791421890258789e+00,-4.914751946926116943e-01,2.384087085723876953e+00
2.419672966003417969e+00,4.891719818115234375e-01,1.855964183807373047e+00
1.206292390823364258e+00,1.682856529951095581e-01,4.445381164550781250e-01
-3.889261484146118164e-01,4.882592260837554932e-01,2.433793067932128906e+00
-1.120473265647888184e+00,5.056147575378417969e-01,4.529018402099609375e-01
3.554126322269439697e-01,-1.180455207824707031e+00,1.044089674949645996e+00
2.350836753845214844e+00,-1.243115782737731934e+00,4.836782813072204590e-01
1.430974245071411133e+00,-5.022549033164978027e-01,2.217022418975830078e+00
-2.400937557220458984e+00,6.134603023529052734e-01,2.042786121368408203e+00
-7.705610394477844238e-01,1.326551437377929688e+00,1.423696279525756836e+00
9.627866744995117188e-01,8.397073745727539062e-01,1.297089338302612305e+00
-1.852422714233398438e+00,-6.577410697937011719e-01,3.285311758518218994e-01
1.588464379310607910e-01,-1.679358780384063721e-01,4.197187423706054688e-01
-5.096986889839172363e-01,-9.703636169433593750e-01,1.685280084609985352e+00
-7.540594935417175293e-01,1.512294769287109375e+00,5.901672318577766418e-02
1.483567118644714355e+00,-1.313747406005859375e+00,1.141505122184753418e+00
-2.437029838562011719e+00,-4.445276260375976562e-01,2.293942451477050781e+00
-2.176110267639160156e+00,1.401237249374389648e+00,1.390163421630859375e+00
-1.745342493057250977e+00,-6.876897811889648438e-01,1.441469788551330566e+00
2.546683311462402344e+00,-4.809812903404235840e-01,1.136326909065246582e+00
-1.500506401062011719e+00,4.884404540061950684e-01,2.431037902832031250e+00
-2.366516113281250000e+00,8.645355105400085449e-01,5.650070309638977051e-01
1.919870972633361816e+00,5.958671569824218750e-01,1.027623534202575684e+00
1.902037501335144043e+00,6.832189559936523438e-01,6.585815548896789551e-02
7.187835872173309326e-02,1.077132225036621094e+00,1.765290498733520508e+00
5.347425937652587891e-01,-2.434516996145248413e-01,2.447283267974853516e+00
-3.890468180179595947e-01,-4.884174764156341553e-01,2.431659221649169922e+00
1.787171602249145508e+00,-5.018692612648010254e-01,3.756198883056640625e-01
-7.755656838417053223e-01,1.270226478576660156e+00,2.348348379135131836e+00
9.316785931587219238e-01,-1.135662078857421875e+00,1.763314008712768555e+00
-1.941865682601928711e+00,1.678834110498428345e-01,4.195728302001953125e-01
8.589375019073486328e-01,-8.438203930854797363e-01,4.525251388549804688e-01
2.546680927276611328e+00,-4.809812009334564209e-01,2.001264333724975586e+00
1.632621526718139648e+00,4.410572052001953125e-01,2.030370235443115234e+00
-1.290499687194824219e+00,1.227753400802612305e+00,8.404359817504882812e-01
1.756934165954589844e+00,-1.716765522956848145e+00,1.807701587677001953e+00
8.553625345230102539e-01,8.403086662292480469e-01,4.090251922607421875e-01
-3.040020763874053955e-01,5.047705173492431641e-01,4.352607727050781250e-01
2.546681880950927734e+00,-4.809810519218444824e-01,3.831249773502349854e-01
-1.111015558242797852e+00,-8.499383926391601562e-01,1.090288400650024414e+00
-2.400752067565917969e+00,6.134756207466125488e-01,1.246520400047302246e+00
2.589627742767333984e+00,2.388581484556198120e-01,1.128019690513610840e+00
-2.549949407577514648e+00,-5.042197108268737793e-01,4.242162704467773438e-01
-2.417959213256835938e+00,-5.193042755126953125e-01,1.599715352058410645e+00
-7.241470366716384888e-02,-8.412955403327941895e-01,4.211425781250000000e-01
-5.354357957839965820e-01,-1.681570708751678467e-01,4.366912841796875000e-01
2.861861884593963623e-01,9.830477833747863770e-01,2.415018081665039062e+00
-1.236520171165466309e+00,-1.684076637029647827e-01,4.521083831787109375e-01
2.043895483016967773e+00,1.688968986272811890e-01,4.825572967529296875e-01
-1.709049701690673828e+00,8.411076068878173828e-01,4.189357757568359375e-01
1.572343826293945312e+00,-1.185092449188232422e+00,4.638471603393554688e-01
-1.300135612487792969e+00,-9.853090643882751465e-01,6.063995137810707092e-02
-1.948356389999389648e+00,2.326965386600932106e-06,2.392441749572753906e+00
-8.953997492790222168e-01,1.659393319641822018e-06,2.430533409118652344e+00
-4.847016036510467529e-01,1.413167953491210938e+00,8.245266675949096680e-01
1.827750325202941895e+00,-1.022717833518981934e+00,2.108933448791503906e+00
-1.585154056549072266e+00,1.542376518249511719e+00,1.603452682495117188e+00
-2.167261123657226562e+00,1.402822494506835938e+00,2.037935495376586914e+00
2.090527057647705078e+00,1.907348632812500000e-06,2.110747337341308594e+00
-1.114947557449340820e+00,-8.175535202026367188e-01,1.829928755760192871e+00
-2.516557216644287109e+00,1.205745637416839600e-01,1.653817653656005859e+00
9.034799933433532715e-01,-1.403972625732421875e+00,8.286367654800415039e-01
6.601998805999755859e-01,9.095621109008789062e-01,1.908309698104858398e+00
2.350836753845214844e+00,-1.243115782737731934e+00,1.179032683372497559e+00
-5.088253021240234375e-01,-9.857921600341796875e-01,1.067966461181640625e+00
-2.210969448089599609e+00,-6.287961602210998535e-01,9.243432283401489258e-01
1.078247904777526855e+00,1.869201582849200349e-06,2.186708927154541016e+00
3.324499130249023438e-01,-1.170208215713500977e+00,1.700157880783081055e+00
3.623410761356353760e-01,1.008622169494628906e+00,1.165682315826416016e+00
-5.280784517526626587e-02,1.821517912503622938e-06,2.446629047393798828e+00
-2.171424627304077148e-01,-1.016221046447753906e+00,2.195660114288330078e+00
-1.328402519226074219e+00,1.266240835189819336e+00,2.549929618835449219e-01
4.174789190292358398e-01,3.597154617309570312e-01,4.167135655879974365e-01
-2.522146701812744141e+00,1.204846575856208801e-01,4.667831361293792725e-01
1.578570246696472168e+00,7.575292587280273438e-01,5.852127075195312500e-01
7.364456057548522949e-01,-1.676637232303619385e-01,4.056005477905273438e-01
-1.966617226600646973e+00,9.869643449783325195e-01,2.384792804718017578e+00
1.451473236083984375e+00,5.516514778137207031e-01,1.400592565536499023e+00
3.919152617454528809e-01,-1.178725838661193848e+00,4.076719284057617188e-01
-1.841883778572082520e+00,1.665338516235351562e+00,1.009674072265625000e+00
-6.109094619750976562e-01,1.063367366790771484e+00,3.797768950462341309e-01
2.670279502868652344e+00,3.509521320665953681e-06,1.705036640167236328e+00
-8.118619918823242188e-01,-8.617181777954101562e-01,2.349593639373779297e+00
-9.878489971160888672e-01,7.360039353370666504e-01,2.409780502319335938e+00
7.355995178222656250e-01,-7.627786993980407715e-01,2.133729457855224609e+00
-2.133578956127166748e-01,1.172755241394042969e+00,1.243445754051208496e+00
-1.753213047981262207e+00,-6.456975936889648438e-01,1.992645263671875000e+00
1.987159729003906250e+00,-1.648840904235839844e+00,4.403466582298278809e-01
-2.144538015127182007e-01,1.127446174621582031e+00,2.272984504699707031e+00
1.958478927612304688e+00,4.067535400390625000e-01,1.600850462913513184e+00
-1.513542771339416504e+00,-5.192629098892211914e-01,7.351398468017578125e-01
4.514216482639312744e-01,4.874846637248992920e-01,2.445964336395263672e+00
-2.211452960968017578e+00,1.394908070564270020e+00,6.701681613922119141e-01
1.391825556755065918e+00,4.872769713401794434e-01,7.397174835205078125e-02
1.273694396018981934e+00,-1.018983244895935059e+00,2.137758731842041016e+00
1.987718105316162109e+00,-5.056380629539489746e-01,2.164611339569091797e+00
-1.047991037368774414e+00,1.369009017944335938e+00,1.921181082725524902e+00
-1.023087978363037109e+00,1.574101448059082031e+00,5.297561287879943848e-01
1.490467190742492676e+00,-1.273347854614257812e+00,1.751415371894836426e+00
-4.950912296772003174e-01,1.229073524475097656e+00,1.839322924613952637e+00
-1.430233836174011230e+00,9.865050911903381348e-01,2.388352870941162109e+00
-2.036329507827758789e+00,4.894041717052459717e-01,2.416104793548583984e+00
-2.299972295761108398e+00,9.819097518920898438e-01,1.627744555473327637e+00
-1.413393497467041016e+00,1.945495569088961929e-06,2.415173053741455078e+00
2.482974529266357422e+00,-7.289031147956848145e-01,1.581246495246887207e+00
1.156588345766067505e-01,-7.325264811515808105e-01,2.445741653442382812e+00
-1.267075538635253906e+00,-9.890531897544860840e-01,6.463842391967773438e-01
1.205733656883239746e+00,-5.044438838958740234e-01,4.287691116333007812e-01
9.283382296562194824e-01,-1.167466163635253906e+00,1.250679254531860352e+00
2.005586147308349609e+00,-1.565103173255920410e+00,1.424759626388549805e+00
-1.710672259330749512e+00,-8.726673126220703125e-01,9.942353367805480957e-01
2.147724866867065430e+00,-8.369681835174560547e-01,3.676605224609375000e-01
-1.023254394531250000e+00,1.572740554809570312e+00,1.004161953926086426e+00
1.615801095962524414e+00,1.983642505365423858e-06,2.174763202667236328e+00
3.911703526973724365e-01,8.412243723869323730e-01,4.203796386718750000e-01
1.444521784782409668e+00,-1.542367935180664062e+00,7.267149090766906738e-01
2.036684274673461914e+00,-1.440711021423339844e+00,8.434863090515136719e-01
1.179828405380249023e+00,5.088637471199035645e-01,2.114507675170898438e+00
7.805261611938476562e-01,8.939836025238037109e-01,8.880126476287841797e-01
8.143566846847534180e-01,-1.213088035583496094e+00,2.024710029363632202e-01
-1.962065100669860840e+00,-4.933650493621826172e-01,2.354804039001464844e+00
1.666369318962097168e+00,2.434673309326171875e-01,9.488990306854248047e-01
8.791399002075195312e-01,2.939920425415039062e-01,2.445195913314819336e+00
1.241517901420593262e+00,-9.907045364379882812e-01,9.736977815628051758e-01
1.280315518379211426e+00,7.091636657714843750e-01,8.991256356239318848e-01
-2.250956535339355469e+00,1.131526947021484375e+00,1.014451146125793457e+00
-2.454646110534667969e+00,3.649670183658599854e-01,8.935654759407043457e-01
2.388423919677734375e+00,5.023603439331054688e-01,3.857936859130859375e-01
2.417758464813232422e+00,-9.826940894126892090e-01,8.185851573944091797e-01
2.609062671661376953e+00,-2.382317334413528442e-01,7.917236089706420898e-01
-8.078665137290954590e-01,-9.066858291625976562e-01,1.388930439949035645e+00
-2.161417901515960693e-01,-1.057587623596191406e+00,7.576229572296142578e-01
7.159908115863800049e-02,-1.112058639526367188e+00,1.352279782295227051e+00
3.146766498684883118e-02,4.876089096069335938e-01,2.444134712219238281e+00
2.299659490585327148e+00,3.355407714843750000e-01,8.414115905761718750e-01
-4.715366959571838379e-01,1.897811898743384518e-06,2.445880889892578125e+00
-2.561758995056152344e+00,-1.198464184999465942e-01,1.993328690528869629e+00
-1.954572081565856934e+00,1.180408716201782227e+00,4.224824905395507812e-01
2.261120796203613281e+00,-1.670464724302291870e-01,3.676605224609375000e-01
-2.184887886047363281e+00,5.041681528091430664e-01,4.230871200561523438e-01
-2.182221889495849609e+00,-1.679099202156066895e-01,4.212160110473632812e-01
-1.472732067108154297e+00,1.684794574975967407e-01,4.565868377685546875e-01
-8.851041793823242188e-01,1.683535873889923096e-01,4.484319686889648438e-01
-1.710232853889465332e+00,-1.685140579938888550e-01,4.586811065673828125e-01
-1.002799630165100098e+00,-5.053583979606628418e-01,4.476633071899414062e-01
1.437520384788513184e+00,-1.678172647953033447e-01,4.154729843139648438e-01
-3.038176000118255615e-01,-5.044636130332946777e-01,4.289159774780273438e-01
-7.226562500000000000e-02,1.680869013071060181e-01,4.274806976318359375e-01
3.900460600852966309e-01,-5.036303400993347168e-01,4.119577407836914062e-01
2.303712368011474609e+00,3.185100555419921875e-01,1.401446819305419922e+00
-1.313456416130065918e+00,1.485359191894531250e+00,1.310763478279113770e+00
-9.925107359886169434e-01,1.171657562255859375e+00,4.507777392864227295e-01
-4.830658733844757080e-01,1.442139625549316406e+00,3.445034623146057129e-01
1.176642179489135742e+00,-1.461486816406250000e+00,4.421356022357940674e-01
2.486370563507080078e+00,2.098083541568485089e-06,2.056776523590087891e+00
-1.575144767761230469e+00,1.595780372619628906e+00,7.242123484611511230e-01
1.393771886825561523e+00,-1.136599898338317871e+00,3.570079803466796875e-02
-7.831639647483825684e-01,1.184700012207031250e+00,9.475295543670654297e-01
1.303584218025207520e+00,8.277482986450195312e-01,2.534570693969726562e-01
-8.546810746192932129e-01,1.135596156120300293e+00,2.678489685058593750e-02
2.296243667602539062e+00,-7.672593593597412109e-01,2.087412834167480469e+00
-2.080961227416992188e+00,-5.834817886352539062e-01,1.797029852867126465e+00
-1.858200311660766602e+00,1.591499328613281250e+00,1.902839660644531250e+00
-9.005110263824462891e-01,-4.902594685554504395e-01,2.402995586395263672e+00
8.546033501625061035e-02,6.086425781250000000e-01,4.263943433761596680e-01
1.763613581657409668e+00,3.259115219116210938e-01,7.255218178033828735e-02
-2.194640159606933594e+00,-6.301141977310180664e-01,4.887483119964599609e-01
2.659408092498779297e+00,2.324924468994140625e-01,7.445193529129028320e-01
1.671375989913940430e+00,1.675994843244552612e-01,4.019603729248046875e-01
7.172691076993942261e-02,-1.096133232116699219e+00,1.967535376548767090e+00
1.439782023429870605e+00,-8.395312428474426270e-01,3.994712829589843750e-01
-1.649016261100769043e+00,-8.115620017051696777e-01,5.294990539550781250e-02
-1.426397800445556641e+00,-7.531852722167968750e-01,1.636387586593627930e+00
5.370228290557861328e-01,-7.324527502059936523e-01,2.446495056152343750e+00
1.165319204330444336e+00,-1.087282180786132812e+00,3.243829309940338135e-01
9.907499551773071289e-01,-5.034771561622619629e-01,2.198173999786376953e+00
1.550313711166381836e+00,-1.500264525413513184e+00,2.742538452148437500e-01
6.592090725898742676e-01,9.231986999511718750e-01,1.487967491149902344e+00
9.631605148315429688e-01,8.361587524414062500e-01,1.717015147209167480e+00
1.332674264907836914e+00,3.292169570922851562e-01,8.268334865570068359e-01
1.300607681274414062e+00,5.619010925292968750e-01,1.775335669517517090e+00
-1.997834563255310059e+00,1.498742938041687012e+00,2.344557285308837891e+00
6.476441621780395508e-01,-1.082421302795410156e+00,1.461865663528442383e+00
-1.683574914932250977e+00,-2.454573363065719604e-01,2.384896278381347656e+00
-2.127216160297393799e-01,1.199119567871093750e+00,4.515869021415710449e-01
-1.710401892662048340e+00,-8.741130828857421875e-01,5.795004367828369141e-01
-8.061997890472412109e-01,-9.254541397094726562e-01,8.733993172645568848e-01
-1.176354169845581055e+00,1.240290641784667969e+00,2.368242740631103516e+00
-2.405755996704101562e+00,6.130714416503906250e-01,1.683545470237731934e+00
-1.240811586380004883e+00,8.440758585929870605e-01,4.557781219482421875e-01
6.612102389335632324e-01,8.956356048583984375e-01,2.337830066680908203e+00
-5.640773177146911621e-01,9.857775568962097168e-01,2.394000530242919922e+00
-1.183392524719238281e+00,1.579030275344848633e+00,1.613067537546157837e-01
9.734313488006591797e-01,5.052896738052368164e-01,4.461860656738281250e-01
-1.593205690383911133e+00,5.059272050857543945e-01,4.594631195068359375e-01
-1.885336190462112427e-01,8.423694968223571777e-01,4.345579147338867188e-01
-2.097517490386962891e+00,1.679727435111999512e+00,1.598295450210571289e+00
6.464685201644897461e-01,-1.098611831665039062e+00,8.556197881698608398e-01
1.972238540649414062e+00,3.393554687500000000e-01,2.064404010772705078e+00
1.914393305778503418e+00,-1.174199700355529785e+00,3.676605224609375000e-01
5.065856575965881348e-01,-8.401443362236022949e-01,4.069957733154296875e-01
1.903436899185180664e+00,-1.671303659677505493e-01,3.728523254394531250e-01
-2.623846530914306641e+00,-3.567837774753570557e-01,7.906530499458312988e-01
-1.150976777076721191e+00,2.437187284231185913e-01,2.438897132873535156e+00
-2.130232900381088257e-01,1.186595916748046875e+00,8.451840281486511230e-01
-7.693495154380798340e-01,5.053916573524475098e-01,4.480285644531250000e-01
8.554723858833312988e-01,1.682588905096054077e-01,4.426622390747070312e-01
1.208202362060546875e+00,-1.232472419738769531e+00,1.547923564910888672e+00
1.089426875114440918e+00,-1.683305650949478149e-01,4.473180770874023438e-01
1.903610229492187500e+00,6.755199432373046875e-01,4.881797730922698975e-01
2.059698104858398438e+00,-1.343995094299316406e+00,1.966104388236999512e+00
-6.522272825241088867e-01,-5.048744082450866699e-01,4.374313354492187500e-01
-2.071495532989501953e+00,-6.263217926025390625e-01,1.243556737899780273e+00
-4.205573797225952148e-01,-8.419830799102783203e-01,4.296493530273437500e-01
2.609061241149902344e+00,-2.382324934005737305e-01,1.377958178520202637e+00
-4.195388555526733398e-01,1.681635230779647827e-01,4.359703063964843750e-01
4.335784912109375000e-02,-5.040795207023620605e-01,4.204311370849609375e-01
-1.878118813037872314e-01,-1.680046617984771729e-01,4.281930923461914062e-01
-2.623678684234619141e+00,-3.567909300327301025e-01,1.291619658470153809e+00
-2.426456212997436523e+00,-4.859867095947265625e-01,1.942430496215820312e+00
-8.880642652511596680e-01,8.437007069587707520e-01,4.508819580078125000e-01
-2.512490272521972656e+00,1.206402182579040527e-01,1.309728980064392090e+00
7.150588929653167725e-02,-1.123558998107910156e+00,5.540317893028259277e-01
-1.322388887405395508e+00,1.427444458007812500e+00,2.119318246841430664e+00
-1.423064827919006348e+00,-7.747945785522460938e-01,1.209161639213562012e+00
-1.431312203407287598e+00,-7.213220596313476562e-01,2.074542284011840820e+00
7.402870059013366699e-01,-5.054369568824768066e-01,4.491748809814453125e-01
1.624056339263916016e+00,4.912109375000000000e-01,1.687161684036254883e+00
-1.088020205497741699e+00,-1.039320945739746094e+00,3.627908229827880859e-01
-7.275962829589843750e-01,4.887434244155883789e-01,2.426340579986572266e+00
-8.850024342536926270e-01,-1.683342754840850830e-01,4.472312927246093750e-01
2.381779432296752930e+00,1.670462340116500854e-01,3.676605224609375000e-01
1.989876925945281982e-01,-2.435159981250762939e-01,2.446683406829833984e+00
1.762940645217895508e+00,-1.364562034606933594e+00,1.541482329368591309e+00
2.143268346786499023e+00,-5.014856457710266113e-01,3.676605224609375000e-01
1.789495229721069336e+00,-8.369569182395935059e-01,3.675279617309570312e-01
1.577200889587402344e+00,7.655458450317382812e-01,6.488341838121414185e-02
-1.369237661361694336e+00,1.527256011962890625e+00,4.590864181518554688e-01
-2.097956657409667969e+00,1.679634094238281250e+00,1.229097247123718262e+00
-2.068683385848999023e+00,8.414181470870971680e-01,4.227705001831054688e-01
1.758529782295227051e+00,-1.386166572570800781e+00,6.465865969657897949e-01
-1.059118270874023438e+00,-7.136724591255187988e-01,1.995803862810134888e-01
-1.655013442039489746e+00,-4.890470504760742188e-01,1.104660034179687500e-01
-1.117379546165466309e+00,-7.975234985351562500e-01,2.156398773193359375e+00
-2.466195344924926758e+00,5.122027993202209473e-01,5.893764495849609375e-01
-8.103528618812561035e-01,-8.786735534667968750e-01,2.023461818695068359e+00
-2.115873098373413086e+00,1.703757286071777344e+00,6.296929717063903809e-01
3.634414970874786377e-01,9.813375473022460938e-01,2.099620103836059570e+00
-1.595260143280029297e+00,1.179973721504211426e+00,4.186496734619140625e-01
1.623995900154113770e+00,-7.590814232826232910e-01,2.171765327453613281e+00
-2.164922654628753662e-01,-1.043189048767089844e+00,1.566995382308959961e+00
7.171632349491119385e-02,1.097275733947753906e+00,1.053116440773010254e+00
2.624990463256835938e+00,-1.670461297035217285e-01,3.676605224609375000e-01
1.600615501403808594e+00,6.284627914428710938e-01,1.124589562416076660e+00
3.619438409805297852e-01,1.018484115600585938e+00,7.613310217857360840e-01
9.642632007598876953e-01,8.256473541259765625e-01,2.038406372070312500e+00
-1.112981200218200684e+00,-8.337402343750000000e-01,1.509692549705505371e+00
-2.135978639125823975e-01,1.162926673889160156e+00,1.647199630737304688e+00
9.354351758956909180e-01,-1.099939346313476562e+00,2.081732511520385742e+00
3.624959588050842285e-01,1.004786491394042969e+00,1.574530959129333496e+00
2.281701803207397461e+00,-2.544862031936645508e-01,2.104752540588378906e+00
6.503715515136718750e-01,-1.044867515563964844e+00,1.879905462265014648e+00
2.482975006103515625e+00,-7.289028763771057129e-01,6.396607756614685059e-01
-1.774358749389648438e+00,7.361819148063659668e-01,2.407917022705078125e+00
1.497499346733093262e+00,-1.232185363769531250e+00,2.069100141525268555e+00
1.266948103904724121e+00,8.061685562133789062e-01,5.792463421821594238e-01
-2.375612497329711914e+00,6.853303909301757812e-01,2.348717451095581055e+00
-5.111312270164489746e-01,-9.449853897094726562e-01,2.109727382659912109e+00
-1.298447370529174805e+00,-5.303376913070678711e-01,9.640245437622070312e-01
-2.163779735565185547e-01,-1.047902107238769531e+00,1.159987449645996094e+00
-4.934473335742950439e-01,1.258224487304687500e+00,1.134206175804138184e+00
1.192429661750793457e+00,-1.346922874450683594e+00,1.033224940299987793e+00
2.666182994842529297e+00,2.076072692871093750e-01,1.429198145866394043e+00
-4.961279332637786865e-01,1.210726737976074219e+00,2.150913953781127930e+00
1.526245594024658203e+00,-1.063871383666992188e+00,8.691084384918212891e-01
2.417757511138916016e+00,-9.826960563659667969e-01,1.337218165397644043e+00
-1.586158156394958496e+00,-5.036891698837280273e-01,4.131927490234375000e-01
-2.140405476093292236e-01,1.144502639770507812e+00,1.957354903221130371e+00
-2.408514022827148438e+00,-5.563383102416992188e-01,1.152826189994812012e+00
1.796782970428466797e+00,-2.520018815994262695e-01,2.181841373443603516e+00
1.350868701934814453e+00,2.529534101486206055e-01,2.152308464050292969e+00
-2.168411761522293091e-01,-1.028680801391601562e+00,1.878903865814208984e+00
-2.381115436553955078e+00,6.637649536132812500e-01,9.237121343612670898e-01
-1.395967841148376465e+00,-9.504489898681640625e-01,3.680199980735778809e-01
6.592123508453369141e-01,9.231538772583007812e-01,1.178905129432678223e+00
-2.248960018157958984e+00,1.131819248199462891e+00,1.913906455039978027e+00
7.205800712108612061e-02,1.055053710937500000e+00,2.185601711273193359e+00
-8.086307048797607422e-01,-8.980894088745117188e-01,1.702749252319335938e+00
7.875061035156250000e-01,1.811981178434507456e-06,2.447339534759521484e+00
9.079843759536743164e-01,2.533054947853088379e-01,2.141388893127441406e+00
7.181836664676666260e-02,1.084687232971191406e+00,1.457702636718750000e+00
2.438995361328125000e+00,2.437133044004440308e-01,1.671608805656433105e+00
8.145867586135864258e-01,-2.516939938068389893e-01,2.191460132598876953e+00
-1.764680862426757812e+00,2.443956285715103149e-01,2.417865753173828125e+00
-7.736236453056335449e-01,1.292059898376464844e+00,2.033616065979003906e+00
-1.045219540596008301e+00,1.391839981079101562e+00,1.615844130516052246e+00
-5.094881057739257812e-01,-9.740915298461914062e-01,1.375412464141845703e+00
1.249106526374816895e+00,-2.504782080650329590e-01,2.229147434234619141e+00
-1.849203348159790039e+00,1.632213592529296875e+00,1.401144623756408691e+00
7.180725038051605225e-02,-1.086146354675292969e+00,2.282971858978271484e+00
-1.155653595924377441e+00,-2.447091192007064819e-01,2.408173561096191406e+00
3.560442328453063965e-01,-1.164826393127441406e+00,2.056902885437011719e+00
-4.942941963672637939e-01,1.243207931518554688e+00,1.533992409706115723e+00
2.276552677154541016e+00,2.489494681358337402e-01,1.979053854942321777e+00
7.153981924057006836e-02,-1.119369506835937500e+00,9.508376717567443848e-01
-1.798967361450195312e+00,1.240548014640808105e+00,2.366646289825439453e+00
1.213263988494873047e+00,-1.195742607116699219e+00,1.860798478126525879e+00
-7.544313073158264160e-01,1.508090019226074219e+00,7.220779061317443848e-01
-1.318637967109680176e+00,1.451760292053222656e+00,1.810942649841308594e+00
1.772249460220336914e+00,-1.318962097167968750e+00,1.855067610740661621e+00
1.052661061286926270e+00,-1.136177182197570801e+00,3.192138671875000000e-02
-7.719045877456665039e-01,1.311435699462890625e+00,1.725650787353515625e+00
6.469473838806152344e-01,-1.092013359069824219e+00,1.156973600387573242e+00
1.760149836540222168e+00,-1.378227233886718750e+00,1.040884852409362793e+00
-1.289873361587524414e+00,1.638233184814453125e+00,8.111205697059631348e-01
1.485696792602539062e+00,-1.301289558410644531e+00,1.442836165428161621e+00
2.482975006103515625e+00,-7.289025783538818359e-01,9.783175587654113770e-01
-2.457193374633789062e+00,3.648438155651092529e-01,1.845099091529846191e+00
-1.371085643768310547e-01,7.347905039787292480e-01,2.422367095947265625e+00
-5.083594322204589844e-01,-9.940986633300781250e-01,7.639932036399841309e-01
-1.591114759445190430e+00,1.510571479797363281e+00,2.009193181991577148e+00
-1.580147385597229004e+00,1.569081306457519531e+00,1.207944035530090332e+00
-6.415226459503173828e-01,-2.440134733915328979e-01,2.429950714111328125e+00
-2.213410884141921997e-01,-7.341873049736022949e-01,2.428562641143798828e+00
-2.460354328155517578e+00,3.646914064884185791e-01,1.493331313133239746e+00
-2.249171495437622070e+00,1.181110382080078125e+00,4.668597280979156494e-01
2.038469791412353516e+00,-1.433209419250488281e+00,1.140720486640930176e+00
-5.242992192506790161e-02,-4.875203669071197510e-01,2.445838928222656250e+00
3.553588092327117920e-01,-1.181776046752929688e+00,7.474891543388366699e-01
2.828084230422973633e-01,2.434924840927124023e-01,2.446389198303222656e+00
3.672546446323394775e-01,-4.874435961246490479e-01,2.446588993072509766e+00
1.954823851585388184e+00,4.246559143066406250e-01,1.265968561172485352e+00
-2.199249267578125000e-01,-2.435016632080078125e-01,2.445935249328613281e+00
-2.199231982231140137e-01,2.434997856616973877e-01,2.445994853973388672e+00
2.080193042755126953e+00,5.110790729522705078e-01,3.189733922481536865e-01
-2.568284034729003906e+00,-1.197415143251419067e-01,1.470425963401794434e+00
-2.547520160675048828e+00,-1.679714173078536987e-01,4.251117706298828125e-01
2.282001495361328125e+00,-1.510987639427185059e+00,5.784094333648681641e-01
2.670280456542968750e+00,3.356933575560105965e-06,9.494869709014892578e-01
-7.661869525909423828e-01,1.451110005378723145e+00,1.071043968200683594e+00
3.554354310035705566e-01,-1.179940223693847656e+00,1.342997431755065918e+00
9.310348033905029297e-01,-1.141787528991699219e+00,9.536305069923400879e-01
9.041159749031066895e-01,-1.397922515869140625e+00,5.398470759391784668e-01
2.114539384841918945e+00,-1.025655508041381836e+00,2.086263656616210938e+00
-2.401848793029785156e+00,-5.824708938598632812e-01,7.148001194000244141e-01
-5.608867406845092773e-01,-7.360455393791198730e-01,2.409502029418945312e+00
-2.622381687164306641e+00,-3.568535447120666504e-01,1.718185067176818848e+00
6.397688388824462891e-01,-1.190855026245117188e+00,5.512617230415344238e-01
2.337816715240478516e+00,5.437438488006591797e-01,1.574031829833984375e+00
-2.328379154205322266e+00,8.688542842864990234e-01,1.350336909294128418e+00
-1.121087074279785156e+00,1.296511769294738770e+00,6.214690953493118286e-02
-7.549355030059814453e-01,1.502439498901367188e+00,4.376125931739807129e-01
2.417757034301757812e+00,-9.826942086219787598e-01,3.921960294246673584e-01
-2.338402271270751953e+00,8.312311172485351562e-01,1.871943593025207520e+00
-1.397294163703918457e+00,-9.418478012084960938e-01,9.812840223312377930e-01
9.627411365509033203e-01,8.401489257812500000e-01,6.773881316184997559e-01
2.417756557464599609e+00,-9.826962351799011230e-01,1.689447641372680664e+00
-2.175199985504150391e+00,1.401400685310363770e+00,1.756543517112731934e+00
-1.043397784233093262e+00,1.406835556030273438e+00,1.316989660263061523e+00
1.174049019813537598e+00,-7.589063644409179688e-01,2.173586368560791016e+00
-2.175838947296142578e+00,1.401286721229553223e+00,1.029663205146789551e+00
2.046343564987182617e+00,-1.400118827819824219e+00,1.647262811660766602e+00
1.175658106803894043e+00,-1.468635559082031250e+00,7.294155955314636230e-01
-1.839909672737121582e+00,1.674262046813964844e+00,7.221847176551818848e-01
-2.084242582321166992e+00,1.522246956825256348e+00,4.248027801513671875e-01
-2.252333164215087891e+00,1.131325960159301758e+00,1.369429945945739746e+00
-1.091772079467773438e+00,-1.008422851562500000e+00,8.683499097824096680e-01
2.609060287475585938e+00,-2.382319271564483643e-01,1.893852472305297852e+00
7.161050289869308472e-02,-1.110600471496582031e+00,1.656524300575256348e+00
1.906344294548034668e+00,-7.621796727180480957e-01,2.139780044555664062e+00
2.546682834625244141e+00,-4.809813499450683594e-01,1.477575659751892090e+00
-1.333501458168029785e+00,7.358624339103698730e-01,2.411247730255126953e+00
2.350837707519531250e+00,-1.243115186691284180e+00,1.533106446266174316e+00
6.584725975990295410e-01,9.333400726318359375e-01,5.673766732215881348e-01
2.350837707519531250e+00,-1.243115663528442383e+00,8.297039866447448730e-01
-2.073082923889160156e+00,1.241081237792968750e+00,2.363354206085205078e+00
1.703164935111999512e+00,-5.029749274253845215e-01,2.205895423889160156e+00
2.417756080627441406e+00,-9.826943278312683105e-01,1.958104848861694336e+00
1.756934165954589844e+00,-1.716765403747558594e+00,1.539136767387390137e+00
-2.103485107421875000e+00,1.678458929061889648e+00,9.549276232719421387e-01
-1.080450296401977539e+00,9.861295819282531738e-01,2.391255855560302734e+00
-2.159997820854187012e-01,-1.063494682312011719e+00,4.585459828376770020e-01
-2.510963439941406250e+00,1.206647828221321106e-01,8.019195199012756348e-01
2.195289611816406250e+00,5.036517977714538574e-01,6.624157428741455078e-01
1.518427133560180664e+00,-2.509165406227111816e-01,2.215534210205078125e+00
6.190258860588073730e-01,2.434727847576141357e-01,2.446652412414550781e+00
2.482973098754882812e+00,-7.289026975631713867e-01,1.845260143280029297e+00
2.002007961273193359e-01,7.339840531349182129e-01,2.430685520172119141e+00
2.670280456542968750e+00,3.433227448113029823e-06,6.208103895187377930e-01
-2.249784946441650391e+00,1.131698846817016602e+00,7.508892416954040527e-01
-1.695991635322570801e+00,9.865012168884277344e-01,2.388396263122558594e+00
-1.345934867858886719e+00,1.100178837776184082e+00,4.581524431705474854e-01
-1.761465072631835938e+00,-6.650837659835815430e-01,1.730542302131652832e+00
-4.756983220577239990e-01,7.355990409851074219e-01,2.414017677307128906e+00
-2.326179981231689453e+00,8.691035509109497070e-01,1.087562441825866699e+00
2.546683311462402344e+00,-4.809812009334564209e-01,7.160325646400451660e-01
-2.045524597167968750e+00,-2.459373772144317627e-01,2.369961261749267578e+00
-1.252941131591796875e+00,-7.396115064620971680e-01,2.372590541839599609e+00
-6.402384638786315918e-01,2.435251623392105103e-01,2.445102691650390625e+00
-1.600477457046508789e+00,-4.922707676887512207e-01,2.371773719787597656e+00
2.482975006103515625e+00,-7.289025783538818359e-01,1.320886850357055664e+00
-1.240386366844177246e+00,4.885509014129638672e-01,2.429304599761962891e+00
2.546681880950927734e+00,-4.809813499450683594e-01,1.737394571304321289e+00
1.200981140136718750e+00,5.417892336845397949e-01,3.262954652309417725e-01
7.312036156654357910e-01,-5.059184432029724121e-01,2.160391807556152344e+00
2.417757511138916016e+00,-9.826966524124145508e-01,1.076687932014465332e+00
-2.087718248367309570e+00,-5.529127120971679688e-01,2.137871026992797852e+00
4.504561126232147217e-01,1.792907710296276491e-06,2.447075843811035156e+00
-8.213276267051696777e-01,9.859864115715026855e-01,2.392351627349853516e+00
-2.509557247161865234e+00,1.206871792674064636e-01,1.918601632118225098e+00
2.609061241149902344e+00,-2.382319569587707520e-01,1.634009957313537598e+00
1.343766093254089355e+00,1.831054646572738420e-06,2.189574718475341797e+00
-2.455790996551513672e+00,3.649117052555084229e-01,1.149138569831848145e+00
-1.441089749336242676e+00,1.240555405616760254e+00,2.366587638854980469e+00
2.284584283828735352e+00,-5.093504190444946289e-01,2.107085704803466797e+00
2.670280456542968750e+00,3.433227448113029823e-06,1.281960844993591309e+00
-5.302986130118370056e-02,9.841405153274536133e-01,2.406632423400878906e+00
-2.583796501159667969e+00,-1.194913461804389954e-01,7.110806107521057129e-01
7.045379281044006348e-01,4.874644875526428223e-01,2.446162700653076172e+00
6.199455261230468750e-01,-4.874156415462493896e-01,2.447040557861328125e+00
2.482973575592041016e+00,-7.289025187492370605e-01,3.874062895774841309e-01
-2.065399169921875000e+00,-6.539096832275390625e-01,7.039591670036315918e-01
-1.071688652038574219e+00,1.173840522766113281e+00,9.519157409667968750e-01
2.609061241149902344e+00,-2.382319271564483643e-01,1.125061631202697754e+00
6.217001080513000488e-01,5.036827921867370605e-01,4.126234054565429688e-01
1.295464038848876953e+00,5.992250442504882812e-01,1.122504115104675293e+00
-1.839342117309570312e+00,3.947291374206542969e-01,4.191030859947204590e-01
-9.828454256057739258e-01,4.886015951633453369e-01,2.428537368774414062e+00
-2.045495748519897461e+00,7.367778420448303223e-01,2.401758193969726562e+00
-7.310431003570556641e-01,7.359606027603149414e-01,2.410319328308105469e+00
-2.512127876281738281e+00,1.206455603241920471e-01,1.054604768753051758e+00
5.390033125877380371e-01,-9.790222048759460449e-01,2.446098327636718750e+00
-1.678588390350341797e+00,2.403259259153855965e-06,2.403546333312988281e+00
4.531420767307281494e-01,7.333820462226867676e-01,2.436922550201416016e+00
-1.417291998863220215e+00,-2.450313568115234375e-01,2.398149490356445312e+00
-6.435773968696594238e-01,-4.893348217010498047e-01,2.417394638061523438e+00
-8.976157903671264648e-01,-2.444694638252258301e-01,2.415622711181640625e+00
-2.036750555038452148e+00,2.448824644088745117e-01,2.402689933776855469e+00
-1.410965800285339355e+00,2.439375966787338257e-01,2.432081699371337891e+00
-1.765377879142761230e+00,4.887232184410095215e-01,2.426658630371093750e+00
-1.152722477912902832e+00,1.983642505365423858e-06,2.423574447631835938e+00
3.141666203737258911e-02,2.435309588909149170e-01,2.446192264556884766e+00
-8.942942619323730469e-01,2.435648292303085327e-01,2.443687915802001953e+00
-2.624736309051513672e+00,-3.567396402359008789e-01,1.039824247360229492e+00
1.989522576332092285e-01,1.797676077330834232e-06,2.446878910064697266e+00
-2.568698883056640625e+00,-1.197342276573181152e-01,1.728890776634216309e+00
-1.318592071533203125e+00,3.648315966129302979e-01,4.551510512828826904e-01
-6.363366842269897461e-01,1.147350311279296875e+00,1.305303573608398438e-01
-1.309414625167846680e+00,1.511550903320312500e+00,1.015954613685607910e+00
-5.375987291336059570e-01,8.433045744895935059e-01,4.460182189941406250e-01
-1.376391202211380005e-01,-9.823150634765625000e-01,2.420655250549316406e+00
-2.182415246963500977e+00,1.679247319698333740e-01,4.221382141113281250e-01
4.136471152305603027e-01,-2.645483016967773438e-01,4.128857254981994629e-01
2.743350267410278320e-01,1.678883284330368042e-01,4.190063476562500000e-01
-3.378448486328125000e-01,1.339832782745361328e+00,6.506223678588867188e-01
1.902289271354675293e+00,6.819896697998046875e-01,8.054926991462707520e-01
2.154446601867675781e+00,-1.174201130867004395e+00,3.676605224609375000e-01
1.583546280860900879e+00,-1.476461410522460938e+00,9.150371551513671875e-01
-1.145276427268981934e+00,1.203798055648803711e+00,6.289625167846679688e-01
1.206896543502807617e+00,-1.241942405700683594e+00,1.244995236396789551e+00
6.209341287612915039e-01,1.677466034889221191e-01,4.105319976806640625e-01
-1.602092146873474121e+00,1.521497488021850586e+00,4.196577072143554688e-01
-1.472562432289123535e+00,-1.684602349996566772e-01,4.553833007812500000e-01
-1.710389852523803711e+00,1.685295104980468750e-01,4.596405029296875000e-01
-1.941693782806396484e+00,-1.678684204816818237e-01,4.186506271362304688e-01
-1.477684497833251953e+00,8.443510532379150391e-01,4.590663909912109375e-01
-1.710171222686767578e+00,-8.753480911254882812e-01,2.701223790645599365e-01
-2.323502540588378906e+00,8.694068789482116699e-01,8.271403312683105469e-01
-1.119170308113098145e+00,1.684015691280364990e-01,4.516811370849609375e-01
1.804655432701110840e+00,-1.515606760978698730e+00,3.793373107910156250e-01
1.554188847541809082e+00,-5.029020905494689941e-01,3.969173431396484375e-01
2.692646741867065430e+00,1.104125976562500000e-01,1.909931302070617676e+00
1.670127868652343750e+00,-1.674744188785552979e-01,3.941955566406250000e-01
1.207296729087829590e+00,-8.412514925003051758e-01,4.207057952880859375e-01
1.438596487045288086e+00,1.679429560899734497e-01,4.232711791992187500e-01
2.163926124572753906e+00,-1.514232754707336426e+00,3.699216842651367188e-01
9.737841486930847168e-01,-5.054728388786315918e-01,4.499721527099609375e-01
-6.520959138870239258e-01,1.683170348405838013e-01,4.461879730224609375e-01
-5.364924669265747070e-01,5.052884817123413086e-01,4.463672637939453125e-01
1.965330481529235840e+00,3.731927871704101562e-01,1.830880403518676758e+00
4.347625747323036194e-02,8.419015407562255859e-01,4.288845062255859375e-01
-2.615534782409667969e+00,-3.571854233741760254e-01,1.980973958969116211e+00
1.592318713665008545e-01,-8.408451676368713379e-01,4.154834747314453125e-01
-1.219126701354980469e+00,-4.247289299964904785e-01,4.509553313255310059e-01
1.715768337249755859e+00,2.534804046154022217e-01,2.135951519012451172e+00
2.333286762237548828e+00,-1.295799016952514648e+00,2.026654243469238281e+00
-2.034195423126220703e+00,-7.951135635375976562e-01,4.835714697837829590e-01
2.006906419992446899e-01,-9.798620939254760742e-01,2.439678668975830078e+00
1.845481276512145996e+00,-1.288785815238952637e+00,2.069828033447265625e+00
1.545794963836669922e+00,-1.019105672836303711e+00,2.136811256408691406e+00
1.609271526336669922e+00,4.839457571506500244e-01,5.071640014648437500e-03
2.033456325531005859e+00,-1.454286575317382812e+00,5.482638478279113770e-01
-1.756819367408752441e+00,-6.264486312866210938e-01,2.218437671661376953e+00
8.003937602043151855e-01,-1.020833969116210938e+00,3.215170204639434814e-01
-1.841744422912597656e+00,6.586033701896667480e-01,4.198519885540008545e-01
-1.512271881103515625e+00,-6.852009296417236328e-01,2.281677246093750000e+00
2.302027463912963867e+00,3.255910873413085938e-01,1.176314115524291992e+00
-1.003208875656127930e+00,-8.420258164405822754e-01,4.302406311035156250e-01
1.408739328384399414e+00,-1.474991321563720703e+00,1.012010574340820312e-01
-9.715307354927062988e-01,1.464230179786682129e+00,2.748012542724609375e-02
-2.076679468154907227e+00,-6.028680801391601562e-01,1.573503494262695312e+00
-9.918764233589172363e-01,1.164518356323242188e+00,2.018560767173767090e-01
-2.412861585617065430e+00,-5.392913818359375000e-01,1.374936699867248535e+00
-2.666784763336181641e+00,-3.547060787677764893e-01,5.399646162986755371e-01
-1.950491547584533691e+00,-5.057083964347839355e-01,4.550018310546875000e-01
-9.910295605659484863e-01,-7.383745908737182617e-01,2.385356426239013672e+00
1.297590970993041992e+00,5.838022232055664062e-01,1.554099798202514648e+00
-1.428786635398864746e+00,-7.377014160156250000e-01,1.854057431221008301e+00
-1.742903828620910645e+00,-7.007036209106445312e-01,1.225599646568298340e+00
6.521570682525634766e-01,-1.020277976989746094e+00,2.094360828399658203e+00
-1.414972543716430664e+00,-8.085169196128845215e-01,1.518917083740234375e-02
-5.115213394165039062e-01,-9.380731582641601562e-01,2.324515104293823242e+00
9.036685228347778320e-01,-1.402158737182617188e+00,1.556933522224426270e-01
9.627045989036560059e-01,8.404712677001953125e-01,9.860690236091613770e-01
6.607015132904052734e-01,9.026403427124023438e-01,2.121797800064086914e+00
-1.050674200057983398e+00,1.346917152404785156e+00,2.232389450073242188e+00
-1.424723505973815918e+00,-7.640390396118164062e-01,1.421804785728454590e+00
-3.079992532730102539e-01,9.849539995193481445e-01,2.400330543518066406e+00
3.631129860877990723e-01,9.894676208496093750e-01,1.888097763061523438e+00
-4.968092143535614014e-01,1.198694229125976562e+00,2.362056255340576172e+00
-5.104115009307861328e-01,-9.576921463012695312e-01,1.896232008934020996e+00
1.903182029724121094e+00,6.776103973388671875e-01,2.768478393554687500e-01
-4.225343167781829834e-01,1.183081388473510742e+00,4.459943771362304688e-01
7.198093086481094360e-02,1.064593315124511719e+00,1.974503755569458008e+00
9.294139146804809570e-01,-1.157232284545898438e+00,1.555110692977905273e+00
-1.111994862556457520e+00,-8.418722152709960938e-01,1.299151182174682617e+00
9.627841114997863770e-01,8.397378921508789062e-01,1.505954504013061523e+00
9.650097489356994629e-01,8.185405731201171875e-01,2.255675554275512695e+00
-1.325097203254699707e+00,1.409885406494140625e+00,2.328937530517578125e+00
6.594996452331542969e-01,9.191770553588867188e-01,1.696596026420593262e+00
1.577524542808532715e+00,7.636623382568359375e-01,7.936245799064636230e-01
2.594323873519897461e+00,4.715414047241210938e-01,3.969070315361022949e-01
1.578738570213317871e+00,7.565431594848632812e-01,3.768908679485321045e-01
-1.862950444221496582e+00,1.570003509521484375e+00,2.109408140182495117e+00
-8.071603775024414062e-01,-9.146366119384765625e-01,1.181547522544860840e+00
2.292649030685424805e+00,3.650045394897460938e-01,5.080416798591613770e-01
6.486108303070068359e-01,-1.069095611572265625e+00,1.668586373329162598e+00
2.484971046447753906e+00,-2.557558715343475342e-01,2.065349102020263672e+00
-1.365610122680664062e+00,1.147265434265136719e+00,6.587908864021301270e-01
-1.709496617317199707e+00,-8.789443969726562500e-01,7.859835624694824219e-01
-1.306441307067871094e+00,1.465370178222656250e+00,1.605528354644775391e+00
-1.891473770141601562e+00,1.452214956283569336e+00,4.225576817989349365e-01
3.624971807003021240e-01,1.004756927490234375e+00,1.369671583175659180e+00
-8.056079149246215820e-01,-9.320840835571289062e-01,6.695425510406494141e-01
-1.854430556297302246e+00,1.608558654785156250e+00,1.700154066085815430e+00
-2.164929956197738647e-01,-1.043160438537597656e+00,1.363116264343261719e+00
2.746841311454772949e-01,5.041224360466003418e-01,4.211091995239257812e-01
-1.751661300659179688e+00,-6.658753156661987305e-01,1.490295380353927612e-01
-1.588124155998229980e+00,1.526531219482421875e+00,1.805010914802551270e+00
-2.324357032775878906e+00,8.693099617958068848e-01,2.069829702377319336e+00
7.178007066249847412e-02,1.089556694030761719e+00,1.254839777946472168e+00
-2.135432958602905273e-01,1.165117263793945312e+00,1.444926857948303223e+00
-1.197818279266357422e+00,-8.148291110992431641e-01,9.349250793457031250e-02
1.761829614639282227e+00,-1.369999885559082031e+00,1.340073943138122559e+00
-5.080112218856811523e-01,-1.000250816345214844e+00,5.626041889190673828e-01
3.620306551456451416e-01,1.016327857971191406e+00,9.626196026802062988e-01
1.631141304969787598e+00,4.497356414794921875e-01,1.037307381629943848e+00
3.617336452007293701e-01,1.023694992065429688e+00,5.607016086578369141e-01
-1.088011384010314941e+00,-1.039393424987792969e+00,5.633746385574340820e-01
7.159242779016494751e-02,-1.112793922424316406e+00,1.151279687881469727e+00
1.445039749145507812e+00,-1.539328575134277344e+00,4.402882158756256104e-01
-2.161975204944610596e-01,-1.055389404296875000e+00,9.579367041587829590e-01
7.066605091094970703e-01,7.327693104743957520e-01,2.443175315856933594e+00
-4.938692450523376465e-01,1.250747680664062500e+00,1.333254098892211914e+00
7.167434692382812500e-02,1.102652549743652344e+00,8.530126810073852539e-01
1.979289054870605469e+00,5.175905227661132812e-01,1.447473168373107910e-01
-2.131755650043487549e-01,1.180323600769042969e+00,1.043563246726989746e+00
2.085592985153198242e+00,-2.535613477230072021e-01,2.133436679840087891e+00
7.159321010112762451e-02,1.112558364868164062e+00,4.559101760387420654e-01
7.153299450874328613e-02,-1.120096206665039062e+00,7.521316409111022949e-01
2.286508083343505859e+00,1.983642505365423858e-06,2.084025859832763672e+00
-1.575990438461303711e+00,1.591268539428710938e+00,1.011968016624450684e+00
-2.402208566665649414e+00,-5.810632705688476562e-01,9.318944811820983887e-01
1.885759353637695312e+00,-1.588561654090881348e+00,1.731157302856445312e+00
-1.582197427749633789e+00,1.558149337768554688e+00,1.404277443885803223e+00
1.759143471717834473e+00,-1.383160591125488281e+00,8.431320190429687500e-01
-1.845999360084533691e+00,1.646710395812988281e+00,1.204721331596374512e+00
1.897570610046386719e+00,1.907348632812500000e-06,2.139297485351562500e+00
-1.042046189308166504e+00,1.417974472045898438e+00,1.119874835014343262e+00
9.493370056152343750e-01,5.840549468994140625e-01,2.322757005691528320e+00
-2.128752470016479492e-01,1.192765235900878906e+00,6.479327082633972168e-01
-7.697759270668029785e-01,1.335390090942382812e+00,1.224985957145690918e+00
2.097763776779174805e+00,-7.640630006790161133e-01,2.120378017425537109e+00
9.040814638137817383e-01,-1.398231506347656250e+00,3.476251065731048584e-01
1.175933718681335449e+00,-1.466637611389160156e+00,2.506411671638488770e-01
-1.022287964820861816e+00,1.580698013305664062e+00,8.130831718444824219e-01
2.609061241149902344e+00,-2.382320016622543335e-01,5.438619852066040039e-01
-4.830780923366546631e-01,1.441915512084960938e+00,5.349941849708557129e-01
2.066043853759765625e+00,5.119919776916503906e-01,9.404408335685729980e-01
-2.462453365325927734e+00,3.645897507667541504e-01,4.709982275962829590e-01
-7.545731663703918457e-01,1.506510734558105469e+00,2.481079101562500000e-01
-7.232925295829772949e-02,5.045439004898071289e-01,4.295959472656250000e-01
-1.022995233535766602e+00,1.574872970581054688e+00,3.411080837249755859e-01
-5.928344726562500000e-01,1.372880816459655762e+00,1.024024009704589844e+00
1.621026873588562012e+00,5.089530944824218750e-01,1.464903831481933594e+00
-2.245308876037597656e+00,1.132351994514465332e+00,2.099898338317871094e+00
-2.401350498199462891e+00,6.134268045425415039e-01,7.308491468429565430e-01
1.274344921112060547e+00,-1.481307506561279297e+00,8.851785659790039062e-01
-2.254103660583496094e+00,1.131067991256713867e+00,1.729748368263244629e+00
-1.394890308380126953e+00,-9.574394226074218750e-01,7.749426364898681641e-01
-2.097737789154052734e+00,1.679680466651916504e+00,1.412976026535034180e+00
-1.814625501632690430e+00,1.498750925064086914e+00,2.344526767730712891e+00
1.441857576370239258e+00,-7.584539651870727539e-01,2.178250312805175781e+00
-2.177191257476806641e+00,1.401044249534606934e+00,1.572230815887451172e+00
6.230981349945068359e-01,8.407801389694213867e-01,4.147071838378906250e-01
1.532045841217041016e+00,2.531663179397583008e-01,2.145715713500976562e+00
-2.305549621582031250e+00,-5.040951371192932129e-01,4.216098785400390625e-01
-1.780376672744750977e+00,-4.928800761699676514e-01,2.362319469451904297e+00
-1.863396406173706055e+00,-2.456965148448944092e-01,2.377475738525390625e+00
-2.176323890686035156e+00,1.401199579238891602e+00,1.209255337715148926e+00
1.094739913940429688e+00,-1.019616007804870605e+00,2.132851123809814453e+00
-2.454809188842773438e+00,3.649590909481048584e-01,2.024090766906738281e+00
-2.178550720214843750e+00,1.400800347328186035e+00,8.507296442985534668e-01
-2.403360366821289062e+00,6.132648587226867676e-01,1.862135887145996094e+00
1.172265648841857910e+00,2.529351115226745605e-01,2.152966022491455078e+00
2.482972621917724609e+00,-7.289029359817504883e-01,2.023627758026123047e+00
-5.308685302734375000e-01,1.364852547645568848e+00,1.912390142679214478e-01
-1.619202852249145508e+00,1.240553617477416992e+00,2.366617202758789062e+00
1.001960396766662598e+00,5.091700553894042969e-01,2.109829425811767578e+00
-1.596643924713134766e+00,7.359985113143920898e-01,2.409842491149902344e+00
-2.066398382186889648e+00,-6.493844985961914062e-01,1.025280475616455078e+00
1.253507494926452637e+00,-5.024585127830505371e-01,2.213886260986328125e+00
7.882881164550781250e-01,8.932309746742248535e-01,6.806689500808715820e-01
-2.252277851104736328e+00,1.131334304809570312e+00,1.191260337829589844e+00
9.974613189697265625e-01,-7.596744894981384277e-01,2.165677547454833984e+00
1.072458624839782715e+00,-2.503657042980194092e-01,2.232593536376953125e+00
2.350836753845214844e+00,-1.243115544319152832e+00,1.355383276939392090e+00
-2.405041217803955078e+00,6.131288409233093262e-01,1.507418155670166016e+00
-2.202085971832275391e+00,1.396585226058959961e+00,4.944428801536560059e-01
-1.586688995361328125e+00,2.441418021917343140e-01,2.425674438476562500e+00
1.285269021987915039e+00,6.732082366943359375e-01,6.924377083778381348e-01
2.417757034301757812e+00,-9.826958775520324707e-01,1.512560129165649414e+00
-1.159822702407836914e+00,-4.909263551235198975e-01,2.392619132995605469e+00
-1.001241087913513184e+00,1.239863514900207520e+00,2.370862483978271484e+00
1.321450233459472656e+00,-1.124780654907226562e+00,2.546319663524627686e-01
2.676306486129760742e+00,1.704311370849609375e-01,1.665641307830810547e+00
9.042217135429382324e-01,1.850128114710969385e-06,2.170047283172607422e+00
-1.800485491752624512e+00,-4.973596036434173584e-01,2.823085784912109375e-01
-2.255398273468017578e+00,1.130878448486328125e+00,1.548382520675659180e+00
-2.461222171783447266e+00,3.646491169929504395e-01,1.667777776718139648e+00
1.123437643051147461e+00,-6.887912750244140625e-01,4.319680631160736084e-01
-1.268474578857421875e+00,-9.888945817947387695e-01,2.556844949722290039e-01
-1.254660367965698242e+00,9.863047599792480469e-01,2.389908790588378906e+00
2.350837707519531250e+00,-1.243116021156311035e+00,1.003867506980895996e+00
7.413961887359619141e-01,-1.179073691368103027e+00,4.106636047363281250e-01
2.662585735321044922e+00,2.208280563354492188e-01,9.716538786888122559e-01
-1.278135299682617188e+00,5.664825494022807106e-06,4.532885551452636719e-01
2.670279502868652344e+00,3.356933575560105965e-06,3.759896755218505859e-01
2.350836753845214844e+00,-1.243115544319152832e+00,6.563662290573120117e-01
1.904855251312255859e+00,1.672548949718475342e-01,3.805856704711914062e-01
-1.160126566886901855e+00,7.359442710876464844e-01,2.410379409790039062e+00
1.296522498130798340e+00,5.915441513061523438e-01,1.337452411651611328e+00
4.474029541015625000e-01,-1.183227658271789551e+00,2.201393842697143555e+00
-2.623399734497070312e+00,-3.568044602870941162e-01,1.546268939971923828e+00
-2.457538127899169922e+00,3.648272752761840820e-01,1.320711493492126465e+00
-1.598809242248535156e+00,-6.782148480415344238e-01,2.059352397918701172e+00
-2.514723777770996094e+00,1.206043213605880737e-01,1.481023192405700684e+00
1.217170834541320801e+00,-1.167389869689941406e+00,2.074055194854736328e+00
2.417757511138916016e+00,-9.826960563659667969e-01,6.475695371627807617e-01
2.005586147308349609e+00,-1.565102815628051758e+00,1.611578345298767090e+00
1.304332852363586426e+00,5.348758697509765625e-01,2.000475168228149414e+00
2.482975006103515625e+00,-7.289026975631713867e-01,1.149024963378906250e+00
-2.464748859405517578e+00,3.644786775112152100e-01,7.232458591461181641e-01
-7.250230312347412109e-01,1.869201582849200349e-06,2.437661170959472656e+00
-2.568472862243652344e+00,-1.197379678487777710e-01,1.299936532974243164e+00
2.670280456542968750e+00,3.280639475633506663e-06,1.534647941589355469e+00
-5.300636291503906250e-01,1.162866950035095215e+00,2.676191329956054688e-01
-3.075626492500305176e-01,-9.835581183433532715e-01,2.411099910736083984e+00
2.546682834625244141e+00,-4.809813201427459717e-01,1.306289434432983398e+00
-3.907082974910736084e-01,-7.351184487342834473e-01,2.419055461883544922e+00
-4.721570909023284912e-01,-2.437124550342559814e-01,2.439426422119140625e+00
1.166144162416458130e-01,9.835965633392333984e-01,2.410826206207275391e+00
8.741221427917480469e-01,4.874577522277832031e-01,2.446295261383056641e+00
-1.253966331481933594e+00,-9.905380606651306152e-01,4.515100121498107910e-01
1.460101008415222168e+00,-1.457864046096801758e+00,1.029448509216308594e+00
3.172157332301139832e-02,-9.810838103294372559e-01,2.430177688598632812e+00
-3.061580061912536621e-01,7.351947426795959473e-01,2.418198585510253906e+00
-5.579403042793273926e-01,4.885347783565521240e-01,2.429634094238281250e+00
3.695948719978332520e-01,-9.790654778480529785e-01,2.445795536041259766e+00
2.482975006103515625e+00,-7.289025187492370605e-01,8.085865378379821777e-01
2.546683311462402344e+00,-4.809812009334564209e-01,9.675061106681823730e-01
3.682324886322021484e-01,-7.324777841567993164e-01,2.446192741394042969e+00
3.162494674324989319e-02,7.343965768814086914e-01,2.426527500152587891e+00
7.033270001411437988e-01,-2.434419542551040649e-01,2.447585105895996094e+00
-2.204904109239578247e-01,4.879935979843139648e-01,2.437936782836914062e+00
-4.717589914798736572e-01,2.435070723295211792e-01,2.445797920227050781e+00
-5.261829122900962830e-02,-7.332850694656372070e-01,2.438033580780029297e+00
6.186645627021789551e-01,1.792907710296276491e-06,2.447207927703857422e+00
2.832463383674621582e-01,4.874829053878784180e-01,2.445832729339599609e+00
-2.204025536775588989e-01,-4.878075718879699707e-01,2.441110610961914062e+00
