1.061481952667236328e+00,-9.931659698486328125e-02,7.468632459640502930e-01
-1.746877670288085938e+00,1.205132961273193359e+00,1.363697171211242676e+00
-1.028079986572265625e-01,1.641873478889465332e+00,7.088958472013473511e-02
3.226490616798400879e-01,-1.993506431579589844e+00,4.110391139984130859e-01
-5.091363191604614258e-01,-5.253272652626037598e-01,1.859809875488281250e+00
7.055099308490753174e-02,1.242135047912597656e+00,1.833722352981567383e+00
1.030769705772399902e+00,-1.304785728454589844e+00,1.971397399902343750e+00
-8.770779371261596680e-01,1.668268889188766479e-01,3.536834716796875000e-01
1.645929336547851562e+00,-1.357674717903137207e+00,4.341574013233184814e-01
-7.101941704750061035e-01,2.006044387817382812e+00,1.130169749259948730e+00
6.624557971954345703e-01,2.193450882259639911e-06,1.912590980529785156e+00
-7.194610685110092163e-02,-8.358495831489562988e-01,3.536825180053710938e-01
-9.556654691696166992e-01,5.202808380126953125e-01,1.937640190124511719e+00
-2.492141723632812500e-02,-1.456576943397521973e+00,1.419621586799621582e+00
-1.355438828468322754e+00,1.511864900588989258e+00,3.536834716796875000e-01
4.162549972534179688e-01,9.293060302734375000e-01,8.155282139778137207e-01
8.502323627471923828e-01,-1.910578727722167969e+00,1.237525939941406250e+00
1.517477989196777344e+00,-8.225234746932983398e-01,1.296607375144958496e+00
1.578396558761596680e-01,1.668715178966522217e-01,3.536834716796875000e-01
-7.856102585792541504e-01,1.574409484863281250e+00,1.958107948303222656e+00
-7.218503952026367188e-01,-4.487818181514739990e-01,9.945283532142639160e-01
-1.260106325149536133e+00,3.779439926147460938e-01,1.119277834892272949e+00
7.373376488685607910e-01,-1.172620415687561035e+00,3.536834716796875000e-01
1.318907737731933594e+00,-5.602121353149414062e-01,6.024963408708572388e-02
3.018597960472106934e-01,-7.786059975624084473e-01,1.970577239990234375e+00
-1.444905847311019897e-01,2.584774792194366455e-01,1.982316017150878906e+00
-3.022468388080596924e-01,8.358526229858398438e-01,3.536834716796875000e-01
-1.405184745788574219e+00,6.938454508781433105e-01,5.972076207399368286e-02
-2.726554870605468750e-02,1.629596352577209473e+00,9.739216566085815430e-01
1.107182860374450684e+00,-1.965536117553710938e+00,4.160351455211639404e-01
6.918174028396606445e-01,4.741973876953125000e-01,1.344989180564880371e+00
4.197845235466957092e-02,-1.459615588188171387e+00,-4.106521606445312500e-03
-7.919149398803710938e-01,1.957241773605346680e+00,3.783575296401977539e-01
-1.620156288146972656e+00,9.490646123886108398e-01,7.142907381057739258e-01
1.447885155677795410e+00,-1.522676467895507812e+00,1.211092710494995117e+00
1.123682498931884766e+00,-5.243722200393676758e-01,1.874338150024414062e+00
6.181808114051818848e-01,-5.008317232131958008e-01,3.536834716796875000e-01
-5.824947357177734375e-02,-1.451711654663085938e+00,7.389374971389770508e-01
-1.288460493087768555e+00,1.647388458251953125e+00,1.094789147377014160e+00
-6.469935178756713867e-01,-5.008240938186645508e-01,3.536834716796875000e-01
-1.428095936775207520e+00,1.049478292465209961e+00,1.902492523193359375e+00
-8.832358121871948242e-01,-5.830287933349609375e-02,1.631871581077575684e+00
1.483790516853332520e+00,-7.673931121826171875e-01,6.783868074417114258e-01
-7.787327170372009277e-01,1.234580039978027344e+00,3.536855876445770264e-01
6.938776373863220215e-01,4.458189010620117188e-01,4.913874566555023193e-01
4.930671453475952148e-01,-1.588550686836242676e+00,1.885841369628906250e+00
-1.992831379175186157e-01,1.755234718322753906e+00,1.631559133529663086e+00
-5.052266716957092285e-01,1.040420532226562500e+00,1.972375869750976562e+00
3.937461078166961670e-01,5.225993394851684570e-01,1.901785850524902344e+00
1.173702239990234375e+00,-2.844979465007781982e-01,1.343554615974426270e+00
-4.443778097629547119e-01,-8.360990881919860840e-01,1.377692222595214844e+00
-2.879085540771484375e-01,2.014114379882812500e+00,6.542991399765014648e-01
3.635454475879669189e-01,9.787235260009765625e-01,1.373635888099670410e+00
1.020469665527343750e-01,1.282820701599121094e+00,5.119768977165222168e-01
3.249753415584564209e-01,-1.935782432556152344e+00,1.045481085777282715e+00
-1.242771148681640625e-01,-1.118480920791625977e+00,1.852027535438537598e+00
1.222802698612213135e-01,-2.585143148899078369e-01,1.980853080749511719e+00
-1.237758636474609375e+00,1.569292545318603516e+00,1.658753871917724609e+00
-1.273746490478515625e+00,4.902620315551757812e-01,5.420661568641662598e-01
-1.412775039672851562e+00,6.932331919670104980e-01,1.506784081459045410e+00
1.398163795471191406e+00,-1.684020042419433594e+00,7.423861622810363770e-01
-5.599509924650192261e-02,7.803433537483215332e-01,1.952748298645019531e+00
2.734515368938446045e-01,8.358595967292785645e-01,3.536834716796875000e-01
-7.188775539398193359e-01,1.908308029174804688e+00,1.607104778289794922e+00
3.915139734745025635e-01,-1.511857986450195312e+00,3.536834716796875000e-01
-3.013040125370025635e-01,-1.668212711811065674e-01,3.536834716796875000e-01
6.903178989887237549e-02,1.430559158325195312e+00,1.401150822639465332e+00
-2.973051071166992188e-01,-1.098884820938110352e+00,9.361398220062255859e-01
-9.907165169715881348e-01,1.840712547302246094e+00,7.879725694656372070e-01
-1.607621908187866211e+00,1.422499656677246094e+00,7.391431927680969238e-01
1.083030700683593750e+00,-8.358377814292907715e-01,3.536834716796875000e-01
1.208318710327148438e+00,-1.511864185333251953e+00,3.536834716796875000e-01
-5.000486373901367188e-01,-7.669180035591125488e-01,7.009634375572204590e-01
-9.958453178405761719e-01,8.358452916145324707e-01,3.536834716796875000e-01
-9.585391879081726074e-01,1.041536211967468262e+00,1.963738441467285156e+00
9.909276962280273438e-01,-1.648628354072570801e+00,1.578975677490234375e+00
7.511482238769531250e-01,-7.789018154144287109e-01,1.967456817626953125e+00
-5.920577645301818848e-01,2.593420743942260742e-01,1.954487800598144531e+00
8.383827209472656250e-01,-2.023338794708251953e+00,7.689312696456909180e-01
1.336893558502197266e+00,-1.069544196128845215e+00,1.747641563415527344e+00
-9.001340866088867188e-01,-1.466186046600341797e-01,6.693522334098815918e-01
-4.205496013164520264e-01,1.511858582496643066e+00,3.536834716796875000e-01
-2.796678543090820312e-01,2.012498140335083008e+00,1.239040374755859375e+00
8.229894638061523438e-01,2.958021163940429688e-01,8.802532553672790527e-01
1.104632377624511719e+00,-2.867231667041778564e-01,3.577066063880920410e-01
-1.703665733337402344e+00,1.172623395919799805e+00,3.536834716796875000e-01
3.315716981887817383e-01,-1.772087097167968750e+00,1.534450769424438477e+00
-6.858940124511718750e-01,-4.505223333835601807e-01,1.418730378150939941e+00
2.020416259765625000e-01,1.269861102104187012e+00,9.471825957298278809e-01
1.658681869506835938e+00,-1.081073999404907227e+00,9.005358815193176270e-01
9.242954254150390625e-01,4.768371582031250000e-06,1.587331533432006836e+00
1.359449386596679688e+00,-5.575956106185913086e-01,1.024196267127990723e+00
1.587820351123809814e-01,-1.172628998756408691e+00,3.536834716796875000e-01
1.579617261886596680e-01,-5.008290410041809082e-01,3.536834716796875000e-01
-5.317329168319702148e-01,5.008053183555603027e-01,3.536834716796875000e-01
3.886666893959045410e-01,-8.358399271965026855e-01,3.536834716796875000e-01
-7.180266827344894409e-02,5.008715987205505371e-01,3.536834716796875000e-01
3.874862492084503174e-01,-1.668327897787094116e-01,3.536834716796875000e-01
-9.136714935302734375e-01,-1.464009582996368408e-01,1.177189588546752930e+00
-1.090914607048034668e+00,4.922763705253601074e-01,1.771497726440429688e-01
2.157492041587829590e-01,-1.314675092697143555e+00,1.910536766052246094e+00
6.729812175035476685e-02,-1.645919799804687500e+00,1.082216739654541016e+00
-1.468064308166503906e+00,6.887690424919128418e-01,1.012505412101745605e+00
1.125845432281494141e+00,-1.830099105834960938e+00,9.755308032035827637e-01
-4.628446400165557861e-01,1.800379753112792969e+00,1.910428762435913086e+00
-2.131545543670654297e-01,-1.181182861328125000e+00,4.525073170661926270e-01
7.443075180053710938e-01,-1.854318857192993164e+00,3.536834716796875000e-01
-9.908505082130432129e-01,1.839604377746582031e+00,1.344025731086730957e+00
-1.115795135498046875e+00,1.431440711021423340e-01,8.518354892730712891e-01
-1.028079986572265625e-01,1.641873240470886230e+00,5.250385999679565430e-01
1.000125885009765625e+00,4.463195637072203681e-06,1.165837645530700684e+00
-1.452612280845642090e-01,-5.194404125213623047e-01,1.951108932495117188e+00
-1.094152450561523438e+00,1.434925794601440430e-01,1.355135917663574219e+00
6.218500137329101562e-01,6.051883697509765625e-01,1.006162285804748535e+00
-1.199509620666503906e+00,4.256776273250579834e-01,1.641818642616271973e+00
1.489983558654785156e+00,-8.251891732215881348e-01,2.487768530845642090e-01
1.375750899314880371e+00,-1.373642563819885254e+00,1.547679901123046875e+00
7.048021554946899414e-01,2.954111099243164062e-01,1.701794385910034180e+00
-1.762467384338378906e+00,1.202856302261352539e+00,9.847314357757568359e-01
-1.288504481315612793e+00,1.647109985351562500e+00,7.158384323120117188e-01
-2.334613800048828125e-01,-1.106116175651550293e+00,1.495407342910766602e+00
-1.232554316520690918e+00,1.172625064849853516e+00,3.536834716796875000e-01
1.320451974868774414e+00,-1.172622084617614746e+00,3.536834716796875000e-01
-1.188564300537109375e-02,1.297590255737304688e+00,6.992156803607940674e-02
3.699120879173278809e-01,8.207397460937500000e-01,1.711870670318603516e+00
1.298243522644042969e+00,-5.615453124046325684e-01,1.525094270706176758e+00
-4.162306189537048340e-01,1.668375134468078613e-01,3.536834716796875000e-01
-1.003135085105895996e+00,1.511862397193908691e+00,3.536834716796875000e-01
1.318907737731933594e+00,-5.602114796638488770e-01,4.462362527847290039e-01
8.570467829704284668e-01,-1.511864185333251953e+00,3.536834716796875000e-01
-1.876588463783264160e-01,1.172627091407775879e+00,3.536834716796875000e-01
8.481826782226562500e-01,1.668259054422378540e-01,3.536834716796875000e-01
-6.483172178268432617e-01,8.358356356620788574e-01,3.536834716796875000e-01
-4.174940288066864014e-01,-8.358506560325622559e-01,3.536834716796875000e-01
-7.615959048271179199e-01,-1.668243557214736938e-01,3.536834716796875000e-01
7.327712774276733398e-01,-1.668271273374557495e-01,3.536834716796875000e-01
-1.866957098245620728e-01,-5.008443593978881836e-01,3.536834716796875000e-01
5.024343729019165039e-01,1.668255627155303955e-01,3.536834716796875000e-01
4.303710907697677612e-02,-1.668542027473449707e-01,3.536834716796875000e-01
6.661784052848815918e-01,-1.304657697677612305e+00,1.972201347351074219e+00
6.776687502861022949e-02,-1.587597846984863281e+00,4.315411150455474854e-01
3.878628313541412354e-01,5.008115172386169434e-01,3.536834716796875000e-01
1.830787658691406250e-01,-1.823758840560913086e+00,7.608485221862792969e-01
7.350399494171142578e-01,-8.358464837074279785e-01,3.536834716796875000e-01
-1.622763633728027344e+00,1.223256468772888184e+00,1.674865126609802246e+00
-4.457216560840606689e-01,2.103719711303710938e+00,9.355190992355346680e-01
-1.631919860839843750e+00,9.477317333221435547e-01,1.185955286026000977e+00
-2.375672906637191772e-01,1.309719085693359375e+00,1.941039085388183594e+00
-1.236846446990966797e+00,7.846128940582275391e-01,1.908473014831542969e+00
-7.101806402206420898e-01,2.006196975708007812e+00,7.693809270858764648e-01
2.118617147207260132e-01,2.592716813087463379e-01,1.957988739013671875e+00
1.522341728210449219e+00,-1.659706950187683105e+00,4.431301653385162354e-01
-1.146751999855041504e+00,1.306266546249389648e+00,1.962300300598144531e+00
9.379671812057495117e-01,-2.616693079471588135e-01,1.881881713867187500e+00
4.795437455177307129e-01,-2.590639293193817139e-01,1.963115692138671875e+00
-6.915801763534545898e-01,-2.630535960197448730e-01,1.839266777038574219e+00
-3.286095261573791504e-01,-7.891086935997009277e-01,1.862201690673828125e+00
4.827858507633209229e-01,-1.040556907653808594e+00,1.971354484558105469e+00
-5.127658843994140625e-01,-7.658893465995788574e-01,1.019057273864746094e+00
-4.250515699386596680e-01,1.864378571510314941e+00,4.097995758056640625e-01
-7.739338278770446777e-01,7.791398167610168457e-01,1.965026855468750000e+00
-4.123215675354003906e-01,5.176301598548889160e-01,1.978649139404296875e+00
-4.126832187175750732e-01,1.869201582849200349e-06,1.955540657043457031e+00
-1.958747059106826782e-01,1.896124839782714844e+00,9.588679075241088867e-01
-1.493726730346679688e+00,9.633837938308715820e-01,2.490887343883514404e-01
5.776161551475524902e-01,-2.046654224395751953e+00,5.864832997322082520e-01
1.174894332885742188e+00,-1.727730870246887207e+00,1.266374945640563965e+00
-7.047224044799804688e-01,-4.496111571788787842e-01,6.844366192817687988e-01
-1.607633471488952637e+00,1.422442436218261719e+00,1.130478024482727051e+00
5.891045331954956055e-01,-1.888472557067871094e+00,1.422434329986572266e+00
-1.366230964660644531e+00,9.778231382369995117e-01,5.423126220703125000e-01
1.604755401611328125e+00,-1.364365696907043457e+00,8.154078722000122070e-01
1.185109138488769531e+00,-2.841298282146453857e-01,1.043234109878540039e+00
-4.487246274948120117e-01,2.050523281097412109e+00,1.483679771423339844e+00
1.439708709716796875e+00,-8.300644755363464355e-01,1.602624177932739258e+00
-1.590862274169921875e+00,9.523820877075195312e-01,1.480152249336242676e+00
1.605894088745117188e+00,-1.087916970252990723e+00,1.191973686218261719e+00
1.670969009399414062e+00,-1.079480767250061035e+00,5.241953730583190918e-01
-1.083439826965332031e+00,1.436648964881896973e-01,5.565899610519409180e-01
-1.015499114990234375e+00,4.345782101154327393e-01,6.615535020828247070e-01
1.527675628662109375e+00,-8.215345740318298340e-01,1.006871461868286133e+00
-1.296184539794921875e+00,4.210022389888763428e-01,8.354067802429199219e-01
7.803617119789123535e-01,-1.610834598541259766e+00,1.772027015686035156e+00
2.217118740081787109e-01,1.082495570182800293e+00,1.647787094116210938e+00
-6.887833476066589355e-01,1.304512500762939453e+00,1.973090171813964844e+00
-1.405184745788574219e+00,6.938459873199462891e-01,3.465649485588073730e-01
-1.452641487121582031e+00,6.900144815444946289e-01,7.262963652610778809e-01
1.480763435363769531e+00,-1.104134798049926758e+00,1.502467632293701172e+00
-1.291238427162170410e+00,1.629376411437988281e+00,1.384786009788513184e+00
1.116439461708068848e+00,-1.898370742797851562e+00,6.926739215850830078e-01
5.481615066528320312e-01,6.099444627761840820e-01,1.548592209815979004e+00
-4.959415197372436523e-01,1.214039802551269531e+00,3.536855876445770264e-01
-1.004209518432617188e+00,1.729588508605957031e+00,1.648173213005065918e+00
-3.511629104614257812e-01,1.682234406471252441e+00,6.545330882072448730e-01
-2.404737025499343872e-01,1.587854385375976562e+00,1.889389038085937500e+00
-1.607841491699218750e+00,1.421339035034179688e+00,4.477178752422332764e-01
6.860283017158508301e-02,-1.483758926391601562e+00,1.684844017028808594e+00
5.808025002479553223e-01,-2.002789497375488281e+00,9.484621882438659668e-01
-7.777538895606994629e-01,2.136230477844947018e-06,1.887654304504394531e+00
9.354638457298278809e-01,-1.041178226470947266e+00,1.966470718383789062e+00
-2.124373614788055420e-01,-1.210824966430664062e+00,1.238082885742187500e+00
-1.462422162294387817e-01,1.043713688850402832e+00,1.946916580200195312e+00
1.216516733169555664e+00,-7.863572239875793457e-01,1.890484809875488281e+00
-5.611816421151161194e-02,-7.820585370063781738e-01,1.935058593750000000e+00
-9.907131195068359375e-01,1.840737342834472656e+00,1.064708590507507324e+00
-8.779803514480590820e-01,5.008183717727661133e-01,3.536834716796875000e-01
3.348968550562858582e-02,5.189463496208190918e-01,1.958540916442871094e+00
6.597231626510620117e-01,-5.186896920204162598e-01,1.962419509887695312e+00
-8.660709261894226074e-01,2.606021165847778320e-01,1.915186882019042969e+00
-1.441440701484680176e+00,1.322045087814331055e+00,1.865180015563964844e+00
-2.341731190681457520e-01,-2.592772245407104492e-01,1.956535339355468750e+00
-1.551284790039062500e-01,1.437563419342041016e+00,2.894934117794036865e-01
2.116857916116714478e-01,-5.178455114364624023e-01,1.975720405578613281e+00
3.007589578628540039e-01,2.250671286674332805e-06,1.963725090026855469e+00
-7.114563137292861938e-02,-1.155991196632385254e+00,2.068042755126953125e-01
-5.606948584318161011e-02,1.959800783879472874e-06,1.980100631713867188e+00
4.821709990501403809e-01,2.604837417602539062e-01,1.919081687927246094e+00
8.317414522171020508e-01,-2.086527824401855469e+00,4.966317713260650635e-01
6.887397915124893188e-02,1.450313568115234375e+00,7.241618037223815918e-01
6.045894622802734375e-01,6.063029170036315918e-01,6.924390792846679688e-01
-1.072597146034240723e+00,1.590833306312561035e+00,1.874167442321777344e+00
1.239400431513786316e-01,-1.045383930206298828e+00,1.934089660644531250e+00
-6.824099421501159668e-01,5.188544988632202148e-01,1.959780693054199219e+00
-3.241865336894989014e-01,7.784870862960815430e-01,1.971740722656250000e+00
-1.758730888366699219e+00,1.203402400016784668e+00,7.054184079170227051e-01
3.622533380985260010e-01,1.010762214660644531e+00,1.064178705215454102e+00
-9.907439351081848145e-01,1.840480804443359375e+00,5.130081176757812500e-01
1.085558891296386719e+00,-2.873389422893524170e-01,1.661997914314270020e+00
8.112411499023437500e-01,2.961808741092681885e-01,1.190923929214477539e+00
-5.282889008522033691e-01,-6.410179138183593750e-01,1.532631158828735352e+00
-1.454667091369628906e+00,1.530445933341979980e+00,9.294652938842773438e-01
3.638943731784820557e-01,9.700822830200195312e-01,5.640502572059631348e-01
1.187946081161499023e+00,-1.379470825195312500e+00,1.721537709236145020e+00
9.648113846778869629e-01,-5.008150935173034668e-01,3.536834716796875000e-01
-8.680595159530639648e-01,-2.291603088378906250e-01,9.404155015945434570e-01
2.140279412269592285e-01,7.846789956092834473e-01,1.907887458801269531e+00
-7.186603546142578125e-02,1.636845111846923828e+00,1.436962604522705078e+00
1.355305671691894531e+00,-5.578635931015014648e-01,7.337086200714111328e-01
1.102962374687194824e+00,-5.110857486724853516e-01,5.661840438842773438e-01
-1.984403133392333984e-01,1.789996147155761719e+00,3.300710916519165039e-01
1.902523040771484375e-01,-1.825043320655822754e+00,1.224559545516967773e+00
-1.111297607421875000e-01,1.310449481010437012e+00,6.363537311553955078e-01
5.979199409484863281e-01,-1.767086029052734375e+00,1.633027434349060059e+00
-1.005023002624511719e+00,1.449289619922637939e-01,1.676361322402954102e+00
1.340842247009277344e+00,-8.396514654159545898e-01,6.025390326976776123e-02
-2.123455405235290527e-01,-1.214678764343261719e+00,7.443133592605590820e-01
-1.262962102890014648e+00,4.014720916748046875e-01,1.357295989990234375e+00
-4.464178085327148438e-01,2.091383457183837891e+00,4.943939149379730225e-01
9.773740768432617188e-01,4.882812390860635787e-06,4.628297388553619385e-01
1.173904418945312500e+00,-2.844903469085693359e-01,6.494677662849426270e-01
7.172832638025283813e-02,1.095951080322265625e+00,6.548851132392883301e-01
2.500152587890625000e-01,-1.584532737731933594e+00,1.778933703899383545e-01
-1.467369318008422852e+00,1.172617673873901367e+00,3.536834716796875000e-01
1.086424231529235840e+00,-1.172618508338928223e+00,3.536834716796875000e-01
5.103500485420227051e-01,-1.854320526123046875e+00,3.536834716796875000e-01
-7.695599198341369629e-01,1.511862754821777344e+00,3.536834716796875000e-01
-6.199598312377929688e-01,-4.537119567394256592e-01,1.642477869987487793e+00
-5.594825744628906250e-02,-1.452045559883117676e+00,1.188732266426086426e+00
6.978599727153778076e-02,1.337060928344726562e+00,1.614322185516357422e+00
6.239767074584960938e-01,-1.511872053146362305e+00,3.536834716796875000e-01
-5.120944380760192871e-01,1.576372146606445312e+00,1.948046684265136719e+00
1.890430450439453125e-01,1.271548628807067871e+00,1.281534194946289062e+00
-1.614992141723632812e+00,1.383172988891601562e+00,1.433384180068969727e+00
5.055724978446960449e-01,-1.172629594802856445e+00,3.536834716796875000e-01
1.321989446878433228e-01,-1.666715621948242188e+00,1.486611366271972656e+00
3.148364126682281494e-01,-1.616572499275207520e+00,1.742700576782226562e+00
-7.194610685110092163e-02,8.358494639396667480e-01,3.536834716796875000e-01
1.582870483398437500e-01,-8.358560204505920410e-01,3.536834716796875000e-01
-6.463217139244079590e-01,1.668265759944915771e-01,3.536834716796875000e-01
2.040729522705078125e-01,-1.827519178390502930e+00,5.317623615264892578e-01
3.229028880596160889e-01,-1.987221717834472656e+00,6.792144775390625000e-01
-4.166320562362670898e-01,-5.008180737495422363e-01,3.536834716796875000e-01
3.878631591796875000e-01,-5.008116364479064941e-01,3.536834716796875000e-01
-5.311772227287292480e-01,-1.668196320533752441e-01,3.536834716796875000e-01
-3.016259670257568359e-01,5.008245110511779785e-01,3.536834716796875000e-01
1.579617261886596680e-01,5.008289813995361328e-01,3.536834716796875000e-01
-1.864703297615051270e-01,1.668043285608291626e-01,3.536834716796875000e-01
-3.631877899169921875e-02,1.631067872047424316e+00,1.202747464179992676e+00
-9.989590048789978027e-01,1.172626137733459473e+00,3.536834716796875000e-01
8.609511256217956543e-01,-1.808611869812011719e+00,1.440557241439819336e+00
-1.228695392608642578e+00,8.358338475227355957e-01,3.536825180053710938e-01
8.630151748657226562e-01,4.348754828242817894e-06,1.807592988014221191e+00
7.092704772949218750e-01,-2.994736135005950928e-01,1.946241736412048340e+00
-1.273746848106384277e+00,4.902620315551757812e-01,3.074764907360076904e-01
1.314649581909179688e-01,1.279009222984313965e+00,2.895468175411224365e-01
5.865154266357421875e-01,6.074684858322143555e-01,3.791320621967315674e-01
6.734916567802429199e-02,-1.639550209045410156e+00,7.081335186958312988e-01
-6.538867950439453125e-02,-1.450666785240173340e+00,9.625272750854492188e-01
1.311486244201660156e+00,-1.700989365577697754e+00,9.478976130485534668e-01
-1.287339448928833008e+00,6.022338867187500000e-01,1.746199250221252441e+00
-1.142580986022949219e+00,4.284319877624511719e-01,1.856675386428833008e+00
1.120265960693359375e+00,-5.378854870796203613e-01,2.005017101764678955e-01
1.214935541152954102e+00,-1.045848488807678223e+00,1.930443763732910156e+00
1.555790066719055176e+00,-1.172615885734558105e+00,3.536834716796875000e-01
-1.972551643848419189e-01,1.839083671569824219e+00,1.427753210067749023e+00
1.059706330299377441e+00,-8.242321014404296875e-02,9.719219803810119629e-01
-7.934246063232421875e-01,1.956920862197875977e+00,1.325466752052307129e+00
-8.724595308303833008e-01,-1.796274185180664062e-01,1.388384938240051270e+00
-7.253146171569824219e-01,1.835836410522460938e+00,1.811125755310058594e+00
1.271614909172058105e+00,-7.723093032836914062e-01,2.710348367691040039e-01
6.870696693658828735e-02,1.471045494079589844e+00,1.104870557785034180e+00
-2.811724543571472168e-01,1.632791519165039062e+00,2.095590233802795410e-01
-4.218292236328125000e-02,1.632020235061645508e+00,7.482595443725585938e-01
-1.453528404235839844e+00,1.530649662017822266e+00,6.385665535926818848e-01
8.006598949432373047e-01,2.771318554878234863e-01,1.402409553527832031e+00
1.348949432373046875e+00,-5.582736730575561523e-01,1.318932414054870605e+00
1.826524734497070312e-01,1.272374272346496582e+00,7.280728220939636230e-01
-1.538849830627441406e+00,9.582731127738952637e-01,1.684591531753540039e+00
-5.247551202774047852e-01,-7.036142349243164062e-01,4.776318371295928955e-01
-1.273743748664855957e+00,4.902572631835937500e-01,7.318847626447677612e-02
1.553671836853027344e+00,-1.372667312622070312e+00,1.108486175537109375e+00
-7.138586044311523438e-01,-4.491692185401916504e-01,1.204327106475830078e+00
-4.526251256465911865e-01,1.981401443481445312e+00,1.681554198265075684e+00
-1.454089164733886719e+00,1.530548572540283203e+00,1.222613096237182617e+00
-1.458149909973144531e+00,6.895690560340881348e-01,1.303807973861694336e+00
8.949040174484252930e-01,-1.485550880432128906e+00,1.891786098480224609e+00
-1.598072052001953125e-02,-1.457881093025207520e+00,2.935852110385894775e-01
5.842759013175964355e-01,-1.954956054687500000e+00,1.227218627929687500e+00
9.852514266967773438e-01,4.806518518307711929e-06,1.371527433395385742e+00
-7.922534942626953125e-01,1.957169413566589355e+00,5.875310897827148438e-01
8.025608062744140625e-01,2.964606881141662598e-01,6.767930388450622559e-01
-1.104830741882324219e+00,1.433201879262924194e-01,1.152423739433288574e+00
1.247757673263549805e-01,1.052433848381042480e+00,1.879693984985351562e+00
-5.049433112144470215e-01,-2.606358230113983154e-01,1.914422988891601562e+00
-1.551275253295898438e-01,1.437562346458435059e+00,6.890808045864105225e-02
6.138362884521484375e-01,6.057060360908508301e-01,1.218406200408935547e+00
-1.075196266174316406e+00,1.437980681657791138e-01,3.587506115436553955e-01
1.156934618949890137e+00,-1.604508399963378906e+00,1.482239603996276855e+00
-1.235895514488220215e+00,1.044080734252929688e+00,1.944103240966796875e+00
1.191844940185546875e+00,-2.839124500751495361e-01,8.448725938796997070e-01
1.026386141777038574e+00,-7.817037701606750488e-01,1.938492774963378906e+00
8.453708291053771973e-01,-1.956824302673339844e+00,1.047646641731262207e+00
9.347634911537170410e-01,-5.212795138359069824e-01,1.922274589538574219e+00
-4.460658133029937744e-01,2.097628116607666016e+00,1.294095158576965332e+00
1.318907737731933594e+00,-5.602120161056518555e-01,2.531185746192932129e-01
-1.317614555358886719e+00,1.458395004272460938e+00,1.809536695480346680e+00
-1.048264145851135254e+00,7.810167670249938965e-01,1.945576667785644531e+00
-1.405184745788574219e+00,6.938457489013671875e-01,5.381814241409301758e-01
1.802873611450195312e-01,-1.823260188102722168e+00,9.915087819099426270e-01
1.625443458557128906e+00,-1.361003637313842773e+00,6.240020394325256348e-01
6.738632172346115112e-02,-1.635104179382324219e+00,1.272699594497680664e+00
-1.638276100158691406e+00,9.470124840736389160e-01,9.954115152359008789e-01
1.492236256599426270e+00,-8.286790847778320312e-01,4.393371343612670898e-01
-3.966255187988281250e-01,-7.752655148506164551e-01,1.685086131095886230e+00
1.443950414657592773e+00,-1.511858820915222168e+00,3.536834716796875000e-01
1.067865014076232910e+00,-1.600513458251953125e-01,1.438654303550720215e+00
-1.288440465927124023e+00,1.647522926330566406e+00,9.048370122909545898e-01
-1.288510560989379883e+00,1.647067070007324219e+00,5.275059342384338379e-01
-1.758745193481445312e+00,1.203399658203125000e+00,1.172869086265563965e+00
5.883979797363281250e-02,-1.288422942161560059e+00,1.805300861597061157e-01
-1.241345405578613281e+00,7.254238724708557129e-01,2.028689533472061157e-01
3.425247222185134888e-02,-1.322091460227966309e+00,1.864915847778320312e+00
-1.607569217681884766e+00,1.422780990600585938e+00,9.343118071556091309e-01
1.517361640930175781e+00,-1.378568649291992188e+00,1.307503938674926758e+00
-2.766628265380859375e-01,-1.101223111152648926e+00,6.107518076896667480e-01
6.861762702465057373e-02,1.482073783874511719e+00,9.120029807090759277e-01
1.683000564575195312e+00,-1.077923059463500977e+00,7.103216648101806641e-01
6.721191108226776123e-02,-1.656646728515625000e+00,8.933120369911193848e-01
-9.616664052009582520e-01,1.304132342338562012e+00,1.975383758544921875e+00
1.240897178649902344e+00,-5.652467012405395508e-01,1.736439466476440430e+00
3.955143690109252930e-01,-1.307611465454101562e+00,1.953998565673828125e+00
9.637844562530517578e-01,-1.668194234371185303e-01,3.536834716796875000e-01
1.363998413085937500e+00,-1.690708875656127930e+00,3.536855876445770264e-01
-5.226772427558898926e-01,-7.404356002807617188e-01,1.201387166976928711e+00
-3.256938159465789795e-01,-5.218539834022521973e-01,1.913617134094238281e+00
6.776786595582962036e-02,-1.587598800659179688e+00,1.515057384967803955e-01
2.617330551147460938e-01,9.442893862724304199e-01,1.823160052299499512e+00
-7.756241559982299805e-01,1.039856433868408203e+00,1.976688385009765625e+00
7.528511881828308105e-01,-1.039633870124816895e+00,1.978418350219726562e+00
9.198442697525024414e-01,-1.248262405395507812e+00,3.536855876445770264e-01
3.236882090568542480e-01,-1.967716217041015625e+00,8.606762290000915527e-01
1.437361717224121094e+00,-1.584282875061035156e+00,1.009890437126159668e+00
3.269411921501159668e-01,-1.887024879455566406e+00,1.327549576759338379e+00
-2.121497690677642822e-01,-1.222723007202148438e+00,1.038546562194824219e+00
-5.927827954292297363e-01,7.779011130332946777e-01,1.977831840515136719e+00
5.702379345893859863e-01,-7.777550816535949707e-01,1.979309082031250000e+00
-5.930185317993164062e-01,1.850128114710969385e-06,1.937410354614257812e+00
6.902824044227600098e-01,4.953279495239257812e-01,8.071436882019042969e-01
-4.181543290615081787e-01,1.307627439498901367e+00,1.953866958618164062e+00
8.468173146247863770e-01,-1.302832007408142090e+00,1.983414649963378906e+00
-1.961906403303146362e-01,1.883037567138671875e+00,7.783975005149841309e-01
9.789990186691284180e-01,-1.854315161705017090e+00,3.536834716796875000e-01
5.789434909820556641e-01,-2.028385162353515625e+00,7.662481665611267090e-01
4.796137213706970215e-01,-5.179336667060852051e-01,1.974235534667968750e+00
-4.122803509235382080e-01,2.589271962642669678e-01,1.967270851135253906e+00
-7.101707458496093750e-01,2.006314277648925781e+00,9.492784142494201660e-01
-3.258589208126068115e-01,1.042067408561706543e+00,1.959654808044433594e+00
3.033757805824279785e-01,-1.042093515396118164e+00,1.959436416625976562e+00
4.800366759300231934e-01,2.079010073430254124e-06,1.951086997985839844e+00
2.124651223421096802e-01,5.197502374649047852e-01,1.945886611938476562e+00
-1.961134225130081177e-01,1.886209487915039062e+00,1.142945170402526855e+00
5.763004422187805176e-01,-2.064757347106933594e+00,4.081228673458099365e-01
-1.028079986572265625e-01,1.641872882843017578e+00,2.978173792362213135e-01
1.231193542480468750e-01,-7.797780632972717285e-01,1.958455085754394531e+00
-1.448941081762313843e-01,5.181193947792053223e-01,1.971155166625976562e+00
-2.161322385072708130e-01,-1.058064460754394531e+00,1.666745305061340332e+00
-4.458931684494018555e-01,2.100678443908691406e+00,1.114180445671081543e+00
3.346862643957138062e-02,-5.186176300048828125e-01,1.963873863220214844e+00
1.224804669618606567e-01,1.807212811399949715e-06,1.975731849670410156e+00
4.829139709472656250e-01,6.141541004180908203e-01,1.777122616767883301e+00
-5.565536394715309143e-02,-2.588905692100524902e-01,1.969132423400878906e+00
1.046977996826171875e+00,-1.752773046493530273e+00,1.387995243072509766e+00
3.004568517208099365e-01,-2.586875557899475098e-01,1.975010871887207031e+00
3.339431807398796082e-02,2.588645815849304199e-01,1.970589637756347656e+00
-2.337892800569534302e-01,1.792907710296276491e-06,1.968279838562011719e+00
-4.458333551883697510e-01,2.101737976074218750e+00,7.584083676338195801e-01
-1.711131572723388672e+00,1.092631340026855469e+00,5.757433772087097168e-01
7.876710891723632812e-01,2.969405353069305420e-01,4.728063941001892090e-01
-1.598072052001953125e-02,-1.457882046699523926e+00,5.175771713256835938e-01
1.365358352661132812e+00,-9.175072908401489258e-01,3.317730724811553955e-01
3.292264938354492188e-01,9.377452135086059570e-01,1.588590025901794434e+00
1.037775039672851562e+00,-1.456509470939636230e+00,1.796280741691589355e+00
-1.408746600151062012e+00,8.676156997680664062e-01,6.399840861558914185e-02
-3.073558807373046875e-01,2.017918109893798828e+00,4.221343994140625000e-01
1.204188346862792969e+00,-1.261599540710449219e+00,1.846879363059997559e+00
-8.891010284423828125e-01,-1.467971056699752808e-01,4.674185216426849365e-01
-6.565008163452148438e-01,1.854324102401733398e+00,3.536834716796875000e-01
1.089342832565307617e+00,-3.643932342529296875e-01,1.822707176208496094e+00
6.667497754096984863e-01,2.622433304786682129e-01,1.864324569702148438e+00
1.481532573699951172e+00,-1.325666427612304688e+00,3.536855876445770264e-01
-1.341597318649291992e+00,1.302923202514648438e+00,3.536855876445770264e-01
-3.370883762836456299e-01,1.875709176063537598e+00,1.825419425964355469e+00
-1.703925490379333496e+00,1.045925140380859375e+00,8.220007419586181641e-01
1.214664220809936523e+00,-1.854316234588623047e+00,3.536834716796875000e-01
1.064591407775878906e+00,-1.289014816284179688e-01,5.224398970603942871e-01
6.906933188438415527e-01,4.896574020385742188e-01,1.127918720245361328e+00
-5.772209167480468750e-01,2.002876043319702148e+00,1.575045108795166016e+00
-6.834316253662109375e-02,1.304905056953430176e+00,1.891848683357238770e+00
-1.325234651565551758e+00,9.143257141113281250e-01,6.862092614173889160e-01
1.172202706336975098e+00,-1.493710517883300781e+00,1.600059509277343750e+00
1.327785968780517578e+00,-7.976586818695068359e-01,1.773946762084960938e+00
1.201316952705383301e+00,-1.282438278198242188e+00,3.536855876445770264e-01
-2.010766863822937012e-01,1.680919647216796875e+00,7.048124670982360840e-01
-6.952486038208007812e-01,1.977789163589477539e+00,1.447277069091796875e+00
-2.883386611938476562e-01,-1.099900007247924805e+00,1.156113266944885254e+00
2.768942117691040039e-01,-1.854319095611572266e+00,3.536834716796875000e-01
-3.108434975147247314e-01,1.883329272270202637e+00,5.156402587890625000e-01
-1.482499122619628906e+00,9.646548032760620117e-01,4.397118985652923584e-01
3.543353974819183350e-01,-1.207192420959472656e+00,3.536855876445770264e-01
3.411138951778411865e-01,-1.535294532775878906e+00,1.871948599815368652e+00
1.529792785644531250e+00,-8.213284611701965332e-01,8.158436417579650879e-01
1.412924408912658691e+00,-1.727364540100097656e+00,5.238044857978820801e-01
-2.653636932373046875e-01,2.009700059890747070e+00,8.859577775001525879e-01
1.482769489288330078e+00,-7.599897384643554688e-01,1.162907719612121582e+00
-1.995307952165603638e-01,1.744913101196289062e+00,1.487103253602981567e-01
3.644584715366363525e-01,9.560432434082031250e-01,3.637878298759460449e-01
-1.485645413398742676e+00,8.198195695877075195e-01,1.545418739318847656e+00
-1.144372105598449707e+00,5.752229690551757812e-01,6.575439125299453735e-02
9.920310974121093750e-01,4.768371582031250000e-06,6.625068783760070801e-01
4.110897779464721680e-01,8.177276253700256348e-01,1.567036628723144531e+00
-8.014421463012695312e-01,-1.482088118791580200e-01,1.714301824569702148e+00
-1.072895050048828125e+00,2.668263316154479980e-01,1.721970558166503906e+00
-1.704980015754699707e+00,1.052768707275390625e+00,1.072156906127929688e+00
1.164328575134277344e+00,-4.871211647987365723e-01,7.064342498779296875e-02
1.011489868164062500e+00,4.730224645754788071e-06,8.617248535156250000e-01
1.314013481140136719e+00,-1.411615967750549316e+00,3.536855876445770264e-01
-1.707765579223632812e+00,1.070810317993164062e+00,1.325028657913208008e+00
-1.271224379539489746e+00,4.695081710815429688e-01,1.485180377960205078e+00
-8.908909559249877930e-01,1.854325056076049805e+00,3.536834716796875000e-01
-8.794186115264892578e-01,1.983642505365423858e-06,1.786386489868164062e+00
-6.503538489341735840e-01,1.172623515129089355e+00,3.536834716796875000e-01
8.842971324920654297e-01,-1.629482388496398926e+00,1.676747322082519531e+00
-1.995398700237274170e-01,1.744454383850097656e+00,5.154113769531250000e-01
-1.392264366149902344e+00,1.541621804237365723e+00,1.429759502410888672e+00
-6.904087066650390625e-01,-4.503028690814971924e-01,4.781084954738616943e-01
6.947921961545944214e-02,1.375018119812011719e+00,1.553344726562500000e-01
4.068260192871093750e-01,9.302201867103576660e-01,1.248522043228149414e+00
-1.144374012947082520e+00,5.752267837524414062e-01,2.762463390827178955e-01
8.698801994323730469e-01,-1.723666191101074219e+00,1.550724267959594727e+00
6.789804697036743164e-01,-1.592635035514831543e+00,1.864979743957519531e+00
-1.313027381896972656e+00,1.555812954902648926e+00,1.543517470359802246e+00
-1.279217600822448730e+00,5.353412628173828125e-01,1.614647746086120605e+00
-8.778548836708068848e-01,-1.188993453979492188e-01,1.509258389472961426e+00
-1.452965736389160156e+00,1.530750513076782227e+00,4.454095363616943359e-01
7.004334926605224609e-01,3.555669784545898438e-01,1.581019878387451172e+00
1.062214493751525879e+00,-1.063070297241210938e-01,1.316375374794006348e+00
-1.301172256469726562e+00,8.082548975944519043e-01,1.201438903808593750e-02
1.338920593261718750e-01,1.278695821762084961e+00,1.513611078262329102e+00
-1.161488533020019531e+00,1.582953095436096191e+00,1.776366591453552246e+00
-5.215697288513183594e-01,-7.600545883178710938e-01,8.872396945953369141e-01
-3.121423721313476562e-01,1.735068917274475098e+00,2.863720655441284180e-01
6.960896849632263184e-01,4.153518676757812500e-01,1.462075352668762207e+00
-1.750311851501464844e+00,1.204631209373474121e+00,5.203555226325988770e-01
-1.402851104736328125e+00,9.736751914024353027e-01,1.558178663253784180e-01
-1.331228256225585938e+00,6.998162865638732910e-01,1.820915460586547852e+00
1.272448539733886719e+00,-1.131133437156677246e+00,1.842600941658020020e+00
1.413314819335937500e+00,-1.112874507904052734e+00,1.613443851470947266e+00
-5.314153432846069336e-01,-5.856218338012695312e-01,1.649186611175537109e+00
-1.451759338378906250e-01,1.648758172988891602e+00,1.680500745773315430e+00
-7.102628946304321289e-01,2.005268573760986328e+00,5.009481906890869141e-01
1.480237722396850586e+00,-7.416114807128906250e-01,9.183872938156127930e-01
6.947963684797286987e-02,1.375018119812011719e+00,3.466650247573852539e-01
1.546906471252441406e+00,-1.095563054084777832e+00,1.393641829490661621e+00
3.720452785491943359e-01,7.677993774414062500e-01,1.827911615371704102e+00
4.474960267543792725e-02,1.211905360221862793e+00,7.006015777587890625e-01
3.346785604953765869e-01,-1.694992065429687500e+00,1.644334077835083008e+00
-5.252102017402648926e-01,-6.955699920654296875e-01,1.417854547500610352e+00
-1.083259582519531250e-01,1.642770171165466309e+00,1.558085083961486816e+00
-1.706367492675781250e+00,1.061767578125000000e+00,1.198338747024536133e+00
1.365358352661132812e+00,-9.175074696540832520e-01,2.053469866514205933e-01
-1.504251062870025635e-01,1.604799747467041016e+00,1.802849769592285156e+00
1.292514801025390625e-02,-1.462103486061096191e+00,1.539549469947814941e+00
-6.141915917396545410e-01,1.867657542228698730e+00,1.860496520996093750e+00
1.094719409942626953e+00,-4.155712127685546875e-01,1.886096149682998657e-01
6.024571657180786133e-01,-1.704615592956542969e+00,1.741407752037048340e+00
-1.708209753036499023e+00,1.073703765869140625e+00,6.993280053138732910e-01
8.648996353149414062e-01,-2.096096038818359375e+00,3.766973912715911865e-01
-3.274641036987304688e-01,2.021857023239135742e+00,1.481957316398620605e+00
-1.703598141670227051e+00,1.043803215026855469e+00,9.464480280876159668e-01
-2.173603326082229614e-01,-1.007311820983886719e+00,1.779565691947937012e+00
1.120265960693359375e+00,-5.378857851028442383e-01,3.239443898200988770e-01
1.494180917739868164e+00,-8.428125381469726562e-01,5.614553689956665039e-01
-9.251604080200195312e-01,-1.462153792381286621e-01,8.701137900352478027e-01
-2.693214416503906250e-01,-1.102055072784423828e+00,1.379067659378051758e+00
-1.241345405578613281e+00,7.254238724708557129e-01,7.801849395036697388e-02
1.973857879638671875e-01,-1.593086481094360352e+00,6.878295540809631348e-02
2.956619262695312500e-01,9.410001635551452637e-01,1.705239772796630859e+00
-1.717925667762756348e+00,1.136680603027343750e+00,1.459701299667358398e+00
1.490332007408142090e+00,-8.148689270019531250e-01,1.414190292358398438e+00
-1.231063842773437500e+00,4.241516888141632080e-01,4.503422379493713379e-01
-4.314346313476562500e-01,-7.724555730819702148e-01,1.569551944732666016e+00
1.132324457168579102e+00,-1.783085823059082031e+00,1.168068766593933105e+00
5.934698581695556641e-01,-1.828354835510253906e+00,1.526731491088867188e+00
-1.284821510314941406e+00,4.215505123138427734e-01,1.228736042976379395e+00
-2.893075942993164062e-01,2.014387130737304688e+00,1.358172774314880371e+00
-2.811735868453979492e-01,1.632794380187988281e+00,3.385775685310363770e-01
7.016372680664062500e-02,1.289963722229003906e+00,1.723184466361999512e+00
5.152378082275390625e-01,6.120682954788208008e-01,1.662325978279113770e+00
-1.621086359024047852e+00,1.350657463073730469e+00,3.536855876445770264e-01
1.562298893928527832e+00,-1.511862397193908691e+00,3.536834716796875000e-01
-8.699662089347839355e-01,-2.076940536499023438e-01,1.273484945297241211e+00
1.674025177955627441e+00,-1.172613382339477539e+00,3.536834716796875000e-01
-2.748851776123046875e-01,2.011563062667846680e+00,1.120966672897338867e+00
-1.259148955345153809e+00,3.700571060180664062e-01,1.001474738121032715e+00
2.234683185815811157e-01,-1.630938529968261719e+00,1.669321060180664062e+00
-5.876636505126953125e-01,-4.552725255489349365e-01,1.755964636802673340e+00
3.617454469203948975e-01,1.023381233215332031e+00,8.612829446792602539e-01
-1.585312962532043457e+00,1.172615885734558105e+00,3.536834716796875000e-01
-1.237707495689392090e+00,1.511870026588439941e+00,3.536834716796875000e-01
1.096692442893981934e+00,-1.854310750961303711e+00,3.536834716796875000e-01
1.466840744018554688e+00,-1.386778950691223145e+00,1.413477778434753418e+00
-1.623547196388244629e+00,1.337524414062500000e+00,1.541438817977905273e+00
-1.575997352600097656e+00,1.230085134506225586e+00,1.782465815544128418e+00
6.897834688425064087e-02,-1.437415122985839844e+00,1.792835950851440430e+00
1.437933564186096191e+00,-1.172612428665161133e+00,3.536834716796875000e-01
5.813331604003906250e-01,6.078028082847595215e-01,1.435962200164794922e+00
-2.701168060302734375e-01,2.010630369186401367e+00,1.003282904624938965e+00
1.090967416763305664e+00,-1.511864304542541504e+00,3.536834716796875000e-01
1.954526901245117188e-01,-1.825975656509399414e+00,1.341726183891296387e+00
-1.349792599678039551e+00,1.172620534896850586e+00,3.536834716796875000e-01
8.615453839302062988e-01,-1.854315280914306641e+00,3.536834716796875000e-01
-1.120278000831604004e+00,1.511859059333801270e+00,3.536825180053710938e-01
-1.273743867874145508e+00,4.902582168579101562e-01,1.903094500303268433e-01
-5.395634174346923828e-01,1.854324936866760254e+00,3.536834716796875000e-01
6.272500753402709961e-01,-1.854319095611572266e+00,3.536834716796875000e-01
9.738894701004028320e-01,-1.511866927146911621e+00,3.536834716796875000e-01
-8.862383961677551270e-01,1.511866688728332520e+00,3.536834716796875000e-01
3.935702443122863770e-01,-1.854310870170593262e+00,3.536834716796875000e-01
-1.115614175796508789e+00,1.172620534896850586e+00,3.536834716796875000e-01
1.199531793594360352e+00,-8.358405828475952148e-01,3.536834716796875000e-01
-2.985353469848632812e-01,2.016191005706787109e+00,5.383079648017883301e-01
-6.530749201774597168e-01,1.511879444122314453e+00,3.536834716796875000e-01
7.404226660728454590e-01,-1.511870384216308594e+00,3.536834716796875000e-01
1.852607727050781250e-01,-1.824150085449218750e+00,1.107838273048400879e+00
-8.825457692146301270e-01,1.172619342803955078e+00,3.536834716796875000e-01
-2.772874832153320312e-01,2.012033939361572266e+00,7.702102661132812500e-01
-1.112133502960205078e+00,8.358405828475952148e-01,3.536825180053710938e-01
-1.713988304138183594e+00,1.111168861389160156e+00,4.518600404262542725e-01
9.668081402778625488e-01,-8.358443975448608398e-01,3.536834716796875000e-01
-5.367446541786193848e-01,1.511866211891174316e+00,3.536834716796875000e-01
5.076839923858642578e-01,-1.511866092681884766e+00,3.536834716796875000e-01
8.866453170776367188e-01,-1.564120292663574219e+00,1.775979280471801758e+00
-3.044579923152923584e-01,1.511861801147460938e+00,3.536834716796875000e-01
2.754479944705963135e-01,-1.511866569519042969e+00,3.536834716796875000e-01
-8.798046708106994629e-01,8.358535766601562500e-01,3.536834716796875000e-01
-6.531047821044921875e-01,-4.521063864231109619e-01,1.530006408691406250e+00
-7.705392837524414062e-01,-1.487070173025131226e-01,1.826124191284179688e+00
1.698493957519531250e-01,1.274035573005676270e+00,1.395893216133117676e+00
6.941291689872741699e-02,1.383462905883789062e+00,1.507072448730468750e+00
6.213747859001159668e-01,-1.172618508338928223e+00,3.536834716796875000e-01
-9.937793016433715820e-01,5.008124709129333496e-01,3.536834716796875000e-01
8.508148193359375000e-01,-8.358409404754638672e-01,3.536834716796875000e-01
8.490505814552307129e-01,-5.008112192153930664e-01,3.536834716796875000e-01
-1.668810844421386719e+00,1.216532468795776367e+00,1.568915009498596191e+00
-7.639645338058471680e-01,8.358443379402160645e-01,3.536834716796875000e-01
6.194472908973693848e-01,-8.358538150787353516e-01,3.536834716796875000e-01
-7.624023556709289551e-01,5.008280873298645020e-01,3.536834716796875000e-01
-3.031907677650451660e-01,1.172616839408874512e+00,3.536834716796875000e-01
1.061405897140502930e+00,-9.858894348144531250e-02,1.201117515563964844e+00
-7.216979563236236572e-02,1.172626495361328125e+00,3.536834716796875000e-01
4.329864308238029480e-02,-1.172614693641662598e+00,3.536834716796875000e-01
-5.328466892242431641e-01,8.358501195907592773e-01,3.536834716796875000e-01
8.481829762458801270e-01,-1.668250262737274170e-01,3.536834716796875000e-01
7.327712774276733398e-01,1.668273657560348511e-01,3.536834716796875000e-01
7.335216999053955078e-01,-5.008180141448974609e-01,3.536834716796875000e-01
5.039904713630676270e-01,-8.358405232429504395e-01,3.536834716796875000e-01
-7.615960240364074707e-01,1.668244004249572754e-01,3.536834716796875000e-01
-6.469938755035400391e-01,5.008234381675720215e-01,3.536834716796875000e-01
-3.022463917732238770e-01,-8.358529210090637207e-01,3.536834716796875000e-01
-4.174941778182983398e-01,8.358502984046936035e-01,3.536834716796875000e-01
6.175430417060852051e-01,-1.668306440114974976e-01,3.536834716796875000e-01
3.291024267673492432e-01,-1.833370208740234375e+00,1.429495453834533691e+00
3.886666893959045410e-01,8.358399271965026855e-01,3.536834716796875000e-01
1.582867354154586792e-01,8.358557820320129395e-01,3.536834716796875000e-01
2.734512388706207275e-01,-8.358595371246337891e-01,3.536834716796875000e-01
-6.463215351104736328e-01,-1.668264418840408325e-01,3.536834716796875000e-01
-1.870724409818649292e-01,-8.358402252197265625e-01,3.536834716796875000e-01
-1.870724409818649292e-01,8.358405828475952148e-01,3.536834716796875000e-01
6.175430417060852051e-01,1.668307483196258545e-01,3.536834716796875000e-01
4.316253587603569031e-02,-8.358308076858520508e-01,3.536834716796875000e-01
4.316253587603569031e-02,8.358306884765625000e-01,3.536834716796875000e-01
5.029690265655517578e-01,5.008317232131958008e-01,3.536834716796875000e-01
5.029690265655517578e-01,-5.008316636085510254e-01,3.536834716796875000e-01
-5.317330956459045410e-01,-5.008052587509155273e-01,3.536834716796875000e-01
-4.086875915527343750e-02,1.631807684898376465e+00,1.317752003669738770e+00
-4.166320562362670898e-01,5.008181929588317871e-01,3.536834716796875000e-01
1.935729980468750000e-01,-1.825638651847839355e+00,6.463443040847778320e-01
1.074922084808349609e+00,-2.272129058837890625e-01,1.564567089080810547e+00
1.753273010253906250e-01,-1.822370529174804688e+00,8.755392432212829590e-01
3.874862492084503174e-01,1.668328195810317993e-01,3.536834716796875000e-01
5.024343729019165039e-01,-1.668255776166915894e-01,3.536834716796875000e-01
-5.311772227287292480e-01,1.668196618556976318e-01,3.536834716796875000e-01
2.729067802429199219e-01,-5.008606314659118652e-01,3.536834716796875000e-01
2.729067802429199219e-01,5.008605718612670898e-01,3.536834716796875000e-01
-3.016259670257568359e-01,-5.008245110511779785e-01,3.536834716796875000e-01
-4.162306189537048340e-01,-1.668375432491302490e-01,3.536834716796875000e-01
-7.180266827344894409e-02,-5.008715391159057617e-01,3.536834716796875000e-01
-1.866957098245620728e-01,5.008444786071777344e-01,3.536834716796875000e-01
4.308013990521430969e-02,-5.008506774902343750e-01,3.536834716796875000e-01
4.308013990521430969e-02,5.008506178855895996e-01,3.536834716796875000e-01
2.726153433322906494e-01,-1.668357402086257935e-01,3.536834716796875000e-01
-3.013040125370025635e-01,1.668213307857513428e-01,3.536834716796875000e-01
-1.864704787731170654e-01,-1.668041199445724487e-01,3.536834716796875000e-01
4.303710907697677612e-02,1.668540537357330322e-01,3.536834716796875000e-01
1.578396558761596680e-01,-1.668716371059417725e-01,3.536834716796875000e-01
2.726150453090667725e-01,1.668356060981750488e-01,3.536834716796875000e-01
-7.175415009260177612e-02,-1.668973565101623535e-01,3.536834716796875000e-01
-7.175415009260177612e-02,1.668973565101623535e-01,3.536834716796875000e-01
1.060551762580871582e+00,-9.048557281494140625e-02,1.086290836334228516e+00
1.266550064086914062e+00,-1.709786891937255859e+00,1.052670598030090332e+00
-3.178405761718750000e-02,1.630330324172973633e+00,1.088146448135375977e+00
-1.241345405578613281e+00,7.254238724708557129e-01,3.277691602706909180e-01
6.181805133819580078e-01,5.008318424224853516e-01,3.536834716796875000e-01
8.933324813842773438e-01,4.692077709478326142e-06,1.696955084800720215e+00
-5.126285552978515625e-02,-1.452730059623718262e+00,1.302420020103454590e+00
-1.028089523315429688e-01,1.641874313354492188e+00,4.113769531250000000e-01
1.066203474998474121e+00,-1.442556381225585938e-01,4.099618494510650635e-01
-2.262592315673828125e-02,1.628842473030090332e+00,8.600300550460815430e-01
-7.939071655273437500e-01,1.956818342208862305e+00,1.007672429084777832e+00
-1.028089523315429688e-01,1.641873717308044434e+00,1.843307465314865112e-01
6.787444651126861572e-02,-1.574389457702636719e+00,1.473679423332214355e+00
-9.754762649536132812e-01,1.454050093889236450e-01,1.785575985908508301e+00
1.062981128692626953e+00,-1.135730743408203125e-01,6.347051858901977539e-01
-4.552158117294311523e-01,1.935526847839355469e+00,1.784828782081604004e+00
-6.067657470703125000e-02,-1.451354503631591797e+00,1.075441122055053711e+00
1.541278064250946045e-01,-1.461441874504089355e+00,8.297920227050781250e-03
-1.607678055763244629e+00,1.422202110290527344e+00,1.327773094177246094e+00
-1.598072052001953125e-02,-1.457882046699523926e+00,6.297504901885986328e-01
5.800896286964416504e-01,-1.574997782707214355e+00,1.955057144165039062e+00
-1.598072052001953125e-02,-1.457881689071655273e+00,4.055309891700744629e-01
-1.034255981445312500e+00,1.444576978683471680e-01,1.568304657936096191e+00
1.933660507202148438e-01,1.270987629890441895e+00,1.169705152511596680e+00
-1.598167419433593750e-02,-1.457880854606628418e+00,1.817114204168319702e-01
-7.008647918701171875e-02,-1.449980139732360840e+00,8.499595522880554199e-01
9.549322128295898438e-01,4.692077709478326142e-06,1.478870511054992676e+00
1.976757049560546875e-01,1.270426869392395020e+00,1.058266878128051758e+00
5.883884429931640625e-02,-1.288420557975769043e+00,2.916775345802307129e-01
5.883979797363281250e-02,-1.288422703742980957e+00,6.942779570817947388e-02
-8.687128424644470215e-01,-2.218065261840820312e-01,1.051027655601501465e+00
1.355815887451171875e+00,-1.692310571670532227e+00,8.444460630416870117e-01
1.091249942779541016e+00,-3.825664520263671875e-01,3.037649393081665039e-01
-7.000793516635894775e-02,1.460489153861999512e+00,1.810073852539062500e-03
1.159828186035156250e+00,-2.849444150924682617e-01,4.537060558795928955e-01
-2.839336395263671875e-01,-1.100400090217590332e+00,1.266659021377563477e+00
3.656756579875946045e-01,9.258794784545898438e-01,1.484824776649475098e+00
2.039995193481445312e-01,1.269609332084655762e+00,8.366378545761108398e-01
-1.171198844909667969e+00,4.270471930503845215e-01,1.748666048049926758e+00
1.314640045166015625e-01,1.279010772705078125e+00,3.999514579772949219e-01
-1.008675694465637207e+00,1.692795753479003906e+00,1.752083301544189453e+00
1.304235458374023438e-01,1.279144883155822754e+00,1.792309582233428955e-01
-1.551284790039062500e-01,1.437562704086303711e+00,1.791787743568420410e-01
-1.064208984375000000e+00,1.439742296934127808e-01,1.461193203926086426e+00
1.221027374267578125e+00,-1.718699336051940918e+00,1.158810973167419434e+00
-2.928295135498046875e-01,-1.099391341209411621e+00,1.045944452285766602e+00
1.203290700912475586e+00,-1.172621607780456543e+00,3.536834716796875000e-01
-2.026570886373519897e-01,1.615514755249023438e+00,6.168316602706909180e-01
1.440020561218261719e+00,-1.675825715065002441e+00,6.415098309516906738e-01
-1.982615590095520020e-01,1.797459602355957031e+00,1.528924584388732910e+00
-1.358699798583984375e+00,6.975985765457153320e-01,1.715091824531555176e+00
-2.969360351562500000e-01,-1.098927617073059082e+00,8.270809650421142578e-01
4.109449386596679688e-01,9.298207163810729980e-01,1.139586567878723145e+00
1.144623756408691406e+00,-2.854346930980682373e-01,1.448608040809631348e+00
1.269723892211914062e+00,-5.633863210678100586e-01,1.630201697349548340e+00
-9.998002648353576660e-01,1.765898704528808594e+00,1.545628666877746582e+00
-8.679804205894470215e-01,-2.300252914428710938e-01,8.307531476020812988e-01
4.046848118305206299e-01,-1.602448940277099609e+00,1.814856529235839844e+00
-2.849512100219726562e-01,-1.100285649299621582e+00,7.190780639648437500e-01
-1.310981392860412598e+00,1.501398086547851562e+00,1.701185703277587891e+00
6.911910772323608398e-01,4.828252792358398438e-01,1.236095666885375977e+00
-2.680568695068359375e-01,-1.102197170257568359e+00,5.024067759513854980e-01
