-9.947568178176879883e-01,-1.196992874145507812e+00,1.203530430793762207e+00
8.435544967651367188e-01,1.974123954772949219e+00,4.139675796031951904e-01
6.638613939285278320e-01,2.611072957515716553e-01,1.899569511413574219e+00
6.039236187934875488e-01,-1.463283061981201172e+00,2.093124389648437500e-02
-7.393226623535156250e-01,7.476000189781188965e-01,4.765864312648773193e-01
-3.337893486022949219e-01,1.857351660728454590e+00,1.905424118041992188e+00
5.138053894042968750e-01,-1.541662812232971191e+00,1.680893421173095703e+00
8.481832742691040039e-01,1.668252199888229370e-01,3.536834716796875000e-01
-7.353954315185546875e-01,1.492737233638763428e-01,1.726610183715820312e+00
-4.404687285423278809e-01,-2.196811199188232422e+00,4.878033399581909180e-01
9.681715965270996094e-01,1.610770702362060547e+00,1.772350311279296875e+00
-4.453874528408050537e-01,2.109630107879638672e+00,5.812347531318664551e-01
-3.016259670257568359e-01,-5.008245110511779785e-01,3.536834716796875000e-01
-9.810209274291992188e-01,-1.316964864730834961e+00,6.312713772058486938e-02
7.696399688720703125e-01,-5.956577062606811523e-01,1.198181629180908203e+00
-2.346478998661041260e-01,-7.783256173133850098e-01,1.973376274108886719e+00
9.751529693603515625e-01,8.751109242439270020e-01,1.072534441947937012e+00
1.587820351123809814e-01,1.172628641128540039e+00,3.536834716796875000e-01
-3.519697487354278564e-01,-1.958504438400268555e+00,1.464550018310546875e+00
3.197900950908660889e-01,2.064508914947509766e+00,1.208307027816772461e+00
-6.975164413452148438e-01,1.053559184074401855e+00,1.424353003501892090e+00
1.231896206736564636e-01,1.039054036140441895e+00,1.982930183410644531e+00
5.891650915145874023e-01,-1.887633323669433594e+00,8.708399534225463867e-01
9.622068405151367188e-01,1.171342134475708008e+00,6.311859190464019775e-02
-8.776397705078125000e-01,-1.469810903072357178e-01,8.746700882911682129e-01
-5.190179347991943359e-01,1.461934328079223633e+00,1.173305511474609375e-02
7.465562820434570312e-01,-5.971477031707763672e-01,3.726861476898193359e-01
4.831735789775848389e-01,-5.217768549919128418e-01,1.914666175842285156e+00
-7.247131317853927612e-02,-1.511870503425598145e+00,3.536834716796875000e-01
4.303710907697677612e-02,1.668541878461837769e-01,3.536834716796875000e-01
-5.607421696186065674e-02,1.972913651115959510e-06,1.979434013366699219e+00
-9.995112419128417969e-01,-1.768260955810546875e+00,7.023296952247619629e-01
1.094227790832519531e+00,1.743523359298706055e+00,1.073440670967102051e+00
-6.940051913261413574e-01,-1.314402103424072266e+00,1.912234306335449219e+00
-5.410709381103515625e-01,1.381207108497619629e+00,7.030508518218994141e-01
6.905908584594726562e-01,-1.206545710563659668e+00,7.950799465179443359e-01
-6.060838699340820312e-01,1.996741294860839844e+00,1.244067549705505371e+00
1.602816730737686157e-01,1.854323029518127441e+00,3.536834716796875000e-01
-9.222278594970703125e-01,-7.328341007232666016e-01,4.671734571456909180e-01
3.289077281951904297e-01,1.838258743286132812e+00,1.900122165679931641e+00
8.572883605957031250e-01,8.865401148796081543e-01,1.817208766937255859e+00
-8.617095947265625000e-01,-4.420170485973358154e-01,1.495859026908874512e+00
-5.665099993348121643e-02,-1.571604609489440918e+00,1.972419738769531250e+00
8.581571578979492188e-01,4.301070930523565039e-06,9.787731766700744629e-01
-7.989206314086914062e-01,4.450539946556091309e-01,1.089646100997924805e+00
1.770267486572265625e-01,-2.253932237625122070e+00,4.050628542900085449e-01
-6.463217139244079590e-01,1.668266654014587402e-01,3.536834716796875000e-01
6.335225701332092285e-02,-2.135732650756835938e+00,1.018764615058898926e+00
-4.155224561691284180e-01,7.818048596382141113e-01,1.937592506408691406e+00
1.582870483398437500e-01,-8.358560800552368164e-01,3.536834716796875000e-01
6.194472908973693848e-01,8.358539342880249023e-01,3.536834716796875000e-01
3.040434122085571289e-01,-1.044387459754943848e+00,1.941731452941894531e+00
-5.345064997673034668e-01,-1.172614216804504395e+00,3.536825180053710938e-01
-5.134338140487670898e-01,1.319597959518432617e+00,1.880299568176269531e+00
-8.285732865333557129e-01,-1.660505056381225586e+00,1.518327713012695312e+00
8.154115676879882812e-01,1.492647171020507812e+00,6.843588352203369141e-01
2.117643654346466064e-01,5.180354714393615723e-01,1.972457885742187500e+00
5.771199464797973633e-01,1.308277845382690430e+00,1.949892997741699219e+00
2.301332056522369385e-01,-1.955102324485778809e+00,1.479381561279296875e+00
5.103496909141540527e-01,-1.854320526123046875e+00,3.536834716796875000e-01
6.819238662719726562e-01,-1.207668304443359375e+00,1.323177933692932129e+00
-7.829478383064270020e-01,-7.882151603698730469e-01,1.871439933776855469e+00
-5.033459067344665527e-01,-2.598111927509307861e-01,1.940001487731933594e+00
-7.089024782180786133e-01,-2.020618915557861328e+00,1.037714838981628418e+00
-9.454765319824218750e-01,-7.309576272964477539e-01,9.725782275199890137e-01
8.758201599121093750e-01,2.940989732742309570e-01,1.388898611068725586e+00
-9.953189492225646973e-01,-1.203328132629394531e+00,7.019982933998107910e-01
9.191074371337890625e-01,5.860056877136230469e-01,6.692591905593872070e-01
7.167418003082275391e-01,1.956985831260681152e+00,1.471170425415039062e+00
-1.906153857707977295e-01,2.113777637481689453e+00,1.021874308586120605e+00
-1.870724409818649292e-01,8.358405828475952148e-01,3.536834716796875000e-01
5.024343729019165039e-01,-1.668255627155303955e-01,3.536834716796875000e-01
-1.884419173002243042e-01,1.511859893798828125e+00,3.536834716796875000e-01
-1.916111707687377930e-01,2.072575092315673828e+00,1.477643847465515137e+00
5.076839923858642578e-01,1.511866211891174316e+00,3.536834716796875000e-01
9.724359512329101562e-01,1.170016288757324219e+00,1.488353729248046875e+00
7.387638092041015625e-01,-2.985174059867858887e-01,1.620622038841247559e+00
3.197918236255645752e-01,2.064442157745361328e+00,7.613958716392517090e-01
-5.892534255981445312e-01,1.685438990592956543e+00,1.563140988349914551e+00
6.499786376953125000e-01,-9.066432714462280273e-01,1.642979741096496582e+00
-5.931949615478515625e-01,1.684733390808105469e+00,3.840920925140380859e-01
-6.253877282142639160e-01,1.079151153564453125e+00,1.998446583747863770e-01
-4.694950878620147705e-01,-1.682593345642089844e+00,1.840807795524597168e+00
-6.872673034667968750e-01,1.359859108924865723e+00,1.113263249397277832e+00
5.038229227066040039e-01,-1.168571829795837402e+00,3.178548812866210938e-01
8.036756515502929688e-01,-2.964246571063995361e-01,6.767109632492065430e-01
-6.565014719963073730e-01,-1.854324579238891602e+00,3.536834716796875000e-01
5.972372889518737793e-01,-1.776483535766601562e+00,1.348087906837463379e+00
-1.048173904418945312e+00,-1.603244185447692871e+00,1.075738310813903809e+00
3.878631591796875000e-01,5.008115768432617188e-01,3.536834716796875000e-01
-4.132992327213287354e-01,2.595668435096740723e-01,1.947419166564941406e+00
-4.166322350502014160e-01,5.008183121681213379e-01,3.536834716796875000e-01
9.622058868408203125e-01,1.171340465545654297e+00,4.674853384494781494e-01
3.400703519582748413e-02,1.572123646736145020e+00,1.969754219055175781e+00
-7.101155519485473633e-01,5.399200916290283203e-01,1.633351325988769531e+00
-8.907424807548522949e-01,-1.519550561904907227e+00,4.063014984130859375e-01
8.434223532676696777e-01,1.975367546081542969e+00,8.638916015625000000e-01
8.915307521820068359e-01,1.517645835876464844e+00,2.481701672077178955e-01
-9.197434186935424805e-01,-8.291073441505432129e-01,1.449691772460937500e+00
-8.479995727539062500e-01,-1.474587172269821167e-01,4.695272743701934814e-01
-7.243223190307617188e-01,1.050522923469543457e+00,7.906509041786193848e-01
6.137781143188476562e-01,-1.525416493415832520e+00,5.935171246528625488e-01
6.489343643188476562e-01,-1.519702553749084473e+00,1.014309048652648926e+00
3.905435204505920410e-01,1.893043531708826777e-06,1.952229499816894531e+00
4.821670353412628174e-01,7.803577780723571777e-01,1.952482223510742188e+00
-6.553497314453125000e-01,1.673601388931274414e+00,9.101220369338989258e-01
3.341789171099662781e-02,-5.178347826004028320e-01,1.975997924804687500e+00
-3.269139826297760010e-01,-1.304775238037109375e+00,1.971492767333984375e+00
1.085275650024414062e+00,1.745278000831604004e+00,6.680954098701477051e-01
7.185058593750000000e-01,-8.999975323677062988e-01,5.820118784904479980e-01
-9.432716369628906250e-01,-1.322477221488952637e+00,1.600811004638671875e+00
-7.856264114379882812e-01,4.456974565982818604e-01,6.784796118736267090e-01
3.181565105915069580e-01,-2.104961872100830078e+00,7.575083971023559570e-01
7.345647811889648438e-01,-8.984403014183044434e-01,9.966586232185363770e-01
8.659038543701171875e-01,5.894392728805541992e-01,1.600866913795471191e+00
-1.889499425888061523e-01,-2.182578086853027344e+00,7.496717572212219238e-01
-1.894320696592330933e-01,-1.854306936264038086e+00,3.536834716796875000e-01
-8.647985458374023438e-01,-1.471880376338958740e-01,1.286617279052734375e+00
-8.976917266845703125e-01,-4.402766227722167969e-01,6.702276468276977539e-01
7.385873794555664062e-01,8.980498313903808594e-01,6.843414306640625000e-01
-1.449709981679916382e-01,5.183952450752258301e-01,1.966874122619628906e+00
1.021029472351074219e+00,1.163716316223144531e+00,8.680096268653869629e-01
-9.433908462524414062e-01,-1.025712251663208008e+00,2.652041614055633545e-01
1.048466682434082031e+00,1.454772114753723145e+00,1.277123689651489258e+00
-3.031909167766571045e-01,1.172617077827453613e+00,3.536834716796875000e-01
4.329864308238029480e-02,-1.172614932060241699e+00,3.536834716796875000e-01
-4.174941778182983398e-01,-8.358503580093383789e-01,3.536825180053710938e-01
2.729067802429199219e-01,-5.008608102798461914e-01,3.536834716796875000e-01
-1.864703297615051270e-01,-1.668042391538619995e-01,3.536834716796875000e-01
3.226987421512603760e-01,1.992333412170410156e+00,1.585462570190429688e+00
1.602816730737686157e-01,-1.854318380355834961e+00,3.536834716796875000e-01
-4.205499291419982910e-01,-1.511859059333801270e+00,3.536834716796875000e-01
2.754479944705963135e-01,-1.511866927146911621e+00,3.536834716796875000e-01
2.734512388706207275e-01,8.358594179153442383e-01,3.536834716796875000e-01
7.335216999053955078e-01,5.008180141448974609e-01,3.536834716796875000e-01
-6.469939947128295898e-01,-5.008233785629272461e-01,3.536834716796875000e-01
-7.180266827344894409e-02,5.008716583251953125e-01,3.536834716796875000e-01
-3.013040125370025635e-01,1.668213456869125366e-01,3.536834716796875000e-01
1.578396558761596680e-01,-1.668716371059417725e-01,3.536834716796875000e-01
5.103506445884704590e-01,1.854323387145996094e+00,3.536834716796875000e-01
-1.894319057464599609e-01,1.854319691658020020e+00,3.536834716796875000e-01
1.594467163085937500e-01,1.511876344680786133e+00,3.536834716796875000e-01
5.055724978446960449e-01,1.172629594802856445e+00,3.536834716796875000e-01
-7.838554382324218750e-01,-4.457825124263763428e-01,1.825384616851806641e+00
5.760507583618164062e-01,-1.221387863159179688e+00,1.770766615867614746e+00
-5.311773419380187988e-01,-1.668196469545364380e-01,3.536834716796875000e-01
-7.020711898803710938e-01,-2.097495079040527344e+00,6.719598174095153809e-01
-7.558622360229492188e-01,7.462644577026367188e-01,1.306025862693786621e+00
3.874862492084503174e-01,1.668328195810317993e-01,3.536834716796875000e-01
1.052652359008789062e+00,1.751664996147155762e+00,1.490664601325988770e+00
-6.161308288574218750e-01,1.994605660438537598e+00,9.197257757186889648e-01
-7.688264846801757812e-01,7.452178001403808594e-01,8.878676891326904297e-01
8.080463409423828125e-01,4.253387487551663071e-06,1.502886295318603516e+00
9.183969497680664062e-01,8.814248442649841309e-01,1.972711086273193359e-01
-7.987852096557617188e-01,-1.482529342174530029e-01,1.609493017196655273e+00
-6.454496383666992188e-01,1.675374865531921387e+00,1.231063365936279297e+00
-1.467342376708984375e-01,1.307019472122192383e+00,1.957689285278320312e+00
-6.306543350219726562e-01,1.368126153945922852e+00,1.548135638236999512e+00
5.039904713630676270e-01,-8.358405828475952148e-01,3.536834716796875000e-01
-6.341667175292968750e-01,1.367613554000854492e+00,3.804217576980590820e-01
-8.137111663818359375e-01,1.480105966329574585e-01,1.397808194160461426e+00
7.709436416625976562e-01,-5.955737233161926270e-01,7.833054661750793457e-01
1.241098791360855103e-01,-1.306464672088623047e+00,1.961042404174804688e+00
8.141641616821289062e-01,-2.960864305496215820e-01,1.087134957313537598e+00
-5.063475370407104492e-01,-1.042729020118713379e+00,1.954566955566406250e+00
6.473390758037567139e-02,1.964247703552246094e+00,1.775702357292175293e+00
-1.911565959453582764e-01,-2.091384887695312500e+00,1.203589797019958496e+00
7.217731475830078125e-01,-5.987470746040344238e-01,1.520147323608398438e+00
-5.602546408772468567e-02,-1.039731144905090332e+00,1.977707862854003906e+00
-8.384704589843750000e-01,1.476128399372100830e-01,9.810084104537963867e-01
9.291391372680664062e-01,5.853585600852966309e-01,1.280046463012695312e+00
9.016904830932617188e-01,2.932654917240142822e-01,8.727038502693176270e-01
5.795467495918273926e-01,2.020089149475097656e+00,1.036434888839721680e+00
2.116883844137191772e-01,-2.590590417385101318e-01,1.964573860168457031e+00
-1.973086446523666382e-01,-1.836801528930664062e+00,1.709654927253723145e+00
-9.035444259643554688e-01,-4.399922192096710205e-01,1.179726243019104004e+00
6.371238827705383301e-02,2.091035366058349609e+00,5.816974043846130371e-01
-7.215270996093750000e-01,-1.050839543342590332e+00,6.867640614509582520e-01
-7.250671386718750000e-01,1.050438642501831055e+00,1.104123473167419434e+00
7.245283126831054688e-01,-8.994132876396179199e-01,1.312330007553100586e+00
6.031172275543212891e-01,1.695524215698242188e+00,1.936871886253356934e+00
9.573478698730468750e-01,8.768374323844909668e-01,1.382226347923278809e+00
-4.833011627197265625e-01,1.077819824218750000e+00,5.977718830108642578e-01
-8.819093704223632812e-01,-1.032675504684448242e+00,1.709945917129516602e+00
1.057551383972167969e+00,1.453295826911926270e+00,9.699862599372863770e-01
-7.722501754760742188e-01,4.463441371917724609e-01,3.713134825229644775e-01
1.011829376220703125e+00,1.164911150932312012e+00,1.174059391021728516e+00
9.384365081787109375e-01,5.847586989402770996e-01,9.721963405609130859e-01
-6.186561584472656250e-01,1.062490463256835938e+00,1.759314894676208496e+00
7.875204086303710938e-01,-2.969458997249603271e-01,3.704583644866943359e-01
1.067402839660644531e+00,1.748775243759155273e+00,3.658325076103210449e-01
-8.232564926147460938e-01,1.478572487831115723e-01,6.750071644783020020e-01
8.424081802368164062e-01,4.491806066653225571e-06,6.735110282897949219e-01
-4.004259109497070312e-01,1.719257593154907227e+00,6.086805462837219238e-01
3.210614323616027832e-01,-2.032905578613281250e+00,1.122864007949829102e+00
8.983316421508789062e-01,1.179620623588562012e+00,1.815665602684020996e+00
5.795792341232299805e-01,2.019635200500488281e+00,5.884756445884704590e-01
-4.457162320613861084e-01,-2.103813171386718750e+00,9.355076551437377930e-01
-9.807958602905273438e-01,-1.021475672721862793e+00,9.718160629272460938e-01
-7.143124341964721680e-01,-1.959703445434570312e+00,1.319767713546752930e+00
7.769994735717773438e-01,1.195343613624572754e+00,6.839950680732727051e-01
-9.930364489555358887e-01,-1.821600914001464844e+00,4.226049780845642090e-01
-1.906314045190811157e-01,-2.200746059417724609e+00,3.536834716796875000e-01
-4.503174126148223877e-01,2.022301197052001953e+00,1.580760121345520020e+00
-3.301252722740173340e-01,1.578093409538269043e+00,1.939260482788085938e+00
2.126715034246444702e-01,-7.797073721885681152e-01,1.959204673767089844e+00
7.577955722808837891e-01,5.243132114410400391e-01,1.875148773193359375e+00
2.138901501893997192e-01,1.303345203399658203e+00,1.980254173278808594e+00
8.556035161018371582e-01,1.859469413757324219e+00,1.713799357414245605e+00
-2.360934466123580933e-01,1.042891860008239746e+00,1.953249931335449219e+00
7.303810119628906250e-01,4.339217866800026968e-06,1.833831906318664551e+00
5.734271407127380371e-01,-2.610633373260498047e-01,1.900901794433593750e+00
3.349525481462478638e-02,7.778334617614746094e-01,1.978585243225097656e+00
6.658915281295776367e-01,1.044908165931701660e+00,1.937716484069824219e+00
-5.054841041564941406e-01,5.215542912483215332e-01,1.918001174926757812e+00
6.039034724235534668e-01,-1.139647245407104492e+00,6.256103515625000000e-02
8.434702754020690918e-01,1.974909782409667969e+00,1.227684617042541504e+00
-4.134811162948608398e-01,-5.190928578376770020e-01,1.956326484680175781e+00
2.161691188812255859e-01,-1.577664136886596680e+00,1.941437721252441406e+00
1.223407685756683350e-01,2.586422860622406006e-01,1.976882934570312500e+00
-7.632751464843750000e-01,-1.348760604858398438e+00,6.865352988243103027e-01
-1.446195989847183228e-01,-2.587083280086517334e-01,1.975152969360351562e+00
-6.971943974494934082e-01,-2.152407169342041016e+00,4.041399955749511719e-01
3.059695363044738770e-01,1.571045637130737305e+00,1.975263595581054688e+00
-5.953600406646728516e-01,2.064704858639743179e-06,1.905579566955566406e+00
6.381902843713760376e-02,2.077862739562988281e+00,1.385618925094604492e+00
6.371030956506729126e-02,2.091289043426513672e+00,1.113767385482788086e+00
6.381013989448547363e-02,-2.078873634338378906e+00,1.295147657394409180e+00
8.048458695411682129e-01,-2.785803079605102539e-01,1.357462882995605469e+00
3.932366073131561279e-01,1.041692614555358887e+00,1.962581634521484375e+00
-1.906312853097915649e-01,2.113010406494140625e+00,4.924020171165466309e-01
5.777387022972106934e-01,-7.879841923713684082e-01,1.873808860778808594e+00
3.197926580905914307e-01,2.064442157745361328e+00,4.073971509933471680e-01
6.277755647897720337e-02,-2.207080364227294922e+00,6.600634455680847168e-01
-3.232942223548889160e-01,2.069473111987463199e-06,1.957914352416992188e+00
5.874591469764709473e-01,1.911135673522949219e+00,1.698054194450378418e+00
6.370889395475387573e-02,2.091471195220947266e+00,8.467559814453125000e-01
-1.906138807535171509e-01,2.113733291625976562e+00,7.562738060951232910e-01
6.137790679931640625e-01,-1.525415658950805664e+00,2.766934037208557129e-01
6.582727283239364624e-02,-1.828478813171386719e+00,1.710955023765563965e+00
-5.046891570091247559e-01,-7.804301381111145020e-01,1.951700210571289062e+00
-4.490146636962890625e-01,-2.045412063598632812e+00,1.212159395217895508e+00
-5.836095809936523438e-01,2.001518726348876953e+00,3.869167864322662354e-01
4.810645282268524170e-01,5.194956660270690918e-01,1.949925422668457031e+00
5.919635295867919922e-01,-1.849098205566406250e+00,6.010491847991943359e-01
-1.447148174047470093e-01,2.588786780834197998e-01,1.969868659973144531e+00
3.905758559703826904e-01,2.593328356742858887e-01,1.954859733581542969e+00
-1.016065597534179688e+00,-1.311846852302551270e+00,9.720672369003295898e-01
6.385202407836914062e-01,-1.521395325660705566e+00,1.335611224174499512e+00
-2.126366794109344482e-01,-1.202623367309570312e+00,3.536855876445770264e-01
-7.932320237159729004e-01,-1.071384429931640625e+00,6.208282336592674255e-02
3.315325975418090820e-01,-1.773060798645019531e+00,1.628876924514770508e+00
-5.328468084335327148e-01,8.358504772186279297e-01,3.536834716796875000e-01
-7.758169174194335938e-01,4.461723864078521729e-01,1.405033111572265625e+00
8.754148483276367188e-01,2.941124141216278076e-01,5.697972178459167480e-01
-7.787356972694396973e-01,-1.234580993652343750e+00,3.536855876445770264e-01
9.998474121093750000e-01,1.462673664093017578e+00,4.677340686321258545e-01
-6.018814072012901306e-02,-1.943569421768188477e+00,1.529649734497070312e+00
-6.585111618041992188e-01,7.541235089302062988e-01,1.746376276016235352e+00
9.700975418090820312e-01,8.756020665168762207e-01,7.683987021446228027e-01
-8.454504013061523438e-01,-1.945862889289855957e+00,7.926913499832153320e-01
-8.801012039184570312e-01,-4.411275684833526611e-01,3.669738769531250000e-01
-4.450004398822784424e-01,2.116487979888916016e+00,1.111950397491455078e+00
3.981324732303619385e-01,-1.316266775131225586e+00,1.900735855102539062e+00
-1.015247821807861328e+00,-1.427638053894042969e+00,5.885083079338073730e-01
-4.713644385337829590e-01,1.649438858032226562e+00,1.506265252828598022e-01
-5.355596542358398438e-01,1.695055842399597168e+00,1.791685104370117188e+00
6.779638528823852539e-01,-5.330314636230468750e-01,1.740186691284179688e+00
-4.227580130100250244e-01,-1.854316711425781250e+00,3.536834716796875000e-01
-6.530752182006835938e-01,-1.511879682540893555e+00,3.536834716796875000e-01
-4.205499291419982910e-01,1.511858820915222168e+00,3.536834716796875000e-01
-1.937233507633209229e-01,1.985079765319824219e+00,1.771559715270996094e+00
7.373379468917846680e-01,1.172620773315429688e+00,3.536834716796875000e-01
7.988367080688476562e-01,2.965807318687438965e-01,1.715454339981079102e+00
2.743038833141326904e-01,-1.172632932662963867e+00,3.536834716796875000e-01
-7.216979563236236572e-02,1.172626495361328125e+00,3.536834716796875000e-01
-6.483173966407775879e-01,-8.358358740806579590e-01,3.536834716796875000e-01
-1.870724409818649292e-01,-8.358404636383056641e-01,3.536834716796875000e-01
4.316253587603569031e-02,8.358308076858520508e-01,3.536834716796875000e-01
5.029693245887756348e-01,-5.008317232131958008e-01,3.536834716796875000e-01
6.175430417060852051e-01,1.668307334184646606e-01,3.536834716796875000e-01
-7.150748968124389648e-01,-1.622071146965026855e+00,1.714617729187011719e+00
4.308013990521430969e-02,-5.008506774902343750e-01,3.536834716796875000e-01
1.579617261886596680e-01,5.008289813995361328e-01,3.536834716796875000e-01
9.883279800415039062e-01,1.464545607566833496e+00,1.596810936927795410e+00
-4.612208306789398193e-01,-1.829177856445312500e+00,1.619027495384216309e+00
-9.433908462524414062e-01,-1.025712251663208008e+00,5.688723921775817871e-01
6.543712615966796875e-01,-1.211237311363220215e+00,4.834081828594207764e-01
6.314859390258789062e-01,-1.214205265045166016e+00,1.544565081596374512e+00
-4.447144269943237305e-01,2.121553897857666016e+00,8.448501229286193848e-01
-7.471361160278320312e-01,-1.490837633609771729e-01,1.830754637718200684e+00
5.683002471923828125e-01,-1.846486926078796387e+00,1.136831998825073242e+00
-3.287012279033660889e-01,-1.571284651756286621e+00,1.974027633666992188e+00
-7.104511260986328125e-01,7.499311566352844238e-01,1.523784160614013672e+00
5.795502662658691406e-01,2.020036697387695312e+00,1.308162093162536621e+00
9.071884155273437500e-01,8.817013502120971680e-01,1.597782850265502930e+00
-9.810209274291992188e-01,-1.316964983940124512e+00,3.663333058357238770e-01
9.057495594024658203e-01,1.382378578186035156e+00,6.001373007893562317e-02
-8.685668706893920898e-01,-8.251779079437255859e-01,2.214412689208984375e-01
8.485965728759765625e-01,4.091262781003024429e-06,1.288730382919311523e+00
-9.942893981933593750e-01,-1.315027117729187012e+00,1.384683609008789062e+00
-1.020092844963073730e+00,-1.598757743835449219e+00,1.287575840950012207e+00
-6.062555313110351562e-01,1.996705532073974609e+00,7.063142061233520508e-01
-8.783655166625976562e-01,-1.938866019248962402e+00,5.820362567901611328e-01
-6.807231903076171875e-01,1.360814452171325684e+00,1.326289892196655273e+00
6.887149810791015625e-01,-1.206788063049316406e+00,1.110621333122253418e+00
6.498537063598632812e-01,-1.519553303718566895e+00,8.023255467414855957e-01
-6.938323974609375000e-01,1.358901739120483398e+00,9.016396999359130859e-01
-4.252010881900787354e-01,1.865036249160766602e+00,4.134693145751953125e-01
-6.341667175292968750e-01,1.367612719535827637e+00,1.704601943492889404e-01
-4.461751878261566162e-01,2.095676422119140625e+00,1.384659051895141602e+00
-9.590787887573242188e-01,-1.023935317993164062e+00,1.384303808212280273e+00
8.921337127685546875e-01,2.935733795166015625e-01,1.180439591407775879e+00
-7.622547149658203125e-01,7.457485795021057129e-01,1.096265554428100586e+00
7.306842803955078125e-01,-8.988167643547058105e-01,7.887719273567199707e-01
7.054672241210937500e-01,-9.012617468833923340e-01,3.753161430358886719e-01
-8.320178985595703125e-01,1.477160751819610596e-01,1.187768578529357910e+00
7.763090133666992188e-01,-5.952273607254028320e-01,9.895905852317810059e-01
-7.476119995117187500e-01,7.469303607940673828e-01,6.826968193054199219e-01
7.581310272216796875e-01,-5.964004397392272949e-01,5.780214071273803711e-01
-9.100322723388671875e-01,-4.396798610687255859e-01,9.743571281433105469e-01
1.088180541992187500e+00,1.744709730148315430e+00,1.278817415237426758e+00
-8.711290359497070312e-01,-1.470856368541717529e-01,1.079972505569458008e+00
-9.390258789062500000e-01,-7.314777970314025879e-01,1.177570939064025879e+00
-8.055028915405273438e-01,4.447353780269622803e-01,8.825030326843261719e-01
-1.054533958435058594e+00,-1.602105975151062012e+00,8.712432384490966797e-01
8.207731246948242188e-01,-2.958734631538391113e-01,8.804655075073242188e-01
-5.755035206675529480e-02,1.858443617820739746e+00,1.900656700134277344e+00
-8.121032714843750000e-01,1.480371803045272827e-01,4.713687002658843994e-01
8.316679000854492188e-01,3.919601567758945748e-06,4.703039526939392090e-01
-8.605852127075195312e-01,-1.472558230161666870e-01,6.722613573074340820e-01
-9.401912689208984375e-01,-7.313849329948425293e-01,7.698411345481872559e-01
9.117403030395507812e-01,5.864808559417724609e-01,4.671662747859954834e-01
1.049189567565917969e+00,1.454654812812805176e+00,7.680590748786926270e-01
9.622058868408203125e-01,1.171340107917785645e+00,2.651727199554443359e-01
1.100235939025878906e+00,1.742349147796630859e+00,8.694134354591369629e-01
6.427718698978424072e-02,2.020772457122802734e+00,1.578601956367492676e+00
3.167645633220672607e-01,-2.139525413513183594e+00,4.910015761852264404e-01
7.649608254432678223e-01,1.579045653343200684e+00,1.934403419494628906e+00
3.719940185546875000e-01,-1.564710021018981934e+00,1.817640542984008789e+00
-7.851630449295043945e-01,-1.052645325660705566e+00,1.878012657165527344e+00
-9.770536422729492188e-01,-1.021899104118347168e+00,7.691082358360290527e-01
-6.714563369750976562e-01,4.512199163436889648e-01,1.847646713256835938e+00
-1.906186640262603760e-01,2.113579750061035156e+00,1.289807677268981934e+00
3.227200210094451904e-01,-1.991766929626464844e+00,1.310410618782043457e+00
4.878382086753845215e-01,-1.051446676254272461e+00,1.887334823608398438e+00
-2.005031406879425049e-01,-1.704623222351074219e+00,1.930230855941772461e+00
-5.962007641792297363e-01,2.611564695835113525e-01,1.898189544677734375e+00
-1.926803141832351685e-01,-2.028341770172119141e+00,1.394642353057861328e+00
-1.902583688497543335e-01,-2.128536701202392578e+00,1.019962191581726074e+00
7.619166374206542969e-01,1.313136458396911621e+00,1.919991493225097656e+00
-5.578880310058593750e-01,1.691055536270141602e+00,7.054859995841979980e-01
3.016822040081024170e-01,-5.192135572433471680e-01,1.954396247863769531e+00
-5.955201387405395508e-01,-5.214460492134094238e-01,1.919790267944335938e+00
-7.053821682929992676e-01,-2.060246944427490234e+00,8.534194827079772949e-01
-4.436065554618835449e-01,-2.141221046447753906e+00,7.546171545982360840e-01
7.404226660728454590e-01,1.511870741844177246e+00,3.536834716796875000e-01
6.645008921623229980e-01,7.829890847206115723e-01,1.925289154052734375e+00
3.204136490821838379e-01,2.049032688140869141e+00,1.391744971275329590e+00
-8.720512390136718750e-01,-7.368847727775573730e-01,1.601663589477539062e+00
3.194309473037719727e-01,-2.073338985443115234e+00,9.383869767189025879e-01
3.934808969497680664e-01,-7.827007770538330078e-01,1.928255081176757812e+00
-4.174346923828125000e-01,1.045933246612548828e+00,1.929803848266601562e+00
7.385873794555664062e-01,8.980501294136047363e-01,4.773069620132446289e-01
-1.476413756608963013e-01,1.575101852416992188e+00,1.954542160034179688e+00
-5.085579752922058105e-01,-1.307065725326538086e+00,1.957409858703613281e+00
-3.280942440032958984e-01,1.309485912322998047e+00,1.942507743835449219e+00
3.949677050113677979e-01,1.305804371833801270e+00,1.965118408203125000e+00
-3.254819512367248535e-01,-1.040861845016479492e+00,1.968956947326660156e+00
6.305808573961257935e-02,-2.172262191772460938e+00,8.381054401397705078e-01
8.434460163116455078e-01,1.975139617919921875e+00,1.045261263847351074e+00
-2.351450324058532715e-01,7.799735665321350098e-01,1.956341743469238281e+00
-5.630676075816154480e-02,-1.304194927215576172e+00,1.975075721740722656e+00
3.019737303256988525e-01,7.788994312286376953e-01,1.967554092407226562e+00
-1.880858689546585083e-01,-2.218369960784912109e+00,5.724806189537048340e-01
-7.605983614921569824e-01,-1.438729286193847656e+00,1.799563050270080566e+00
8.434719443321228027e-01,1.974909782409667969e+00,6.834504604339599609e-01
3.379813954234123230e-02,1.304557919502258301e+00,1.972803115844726562e+00
-6.295299530029296875e-01,1.061258554458618164e+00,3.790237307548522949e-01
-1.036259651184082031e+00,-1.605379343032836914e+00,5.683642625808715820e-01
1.234841868281364441e-01,-1.041540265083312988e+00,1.963749885559082031e+00
-2.341156750917434692e-01,-5.181581974029541016e-01,1.970807075500488281e+00
-5.609107762575149536e-02,1.040948987007141113e+00,1.968312263488769531e+00
5.795301795005798340e-01,2.020314693450927734e+00,8.565969467163085938e-01
-3.241448104381561279e-01,5.193657279014587402e-01,1.951890945434570312e+00
3.908326625823974609e-01,-2.595031261444091797e-01,1.949569702148437500e+00
3.351707383990287781e-02,-7.783383131027221680e-01,1.973376274108886719e+00
2.115868330001831055e-01,2.098083541568485089e-06,1.967211723327636719e+00
3.197901546955108643e-01,2.064508914947509766e+00,1.028792500495910645e+00
-3.233113884925842285e-01,-2.591535151004791260e-01,1.960882186889648438e+00
-6.069143414497375488e-01,-1.585452795028686523e+00,1.901667594909667969e+00
3.339568898081779480e-02,5.174846053123474121e-01,1.981189727783203125e+00
7.016533017158508301e-01,-8.267670869827270508e-01,1.473820686340332031e+00
5.795782208442687988e-01,2.019635200500488281e+00,4.104434251785278320e-01
-9.743757247924804688e-01,-1.022201657295227051e+00,1.176647782325744629e+00
3.336128219962120056e-02,-2.586060762405395508e-01,1.978603363037109375e+00
5.722146630287170410e-01,1.721382091091072652e-06,1.914053916931152344e+00
3.197928071022033691e-01,2.064442157745361328e+00,5.841081142425537109e-01
1.266143769025802612e-01,1.858176231384277344e+00,1.901833534240722656e+00
6.371099501848220825e-02,2.091035366058349609e+00,4.057159423828125000e-01
4.503602981567382812e-01,-1.869576930999755859e+00,1.370342254638671875e+00
6.695041805505752563e-02,-1.689072608947753906e+00,1.933347105979919434e+00
4.977161288261413574e-01,1.866559505462646484e+00,1.865288734436035156e+00
-4.569957554340362549e-01,1.903983116149902344e+00,1.791809678077697754e+00
8.130321502685546875e-01,1.224637269973754883e+00,1.959793120622634888e-01
7.931737899780273438e-01,8.713158965110778809e-01,3.150708079338073730e-01
-4.458360671997070312e-01,2.101690769195556641e+00,4.058010876178741455e-01
4.628567397594451904e-01,-1.485651969909667969e+00,2.070156782865524292e-01
4.885609447956085205e-01,1.574034214019775391e+00,1.960005760192871094e+00
7.443069219589233398e-01,1.854319572448730469e+00,3.536834716796875000e-01
-5.535392761230468750e-01,-1.983455419540405273e+00,1.355809211730957031e+00
-5.208920240402221680e-01,1.142746329307556152e+00,8.996295928955078125e-02
-1.022513389587402344e+00,-1.607841134071350098e+00,3.665624856948852539e-01
-7.899875640869140625e-01,-1.046270847320556641e+00,3.154281675815582275e-01
6.543712615966796875e-01,-1.211237072944641113e+00,2.742047011852264404e-01
6.045303344726562500e-01,-1.370414733886718750e+00,1.567548751831054688e+00
6.176420450210571289e-01,-1.495512962341308594e+00,4.373998939990997314e-01
-9.433908462524414062e-01,-1.025712132453918457e+00,6.312652677297592163e-02
-8.201057314872741699e-01,1.192092895507812500e-06,1.445902824401855469e+00
3.543376922607421875e-01,1.207191467285156250e+00,3.536855876445770264e-01
5.120672583580017090e-01,-1.649763584136962891e+00,1.573171615600585938e+00
8.250463604927062988e-01,1.133556842803955078e+00,8.777618408203125000e-03
4.398651048541069031e-02,-2.200755357742309570e+00,3.536834716796875000e-01
3.250368833541870117e-01,1.934307098388671875e+00,1.783707499504089355e+00
9.389038085937500000e-01,1.472577691078186035e+00,1.816097617149353027e+00
9.998474121093750000e-01,1.462673664093017578e+00,1.642123311758041382e-01
-6.341667175292968750e-01,1.367612600326538086e+00,5.907579064369201660e-01
8.639183044433593750e-01,1.788614511489868164e+00,1.841725230216979980e+00
-5.455112457275390625e-01,2.009617805480957031e+00,1.470563769340515137e+00
-9.109210968017578125e-01,-1.931946516036987305e+00,3.734677135944366455e-01
-7.615962028503417969e-01,-1.668247580528259277e-01,3.536834716796875000e-01
-5.354704856872558594e-01,1.918718218803405762e+00,1.637971878051757812e+00
2.712802886962890625e-01,-1.260894060134887695e+00,1.940754055976867676e+00
-1.959300935268402100e-01,1.893829345703125000e+00,1.886204957962036133e+00
8.490955829620361328e-01,1.921408653259277344e+00,1.513673663139343262e+00
7.327715754508972168e-01,-1.668261736631393433e-01,3.536834716796875000e-01
9.245662689208984375e-01,8.800163269042968750e-01,3.664688169956207275e-01
8.552843928337097168e-01,1.054334282875061035e+00,1.864975929260253906e+00
-6.007387638092041016e-01,7.883417606353759766e-01,1.870161056518554688e+00
5.845260620117187500e-01,-1.530170083045959473e+00,1.559629082679748535e+00
3.353511393070220947e-01,-1.678301811218261719e+00,1.743757843971252441e+00
-7.320920228958129883e-01,-1.759603500366210938e+00,1.541580200195312500e+00
6.416034698486328125e-01,-6.039202213287353516e-01,1.855245590209960938e+00
-6.876769065856933594e-01,-2.615689337253570557e-01,1.885324478149414062e+00
9.790014624595642090e-01,1.854322791099548340e+00,3.536834716796875000e-01
6.250052899122238159e-02,-2.241461277008056641e+00,4.842567443847656250e-01
-6.469939947128295898e-01,5.008234977722167969e-01,3.536834716796875000e-01
5.831042528152465820e-01,1.971082687377929688e+00,1.500065088272094727e+00
8.910536170005798340e-01,5.503510832786560059e-01,1.471617698669433594e+00
-4.679643809795379639e-01,1.709671974182128906e+00,3.337334990501403809e-01
5.211668014526367188e-01,-9.191182255744934082e-01,1.884017109870910645e+00
3.282780349254608154e-01,-1.853820800781250000e+00,1.519207715988159180e+00
-5.777120590209960938e-01,1.375857353210449219e+00,1.774388074874877930e+00
-8.754863739013671875e-01,-1.332375168800354004e+00,1.718312025070190430e+00
-4.736185371875762939e-01,-1.609544754028320312e+00,1.954891800880432129e+00
-1.004627943038940430e+00,-1.726120948791503906e+00,8.923509120941162109e-01
-4.254319667816162109e-01,-2.200742244720458984e+00,3.536834716796875000e-01
-9.476060867309570312e-01,-1.621256470680236816e+00,1.399169683456420898e+00
-7.991629838943481445e-01,-2.685525417327880859e-01,1.668648719787597656e+00
-7.214915156364440918e-01,-1.878922462463378906e+00,1.425963401794433594e+00
-4.654358625411987305e-01,-1.754471778869628906e+00,1.729141712188720703e+00
6.864824295043945312e-01,-3.002021014690399170e-01,1.843473434448242188e+00
6.470327079296112061e-02,-1.967996597290039062e+00,1.496749520301818848e+00
6.640800088644027710e-02,-1.756391525268554688e+00,1.821634292602539062e+00
8.682470321655273438e-01,2.943431138992309570e-01,3.672122061252593994e-01
-1.013853073120117188e+00,-1.312170982360839844e+00,7.691772580146789551e-01
-4.570975005626678467e-01,-1.902224540710449219e+00,1.511358618736267090e+00
5.988733768463134766e-01,-1.753956794738769531e+00,5.160241723060607910e-01
4.628558754920959473e-01,-1.485657691955566406e+00,3.344689905643463135e-01
4.628567695617675781e-01,-1.485651969909667969e+00,7.961364835500717163e-02
9.968595504760742188e-01,1.762587904930114746e+00,1.604532599449157715e+00
-1.988878995180130005e-01,-1.771404266357421875e+00,1.818788886070251465e+00
-5.173965096473693848e-01,1.592693805694580078e+00,1.864677429199218750e+00
6.176421642303466797e-01,-1.495512008666992188e+00,1.535626202821731567e-01
6.525773555040359497e-02,-1.898991584777832031e+00,1.602694988250732422e+00
-5.317363739013671875e-01,1.072334170341491699e+00,1.885104894638061523e+00
-2.525877356529235840e-01,-1.941440582275390625e+00,1.538931846618652344e+00
8.668349981307983398e-01,8.023976087570190430e-01,1.725106239318847656e+00
-4.235191345214843750e-01,1.398372173309326172e+00,1.914630651473999023e+00
5.238723754882812500e-01,-1.855184435844421387e+00,1.250833988189697266e+00
-7.329124212265014648e-01,8.351678252220153809e-01,1.387255668640136719e+00
-6.253299713134765625e-01,-1.678975224494934082e+00,1.774690508842468262e+00
-7.932596206665039062e-01,-1.327308058738708496e+00,1.832837104797363281e+00
-5.437966585159301758e-01,1.868872642517089844e+00,4.349098205566406250e-01
-7.899875640869140625e-01,-1.046271085739135742e+00,1.952307075262069702e-01
-1.009668350219726562e+00,-1.312781453132629395e+00,1.176951885223388672e+00
7.801017761230468750e-01,1.621246269678522367e-06,1.618978500366210938e+00
6.048278808593750000e-01,-1.839334964752197266e+00,1.024991750717163086e+00
3.250998258590698242e-01,-1.932687759399414062e+00,1.412110924720764160e+00
-9.810209274291992188e-01,-1.316964745521545410e+00,5.688796639442443848e-01
-3.079939186573028564e-01,-2.200742483139038086e+00,3.536834716796875000e-01
-7.331237941980361938e-02,-2.200751066207885742e+00,3.536834716796875000e-01
8.615508675575256348e-01,1.854327559471130371e+00,3.536834716796875000e-01
-7.735990881919860840e-01,-1.854318857192993164e+00,3.536834716796875000e-01
-5.625352859497070312e-01,1.690224289894104004e+00,1.676866292953491211e+00
6.272546052932739258e-01,1.854328274726867676e+00,3.536834716796875000e-01
-5.395635962486267090e-01,-1.854312300682067871e+00,3.536834716796875000e-01
3.935702443122863770e-01,-1.854311347007751465e+00,3.536834716796875000e-01
3.935723900794982910e-01,1.854320287704467773e+00,3.536834716796875000e-01
-3.060568273067474365e-01,-1.854309916496276855e+00,3.536834716796875000e-01
-3.060562014579772949e-01,1.854322791099548340e+00,3.536834716796875000e-01
2.768963575363159180e-01,1.854332685470581055e+00,3.536834716796875000e-01
2.768942117691040039e-01,-1.854319453239440918e+00,3.536834716796875000e-01
-7.285064458847045898e-02,1.854333400726318359e+00,3.536834716796875000e-01
-7.285186648368835449e-02,-1.854322791099548340e+00,3.536834716796875000e-01
4.371093586087226868e-02,1.854327678680419922e+00,3.536834716796875000e-01
4.370880126953125000e-02,-1.854317903518676758e+00,3.536834716796875000e-01
-7.695599198341369629e-01,-1.511863708496093750e+00,3.536834716796875000e-01
6.239770650863647461e-01,1.511872172355651855e+00,3.536834716796875000e-01
-5.367450118064880371e-01,-1.511866450309753418e+00,3.536834716796875000e-01
3.915136754512786865e-01,1.511857986450195312e+00,3.536834716796875000e-01
-3.044579923152923584e-01,-1.511862039566040039e+00,3.536834716796875000e-01
-3.044579923152923584e-01,1.511862158775329590e+00,3.536834716796875000e-01
2.754479944705963135e-01,1.511866569519042969e+00,3.536834716796875000e-01
1.594470143318176270e-01,-1.511876463890075684e+00,3.536834716796875000e-01
6.224985122680664062e-01,-9.093070030212402344e-01,1.755619168281555176e+00
-7.247131317853927612e-02,1.511870741844177246e+00,3.536834716796875000e-01
-1.884419173002243042e-01,-1.511860013008117676e+00,3.536834716796875000e-01
4.348113760352134705e-02,-1.511860728263854980e+00,3.536834716796875000e-01
4.348113760352134705e-02,1.511861205101013184e+00,3.536834716796875000e-01
6.039037704467773438e-01,-1.217780113220214844e+00,1.657112598419189453e+00
-9.234972000122070312e-01,-7.327308654785156250e-01,1.385416269302368164e+00
-6.503538489341735840e-01,-1.172623515129089355e+00,3.536834716796875000e-01
-6.157255172729492188e-01,1.680698394775390625e+00,1.450466394424438477e+00
6.213747859001159668e-01,1.172618508338928223e+00,3.536834716796875000e-01
-7.626092433929443359e-01,-8.343615531921386719e-01,3.353157043457031250e-01
-6.449136734008789062e-01,1.059516310691833496e+00,1.646655082702636719e+00
-4.188006520271301270e-01,-1.172626614570617676e+00,3.536834716796875000e-01
-6.043090820312500000e-01,1.371973037719726562e+00,1.660724163055419922e+00
-4.764825403690338135e-01,1.558767318725585938e+00,5.855651572346687317e-02
-4.188006520271301270e-01,1.172626733779907227e+00,3.536834716796875000e-01
3.898831009864807129e-01,-1.172611594200134277e+00,3.536834716796875000e-01
8.490505814552307129e-01,5.008112192153930664e-01,3.536834716796875000e-01
-1.876589953899383545e-01,1.172627091407775879e+00,3.536834716796875000e-01
1.587823480367660522e-01,-1.172629117965698242e+00,3.536834716796875000e-01
-6.483172178268432617e-01,8.358359336853027344e-01,3.536834716796875000e-01
4.329864308238029480e-02,1.172614932060241699e+00,3.536834716796875000e-01
-7.216979563236236572e-02,-1.172626376152038574e+00,3.536834716796875000e-01
-6.308394670486450195e-01,1.175724983215332031e+00,7.752563059329986572e-02
5.039907693862915039e-01,8.358406424522399902e-01,3.536834716796875000e-01
-7.624024748802185059e-01,-5.008277893066406250e-01,3.536834716796875000e-01
-5.328468084335327148e-01,-8.358506560325622559e-01,3.536834716796875000e-01
-4.174941778182983398e-01,8.358503580093383789e-01,3.536834716796875000e-01
6.181808114051818848e-01,5.008317828178405762e-01,3.536834716796875000e-01
3.886666893959045410e-01,-8.358400464057922363e-01,3.536834716796875000e-01
-7.615960240364074707e-01,1.668240725994110107e-01,3.536834716796875000e-01
-5.317329168319702148e-01,-5.008054375648498535e-01,3.536834716796875000e-01
7.327712774276733398e-01,1.668271720409393311e-01,3.536834716796875000e-01
3.886666893959045410e-01,8.358400464057922363e-01,3.536834716796875000e-01
6.181808114051818848e-01,-5.008320212364196777e-01,3.536834716796875000e-01
-3.022469878196716309e-01,8.358526229858398438e-01,3.536834716796875000e-01
-3.022468388080596924e-01,-8.358527421951293945e-01,3.536834716796875000e-01
2.734512388706207275e-01,-8.358595371246337891e-01,3.536834716796875000e-01
-5.311772227287292480e-01,1.668197810649871826e-01,3.536834716796875000e-01
-6.463217139244079590e-01,-1.668264716863632202e-01,3.536834716796875000e-01
-7.194641232490539551e-02,-8.358497619628906250e-01,3.536834716796875000e-01
1.582870483398437500e-01,8.358559012413024902e-01,3.536834716796875000e-01
-6.973905563354492188e-01,4.499656260013580322e-01,1.735494136810302734e+00
4.316253587603569031e-02,-8.358309268951416016e-01,3.536834716796875000e-01
-7.194641232490539551e-02,8.358495831489562988e-01,3.536834716796875000e-01
6.175430417060852051e-01,-1.668306291103363037e-01,3.536834716796875000e-01
5.029693245887756348e-01,5.008318424224853516e-01,3.536834716796875000e-01
-5.317329168319702148e-01,5.008054971694946289e-01,3.536834716796875000e-01
-3.016259670257568359e-01,5.008245706558227539e-01,3.536834716796875000e-01
-4.166322350502014160e-01,-5.008183121681213379e-01,3.536834716796875000e-01
-5.344514846801757812e-01,1.072027087211608887e+00,7.006109356880187988e-01
3.878631591796875000e-01,-5.008116364479064941e-01,3.536834716796875000e-01
3.874862492084503174e-01,-1.668329238891601562e-01,3.536834716796875000e-01
5.024343729019165039e-01,1.668256223201751709e-01,3.536834716796875000e-01
-4.162307679653167725e-01,-1.668375432491302490e-01,3.536834716796875000e-01
2.729067802429199219e-01,5.008607506752014160e-01,3.536834716796875000e-01
-1.866957098245620728e-01,-5.008444786071777344e-01,3.536834716796875000e-01
-4.162307679653167725e-01,1.668375432491302490e-01,3.536834716796875000e-01
-1.866957098245620728e-01,5.008445382118225098e-01,3.536834716796875000e-01
-7.180266827344894409e-02,-5.008714795112609863e-01,3.536834716796875000e-01
4.308013990521430969e-02,5.008507966995239258e-01,3.536834716796875000e-01
1.579617261886596680e-01,-5.008289813995361328e-01,3.536834716796875000e-01
2.726150453090667725e-01,1.668357849121093750e-01,3.536834716796875000e-01
-3.013040125370025635e-01,-1.668214052915573120e-01,3.536834716796875000e-01
-1.864703297615051270e-01,1.668043136596679688e-01,3.536834716796875000e-01
4.303710907697677612e-02,-1.668541729450225830e-01,3.536834716796875000e-01
2.726150453090667725e-01,-1.668357998132705688e-01,3.536834716796875000e-01
1.578396558761596680e-01,1.668715476989746094e-01,3.536834716796875000e-01
-7.175415009260177612e-02,-1.668973118066787720e-01,3.536834716796875000e-01
-7.175415009260177612e-02,1.668972671031951904e-01,3.536834716796875000e-01
6.122522354125976562e-01,-1.525663614273071289e+00,1.447016000747680664e+00
-7.096996307373046875e-01,1.496873944997787476e-01,1.838161706924438477e+00
-4.520588517189025879e-01,-1.970888137817382812e+00,1.410564422607421875e+00
7.123880386352539062e-01,-2.993670701980590820e-01,1.731571912765502930e+00
8.793067932128906250e-01,8.638314604759216309e-01,7.004060745239257812e-01
6.948900222778320312e-01,-6.004816889762878418e-01,1.630839824676513672e+00
-6.709232330322265625e-01,1.056570768356323242e+00,1.535057187080383301e+00
-6.844654083251953125e-01,7.520286440849304199e-01,1.634579181671142578e+00
-8.094720840454101562e-01,-4.445441663265228271e-01,1.714583992958068848e+00
7.734117507934570312e-01,2.973998486995697021e-01,1.826267004013061523e+00
-7.611742019653320312e-01,1.488564610481262207e-01,1.616072058677673340e+00
8.130321502685546875e-01,1.224636912345886230e+00,7.536895573139190674e-02
-7.658548355102539062e-01,-1.962781190872192383e+00,1.116687297821044922e+00
-7.726259231567382812e-01,-1.486728191375732422e-01,1.719671845436096191e+00
9.310131072998046875e-01,1.775478839874267578e+00,1.722014904022216797e+00
7.653532028198242188e-01,-2.976599335670471191e-01,1.510650753974914551e+00
9.232683181762695312e-01,1.176386713981628418e+00,1.705524206161499023e+00
-6.569004058837890625e-01,1.364293217658996582e+00,1.436559081077575684e+00
7.484054565429687500e-01,-5.970285534858703613e-01,1.410490632057189941e+00
-8.459606170654296875e-01,-7.389910817146301270e-01,1.711332678794860840e+00
-9.078769683837890625e-01,-1.029734134674072266e+00,1.600369215011596680e+00
8.240184783935546875e-01,2.957690656185150146e-01,1.605702877044677734e+00
-7.494268417358398438e-01,4.474489986896514893e-01,1.514238595962524414e+00
6.588077545166015625e-01,-1.210665106773376465e+00,1.433080911636352539e+00
-8.249626159667968750e-01,-1.478303074836730957e-01,1.500315070152282715e+00
8.409118652343750000e-01,5.910521149635314941e-01,1.710273146629333496e+00
9.637346267700195312e-01,1.468542456626892090e+00,1.705927729606628418e+00
-8.357152938842773438e-01,-4.432736933231353760e-01,1.604697823524475098e+00
-7.875652313232421875e-01,1.484322994947433472e-01,1.506430268287658691e+00
-7.946329116821289062e-01,-1.956664204597473145e+00,1.007593035697937012e+00
-7.186031341552734375e-01,1.051170468330383301e+00,1.315393924713134766e+00
8.499584197998046875e-01,2.949329018592834473e-01,1.496810913085937500e+00
1.012693405151367188e+00,1.460585951805114746e+00,1.488705158233642578e+00
-8.874635696411132812e-01,-4.407728612422943115e-01,1.388026952743530273e+00
9.479665756225585938e-01,1.173187971115112305e+00,1.596432924270629883e+00
-9.688987731933593750e-01,-1.318733930587768555e+00,1.492246031761169434e+00
-9.335966110229492188e-01,-1.026820302009582520e+00,1.491835474967956543e+00
9.318408966064453125e-01,8.793109655380249023e-01,1.489599823951721191e+00
6.194472908973693848e-01,-8.358541131019592285e-01,3.536834716796875000e-01
9.973754882812500000e-01,1.166784763336181641e+00,1.381139516830444336e+00
-1.035385489463806152e+00,-1.654312133789062500e+00,4.702528417110443115e-01
-6.001157760620117188e-01,1.998010516166687012e+00,1.353296518325805664e+00
-8.231658935546875000e-01,-1.950599312782287598e+00,8.994340300559997559e-01
-4.530830979347229004e-01,1.973280906677246094e+00,1.683256983757019043e+00
-6.094436645507812500e-01,1.996027350425720215e+00,1.135601878166198730e+00
-4.004259109497070312e-01,1.719257593154907227e+00,5.002602934837341309e-01
-7.925920486450195312e-01,4.453604519367218018e-01,1.298134565353393555e+00
-6.127929687500000000e-01,1.995315790176391602e+00,1.027496933937072754e+00
-6.421270370483398438e-01,1.675969243049621582e+00,1.338775634765625000e+00
5.872262716293334961e-01,-1.914316177368164062e+00,6.866421103477478027e-01
6.419715881347656250e-01,-1.520833849906921387e+00,1.228136897087097168e+00
-6.487598419189453125e-01,1.674781441688537598e+00,1.123735904693603516e+00
6.415956467390060425e-02,-2.035559654235839844e+00,1.393018722534179688e+00
6.454582214355468750e-01,-1.520267248153686523e+00,1.121043682098388672e+00
-5.909442901611328125e-01,1.999960303306579590e+00,4.934352040290832520e-01
8.341321945190429688e-01,4.148483185417717323e-06,1.394518971443176270e+00
-5.986003875732421875e-01,1.998332381248474121e+00,5.998875498771667480e-01
-6.139097213745117188e-01,1.995078206062316895e+00,8.127403259277343750e-01
-6.520605087280273438e-01,1.674190044403076172e+00,1.016763925552368164e+00
-8.521810770034790039e-01,-1.132274389266967773e+00,-2.545356750488281250e-03
-4.833011627197265625e-01,1.077820181846618652e+00,4.912950098514556885e-01
-8.508968353271484375e-01,-1.474124640226364136e-01,1.392150044441223145e+00
-8.619585037231445312e-01,-1.942353606224060059e+00,6.870877146720886230e-01
-6.840009689331054688e-01,1.360335826873779297e+00,1.219586014747619629e+00
7.560300827026367188e-01,4.243850526108872145e-06,1.722540140151977539e+00
5.823079347610473633e-01,-1.057679533958435059e+00,1.839200973510742188e+00
6.852760314941406250e-01,-1.207234144210815430e+00,1.216715097427368164e+00
-8.978939056396484375e-01,-7.347990274429321289e-01,1.493037581443786621e+00
-5.931949615478515625e-01,1.684733510017395020e+00,2.780642509460449219e-01
6.921424865722656250e-01,-1.206341862678527832e+00,1.004884004592895508e+00
-6.506414413452148438e-01,1.674444675445556641e+00,8.044686913490295410e-01
-6.905231475830078125e-01,1.359383821487426758e+00,1.007291436195373535e+00
7.277860641479492188e-01,-8.990975022315979004e-01,1.206749796867370605e+00
6.523990631103515625e-01,-1.519140005111694336e+00,9.079076647758483887e-01
-1.016164183616638184e+00,-1.631112098693847656e+00,1.187191247940063477e+00
-7.218408584594726562e-01,1.050803780555725098e+00,1.209570288658142090e+00
-8.946809768676757812e-01,-1.935398697853088379e+00,4.775063991546630859e-01
6.421947479248046875e-01,-1.520797967910766602e+00,6.972654461860656738e-01
1.076723098754882812e+00,1.746952295303344727e+00,1.383384108543395996e+00
-7.282829284667968750e-01,1.050074100494384766e+00,9.990243315696716309e-01
9.690294265747070312e-01,8.757049441337585449e-01,1.277737140655517578e+00
-6.341667175292968750e-01,1.367613196372985840e+00,4.855300784111022949e-01
1.037031173706054688e+00,1.456630468368530273e+00,1.381541132926940918e+00
-6.341667175292968750e-01,1.367614150047302246e+00,2.754068076610565186e-01
7.311811447143554688e-01,-8.987684249877929688e-01,1.101528763771057129e+00
-6.341667175292968750e-01,1.367613077163696289e+00,6.555511057376861572e-02
5.896102786064147949e-01,1.881515502929687500e+00,1.798651337623596191e+00
7.664422988891601562e-01,-5.958642959594726562e-01,1.303005933761596680e+00
8.156795501708984375e-01,5.926803350448608398e-01,1.820736646652221680e+00
6.543712615966796875e-01,-1.211236953735351562e+00,5.881762504577636719e-01
-7.590637207031250000e-01,7.460057735443115234e-01,1.200958847999572754e+00
8.612241148948669434e-01,1.586967706680297852e+00,1.893912315368652344e+00
-6.877374649047851562e-01,1.359790921211242676e+00,7.970913648605346680e-01
6.543712615966796875e-01,-1.211239576339721680e+00,3.787591457366943359e-01
6.955595016479492188e-01,-1.205899000167846680e+00,8.994732499122619629e-01
6.543712615966796875e-01,-1.211239337921142578e+00,1.697152704000473022e-01
6.845617294311523438e-01,-1.207324385643005371e+00,6.908501982688903809e-01
8.577848672866821289e-01,1.319705605506896973e+00,1.879588127136230469e+00
7.729644775390625000e-01,-5.954434275627136230e-01,1.093714237213134766e+00
8.523290157318115234e-01,1.890625000000000000e+00,1.613134860992431641e+00
-7.957620620727539062e-01,4.452069401741027832e-01,1.193704843521118164e+00
-7.654876708984375000e-01,7.454875111579895020e-01,9.919115900993347168e-01
-4.482327103614807129e-01,2.059234142303466797e+00,1.482054352760314941e+00
-8.288755416870117188e-01,1.477670669555664062e-01,1.291676640510559082e+00
8.109292984008789062e-01,-2.961908578872680664e-01,1.190963983535766602e+00
-7.316331863403320312e-01,1.049695134162902832e+00,8.942348957061767578e-01
8.517313003540039062e-01,4.129409717279486358e-06,1.185060381889343262e+00
7.379388809204101562e-01,-8.981130123138427734e-01,8.921144008636474609e-01
8.154115676879882812e-01,1.492647528648376465e+00,5.807673335075378418e-01
7.119874954223632812e-01,-9.006295800209045410e-01,4.786779582500457764e-01
7.250242233276367188e-01,-8.993653655052185059e-01,6.853436231613159180e-01
-8.021974563598632812e-01,4.448968470096588135e-01,9.859159588813781738e-01
7.385873794555664062e-01,8.980500698089599609e-01,5.807525515556335449e-01
8.890237808227539062e-01,2.936735749244689941e-01,1.283705115318298340e+00
-8.351840972900390625e-01,1.476647108793258667e-01,1.084224820137023926e+00
