-5.437966585159301758e-01,1.868872642517089844e+00,4.349098205566406250e-01
1.770267486572265625e-01,-2.253932237625122070e+00,4.050628542900085449e-01
7.303810119628906250e-01,4.339217866800026968e-06,1.833831906318664551e+00
-8.914394378662109375e-01,-4.405790567398071289e-01,5.691659450531005859e-01
8.556035161018371582e-01,1.859469413757324219e+00,1.713799357414245605e+00
-5.113427639007568359e-01,-1.574056982994079590e+00,1.959873199462890625e+00
9.183969497680664062e-01,8.814248442649841309e-01,1.972711086273193359e-01
-6.844654083251953125e-01,7.520286440849304199e-01,1.634579181671142578e+00
7.465562820434570312e-01,-5.971477031707763672e-01,3.726861476898193359e-01
-9.995112419128417969e-01,-1.768260955810546875e+00,7.023296952247619629e-01
6.385202407836914062e-01,-1.521395325660705566e+00,1.335611224174499512e+00
-4.530830979347229004e-01,1.973280906677246094e+00,1.683256983757019043e+00
-1.866957098245620728e-01,5.008445382118225098e-01,3.536834716796875000e-01
-7.838554382324218750e-01,-4.457825124263763428e-01,1.825384616851806641e+00
5.795792341232299805e-01,2.019635200500488281e+00,5.884756445884704590e-01
9.690294265747070312e-01,8.757049441337585449e-01,1.277737140655517578e+00
-1.876589953899383545e-01,-1.172626972198486328e+00,3.536834716796875000e-01
2.129553109407424927e-01,1.039743065834045410e+00,1.977655410766601562e+00
1.229973584413528442e-01,-7.790059447288513184e-01,1.966421127319335938e+00
6.176444292068481445e-01,-1.495494842529296875e+00,5.905639380216598511e-02
-1.911565959453582764e-01,-2.091384887695312500e+00,1.203589797019958496e+00
-7.243223190307617188e-01,1.050522923469543457e+00,7.906509041786193848e-01
8.581571578979492188e-01,4.301070930523565039e-06,9.787731766700744629e-01
-9.743757247924804688e-01,-1.022201657295227051e+00,1.176647782325744629e+00
-5.560173094272613525e-02,2.586408257484436035e-01,1.976876258850097656e+00
-8.351840972900390625e-01,1.476647108793258667e-01,1.084224820137023926e+00
-9.810209274291992188e-01,-1.316964864730834961e+00,6.312713772058486938e-02
1.049189567565917969e+00,1.454654812812805176e+00,7.680590748786926270e-01
1.587820351123809814e-01,1.172628641128540039e+00,3.536834716796875000e-01
6.371030956506729126e-02,2.091289043426513672e+00,1.113767385482788086e+00
5.024343729019165039e-01,1.668256223201751709e-01,3.536834716796875000e-01
7.484054565429687500e-01,-5.970285534858703613e-01,1.410490632057189941e+00
-6.308394670486450195e-01,1.175724983215332031e+00,7.752563059329986572e-02
2.161691188812255859e-01,-1.577664136886596680e+00,1.941437721252441406e+00
4.308013990521430969e-02,-5.008506774902343750e-01,3.536834716796875000e-01
6.845617294311523438e-01,-1.207324385643005371e+00,6.908501982688903809e-01
-4.198866188526153564e-01,1.313044071197509766e+00,1.920534133911132812e+00
-4.227580130100250244e-01,-1.854316711425781250e+00,3.536834716796875000e-01
2.187010198831558228e-01,1.857954502105712891e+00,1.902793884277343750e+00
-6.487598419189453125e-01,1.674781441688537598e+00,1.123735904693603516e+00
-7.615960240364074707e-01,1.668240725994110107e-01,3.536834716796875000e-01
5.881145596504211426e-01,-1.902097702026367188e+00,7.783869504928588867e-01
-9.476060867309570312e-01,-1.621256470680236816e+00,1.399169683456420898e+00
8.552843928337097168e-01,1.054334282875061035e+00,1.864975929260253906e+00
-7.353954315185546875e-01,1.492737233638763428e-01,1.726610183715820312e+00
8.959812521934509277e-01,1.475296020507812500e+00,1.543688923120498657e-01
-7.851630449295043945e-01,-1.052645325660705566e+00,1.878012657165527344e+00
4.371093586087226868e-02,1.854327678680419922e+00,3.536834716796875000e-01
8.434602022171020508e-01,1.975024223327636719e+00,1.136329531669616699e+00
-9.035444259643554688e-01,-4.399922192096710205e-01,1.179726243019104004e+00
9.305515289306640625e-01,5.852680802345275879e-01,7.697588801383972168e-01
4.810645282268524170e-01,5.194956660270690918e-01,1.949925422668457031e+00
-9.433908462524414062e-01,-1.025712251663208008e+00,5.688723921775817871e-01
1.037031173706054688e+00,1.456630468368530273e+00,1.381541132926940918e+00
5.823079347610473633e-01,-1.057679533958435059e+00,1.839200973510742188e+00
-2.338326275348663330e-01,-2.589002847671508789e-01,1.968227386474609375e+00
2.696895599365234375e-01,-1.904947638511657715e+00,1.508499145507812500e+00
-4.448035359382629395e-01,2.119974136352539062e+00,9.335930943489074707e-01
-7.106917500495910645e-01,-2.000481128692626953e+00,1.130956530570983887e+00
-2.351450324058532715e-01,7.799735665321350098e-01,1.956341743469238281e+00
3.011280000209808350e-01,-2.592653334140777588e-01,1.957082748413085938e+00
-7.356319427490234375e-01,7.478976249694824219e-01,3.735632300376892090e-01
7.796430587768554688e-01,-5.950121879577636719e-01,8.857904076576232910e-01
8.758201599121093750e-01,2.940989732742309570e-01,1.388898611068725586e+00
1.594470143318176270e-01,-1.511876463890075684e+00,3.536834716796875000e-01
-4.436065554618835449e-01,-2.141221046447753906e+00,7.546171545982360840e-01
-5.328468084335327148e-01,-8.358506560325622559e-01,3.536834716796875000e-01
-4.162307679653167725e-01,-1.668375432491302490e-01,3.536834716796875000e-01
-1.973086446523666382e-01,-1.836801528930664062e+00,1.709654927253723145e+00
-3.254819512367248535e-01,-1.040861845016479492e+00,1.968956947326660156e+00
5.802848935127258301e-01,1.575530171394348145e+00,1.952341079711914062e+00
6.416034698486328125e-01,-6.039202213287353516e-01,1.855245590209960938e+00
3.215496838092803955e-01,2.020842552185058594e+00,1.488059401512145996e+00
6.305808573961257935e-02,-2.172262191772460938e+00,8.381054401397705078e-01
-6.341667175292968750e-01,1.367613196372985840e+00,4.855300784111022949e-01
5.039907693862915039e-01,8.358406424522399902e-01,3.536834716796875000e-01
-6.569004058837890625e-01,1.364293217658996582e+00,1.436559081077575684e+00
-7.590637207031250000e-01,7.460057735443115234e-01,1.200958847999572754e+00
8.409118652343750000e-01,5.910521149635314941e-01,1.710273146629333496e+00
5.076839923858642578e-01,1.511866211891174316e+00,3.536834716796875000e-01
9.790014624595642090e-01,1.854322791099548340e+00,3.536834716796875000e-01
5.103496909141540527e-01,-1.854320526123046875e+00,3.536834716796875000e-01
3.886666893959045410e-01,-8.358400464057922363e-01,3.536834716796875000e-01
-8.978939056396484375e-01,-7.347990274429321289e-01,1.493037581443786621e+00
-7.856264114379882812e-01,4.456974565982818604e-01,6.784796118736267090e-01
-1.019249916076660156e+00,-1.311382770538330078e+00,8.701113462448120117e-01
-9.486865997314453125e-01,-7.306979298591613770e-01,8.705685138702392578e-01
8.490505814552307129e-01,5.008112192153930664e-01,3.536834716796875000e-01
-1.906267255544662476e-01,2.113234996795654297e+00,5.802154541015625000e-01
-1.884419173002243042e-01,1.511859893798828125e+00,3.536834716796875000e-01
-4.764825403690338135e-01,1.558767318725585938e+00,5.855651572346687317e-02
-6.530752182006835938e-01,-1.511879682540893555e+00,3.536834716796875000e-01
3.210614323616027832e-01,-2.032905578613281250e+00,1.122864007949829102e+00
-6.971943974494934082e-01,-2.152407169342041016e+00,4.041399955749511719e-01
8.360843658447265625e-01,4.549026471067918465e-06,5.719561576843261719e-01
4.303710907697677612e-02,1.668541878461837769e-01,3.536834716796875000e-01
2.729067802429199219e-01,5.008607506752014160e-01,3.536834716796875000e-01
2.726150453090667725e-01,-1.668357998132705688e-01,3.536834716796875000e-01
-5.672340095043182373e-02,1.573614001274108887e+00,1.962156295776367188e+00
9.622058868408203125e-01,1.171340465545654297e+00,4.674853384494781494e-01
9.389038085937500000e-01,1.472577691078186035e+00,1.816097617149353027e+00
6.887149810791015625e-01,-1.206788063049316406e+00,1.110621333122253418e+00
-8.249626159667968750e-01,-1.478303074836730957e-01,1.500315070152282715e+00
6.176420450210571289e-01,-1.495512962341308594e+00,4.373998939990997314e-01
-9.042089581489562988e-01,-1.354742765426635742e+00,1.664006233215332031e+00
7.385873794555664062e-01,8.980498313903808594e-01,6.843414306640625000e-01
-5.630676075816154480e-02,-1.304194927215576172e+00,1.975075721740722656e+00
-5.054841041564941406e-01,5.215542912483215332e-01,1.918001174926757812e+00
-1.906314045190811157e-01,-2.200746059417724609e+00,3.536834716796875000e-01
6.523990631103515625e-01,-1.519140005111694336e+00,9.079076647758483887e-01
-1.022513389587402344e+00,-1.607841134071350098e+00,3.665624856948852539e-01
-1.909162849187850952e-01,2.101313591003417969e+00,1.381875753402709961e+00
3.197885453701019287e-01,2.064553260803222656e+00,8.503001332283020020e-01
5.138053894042968750e-01,-1.541662812232971191e+00,1.680893421173095703e+00
8.109292984008789062e-01,-2.961908578872680664e-01,1.190963983535766602e+00
7.387638092041015625e-01,-2.985174059867858887e-01,1.620622038841247559e+00
-8.776397705078125000e-01,-1.469810903072357178e-01,8.746700882911682129e-01
-7.758169174194335938e-01,4.461723864078521729e-01,1.405033111572265625e+00
-6.001157760620117188e-01,1.998010516166687012e+00,1.353296518325805664e+00
3.543351590633392334e-01,-1.207195281982421875e+00,3.536855876445770264e-01
4.370880126953125000e-02,-1.854317903518676758e+00,3.536834716796875000e-01
-8.685668706893920898e-01,-8.251779079437255859e-01,2.214412689208984375e-01
-3.031909167766571045e-01,1.172617077827453613e+00,3.536834716796875000e-01
1.014869689941406250e+00,1.164516925811767578e+00,1.071718692779541016e+00
6.213747859001159668e-01,1.172618508338928223e+00,3.536834716796875000e-01
6.039034724235534668e-01,-1.139647245407104492e+00,6.256103515625000000e-02
4.316253587603569031e-02,8.358308076858520508e-01,3.536834716796875000e-01
1.097237586975097656e+00,1.742936611175537109e+00,9.712708592414855957e-01
-7.194641232490539551e-02,-8.358497619628906250e-01,3.536834716796875000e-01
-4.520588517189025879e-01,-1.970888137817382812e+00,1.410564422607421875e+00
-3.044579923152923584e-01,-1.511862039566040039e+00,3.536834716796875000e-01
5.937994718551635742e-01,-1.823818206787109375e+00,1.154430270195007324e+00
6.175430417060852051e-01,-1.668306291103363037e-01,3.536834716796875000e-01
-3.016259670257568359e-01,-5.008245110511779785e-01,3.536834716796875000e-01
-7.175415009260177612e-02,-1.668973118066787720e-01,3.536834716796875000e-01
-3.013040125370025635e-01,1.668213456869125366e-01,3.536834716796875000e-01
-5.035619139671325684e-01,1.916885366881615482e-06,1.932833671569824219e+00
3.935723900794982910e-01,1.854320287704467773e+00,3.536834716796875000e-01
-6.186561584472656250e-01,1.062490463256835938e+00,1.759314894676208496e+00
-5.892534255981445312e-01,1.685438990592956543e+00,1.563140988349914551e+00
-6.503538489341735840e-01,-1.172623515129089355e+00,3.536834716796875000e-01
1.594467163085937500e-01,1.511876344680786133e+00,3.536834716796875000e-01
-1.048173904418945312e+00,-1.603244185447692871e+00,1.075738310813903809e+00
-6.905231475830078125e-01,1.359383821487426758e+00,1.007291436195373535e+00
6.771917343139648438e-01,-9.040040373802185059e-01,1.531430363655090332e+00
-1.959300935268402100e-01,1.893829345703125000e+00,1.886204957962036133e+00
-3.022469878196716309e-01,8.358526229858398438e-01,3.536834716796875000e-01
3.878631591796875000e-01,-5.008116364479064941e-01,3.536834716796875000e-01
-7.615962028503417969e-01,-1.668247580528259277e-01,3.536834716796875000e-01
-5.965678095817565918e-01,-7.828696966171264648e-01,1.926627159118652344e+00
-6.469939947128295898e-01,-5.008233785629272461e-01,3.536834716796875000e-01
-7.186031341552734375e-01,1.051170468330383301e+00,1.315393924713134766e+00
8.250463604927062988e-01,1.133556842803955078e+00,8.777618408203125000e-03
7.185058593750000000e-01,-8.999975323677062988e-01,5.820118784904479980e-01
-7.356863021850585938e-01,-1.659210801124572754e+00,1.646101355552673340e+00
7.345647811889648438e-01,-8.984403014183044434e-01,9.966586232185363770e-01
8.434441685676574707e-01,1.975172996520996094e+00,7.735745310783386230e-01
-5.578880310058593750e-01,1.691055536270141602e+00,7.054859995841979980e-01
8.080463409423828125e-01,4.253387487551663071e-06,1.502886295318603516e+00
3.949677050113677979e-01,1.305804371833801270e+00,1.965118408203125000e+00
6.588077545166015625e-01,-1.210665106773376465e+00,1.433080911636352539e+00
-6.295299530029296875e-01,1.061258554458618164e+00,3.790237307548522949e-01
6.645008921623229980e-01,7.829890847206115723e-01,1.925289154052734375e+00
2.712802886962890625e-01,-1.260894060134887695e+00,1.940754055976867676e+00
-5.317329168319702148e-01,5.008054971694946289e-01,3.536834716796875000e-01
8.112268447875976562e-01,-2.961804568767547607e-01,7.786718606948852539e-01
9.071884155273437500e-01,8.817013502120971680e-01,1.597782850265502930e+00
-7.632751464843750000e-01,-1.348760604858398438e+00,6.865352988243103027e-01
3.009304106235504150e-01,2.590953409671783447e-01,1.962363243103027344e+00
-4.134811162948608398e-01,-5.190928578376770020e-01,1.956326484680175781e+00
1.052652359008789062e+00,1.751664996147155762e+00,1.490664601325988770e+00
5.795502662658691406e-01,2.020036697387695312e+00,1.308162093162536621e+00
-5.564292892813682556e-02,-5.173959732055664062e-01,1.982918739318847656e+00
1.224791705608367920e-01,5.175943374633789062e-01,1.979470252990722656e+00
1.225025877356529236e-01,1.822710032683971804e-06,1.974275588989257812e+00
-7.688264846801757812e-01,7.452178001403808594e-01,8.878676891326904297e-01
9.724359512329101562e-01,1.170016288757324219e+00,1.488353729248046875e+00
8.952312469482421875e-01,2.934735119342803955e-01,1.077540516853332520e+00
-7.735990881919860840e-01,-1.854318857192993164e+00,3.536834716796875000e-01
8.808593750000000000e-01,2.939367890357971191e-01,6.710314750671386719e-01
3.176905810832977295e-01,-2.116548061370849609e+00,6.682521104812622070e-01
-1.006453514099121094e+00,-1.313250899314880371e+00,1.279932975769042969e+00
-9.810209274291992188e-01,-1.316964864730834961e+00,4.675489664077758789e-01
9.322252273559570312e-01,5.851592421531677246e-01,1.177076339721679688e+00
-8.021974563598632812e-01,4.448968470096588135e-01,9.859159588813781738e-01
-8.318510055541992188e-01,1.477185487747192383e-01,7.766216993331909180e-01
9.782094955444335938e-01,8.748148679733276367e-01,9.704502820968627930e-01
6.450473517179489136e-02,1.992675781250000000e+00,1.676574468612670898e+00
-6.062555313110351562e-01,1.996705532073974609e+00,7.063142061233520508e-01
-9.078769683837890625e-01,-1.029734134674072266e+00,1.600369215011596680e+00
1.085275650024414062e+00,1.745278000831604004e+00,6.680954098701477051e-01
-7.932320237159729004e-01,-1.071384429931640625e+00,6.208282336592674255e-02
8.154115676879882812e-01,1.492647528648376465e+00,5.807673335075378418e-01
-5.173965096473693848e-01,1.592693805694580078e+00,1.864677429199218750e+00
-8.137111663818359375e-01,1.480105966329574585e-01,1.397808194160461426e+00
7.734117507934570312e-01,2.973998486995697021e-01,1.826267004013061523e+00
-7.471361160278320312e-01,-1.490837633609771729e-01,1.830754637718200684e+00
5.853067040443420410e-01,1.940765380859375000e+00,1.598577499389648438e+00
-8.679161071777343750e-01,-1.471380442380905151e-01,1.183117628097534180e+00
-8.617095947265625000e-01,-4.420170485973358154e-01,1.495859026908874512e+00
-9.284420013427734375e-01,-7.323324680328369141e-01,5.680338740348815918e-01
-9.132614135742187500e-01,-4.395250678062438965e-01,8.721603155136108398e-01
-9.390258789062500000e-01,-7.314777970314025879e-01,1.177570939064025879e+00
6.543712615966796875e-01,-1.211239576339721680e+00,3.787591457366943359e-01
-9.839916229248046875e-01,-1.021113872528076172e+00,8.698867559432983398e-01
1.009663581848144531e+00,1.165192008018493652e+00,7.678292393684387207e-01
1.054533958435058594e+00,1.453786015510559082e+00,1.072020292282104492e+00
-7.214915156364440918e-01,-1.878922462463378906e+00,1.425963401794433594e+00
3.379813954234123230e-02,1.304557919502258301e+00,1.972803115844726562e+00
-7.053821682929992676e-01,-2.060246944427490234e+00,8.534194827079772949e-01
4.977161288261413574e-01,1.866559505462646484e+00,1.865288734436035156e+00
-4.654358625411987305e-01,-1.754471778869628906e+00,1.729141712188720703e+00
-1.471839100122451782e-01,-1.570219635963439941e+00,1.979463577270507812e+00
-4.176036119461059570e-01,-1.305905461311340332e+00,1.964462280273437500e+00
5.795372128486633301e-01,2.020202159881591797e+00,9.463972449302673340e-01
8.458975553512573242e-01,1.951833724975585938e+00,1.415369868278503418e+00
-3.264248669147491455e-01,1.043877482414245605e+00,1.945690155029296875e+00
-6.940051913261413574e-01,-1.314402103424072266e+00,1.912234306335449219e+00
-4.468043744564056396e-01,-2.084572792053222656e+00,1.026991128921508789e+00
-1.885170638561248779e-01,-2.200522422790527344e+00,6.607903838157653809e-01
5.734271407127380371e-01,-2.610633373260498047e-01,1.900901794433593750e+00
-2.346478998661041260e-01,-7.783256173133850098e-01,1.973376274108886719e+00
5.745863318443298340e-01,1.043653845787048340e+00,1.947418212890625000e+00
3.918066322803497314e-01,-5.200299620628356934e-01,1.941620826721191406e+00
3.364692628383636475e-02,-1.040629506111145020e+00,1.970734596252441406e+00
3.019737303256988525e-01,7.788994312286376953e-01,1.967554092407226562e+00
3.059695363044738770e-01,1.571045637130737305e+00,1.975263595581054688e+00
-4.132992327213287354e-01,2.595668435096740723e-01,1.947419166564941406e+00
8.481832742691040039e-01,1.668252199888229370e-01,3.536834716796875000e-01
6.686647534370422363e-01,1.309527158737182617e+00,1.942240715026855469e+00
-6.973905563354492188e-01,4.499656260013580322e-01,1.735494136810302734e+00
3.197900950908660889e-01,2.064508914947509766e+00,1.208307027816772461e+00
6.371104717254638672e-02,2.091220378875732422e+00,7.582359313964843750e-01
-4.404687285423278809e-01,-2.196811199188232422e+00,4.878033399581909180e-01
4.806392490863800049e-01,2.498626599845010787e-06,1.940984725952148438e+00
6.350347399711608887e-02,-2.116931438446044922e+00,1.110156536102294922e+00
-1.898131519556045532e-01,-2.146900177001953125e+00,9.291957020759582520e-01
6.415956467390060425e-02,-2.035559654235839844e+00,1.393018722534179688e+00
-5.609107762575149536e-02,1.040948987007141113e+00,1.968312263488769531e+00
-1.906153857707977295e-01,2.113777637481689453e+00,1.021874308586120605e+00
3.349525481462478638e-02,7.778334617614746094e-01,1.978585243225097656e+00
-1.449709981679916382e-01,5.183952450752258301e-01,1.966874122619628906e+00
3.336128219962120056e-02,-2.586060762405395508e-01,1.978603363037109375e+00
-1.447012275457382202e-01,2.225637445008032955e-06,1.972551345825195312e+00
6.371223181486129761e-02,2.091035366058349609e+00,4.936457574367523193e-01
3.197928071022033691e-01,2.064442157745361328e+00,5.841081142425537109e-01
-4.833011627197265625e-01,1.077819824218750000e+00,5.977718830108642578e-01
6.582727283239364624e-02,-1.828478813171386719e+00,1.710955023765563965e+00
-5.072905421257019043e-01,7.844514250755310059e-01,1.910218238830566406e+00
3.934808969497680664e-01,-7.827007770538330078e-01,1.928255081176757812e+00
-4.456115961074829102e-01,2.105659961700439453e+00,4.935012757778167725e-01
7.088802009820938110e-02,-1.200340270996093750e+00,3.536855876445770264e-01
-5.033459067344665527e-01,-2.598111927509307861e-01,1.940001487731933594e+00
6.381902843713760376e-02,2.077862739562988281e+00,1.385618925094604492e+00
-7.215270996093750000e-01,-1.050839543342590332e+00,6.867640614509582520e-01
-3.060562014579772949e-01,1.854322791099548340e+00,3.536834716796875000e-01
-8.199472427368164062e-01,-7.410905957221984863e-01,1.822020888328552246e+00
7.769994735717773438e-01,1.195343613624572754e+00,6.839950680732727051e-01
7.911682128906250000e-01,-2.968278825283050537e-01,4.726269543170928955e-01
8.910536170005798340e-01,5.503510832786560059e-01,1.471617698669433594e+00
-7.722501754760742188e-01,4.463441371917724609e-01,3.713134825229644775e-01
-5.931949615478515625e-01,1.684733510017395020e+00,2.780642509460449219e-01
-1.942434459924697876e-01,-1.963667869567871094e+00,1.497944474220275879e+00
-4.450997710227966309e-01,2.114736557006835938e+00,1.201595067977905273e+00
-1.930230259895324707e-01,2.014094352722167969e+00,1.672523617744445801e+00
-8.783655166625976562e-01,-1.938866019248962402e+00,5.820362567901611328e-01
4.909928739070892334e-01,-1.320743322372436523e+00,1.873208045959472656e+00
-5.410709381103515625e-01,1.381207108497619629e+00,7.030508518218994141e-01
-8.542881011962890625e-01,-1.473574787378311157e-01,5.708941817283630371e-01
9.998474121093750000e-01,1.462673783302307129e+00,3.664782643318176270e-01
8.435269594192504883e-01,1.974386215209960938e+00,5.036695599555969238e-01
6.272546052932739258e-01,1.854328274726867676e+00,3.536834716796875000e-01
3.353511393070220947e-01,-1.678301811218261719e+00,1.743757843971252441e+00
2.768942117691040039e-01,-1.854319453239440918e+00,3.536834716796875000e-01
-1.894320696592330933e-01,-1.854306936264038086e+00,3.536834716796875000e-01
7.404226660728454590e-01,1.511870741844177246e+00,3.536834716796875000e-01
-4.205499291419982910e-01,1.511858820915222168e+00,3.536834716796875000e-01
3.915139734745025635e-01,-1.511857986450195312e+00,3.536834716796875000e-01
-7.247131317853927612e-02,-1.511870503425598145e+00,3.536834716796875000e-01
-4.188006520271301270e-01,-1.172626614570617676e+00,3.536834716796875000e-01
3.898831009864807129e-01,1.172611355781555176e+00,3.536834716796875000e-01
-7.216979563236236572e-02,1.172626495361328125e+00,3.536834716796875000e-01
6.181808114051818848e-01,5.008317828178405762e-01,3.536834716796875000e-01
6.194472908973693848e-01,-8.358541131019592285e-01,3.536834716796875000e-01
6.039037704467773438e-01,-1.217780113220214844e+00,1.657112598419189453e+00
-6.043090820312500000e-01,1.371973037719726562e+00,1.660724163055419922e+00
-3.022468388080596924e-01,-8.358527421951293945e-01,3.536834716796875000e-01
2.734512388706207275e-01,8.358594179153442383e-01,3.536834716796875000e-01
1.582870483398437500e-01,-8.358560800552368164e-01,3.536834716796875000e-01
4.503602981567382812e-01,-1.869576930999755859e+00,1.370342254638671875e+00
-5.311772227287292480e-01,1.668197810649871826e-01,3.536834716796875000e-01
4.308013990521430969e-02,5.008507966995239258e-01,3.536834716796875000e-01
2.726150453090667725e-01,1.668357849121093750e-01,3.536834716796875000e-01
-6.127929687500000000e-01,1.995315790176391602e+00,1.027496933937072754e+00
5.715799331665039062e-01,2.602228522300720215e-01,1.926994323730468750e+00
6.948900222778320312e-01,-6.004816889762878418e-01,1.630839824676513672e+00
-6.709232330322265625e-01,1.056570768356323242e+00,1.535057187080383301e+00
7.245283126831054688e-01,-8.994132876396179199e-01,1.312330007553100586e+00
-8.779806494712829590e-01,-5.008190274238586426e-01,3.536834716796875000e-01
-9.930364489555358887e-01,-1.821600914001464844e+00,4.226049780845642090e-01
8.240184783935546875e-01,2.957690656185150146e-01,1.605702877044677734e+00
-5.328468084335327148e-01,8.358504772186279297e-01,3.536834716796875000e-01
9.883279800415039062e-01,1.464545607566833496e+00,1.596810936927795410e+00
3.040434122085571289e-01,-1.044387459754943848e+00,1.941731452941894531e+00
-9.433908462524414062e-01,-1.025712251663208008e+00,2.652041614055633545e-01
8.485965728759765625e-01,4.091262781003024429e-06,1.288730382919311523e+00
-4.004259109497070312e-01,1.719257593154907227e+00,5.002602934837341309e-01
-6.421270370483398438e-01,1.675969243049621582e+00,1.338775634765625000e+00
1.088180541992187500e+00,1.744709730148315430e+00,1.278817415237426758e+00
-7.371187210083007812e-01,7.477788925170898438e-01,1.413864731788635254e+00
-6.553497314453125000e-01,1.673601388931274414e+00,9.101220369338989258e-01
-4.280714988708496094e-01,1.866312980651855469e+00,1.866349220275878906e+00
7.696399688720703125e-01,-5.956577062606811523e-01,1.198181629180908203e+00
6.454582214355468750e-01,-1.520267248153686523e+00,1.121043682098388672e+00
-6.341667175292968750e-01,1.367612719535827637e+00,1.704601943492889404e-01
-6.840009689331054688e-01,1.360335826873779297e+00,1.219586014747619629e+00
9.232683181762695312e-01,1.176386713981628418e+00,1.705524206161499023e+00
7.916955947875976562e-01,-2.968104779720306396e-01,1.401704072952270508e+00
-7.250671386718750000e-01,1.050438642501831055e+00,1.104123473167419434e+00
6.421947479248046875e-01,-1.520797967910766602e+00,6.972654461860656738e-01
9.622068405151367188e-01,1.171342134475708008e+00,1.641250550746917725e-01
5.988733768463134766e-01,-1.753956794738769531e+00,5.160241723060607910e-01
6.955595016479492188e-01,-1.205899000167846680e+00,8.994732499122619629e-01
-4.482327103614807129e-01,2.059234142303466797e+00,1.482054352760314941e+00
-9.590787887573242188e-01,-1.023935317993164062e+00,1.384303808212280273e+00
-7.991629838943481445e-01,-2.685525417327880859e-01,1.668648719787597656e+00
-7.957620620727539062e-01,4.452069401741027832e-01,1.193704843521118164e+00
7.306842803955078125e-01,-8.988167643547058105e-01,7.887719273567199707e-01
7.385873794555664062e-01,8.980501294136047363e-01,4.773069620132446289e-01
-7.476119995117187500e-01,7.469303607940673828e-01,6.826968193054199219e-01
7.645769119262695312e-01,-5.959848165512084961e-01,6.806482076644897461e-01
1.008777618408203125e+00,1.165306329727172852e+00,1.276764154434204102e+00
8.174743652343750000e-01,-2.959798574447631836e-01,9.836396574974060059e-01
-1.054533958435058594e+00,-1.602105975151062012e+00,8.712432384490966797e-01
6.263868510723114014e-02,-2.224322795867919922e+00,5.718942284584045410e-01
-1.012872695922851562e+00,-1.312313914299011230e+00,1.074339389801025391e+00
3.238609135150909424e-01,1.963492393493652344e+00,1.683997154235839844e+00
-8.169078826904296875e-01,1.479596048593521118e-01,5.732273459434509277e-01
8.512001037597656250e-01,4.072189312864793465e-06,7.748820185661315918e-01
9.016904830932617188e-01,2.932654917240142822e-01,8.727038502693176270e-01
9.384365081787109375e-01,5.847586989402770996e-01,9.721963405609130859e-01
-1.036259651184082031e+00,-1.605379343032836914e+00,5.683642625808715820e-01
9.700975418090820312e-01,8.756020665168762207e-01,7.683987021446228027e-01
9.152994155883789062e-01,5.862517952919006348e-01,5.681915283203125000e-01
-3.301252722740173340e-01,1.578093409538269043e+00,1.939260482788085938e+00
-9.810209274291992188e-01,-1.316965460777282715e+00,2.652074992656707764e-01
-9.953189492225646973e-01,-1.203328132629394531e+00,7.019982933998107910e-01
7.577955722808837891e-01,5.243132114410400391e-01,1.875148773193359375e+00
-5.982428789138793945e-01,-1.045485377311706543e+00,1.933310508728027344e+00
5.777387022972106934e-01,-7.879841923713684082e-01,1.873808860778808594e+00
-8.454504013061523438e-01,-1.945862889289855957e+00,7.926913499832153320e-01
5.906977057456970215e-01,-1.866529464721679688e+00,9.646227955818176270e-01
-5.962007641792297363e-01,2.611564695835113525e-01,1.898189544677734375e+00
-4.490146636962890625e-01,-2.045412063598632812e+00,1.212159395217895508e+00
6.176420450210571289e-01,-1.495512962341308594e+00,2.481069862842559814e-01
3.194309473037719727e-01,-2.073338985443115234e+00,9.383869767189025879e-01
-9.688987731933593750e-01,-1.318733930587768555e+00,1.492246031761169434e+00
3.227200210094451904e-01,-1.991766929626464844e+00,1.310410618782043457e+00
6.695041805505752563e-02,-1.689072608947753906e+00,1.933347105979919434e+00
-5.955201387405395508e-01,-5.214460492134094238e-01,1.919790267944335938e+00
7.649608254432678223e-01,1.579045653343200684e+00,1.934403419494628906e+00
-7.020711898803710938e-01,-2.097495079040527344e+00,6.719598174095153809e-01
-2.372999489307403564e-01,1.308245062828063965e+00,1.950108528137207031e+00
8.577848672866821289e-01,1.319705605506896973e+00,1.879588127136230469e+00
3.453628346323966980e-02,1.858396768569946289e+00,1.900874137878417969e+00
-3.287012279033660889e-01,-1.571284651756286621e+00,1.974027633666992188e+00
1.245771795511245728e-01,1.570644021034240723e+00,1.977338790893554688e+00
3.932366073131561279e-01,1.041692614555358887e+00,1.962581634521484375e+00
2.120501697063446045e-01,-5.187367796897888184e-01,1.961905479431152344e+00
8.434362411499023438e-01,1.975253105163574219e+00,9.544567465782165527e-01
4.821670353412628174e-01,7.803577780723571777e-01,1.952482223510742188e+00
1.071329116821289062e+00,1.748006701469421387e+00,4.667048454284667969e-01
-7.605983614921569824e-01,-1.438729286193847656e+00,1.799563050270080566e+00
5.795503854751586914e-01,2.020036697387695312e+00,1.126725316047668457e+00
-4.144066274166107178e-01,-7.797071933746337891e-01,1.959235191345214844e+00
2.138901501893997192e-01,1.303345203399658203e+00,1.980254173278808594e+00
-2.364627718925476074e-01,-1.303629875183105469e+00,1.978505134582519531e+00
-3.241448104381561279e-01,5.193657279014587402e-01,1.951890945434570312e+00
-1.455885320901870728e-01,-1.039048910140991211e+00,1.982908248901367188e+00
3.012763857841491699e-01,5.185140967369079590e-01,1.964968681335449219e+00
-3.232942223548889160e-01,2.069473111987463199e-06,1.957914352416992188e+00
3.009087443351745605e-01,2.412795993222971447e-06,1.959733963012695312e+00
-2.340020686388015747e-01,2.590880095958709717e-01,1.962406158447265625e+00
-5.580314621329307556e-02,-7.776697874069213867e-01,1.980319023132324219e+00
-2.341156750917434692e-01,-5.181581974029541016e-01,1.970807075500488281e+00
3.167645633220672607e-01,-2.139525413513183594e+00,4.910015761852264404e-01
5.795450210571289062e-01,2.020092964172363281e+00,7.670452594757080078e-01
3.197901546955108643e-01,2.064508914947509766e+00,1.028792500495910645e+00
-1.906200051307678223e-01,2.113580703735351562e+00,1.200212121009826660e+00
5.795782208442687988e-01,2.019635200500488281e+00,4.104434251785278320e-01
-9.160118103027343750e-01,-7.333359122276306152e-01,3.662896752357482910e-01
1.223407685756683350e-01,2.586422860622406006e-01,1.976882934570312500e+00
-1.906101554632186890e-01,2.113982677459716797e+00,8.445647954940795898e-01
6.370801478624343872e-02,2.091364860534667969e+00,9.355239868164062500e-01
6.045303344726562500e-01,-1.370414733886718750e+00,1.567548751831054688e+00
-4.449392259120941162e-01,2.117579460144042969e+00,7.568871974945068359e-01
3.197926580905914307e-01,2.064442157745361328e+00,4.073971509933471680e-01
-6.877374649047851562e-01,1.359790921211242676e+00,7.970913648605346680e-01
-1.906324028968811035e-01,2.113010406494140625e+00,4.046936035156250000e-01
5.972372889518737793e-01,-1.776483535766601562e+00,1.348087906837463379e+00
6.224985122680664062e-01,-9.093070030212402344e-01,1.755619168281555176e+00
-5.100668072700500488e-01,1.050387978553771973e+00,1.895468711853027344e+00
8.572883605957031250e-01,8.865401148796081543e-01,1.817208766937255859e+00
8.718299865722656250e-01,2.942276597023010254e-01,4.684869349002838135e-01
3.609283268451690674e-02,-1.942305207252502441e+00,1.535135269165039062e+00
7.931737899780273438e-01,8.713158965110778809e-01,3.150708079338073730e-01
-6.253299713134765625e-01,-1.678975224494934082e+00,1.774690508842468262e+00
8.280553817749023438e-01,4.158020146860508248e-06,3.686370849609375000e-01
-1.015247821807861328e+00,-1.427638053894042969e+00,5.885083079338073730e-01
-6.883872747421264648e-01,1.974105771296308376e-06,1.872992515563964844e+00
-8.907424807548522949e-01,-1.519550561904907227e+00,4.063014984130859375e-01
-7.899875640869140625e-01,-1.046270847320556641e+00,3.154281675815582275e-01
6.181808114051818848e-01,-5.008320212364196777e-01,3.536834716796875000e-01
-8.430652618408203125e-01,-1.639979839324951172e+00,1.520982623100280762e+00
8.130321502685546875e-01,1.224637269973754883e+00,1.959793120622634888e-01
4.628567397594451904e-01,-1.485651969909667969e+00,2.070156782865524292e-01
5.038229227066040039e-01,-1.168571829795837402e+00,3.178548812866210938e-01
-9.433908462524414062e-01,-1.025712132453918457e+00,6.312652677297592163e-02
-6.253877282142639160e-01,1.079151153564453125e+00,1.998446583747863770e-01
-7.626092433929443359e-01,-8.343615531921386719e-01,3.353157043457031250e-01
-8.201057314872741699e-01,1.192092895507812500e-06,1.445902824401855469e+00
-7.946329116821289062e-01,-1.956664204597473145e+00,1.007593035697937012e+00
1.241098791360855103e-01,-1.306464672088623047e+00,1.961042404174804688e+00
-2.005031406879425049e-01,-1.704623222351074219e+00,1.930230855941772461e+00
5.120672583580017090e-01,-1.649763584136962891e+00,1.573171615600585938e+00
4.398651048541069031e-02,-2.200755357742309570e+00,3.536834716796875000e-01
-5.909442901611328125e-01,1.999960303306579590e+00,4.934352040290832520e-01
3.315325975418090820e-01,-1.773060798645019531e+00,1.628876924514770508e+00
9.681715965270996094e-01,1.610770702362060547e+00,1.772350311279296875e+00
3.405535817146301270e-01,-1.549207687377929688e+00,1.868871688842773438e+00
8.639183044433593750e-01,1.788614511489868164e+00,1.841725230216979980e+00
-9.109210968017578125e-01,-1.931946516036987305e+00,3.734677135944366455e-01
-7.320920228958129883e-01,-1.759603500366210938e+00,1.541580200195312500e+00
5.211668014526367188e-01,-9.191182255744934082e-01,1.884017109870910645e+00
-7.787356972694396973e-01,-1.234580993652343750e+00,3.536855876445770264e-01
9.245662689208984375e-01,8.800163269042968750e-01,3.664688169956207275e-01
7.167418003082275391e-01,1.956985831260681152e+00,1.471170425415039062e+00
5.845260620117187500e-01,-1.530170083045959473e+00,1.559629082679748535e+00
5.975661873817443848e-01,1.888583660125732422e+00,1.769308090209960938e+00
-9.947568178176879883e-01,-1.196992874145507812e+00,1.203530430793762207e+00
-4.679643809795379639e-01,1.709671974182128906e+00,3.337334990501403809e-01
-6.876769065856933594e-01,-2.615689337253570557e-01,1.885324478149414062e+00
6.543712615966796875e-01,-1.211239337921142578e+00,1.697152704000473022e-01
-7.101155519485473633e-01,5.399200916290283203e-01,1.633351325988769531e+00
-1.876561492681503296e-01,-2.236105918884277344e+00,4.847167730331420898e-01
-1.004627943038940430e+00,-1.726120948791503906e+00,8.923509120941162109e-01
-4.254319667816162109e-01,-2.200742244720458984e+00,3.536834716796875000e-01
-1.020092844963073730e+00,-1.598757743835449219e+00,1.287575840950012207e+00
-6.281557083129882812e-01,7.565746307373046875e-01,1.860086917877197266e+00
-7.143124341964721680e-01,-1.959703445434570312e+00,1.319767713546752930e+00
-4.612208306789398193e-01,-1.829177856445312500e+00,1.619027495384216309e+00
-4.694950878620147705e-01,-1.682593345642089844e+00,1.840807795524597168e+00
9.057495594024658203e-01,1.382378578186035156e+00,6.001373007893562317e-02
6.864824295043945312e-01,-3.002021014690399170e-01,1.843473434448242188e+00
8.899667263031005859e-01,1.532526016235351562e+00,3.421978652477264404e-01
4.918884038925170898e-01,-1.464827656745910645e+00,3.154754638671875000e-02
6.640800088644027710e-02,-1.756391525268554688e+00,1.821634292602539062e+00
6.779638528823852539e-01,-5.330314636230468750e-01,1.740186691284179688e+00
-4.713644385337829590e-01,1.649438858032226562e+00,1.506265252828598022e-01
5.919635295867919922e-01,-1.849098205566406250e+00,6.010491847991943359e-01
9.968595504760742188e-01,1.762587904930114746e+00,1.604532599449157715e+00
-1.988878995180130005e-01,-1.771404266357421875e+00,1.818788886070251465e+00
-5.355596542358398438e-01,1.695055842399597168e+00,1.791685104370117188e+00
8.668349981307983398e-01,8.023976087570190430e-01,1.725106239318847656e+00
3.402549773454666138e-02,-1.572981119155883789e+00,1.965363502502441406e+00
5.238723754882812500e-01,-1.855184435844421387e+00,1.250833988189697266e+00
6.031172275543212891e-01,1.695524215698242188e+00,1.936871886253356934e+00
-1.957621276378631592e-01,-1.900870323181152344e+00,1.602739214897155762e+00
-4.570975005626678467e-01,-1.902224540710449219e+00,1.511358618736267090e+00
-1.926803141832351685e-01,-2.028341770172119141e+00,1.394642353057861328e+00
-7.932596206665039062e-01,-1.327308058738708496e+00,1.832837104797363281e+00
-4.252010881900787354e-01,1.865036249160766602e+00,4.134693145751953125e-01
-7.899875640869140625e-01,-1.046271085739135742e+00,1.952307075262069702e-01
-3.927335739135742188e-01,2.042090654373168945e+00,1.605882525444030762e+00
7.801017761230468750e-01,1.621246269678522367e-06,1.618978500366210938e+00
-9.827497601509094238e-01,-1.061842918395996094e+00,1.064671039581298828e+00
8.615508675575256348e-01,1.854327559471130371e+00,3.536834716796875000e-01
-3.079939186573028564e-01,-2.200742483139038086e+00,3.536834716796875000e-01
-7.331237941980361938e-02,-2.200751066207885742e+00,3.536834716796875000e-01
-6.565014719963073730e-01,-1.854324579238891602e+00,3.536834716796875000e-01
5.760507583618164062e-01,-1.221387863159179688e+00,1.770766615867614746e+00
7.443069219589233398e-01,1.854319572448730469e+00,3.536834716796875000e-01
-5.625352859497070312e-01,1.690224289894104004e+00,1.676866292953491211e+00
-5.395635962486267090e-01,-1.854312300682067871e+00,3.536834716796875000e-01
-5.777120590209960938e-01,1.375857353210449219e+00,1.774388074874877930e+00
5.103506445884704590e-01,1.854323387145996094e+00,3.536834716796875000e-01
2.768963575363159180e-01,1.854332685470581055e+00,3.536834716796875000e-01
3.935702443122863770e-01,-1.854311347007751465e+00,3.536834716796875000e-01
-3.060568273067474365e-01,-1.854309916496276855e+00,3.536834716796875000e-01
-1.894319057464599609e-01,1.854319691658020020e+00,3.536834716796875000e-01
1.602816730737686157e-01,-1.854318380355834961e+00,3.536834716796875000e-01
1.602816730737686157e-01,1.854323029518127441e+00,3.536834716796875000e-01
-7.285064458847045898e-02,1.854333400726318359e+00,3.536834716796875000e-01
-7.285186648368835449e-02,-1.854322791099548340e+00,3.536834716796875000e-01
-7.695599198341369629e-01,-1.511863708496093750e+00,3.536834716796875000e-01
-5.367450118064880371e-01,-1.511866450309753418e+00,3.536834716796875000e-01
6.239770650863647461e-01,1.511872172355651855e+00,3.536834716796875000e-01
3.915136754512786865e-01,1.511857986450195312e+00,3.536834716796875000e-01
-4.205499291419982910e-01,-1.511859059333801270e+00,3.536834716796875000e-01
-3.044579923152923584e-01,1.511862158775329590e+00,3.536834716796875000e-01
2.754479944705963135e-01,1.511866569519042969e+00,3.536834716796875000e-01
2.754479944705963135e-01,-1.511866927146911621e+00,3.536834716796875000e-01
-5.535392761230468750e-01,-1.983455419540405273e+00,1.355809211730957031e+00
-7.247131317853927612e-02,1.511870741844177246e+00,3.536834716796875000e-01
-1.884419173002243042e-01,-1.511860013008117676e+00,3.536834716796875000e-01
7.373379468917846680e-01,1.172620773315429688e+00,3.536834716796875000e-01
4.348113760352134705e-02,-1.511860728263854980e+00,3.536834716796875000e-01
4.348113760352134705e-02,1.511861205101013184e+00,3.536834716796875000e-01
-5.345064997673034668e-01,-1.172614216804504395e+00,3.536825180053710938e-01
5.055724978446960449e-01,1.172629594802856445e+00,3.536834716796875000e-01
-5.190179347991943359e-01,1.461934328079223633e+00,1.173305511474609375e-02
-4.188006520271301270e-01,1.172626733779907227e+00,3.536834716796875000e-01
-3.031909167766571045e-01,-1.172616958618164062e+00,3.536834716796875000e-01
2.743038833141326904e-01,1.172632455825805664e+00,3.536834716796875000e-01
-1.876589953899383545e-01,1.172627091407775879e+00,3.536834716796875000e-01
-7.216979563236236572e-02,-1.172626376152038574e+00,3.536834716796875000e-01
-6.483173966407775879e-01,-8.358358740806579590e-01,3.536834716796875000e-01
-6.483172178268432617e-01,8.358359336853027344e-01,3.536834716796875000e-01
4.329864308238029480e-02,1.172614932060241699e+00,3.536834716796875000e-01
-5.208920240402221680e-01,1.142746329307556152e+00,8.996295928955078125e-02
6.194472908973693848e-01,8.358539342880249023e-01,3.536834716796875000e-01
7.327712774276733398e-01,1.668271720409393311e-01,3.536834716796875000e-01
-7.624024748802185059e-01,-5.008277893066406250e-01,3.536834716796875000e-01
7.335216999053955078e-01,5.008180141448974609e-01,3.536834716796875000e-01
5.039904713630676270e-01,-8.358405828475952148e-01,3.536834716796875000e-01
-6.463217139244079590e-01,-1.668264716863632202e-01,3.536834716796875000e-01
-6.469939947128295898e-01,5.008234977722167969e-01,3.536834716796875000e-01
-5.317329168319702148e-01,-5.008054375648498535e-01,3.536834716796875000e-01
-4.174941778182983398e-01,-8.358503580093383789e-01,3.536825180053710938e-01
-4.174941778182983398e-01,8.358503580093383789e-01,3.536834716796875000e-01
7.327715754508972168e-01,-1.668261736631393433e-01,3.536834716796875000e-01
3.886666893959045410e-01,8.358400464057922363e-01,3.536834716796875000e-01
5.029693245887756348e-01,5.008318424224853516e-01,3.536834716796875000e-01
-1.870724409818649292e-01,8.358405828475952148e-01,3.536834716796875000e-01
2.734512388706207275e-01,-8.358595371246337891e-01,3.536834716796875000e-01
-6.463217139244079590e-01,1.668266654014587402e-01,3.536834716796875000e-01
-1.870724409818649292e-01,-8.358404636383056641e-01,3.536834716796875000e-01
1.582870483398437500e-01,8.358559012413024902e-01,3.536834716796875000e-01
-6.714563369750976562e-01,4.512199163436889648e-01,1.847646713256835938e+00
4.316253587603569031e-02,-8.358309268951416016e-01,3.536834716796875000e-01
-7.194641232490539551e-02,8.358495831489562988e-01,3.536834716796875000e-01
6.175430417060852051e-01,1.668307334184646606e-01,3.536834716796875000e-01
5.024343729019165039e-01,-1.668255627155303955e-01,3.536834716796875000e-01
5.029693245887756348e-01,-5.008317232131958008e-01,3.536834716796875000e-01
-4.166322350502014160e-01,5.008183121681213379e-01,3.536834716796875000e-01
-4.166322350502014160e-01,-5.008183121681213379e-01,3.536834716796875000e-01
-5.344514846801757812e-01,1.072027087211608887e+00,7.006109356880187988e-01
2.729067802429199219e-01,-5.008608102798461914e-01,3.536834716796875000e-01
3.878631591796875000e-01,5.008115768432617188e-01,3.536834716796875000e-01
-5.311773419380187988e-01,-1.668196469545364380e-01,3.536834716796875000e-01
-3.016259670257568359e-01,5.008245706558227539e-01,3.536834716796875000e-01
-1.866957098245620728e-01,-5.008444786071777344e-01,3.536834716796875000e-01
-4.162307679653167725e-01,1.668375432491302490e-01,3.536834716796875000e-01
-3.013040125370025635e-01,-1.668214052915573120e-01,3.536834716796875000e-01
-7.180266827344894409e-02,5.008716583251953125e-01,3.536834716796875000e-01
-7.180266827344894409e-02,-5.008714795112609863e-01,3.536834716796875000e-01
1.579617261886596680e-01,5.008289813995361328e-01,3.536834716796875000e-01
1.579617261886596680e-01,-5.008289813995361328e-01,3.536834716796875000e-01
3.874862492084503174e-01,1.668328195810317993e-01,3.536834716796875000e-01
3.874862492084503174e-01,-1.668329238891601562e-01,3.536834716796875000e-01
-6.157255172729492188e-01,1.680698394775390625e+00,1.450466394424438477e+00
6.499786376953125000e-01,-9.066432714462280273e-01,1.642979741096496582e+00
6.314859390258789062e-01,-1.214205265045166016e+00,1.544565081596374512e+00
-1.864703297615051270e-01,1.668043136596679688e-01,3.536834716796875000e-01
4.303710907697677612e-02,-1.668541729450225830e-01,3.536834716796875000e-01
-6.585111618041992188e-01,7.541235089302062988e-01,1.746376276016235352e+00
1.578396558761596680e-01,-1.668716371059417725e-01,3.536834716796875000e-01
1.578396558761596680e-01,1.668715476989746094e-01,3.536834716796875000e-01
-1.864703297615051270e-01,-1.668042391538619995e-01,3.536834716796875000e-01
-7.175415009260177612e-02,1.668972671031951904e-01,3.536834716796875000e-01
-6.306543350219726562e-01,1.368126153945922852e+00,1.548135638236999512e+00
-6.449136734008789062e-01,1.059516310691833496e+00,1.646655082702636719e+00
3.250998258590698242e-01,-1.932687759399414062e+00,1.412110924720764160e+00
6.122522354125976562e-01,-1.525663614273071289e+00,1.447016000747680664e+00
-7.096996307373046875e-01,1.496873944997787476e-01,1.838161706924438477e+00
-3.519697487354278564e-01,-1.958504438400268555e+00,1.464550018310546875e+00
7.123880386352539062e-01,-2.993670701980590820e-01,1.731571912765502930e+00
8.793067932128906250e-01,8.638314604759216309e-01,7.004060745239257812e-01
-7.726259231567382812e-01,-1.486728191375732422e-01,1.719671845436096191e+00
-8.094720840454101562e-01,-4.445441663265228271e-01,1.714583992958068848e+00
-8.459606170654296875e-01,-7.389910817146301270e-01,1.711332678794860840e+00
-7.611742019653320312e-01,1.488564610481262207e-01,1.616072058677673340e+00
8.130321502685546875e-01,1.224636912345886230e+00,7.536895573139190674e-02
9.310131072998046875e-01,1.775478839874267578e+00,1.722014904022216797e+00
-7.104511260986328125e-01,7.499311566352844238e-01,1.523784160614013672e+00
8.983316421508789062e-01,1.179620623588562012e+00,1.815665602684020996e+00
7.217731475830078125e-01,-5.987470746040344238e-01,1.520147323608398438e+00
-8.819093704223632812e-01,-1.032675504684448242e+00,1.709945917129516602e+00
7.988367080688476562e-01,2.965807318687438965e-01,1.715454339981079102e+00
-6.069143414497375488e-01,-1.585452795028686523e+00,1.901667594909667969e+00
-7.494268417358398438e-01,4.474489986896514893e-01,1.514238595962524414e+00
6.819238662719726562e-01,-1.207668304443359375e+00,1.323177933692932129e+00
-7.987852096557617188e-01,-1.482529342174530029e-01,1.609493017196655273e+00
9.372625350952148438e-01,1.133241534233093262e+00,5.979537963867187500e-03
8.659038543701171875e-01,5.894392728805541992e-01,1.600866913795471191e+00
7.653532028198242188e-01,-2.976599335670471191e-01,1.510650753974914551e+00
3.289077281951904297e-01,1.838258743286132812e+00,1.900122165679931641e+00
9.637346267700195312e-01,1.468542456626892090e+00,1.705927729606628418e+00
-8.357152938842773438e-01,-4.432736933231353760e-01,1.604697823524475098e+00
-7.875652313232421875e-01,1.484322994947433472e-01,1.506430268287658691e+00
-8.720512390136718750e-01,-7.368847727775573730e-01,1.601663589477539062e+00
-8.508968353271484375e-01,-1.474124640226364136e-01,1.392150044441223145e+00
-6.975164413452148438e-01,1.053559184074401855e+00,1.424353003501892090e+00
9.318408966064453125e-01,8.793109655380249023e-01,1.489599823951721191e+00
8.499584197998046875e-01,2.949329018592834473e-01,1.496810913085937500e+00
-8.874635696411132812e-01,-4.407728612422943115e-01,1.388026952743530273e+00
9.479665756225585938e-01,1.173187971115112305e+00,1.596432924270629883e+00
-9.234972000122070312e-01,-7.327308654785156250e-01,1.385416269302368164e+00
-9.335966110229492188e-01,-1.026820302009582520e+00,1.491835474967956543e+00
7.041501998901367188e-01,-9.013898372650146484e-01,1.420929551124572754e+00
7.054672241210937500e-01,-9.012617468833923340e-01,3.753161430358886719e-01
1.012693405151367188e+00,1.460585951805114746e+00,1.488705158233642578e+00
-5.455112457275390625e-01,2.009617805480957031e+00,1.470563769340515137e+00
-1.035385489463806152e+00,-1.654312133789062500e+00,4.702528417110443115e-01
-9.710433483123779297e-01,-9.301071166992187500e-01,9.294009208679199219e-01
-6.060838699340820312e-01,1.996741294860839844e+00,1.244067549705505371e+00
-8.231658935546875000e-01,-1.950599312782287598e+00,8.994340300559997559e-01
5.752735137939453125e-01,-5.235340595245361328e-01,1.887495040893554688e+00
-5.354704856872558594e-01,1.918718218803405762e+00,1.637971878051757812e+00
-4.004259109497070312e-01,1.719257593154907227e+00,6.086805462837219238e-01
-6.094436645507812500e-01,1.996027350425720215e+00,1.135601878166198730e+00
-6.161308288574218750e-01,1.994605660438537598e+00,9.197257757186889648e-01
6.137781143188476562e-01,-1.525416493415832520e+00,5.935171246528625488e-01
-6.454496383666992188e-01,1.675374865531921387e+00,1.231063365936279297e+00
-8.288755416870117188e-01,1.477670669555664062e-01,1.291676640510559082e+00
6.419715881347656250e-01,-1.520833849906921387e+00,1.228136897087097168e+00
6.543712615966796875e-01,-1.211236953735351562e+00,5.881762504577636719e-01
6.381013989448547363e-02,-2.078873634338378906e+00,1.295147657394409180e+00
-5.836095809936523438e-01,2.001518726348876953e+00,3.869167864322662354e-01
8.341321945190429688e-01,4.148483185417717323e-06,1.394518971443176270e+00
-6.807231903076171875e-01,1.360814452171325684e+00,1.326289892196655273e+00
-5.986003875732421875e-01,1.998332381248474121e+00,5.998875498771667480e-01
-6.139097213745117188e-01,1.995078206062316895e+00,8.127403259277343750e-01
-6.520605087280273438e-01,1.674190044403076172e+00,1.016763925552368164e+00
-8.521810770034790039e-01,-1.132274389266967773e+00,-2.545356750488281250e-03
-4.833011627197265625e-01,1.077820181846618652e+00,4.912950098514556885e-01
6.489343643188476562e-01,-1.519702553749084473e+00,1.014309048652648926e+00
-8.619585037231445312e-01,-1.942353606224060059e+00,6.870877146720886230e-01
7.560300827026367188e-01,4.243850526108872145e-06,1.722540140151977539e+00
4.878382086753845215e-01,-1.051446676254272461e+00,1.887334823608398438e+00
6.852760314941406250e-01,-1.207234144210815430e+00,1.216715097427368164e+00
-9.197434186935424805e-01,-8.291073441505432129e-01,1.449691772460937500e+00
-5.931949615478515625e-01,1.684733390808105469e+00,3.840920925140380859e-01
-6.872673034667968750e-01,1.359859108924865723e+00,1.113263249397277832e+00
8.890237808227539062e-01,2.936735749244689941e-01,1.283705115318298340e+00
-6.506414413452148438e-01,1.674444675445556641e+00,8.044686913490295410e-01
7.277860641479492188e-01,-8.990975022315979004e-01,1.206749796867370605e+00
-1.016164183616638184e+00,-1.631112098693847656e+00,1.187191247940063477e+00
-7.218408584594726562e-01,1.050803780555725098e+00,1.209570288658142090e+00
-9.942893981933593750e-01,-1.315027117729187012e+00,1.384683609008789062e+00
6.921424865722656250e-01,-1.206341862678527832e+00,1.004884004592895508e+00
8.523290157318115234e-01,1.890625000000000000e+00,1.613134860992431641e+00
-8.946809768676757812e-01,-1.935398697853088379e+00,4.775063991546630859e-01
6.498537063598632812e-01,-1.519553303718566895e+00,8.023255467414855957e-01
-6.341667175292968750e-01,1.367612600326538086e+00,5.907579064369201660e-01
1.076723098754882812e+00,1.746952295303344727e+00,1.383384108543395996e+00
-7.282829284667968750e-01,1.050074100494384766e+00,9.990243315696716309e-01
9.573478698730468750e-01,8.768374323844909668e-01,1.382226347923278809e+00
8.481032848358154297e-01,1.496087431907653809e+00,2.456369400024414062e-01
-7.558622360229492188e-01,7.462644577026367188e-01,1.306025862693786621e+00
-6.341667175292968750e-01,1.367613554000854492e+00,3.804217576980590820e-01
9.998474121093750000e-01,1.462673664093017578e+00,1.642123311758041382e-01
1.048466682434082031e+00,1.454772114753723145e+00,1.277123689651489258e+00
9.081821441650390625e-01,5.867103934288024902e-01,3.661767542362213135e-01
9.973754882812500000e-01,1.166784763336181641e+00,1.381139516830444336e+00
-6.341667175292968750e-01,1.367614150047302246e+00,2.754068076610565186e-01
7.311811447143554688e-01,-8.987684249877929688e-01,1.101528763771057129e+00
-6.341667175292968750e-01,1.367613077163696289e+00,6.555511057376861572e-02
7.664422988891601562e-01,-5.958642959594726562e-01,1.303005933761596680e+00
8.156795501708984375e-01,5.926803350448608398e-01,1.820736646652221680e+00
-7.622547149658203125e-01,7.457485795021057129e-01,1.096265554428100586e+00
8.612241148948669434e-01,1.586967706680297852e+00,1.893912315368652344e+00
-6.938323974609375000e-01,1.358901739120483398e+00,9.016396999359130859e-01
6.543712615966796875e-01,-1.211237311363220215e+00,4.834081828594207764e-01
7.729644775390625000e-01,-5.954434275627136230e-01,1.093714237213134766e+00
6.543712615966796875e-01,-1.211237072944641113e+00,2.742047011852264404e-01
-7.925920486450195312e-01,4.453604519367218018e-01,1.298134565353393555e+00
6.905908584594726562e-01,-1.206545710563659668e+00,7.950799465179443359e-01
8.077650070190429688e-01,-2.962928712368011475e-01,1.295154213905334473e+00
-7.654876708984375000e-01,7.454875111579895020e-01,9.919115900993347168e-01
-4.461751878261566162e-01,2.095676422119140625e+00,1.384659051895141602e+00
3.250368833541870117e-01,1.934307098388671875e+00,1.783707499504089355e+00
7.597103714942932129e-01,1.049106240272521973e+00,1.905333518981933594e+00
7.763090133666992188e-01,-5.952273607254028320e-01,9.895905852317810059e-01
-7.316331863403320312e-01,1.049695134162902832e+00,8.942348957061767578e-01
-7.989206314086914062e-01,4.450539946556091309e-01,1.089646100997924805e+00
8.517313003540039062e-01,4.129409717279486358e-06,1.185060381889343262e+00
7.379388809204101562e-01,-8.981130123138427734e-01,8.921144008636474609e-01
-8.320178985595703125e-01,1.477160751819610596e-01,1.187768578529357910e+00
8.154115676879882812e-01,1.492647171020507812e+00,6.843588352203369141e-01
8.141641616821289062e-01,-2.960864305496215820e-01,1.087134957313537598e+00
-8.647985458374023438e-01,-1.471880376338958740e-01,1.286617279052734375e+00
7.119874954223632812e-01,-9.006295800209045410e-01,4.786779582500457764e-01
7.250242233276367188e-01,-8.993653655052185059e-01,6.853436231613159180e-01
-8.055028915405273438e-01,4.447353780269622803e-01,8.825030326843261719e-01
7.385873794555664062e-01,8.980500698089599609e-01,5.807525515556335449e-01
-8.384704589843750000e-01,1.476128399372100830e-01,9.810084104537963867e-01
-9.004373550415039062e-01,-4.401437938213348389e-01,1.282929658889770508e+00
-1.937233507633209229e-01,1.985079765319824219e+00,1.771559715270996094e+00
-8.711290359497070312e-01,-1.470856368541717529e-01,1.079972505569458008e+00
