3.534293770790100098e-01,-1.229684829711914062e+00,1.837762355804443359e+00
-1.785103440284729004e+00,1.922272682189941406e+00,4.243569970130920410e-01
2.682397603988647461e+00,1.480617523193359375e-01,4.103814661502838135e-01
-2.512456655502319336e+00,-1.487817764282226562e-01,2.246486425399780273e+00
-1.418928146362304688e+00,-8.107774257659912109e-01,4.318809509277343750e-02
-2.128736823797225952e-01,1.192856788635253906e+00,2.360555171966552734e+00
1.922208189964294434e+00,-1.921803474426269531e+00,4.259536564350128174e-01
5.060601830482482910e-01,5.039094686508178711e-01,4.173097610473632812e-01
1.628597974777221680e+00,2.540968358516693115e-01,2.116856098175048828e+00
-1.958255767822265625e+00,1.709328413009643555e+00,2.202917098999023438e+00
-2.540290832519531250e+00,3.608250021934509277e-01,5.492788553237915039e-01
2.230211496353149414e+00,-1.292092680931091309e+00,2.049470424652099609e+00
-1.143383979797363281e+00,-7.149806618690490723e-01,1.655730724334716797e+00
6.408576965332031250e-01,-1.205136775970458984e+00,3.115957677364349365e-01
-4.829263985157012939e-01,1.444597244262695312e+00,9.174441099166870117e-01
3.665374219417572021e-01,1.840591380641853902e-06,2.446911334991455078e+00
-1.325144171714782715e+00,4.879177808761596680e-01,2.439100742340087891e+00
-1.238130211830139160e+00,5.057016611099243164e-01,4.547080993652343750e-01
2.680622100830078125e+00,-2.359255999326705933e-01,1.618188738822937012e+00
1.670639634132385254e+00,-5.024005174636840820e-01,3.866062164306640625e-01
6.622851490974426270e-01,8.808383941650390625e-01,1.599134087562561035e+00
-3.037686049938201904e-01,-5.043823122978210449e-01,4.272365570068359375e-01
1.606192946434020996e+00,5.958099365234375000e-01,8.080468773841857910e-01
-2.324564933776855469e+00,8.692857027053833008e-01,1.528158545494079590e+00
1.448886394500732422e+00,-1.516810417175292969e+00,1.309345245361328125e+00
1.258873820304870605e+00,-7.562602162361145020e-01,2.200880527496337891e+00
-2.125563859939575195e+00,-3.816614151000976562e-01,1.276014685630798340e+00
-3.905597329139709473e-01,-7.348388433456420898e-01,2.421937942504882812e+00
-1.025954246520996094e+00,1.550494194030761719e+00,1.782095551490783691e+00
2.391657352447509766e+00,-9.860788583755493164e-01,9.938227534294128418e-01
-9.769918322563171387e-01,1.472460865974426270e+00,8.384609222412109375e-02
-2.161364704370498657e-01,-1.057901382446289062e+00,1.158691644668579102e+00
-1.790594458580017090e+00,1.897420883178710938e+00,1.356737017631530762e+00
8.773444890975952148e-01,7.332522273063659668e-01,2.438190460205078125e+00
-4.717523753643035889e-01,2.435036003589630127e-01,2.445907115936279297e+00
-2.227580308914184570e+00,1.197301030158996582e+00,5.716390609741210938e-01
1.884084701538085938e+00,2.615995407104492188e-01,5.623931810259819031e-02
-1.512980580329895020e+00,-4.925065934658050537e-01,2.368139743804931641e+00
-2.070947170257568359e+00,-5.057530403137207031e-01,4.559001922607421875e-01
-2.366758584976196289e+00,7.200450897216796875e-01,2.339963912963867188e+00
-4.200706481933593750e-01,5.049515366554260254e-01,4.391326904296875000e-01
-1.103639602661132812e+00,-9.106798171997070312e-01,7.754986286163330078e-01
2.004048824310302734e+00,1.835374832153320312e-01,1.410901784896850586e+00
2.090438127517700195e+00,-5.080371499061584473e-01,2.127428531646728516e+00
1.386094093322753906e+00,-1.399902343750000000e+00,1.571649163961410522e-01
7.126750797033309937e-02,1.153000831604003906e+00,4.538354277610778809e-01
9.736262559890747070e-01,-1.685236692428588867e-01,4.594039916992187500e-01
6.383397579193115234e-01,-1.210536003112792969e+00,1.141579508781433105e+00
5.370048284530639648e-01,-7.324279546737670898e-01,2.446748733520507812e+00
-1.350055813789367676e+00,1.238229155540466309e+00,2.380916118621826172e+00
1.316414713859558105e+00,4.471960067749023438e-01,1.467124938964843750e+00
-2.586936950683593750e+00,1.194406896829605103e-01,1.552300572395324707e+00
-2.118663787841796875e-01,1.234528541564941406e+00,1.633853554725646973e+00
2.034162282943725586e+00,-1.174202203750610352e+00,3.676605224609375000e-01
-1.504482030868530273e+00,-2.469921112060546875e-01,9.460760354995727539e-01
2.384253501892089844e+00,-5.014832615852355957e-01,3.676605224609375000e-01
1.461004257202148438e+00,-1.445859909057617188e+00,2.018675327301025391e+00
-1.001794695854187012e+00,-1.683433651924133301e-01,4.480772018432617188e-01
-1.275620818138122559e+00,1.730622291564941406e+00,8.958348035812377930e-01
2.181906700134277344e+00,-1.530583977699279785e+00,1.393334269523620605e+00
9.937900900840759277e-01,1.907348632812500000e-06,2.158019542694091797e+00
-1.828773021697998047e+00,1.684494763612747192e-01,4.547262191772460938e-01
-1.478366017341613770e+00,1.181405425071716309e+00,4.312744140625000000e-01
3.900066912174224854e-01,-5.035791397094726562e-01,4.109020233154296875e-01
1.046033859252929688e+00,-1.612957715988159180e+00,6.967379450798034668e-01
-5.115761756896972656e-01,-9.370946884155273438e-01,1.795791625976562500e+00
-5.307483673095703125e-02,-1.126545429229736328e+00,5.135052204132080078e-01
9.713575243949890137e-01,7.581472396850585938e-01,9.949313402175903320e-01
2.680622577667236328e+00,-2.359258234500885010e-01,9.486396312713623047e-01
-8.980062603950500488e-01,-2.445759326219558716e-01,2.412322044372558594e+00
-2.676992893218994141e+00,-1.179892718791961670e-01,9.487405419349670410e-01
-1.949195027351379395e+00,2.451920956373214722e-01,2.393101215362548828e+00
3.621985912322998047e-01,1.012145042419433594e+00,1.064015150070190430e+00
-1.787176728248596191e+00,-4.644851684570312500e-01,1.807807326316833496e+00
2.002914398908615112e-01,7.343176603317260742e-01,2.427242755889892578e+00
1.304303288459777832e+00,4.972655773162841797e-01,2.804450988769531250e-01
-2.093143463134765625e+00,1.416097044944763184e+00,1.131187677383422852e+00
7.143855839967727661e-02,-1.131886482238769531e+00,2.376279830932617188e+00
2.444808959960937500e+00,2.617625296115875244e-01,1.879000663757324219e+00
2.193401813507080078e+00,2.516294717788696289e-01,8.362493515014648438e-01
-7.634220123291015625e-01,1.406907081604003906e+00,2.311580657958984375e+00
1.642196655273437500e+00,-1.917741537094116211e+00,1.696413636207580566e+00
1.090618252754211426e+00,-8.416938781738281250e-01,4.262237548828125000e-01
9.199015498161315918e-01,-1.247732162475585938e+00,2.047164201736450195e+00
-3.976716995239257812e-01,1.347588896751403809e+00,1.888201832771301270e-01
4.333465546369552612e-02,1.680060476064682007e-01,4.251613616943359375e-01
-8.155565261840820312e-01,7.351852059364318848e-01,2.418236255645751953e+00
-1.872066736221313477e+00,9.847919344902038574e-01,2.401551723480224609e+00
2.391656875610351562e+00,-9.860787987709045410e-01,1.606308698654174805e+00
-1.361320912837982178e-01,-2.435253858566284180e-01,2.446114063262939453e+00
2.181906700134277344e+00,-1.530584335327148438e+00,7.637460231781005859e-01
1.700783252716064453e+00,4.197502136230468750e-02,9.684959053993225098e-01
-2.364089727401733398e+00,7.305212020874023438e-01,9.171077013015747070e-01
-2.096214294433593750e+00,1.415546894073486328e+00,1.681172609329223633e+00
1.217351436614990234e+00,-1.166070938110351562e+00,9.547445178031921387e-01
-2.547225952148437500e+00,-1.679521948099136353e-01,4.239120483398437500e-01
-1.545327544212341309e+00,1.754869461059570312e+00,1.853635668754577637e+00
-1.026004791259765625e+00,-7.244561314582824707e-01,2.199762105941772461e+00
-1.064089059829711914e+00,1.236432075500488281e+00,8.463302254676818848e-01
-1.499649047851562500e+00,-3.706681430339813232e-01,3.347787261009216309e-01
1.523491501808166504e+00,-2.517534494400024414e-01,2.189570426940917969e+00
1.728704452514648438e+00,-1.018916845321655273e+00,2.138283729553222656e+00
-1.743824839591979980e+00,-6.957836151123046875e-01,8.017672300338745117e-01
-7.423637509346008301e-01,1.643937110900878906e+00,5.235891342163085938e-01
-8.131070733070373535e-01,-8.477039337158203125e-01,1.190251946449279785e+00
1.045101165771484375e+00,5.778754949569702148e-01,1.878818750381469727e+00
-5.097733736038208008e-01,-9.689950942993164062e-01,6.652581691741943359e-01
3.635129928588867188e-01,9.795513153076171875e-01,1.994850158691406250e+00
-2.492937088012695312e+00,3.631153702735900879e-01,2.013862371444702148e+00
8.874038457870483398e-01,-1.556923866271972656e+00,5.879821628332138062e-02
-1.415468215942382812e+00,2.021789441641885787e-06,2.404039859771728516e+00
-1.958107352256774902e+00,-2.463135123252868652e-01,2.358320713043212891e+00
-1.022099375724792480e+00,1.582243919372558594e+00,1.290106892585754395e+00
-1.840367317199707031e+00,6.587145328521728516e-01,4.199227690696716309e-01
-7.710863947868347168e-01,8.436362743377685547e-01,4.502038955688476562e-01
2.021377801895141602e+00,-1.670361608266830444e-01,3.670721054077148438e-01
2.095796108245849609e+00,1.831054646572738420e-06,2.090862751007080078e+00
9.135329127311706543e-01,-1.308323860168457031e+00,1.528539299964904785e+00
1.711308598518371582e+00,-1.617470741271972656e+00,9.159890413284301758e-01
-1.446208953857421875e+00,-6.247625350952148438e-01,1.228826522827148438e+00
1.688908934593200684e+00,1.693575978279113770e-01,5.110797882080078125e-01
3.561215102672576904e-01,-1.162886619567871094e+00,7.490902543067932129e-01
2.489256143569946289e+00,-2.561967372894287109e-01,2.051665306091308594e+00
-3.061237037181854248e-01,7.351115345954895020e-01,2.419054508209228516e+00
2.491022109985351562e+00,-7.281222939491271973e-01,2.021461009979248047e+00
-2.205044269561767578e+00,1.138231515884399414e+00,2.110801458358764648e+00
6.613875627517700195e-01,8.932018280029296875e-01,6.715393066406250000e-01
-1.274073958396911621e+00,1.740649223327636719e+00,4.286874234676361084e-01
-5.869808197021484375e-01,1.372124314308166504e+00,1.867141962051391602e+00
-1.972981452941894531e+00,1.706198334693908691e+00,7.867390513420104980e-01
1.991038799285888672e+00,-1.632544517517089844e+00,1.800836443901062012e+00
-1.874749183654785156e+00,1.455210566520690918e+00,4.234295487403869629e-01
-2.499090671539306641e+00,3.628178834915161133e-01,1.142543315887451172e+00
8.591683954000473022e-02,6.653394699096679688e-01,4.286730885505676270e-01
8.169152736663818359e-01,-5.045643448829650879e-01,2.181324005126953125e+00
2.443332672119140625e+00,3.280639475633506663e-06,1.321653723716735840e+00
-1.416899085044860840e+00,-8.147716522216796875e-01,4.767437577247619629e-01
-5.859375000000000000e-03,-1.131892561912536621e+00,1.530256509780883789e+00
-2.240039348602294922e+00,-3.753474354743957520e-01,8.317928910255432129e-01
7.879751324653625488e-01,2.434715181589126587e-01,2.446554183959960938e+00
2.391657829284667969e+00,-9.860770106315612793e-01,5.642489790916442871e-01
-1.291907668113708496e+00,1.625040054321289062e+00,2.170252561569213867e+00
-8.949133157730102539e-01,2.437334507703781128e-01,2.438458442687988281e+00
-2.167597115039825439e-01,-1.032068252563476562e+00,2.086726427078247070e+00
-5.234970152378082275e-02,2.435137480497360229e-01,2.446122169494628906e+00
1.420099854469299316e+00,-1.685349464416503906e+00,5.264651179313659668e-01
7.151008397340774536e-02,1.123187065124511719e+00,1.350586533546447754e+00
1.992681771516799927e-01,-4.874684512615203857e-01,2.446430206298828125e+00
-1.843400001525878906e+00,-6.584692001342773438e-01,1.473724395036697388e-01
2.587233543395996094e+00,-4.783647060394287109e-01,1.299182534217834473e+00
1.802624464035034180e+00,-1.513901591300964355e+00,3.676605224609375000e-01
2.272026062011718750e+00,1.678520143032073975e-01,4.176635742187500000e-01
-7.684373259544372559e-01,1.683229804039001465e-01,4.466915130615234375e-01
-7.686242461204528809e-01,-5.049153566360473633e-01,4.381809234619140625e-01
-6.669006347656250000e-01,1.202458143234252930e+00,6.171064376831054688e-01
1.747611999511718750e+00,5.325408577919006348e-01,3.323684632778167725e-01
1.437936425209045410e+00,-1.678658276796340942e-01,4.184875488281250000e-01
-5.353868007659912109e-01,-1.681418567895889282e-01,4.357423782348632812e-01
-2.138501882553100586e+00,-3.231201171875000000e-01,1.960591077804565430e+00
-4.876919090747833252e-01,1.360177040100097656e+00,1.316578745841979980e+00
7.366738915443420410e-01,1.677156388759613037e-01,4.088277816772460938e-01
1.651527643203735352e+00,3.303642272949218750e-01,1.270736694335937500e+00
-2.641013562679290771e-01,9.266014099121093750e-01,4.392880201339721680e-01
2.680622577667236328e+00,-2.359256744384765625e-01,5.385960340499877930e-01
6.206747889518737793e-01,-1.453766822814941406e+00,6.302029490470886230e-01
9.916482567787170410e-01,-1.199000239372253418e+00,5.865993499755859375e-01
-2.497261524200439453e+00,-2.083635330200195312e-01,1.767368435859680176e+00
5.629356503486633301e-01,-1.022491693496704102e+00,2.110696792602539062e+00
1.815631985664367676e+00,-1.689391732215881348e+00,1.370733261108398438e+00
1.656659245491027832e+00,3.003282546997070312e-01,1.721029758453369141e+00
-2.077772915363311768e-01,1.403652191162109375e+00,6.324182152748107910e-01
-1.006908297538757324e+00,1.333719253540039062e+00,4.573167264461517334e-01
-1.196633219718933105e+00,-4.887529611587524414e-01,1.043071746826171875e-01
1.314276695251464844e+00,4.627161026000976562e-01,1.030761837959289551e+00
7.033203244209289551e-01,-2.434396147727966309e-01,2.447658061981201172e+00
9.711637496948242188e-01,7.600059509277343750e-01,4.765908718109130859e-01
6.254706978797912598e-01,-8.439795374870300293e-01,4.543476104736328125e-01
9.469604492187500000e-01,-1.173318743705749512e+00,6.322509795427322388e-02
-1.860891103744506836e+00,-1.714087575674057007e-01,6.383409500122070312e-01
-2.337135076522827148e+00,8.362083435058593750e-01,4.851183891296386719e-01
-1.453612327575683594e+00,-5.767698287963867188e-01,1.996310949325561523e+00
-2.486039400100708008e+00,-2.523679733276367188e-01,1.303121328353881836e+00
7.136332988739013672e-02,1.141312599182128906e+00,8.493061661720275879e-01
1.206954598426818848e+00,1.683781445026397705e-01,4.502735137939453125e-01
3.537854552268981934e-01,-1.220870971679687500e+00,1.436555147171020508e+00
9.716190695762634277e-01,7.556543350219726562e-01,1.414207100868225098e+00
9.385746717453002930e-01,-1.444000840187072754e+00,1.114771842956542969e+00
-1.629587531089782715e+00,1.495358228683471680e+00,2.361859321594238281e+00
-1.781111359596252441e+00,-4.968328475952148438e-01,1.361571073532104492e+00
-8.109058737754821777e-01,-8.724784851074218750e-01,4.700547754764556885e-01
-2.184837818145751953e+00,5.041570663452148438e-01,4.228487014770507812e-01
-5.110206604003906250e-01,-9.469480514526367188e-01,1.379548668861389160e+00
1.591980010271072388e-01,-8.406672477722167969e-01,4.132795333862304688e-01
-1.593529820442199707e+00,7.345627546310424805e-01,2.424646377563476562e+00
1.264466881752014160e+00,2.535581886768341064e-01,2.133590221405029297e+00
-1.078913569450378418e+00,9.847271442413330078e-01,2.402075290679931641e+00
-1.125409007072448730e+00,-5.078418850898742676e-01,4.989471435546875000e-01
-1.186717033386230469e+00,1.420014500617980957e-01,4.521499574184417725e-01
2.163453578948974609e+00,-1.513902544975280762e+00,3.676605224609375000e-01
-2.348191976547241211e+00,7.928447723388671875e-01,1.879780888557434082e+00
1.908419489860534668e+00,-8.369657993316650391e-01,3.676605224609375000e-01
-2.205042362213134766e+00,1.138232588768005371e+00,9.318253993988037109e-01
-1.359142065048217773e+00,8.442643284797668457e-01,4.580698013305664062e-01
1.676045775413513184e+00,-1.174028158187866211e+00,3.661804199218750000e-01
-2.182000637054443359e+00,-1.678929030895233154e-01,4.201583862304687500e-01
8.576192855834960938e-01,-5.058653950691223145e-01,4.581747055053710938e-01
-1.284427046775817871e+00,1.673535346984863281e+00,1.569922447204589844e+00
-5.637567043304443359e-01,9.852173328399658203e-01,2.398322105407714844e+00
-7.224731147289276123e-02,-1.680442243814468384e-01,4.248352050781250000e-01
5.052270293235778809e-01,-1.677529066801071167e-01,4.112348556518554688e-01
2.487573623657226562e+00,3.585815420592552982e-06,7.202129960060119629e-01
7.179652899503707886e-02,1.087583541870117188e+00,2.177653551101684570e+00
-1.736429214477539062e+00,1.907363414764404297e+00,1.007089972496032715e+00
-8.141450881958007812e-01,-8.360185623168945312e-01,1.609085202217102051e+00
1.555678725242614746e+00,-8.383947610855102539e-01,3.853321075439453125e-01
4.514311254024505615e-01,4.874948859214782715e-01,2.445806026458740234e+00
-6.435948014259338379e-01,-4.893480539321899414e-01,2.417187690734863281e+00
3.912719786167144775e-01,8.414418697357177734e-01,4.230756759643554688e-01
6.639775037765502930e-01,8.575181961059570312e-01,2.132321834564208984e+00
-8.861479163169860840e-01,5.054773092269897461e-01,4.500007629394531250e-01
-2.113734334707260132e-01,1.254869461059570312e+00,1.034742832183837891e+00
1.321669578552246094e+00,-5.038863420486450195e-01,4.173250198364257812e-01
2.011643171310424805e+00,1.463365554809570312e-01,1.758944392204284668e+00
2.757287621498107910e-01,-1.178724169731140137e+00,4.074678421020507812e-01
6.622772216796875000e-01,8.809585571289062500e-01,1.184386014938354492e+00
1.947726964950561523e+00,4.594211578369140625e-01,6.077477931976318359e-01
1.946571707725524902e+00,2.875786423683166504e-01,1.078084945678710938e+00
-3.036218285560607910e-01,1.681046485900878906e-01,4.333343505859375000e-01
4.335235431790351868e-02,-5.040134191513061523e-01,4.190635681152343750e-01
3.898559510707855225e-01,1.678530424833297729e-01,4.169979095458984375e-01
7.117080688476562500e-02,-1.165163993835449219e+00,9.459342956542968750e-01
2.288756847381591797e+00,-1.253204941749572754e+00,1.188601851463317871e+00
-1.970160484313964844e+00,1.706798076629638672e+00,1.813979148864746094e+00
2.382519245147705078e+00,-1.268005371093750000e-02,1.682782888412475586e+00
1.186416625976562500e+00,-1.390564918518066406e+00,1.719321846961975098e+00
-1.125135540962219238e+00,-7.336511611938476562e-01,1.314502835273742676e+00
-7.585316896438598633e-01,1.461952209472656250e+00,1.499177694320678711e+00
-2.131474494934082031e+00,-3.549146652221679688e-01,1.615021944046020508e+00
-2.208878993988037109e+00,1.137671351432800293e+00,1.287358999252319336e+00
-1.525721192359924316e+00,-4.844970703125000000e-01,1.642322540283203125e-02
-5.258529633283615112e-02,-7.328261137008666992e-01,2.442764282226562500e+00
3.626058101654052734e-01,1.002071380615234375e+00,1.472357273101806641e+00
1.612724542617797852e+00,4.849840104579925537e-01,2.654075622558593750e-02
-3.043052554130554199e-01,-8.415446281433105469e-01,4.241895675659179688e-01
1.150066971778869629e+00,-1.654338836669921875e+00,2.451278567314147949e-01
-2.182279586791992188e+00,1.679142713546752930e-01,4.214916229248046875e-01
-7.567261457443237305e-01,1.482278823852539062e+00,1.107725858688354492e+00
-1.531333923339843750e+00,1.829529762268066406e+00,7.040693759918212891e-01
2.023595333099365234e+00,-5.014826655387878418e-01,3.676605224609375000e-01
2.381779193878173828e+00,-1.670462787151336670e-01,3.676605224609375000e-01
-1.001123785972595215e+00,1.754994392395019531e+00,7.034615874290466309e-01
2.491024971008300781e+00,-7.281220555305480957e-01,8.077208995819091797e-01
7.159359008073806763e-02,1.112525939941406250e+00,1.758288502693176270e+00
1.325607299804687500e+00,-1.177200317382812500e+00,3.941097259521484375e-01
3.529370725154876709e-01,-1.241880416870117188e+00,2.244833946228027344e+00
-1.160598993301391602e+00,-4.912545979022979736e-01,2.387525081634521484e+00
1.320528745651245117e+00,4.173431396484375000e-01,1.802527308464050293e+00
-1.449791193008422852e+00,-6.015357971191406250e-01,1.663224458694458008e+00
4.343223571777343750e-02,-1.137475252151489258e+00,1.883478164672851562e+00
2.587232112884521484e+00,-4.783647060394287109e-01,1.814939260482788086e+00
-2.410944461822509766e+00,6.126523613929748535e-01,1.331637501716613770e+00
-1.792996287345886230e+00,-4.334335327148437500e-01,2.150714874267578125e+00
1.322938323020935059e+00,3.998546600341796875e-01,7.127320766448974609e-01
-1.001191020011901855e+00,1.754445075988769531e+00,2.416827380657196045e-01
-8.157654404640197754e-01,-8.177757263183593750e-01,1.930086016654968262e+00
6.398844122886657715e-01,-1.189243316650390625e+00,1.646139144897460938e+00
1.898559808731079102e+00,-2.533739507198333740e-01,2.139244556427001953e+00
-5.126064419746398926e-01,-9.188632965087890625e-01,2.115813732147216797e+00
-2.068750619888305664e+00,1.238487482070922852e+00,2.379312992095947266e+00
-1.745233535766601562e+00,-6.882781982421875000e-01,4.859768450260162354e-01
-2.124617397785186768e-01,1.209863662719726562e+00,2.045355558395385742e+00
-7.880156040191650391e-01,1.130085945129394531e+00,9.533999562263488770e-01
-1.973785400390625000e+00,1.706027388572692871e+00,1.155530214309692383e+00
1.047885894775390625e+00,5.776959061622619629e-01,2.191832304000854492e+00
-2.089812755584716797e+00,1.416693806648254395e+00,7.704125642776489258e-01
1.900420784950256348e+00,-7.598109841346740723e-01,2.164203643798828125e+00
8.885182738304138184e-01,-1.546326637268066406e+00,4.360330104827880859e-01
1.705449819564819336e+00,-5.036497712135314941e-01,2.195438385009765625e+00
-8.121197223663330078e-01,-8.588151931762695312e-01,8.798130750656127930e-01
2.288755893707275391e+00,-1.253205299377441406e+00,1.726294040679931641e+00
-2.170181274414062500e-01,-1.021448135375976562e+00,2.406497478485107422e+00
-1.415799379348754883e+00,-8.218927383422851562e-01,7.865589857101440430e-01
1.975041151046752930e+00,-1.699769973754882812e+00,1.105226278305053711e+00
-6.323860287666320801e-01,1.463984489440917969e+00,2.568721771240234375e-02
-5.103778839111328125e-01,-9.582986831665039062e-01,1.071223735809326172e+00
1.091353774070739746e+00,-1.016462564468383789e+00,2.157183170318603516e+00
-2.085503578186035156e+00,1.417466282844543457e+00,2.059207439422607422e+00
1.627572059631347656e+00,1.873462647199630737e-01,2.094308435916900635e-01
1.163618803024291992e+00,-2.510693371295928955e-01,2.210847854614257812e+00
2.491024494171142578e+00,-7.281227111816406250e-01,1.147794604301452637e+00
3.639457523822784424e-01,9.688119888305664062e-01,2.314825773239135742e+00
-2.211488723754882812e+00,1.137290358543395996e+00,1.739264130592346191e+00
2.288757324218750000e+00,-1.253204464912414551e+00,8.364376425743103027e-01
1.183246850967407227e+00,-1.413567543029785156e+00,1.417150855064392090e+00
-1.771464705467224121e+00,2.098083541568485089e-06,2.384786128997802734e+00
-1.482900500297546387e+00,1.521501421928405762e+00,4.196624755859375000e-01
3.619124889373779297e-01,1.019256591796875000e+00,7.612655758857727051e-01
-2.042737007141113281e+00,7.357838153839111328e-01,2.412006378173828125e+00
-2.159374803304672241e-01,-1.066024780273437500e+00,8.567466735839843750e-01
-4.904915392398834229e-01,1.310584068298339844e+00,2.228960275650024414e+00
-1.767579317092895508e+00,4.893327951431274414e-01,2.417213916778564453e+00
-1.589786767959594727e+00,2.446185946464538574e-01,2.410887241363525391e+00
-4.722158610820770264e-01,-2.437428236007690430e-01,2.438485145568847656e+00
-4.771321117877960205e-01,1.547258377075195312e+00,6.226612925529479980e-01
2.491023540496826172e+00,-7.281222939491271973e-01,1.492487192153930664e+00
-6.423438787460327148e-01,4.883911311626434326e-01,2.431845188140869141e+00
-1.096832871437072754e+00,1.496425628662109375e+00,2.356392383575439453e+00
-2.116582393646240234e-01,1.243175506591796875e+00,1.332676649093627930e+00
3.695812821388244629e-01,-9.790292382240295410e-01,2.446074008941650391e+00
2.110813617706298828e+00,-1.023848056793212891e+00,2.100208282470703125e+00
-2.585838317871093750e+00,1.194583848118782043e-01,7.939020991325378418e-01
-2.318449974060058594e+00,8.699786067008972168e-01,1.176163554191589355e+00
1.451569318771362305e+00,-1.501097679138183594e+00,1.606636643409729004e+00
-1.067597270011901855e+00,2.021789441641885787e-06,2.419057846069335938e+00
9.397230148315429688e-01,-1.059124946594238281e+00,9.625298976898193359e-01
-2.164169996976852417e-01,-1.046343803405761719e+00,1.771842002868652344e+00
1.935568213462829590e+00,-1.286204814910888672e+00,2.085690021514892578e+00
-7.254077196121215820e-01,1.964569037227192894e-06,2.433649063110351562e+00
7.121169567108154297e-02,-1.160064697265625000e+00,1.244910120964050293e+00
2.474371433258056641e+00,2.425727844238281250e-01,1.489587068557739258e+00
-1.107349753379821777e+00,-8.801488876342773438e-01,4.712530374526977539e-01
-3.036678135395050049e-01,1.859664848780084867e-06,2.446126937866210938e+00
3.542072474956512451e-01,-1.210364341735839844e+00,1.040548801422119141e+00
-1.539417028427124023e+00,1.786405563354492188e+00,1.461562871932983398e+00
-6.315533518791198730e-01,1.188371658325195312e+00,3.260656595230102539e-01
-1.593204259872436523e+00,5.059266686439514160e-01,4.594564437866210938e-01
1.447401046752929688e+00,-1.525502204895019531e+00,1.016944289207458496e+00
2.288756847381591797e+00,-1.253204822540283203e+00,4.876037538051605225e-01
-1.795742750167846680e+00,1.874122619628906250e+00,1.646349310874938965e+00
8.535968065261840820e-01,5.034927129745483398e-01,4.091196060180664062e-01
1.970711112022399902e+00,-1.717972755432128906e+00,6.261228919029235840e-01
2.369331121444702148e+00,4.273891448974609375e-02,9.812511801719665527e-01
-1.280654549598693848e+00,1.697999000549316406e+00,1.182944297790527344e+00
-1.472664117813110352e+00,1.684717088937759399e-01,4.561071395874023438e-01
-1.954698801040649414e+00,1.180485248565673828e+00,4.231615066528320312e-01
1.192179799079895020e+00,-1.348744392395019531e+00,2.031470298767089844e+00
-8.179934620857238770e-01,-7.373825907707214355e-01,2.395598411560058594e+00
-1.006603121757507324e+00,1.709874153137207031e+00,9.878216385841369629e-01
2.587234020233154297e+00,-4.783641695976257324e-01,7.121369838714599609e-01
-2.581408977508544922e+00,1.195306405425071716e-01,1.900197744369506836e+00
2.391655445098876953e+00,-9.860770106315612793e-01,1.964845180511474609e+00
1.160510659217834473e+00,-1.578544616699218750e+00,1.005567908287048340e+00
1.449256300926208496e+00,-1.015232563018798828e+00,2.166704654693603516e+00
-1.028945565223693848e+00,1.525863647460937500e+00,2.085704803466796875e+00
1.730259656906127930e+00,-1.524641036987304688e+00,2.012200117111206055e+00
2.152402400970458984e+00,-1.560607075691223145e+00,2.028542041778564453e+00
-7.416214346885681152e-01,1.652302742004394531e+00,8.034422397613525391e-01
-7.420013546943664551e-01,1.648014068603515625e+00,2.439742982387542725e-01
-1.855322837829589844e+00,-3.939559757709503174e-01,2.372622638940811157e-01
-2.451692104339599609e+00,6.093628406524658203e-01,6.414040923118591309e-01
-2.008984088897705078e+00,1.698545455932617188e+00,5.098934769630432129e-01
-2.502623558044433594e+00,3.626465201377868652e-01,1.658618569374084473e+00
-1.288139462471008301e+00,1.649465560913085938e+00,1.867027401924133301e+00
-1.550876736640930176e+00,1.725261688232421875e+00,2.156116485595703125e+00
-1.123590350151062012e+00,-7.463645935058593750e-01,9.980193972587585449e-01
-1.535694241523742676e+00,1.806261062622070312e+00,1.173961758613586426e+00
1.709920048713684082e+00,-1.624271392822265625e+00,6.287134885787963867e-01
-1.973427772521972656e+00,1.706103444099426270e+00,1.435203313827514648e+00
2.268181085586547852e+00,-8.369677662849426270e-01,3.676605224609375000e-01
-1.354228019714355469e+00,-1.684186905622482300e-01,4.527873992919921875e-01
-2.068726778030395508e+00,8.414358496665954590e-01,4.229907989501953125e-01
6.467504501342773438e-01,-7.620745897293090820e-01,2.140975475311279297e+00
-2.093430519104003906e+00,1.416045069694519043e+00,1.404854059219360352e+00
2.194783210754394531e+00,-7.650572061538696289e-01,2.110128879547119141e+00
-1.901677250862121582e+00,1.495359897613525391e+00,2.361817836761474609e+00
-2.671523094177246094e+00,-1.180770844221115112e-01,1.449999213218688965e+00
-4.883848428726196289e-01,1.347905158996582031e+00,1.614815950393676758e+00
2.189818143844604492e+00,-2.547954022884368896e-01,2.095131874084472656e+00
-1.212727069854736328e+00,-8.249713182449340820e-01,2.191228866577148438e-01
1.669084548950195312e+00,-1.824297904968261719e+00,4.280358850955963135e-01
-1.783900380134582520e+00,1.927703857421875000e+00,7.002007961273193359e-01
-2.730459213256835938e+00,-1.171281412243843079e-01,6.157931089401245117e-01
1.428651452064514160e+00,-5.014398097991943359e-01,2.229658603668212891e+00
1.805887103080749512e+00,1.754760660332976840e-06,2.138155460357666016e+00
-1.704897165298461914e+00,1.237670421600341797e+00,2.384366035461425781e+00
1.347695469856262207e+00,1.792907710296276491e-06,2.166734695434570312e+00
2.491023540496826172e+00,-7.281231284141540527e-01,4.708631932735443115e-01
-1.528945922851562500e+00,1.842283248901367188e+00,4.257495105266571045e-01
2.181906700134277344e+00,-1.530583620071411133e+00,1.031976103782653809e+00
-2.586452960968017578e+00,1.194486990571022034e-01,1.212273478507995605e+00
1.526377558708190918e+00,-7.556406855583190918e-01,2.207241535186767578e+00
2.288756847381591797e+00,-1.253204584121704102e+00,1.455781340599060059e+00
-1.000020146369934082e+00,1.238351702690124512e+00,2.380163669586181641e+00
-5.304336547851562500e-02,9.843853712081909180e-01,2.404741287231445312e+00
-1.427428960800170898e+00,9.845704436302185059e-01,2.403278350830078125e+00
-2.414308547973632812e+00,6.123809814453125000e-01,1.681649565696716309e+00
-2.474892854690551758e+00,-2.960700988769531250e-01,7.365380525588989258e-01
8.262696862220764160e-01,-1.018566846847534180e+00,2.140951633453369141e+00
-1.890333533287048340e+00,-5.814240574836730957e-01,9.902553558349609375e-01
1.651932597160339355e+00,-1.283338546752929688e+00,2.103317260742187500e+00
2.391656875610351562e+00,-9.860789775848388672e-01,1.341821312904357910e+00
9.948188066482543945e-01,-7.576615810394287109e-01,2.186433315277099609e+00
-2.600182533264160156e+00,1.192272901535034180e-01,4.619119167327880859e-01
-1.736462950706481934e+00,1.757487893104553223e+00,2.340634822845458984e+00
7.591639757156372070e-01,-1.486762046813964844e+00,8.516807556152343750e-01
-1.158438563346862793e+00,7.348734736442565918e-01,2.421421051025390625e+00
-1.892202645540237427e-01,1.182385325431823730e+00,4.398422241210937500e-01
2.491023063659667969e+00,-7.281230092048645020e-01,1.754927992820739746e+00
-2.204695045948028564e-01,4.879474937915802002e-01,2.438650131225585938e+00
-4.771817624568939209e-01,1.546375274658203125e+00,3.403069972991943359e-01
9.021421074867248535e-01,-2.516755759716033936e-01,2.191954612731933594e+00
1.075018405914306641e+00,-5.016633272171020508e-01,2.226244449615478516e+00
-3.045713901519775391e-01,-4.880098104476928711e-01,2.438049316406250000e+00
-2.085248947143554688e+00,-5.640888214111328125e-01,7.107244729995727539e-01
1.153844445943832397e-01,4.876121282577514648e-01,2.444067001342773438e+00
5.380037426948547363e-01,7.337898612022399902e-01,2.432703495025634766e+00
-2.044122457504272461e+00,2.288818222950794734e-06,2.371263504028320312e+00
-1.129041314125061035e+00,-7.014741897583007812e-01,1.961163401603698730e+00
-1.596523046493530273e+00,-2.456548959016799927e-01,2.378729343414306641e+00
1.420954704284667969e+00,-1.680346488952636719e+00,8.091512918472290039e-01
2.680622577667236328e+00,-2.359258979558944702e-01,1.280816793441772461e+00
-1.243783116340637207e+00,-2.450748831033706665e-01,2.396771430969238281e+00
-2.663089752197265625e+00,-1.182136535644531250e-01,1.966173648834228516e+00
2.076167583465576172e+00,2.554085552692413330e-01,2.306790053844451904e-01
-9.817997813224792480e-01,4.880817234516143799e-01,2.436592102050781250e+00
9.592618942260742188e-01,4.874716699123382568e-01,2.446066379547119141e+00
-1.238992094993591309e+00,2.441310137510299683e-01,2.426059246063232422e+00
-2.497652530670166016e+00,3.628865778446197510e-01,8.041796684265136719e-01
6.199278235435485840e-01,-4.874017238616943359e-01,2.447255611419677734e+00
6.206268668174743652e-01,-1.454409599304199219e+00,2.493054121732711792e-01
3.204780444502830505e-02,1.823902039177482948e-06,2.446739673614501953e+00
2.828118503093719482e-01,2.434955090284347534e-01,2.446294307708740234e+00
2.827878892421722412e-01,-2.434748262166976929e-01,2.446936130523681641e+00
2.680621623992919922e+00,-2.359257489442825317e-01,1.875515580177307129e+00
1.626684784889221191e+00,4.758262634277343750e-01,1.034473896026611328e+00
1.170876741409301758e+00,-1.465015888214111328e+00,3.285217285156250000e-02
-2.499361515045166016e+00,3.628039956092834473e-01,1.399318814277648926e+00
1.041959762573242188e+00,5.780777335166931152e-01,1.162832260131835938e+00
2.587233066558837891e+00,-4.783647954463958740e-01,1.555263996124267578e+00
9.982470273971557617e-01,2.537761330604553223e-01,2.126920223236083984e+00
-1.804456591606140137e+00,1.834692955017089844e+00,2.043175935745239258e+00
2.181906223297119141e+00,-1.530584096908569336e+00,1.667974829673767090e+00
7.045591473579406738e-01,4.874790012836456299e-01,2.445935726165771484e+00
2.587233066558837891e+00,-4.783646762371063232e-01,1.046062588691711426e+00
7.393838167190551758e-01,8.407859802246093750e-01,4.148702621459960938e-01
2.839771509170532227e-01,-7.324802875518798828e-01,2.446251869201660156e+00
6.186782121658325195e-01,1.792907710296276491e-06,2.447040557861328125e+00
5.348036289215087891e-01,2.434793561697006226e-01,2.446424007415771484e+00
-2.117792129516601562e+00,1.411682844161987305e+00,4.997875988483428955e-01
-8.206083774566650391e-01,9.851230978965759277e-01,2.399012088775634766e+00
-5.272201448678970337e-02,7.347281575202941895e-01,2.423151016235351562e+00
-5.604832172393798828e-01,7.355148196220397949e-01,2.414941787719726562e+00
-2.671810626983642578e+00,-1.180725097656250000e-01,1.198315978050231934e+00
2.394289016723632812e+00,-6.214332580566406250e-02,1.927351951599121094e+00
-2.407357215881347656e+00,6.129425764083862305e-01,2.041060209274291992e+00
-6.311756968498229980e-01,1.181684494018554688e+00,7.756683230400085449e-02
1.043923377990722656e+00,5.779511332511901855e-01,1.569666862487792969e+00
-9.007040262222290039e-01,-4.903645217418670654e-01,2.401366710662841797e+00
-2.040550470352172852e+00,4.904187023639678955e-01,2.400383472442626953e+00
-5.242923647165298462e-02,-4.875140190124511719e-01,2.445935726165771484e+00
2.389456987380981445e+00,-5.114060640335083008e-01,2.075218677520751953e+00
1.184501051902770996e+00,-1.269780158996582031e+00,2.040780633687973022e-01
1.947008490562438965e+00,4.629411697387695312e-01,1.752978414297103882e-01
7.298088073730468750e-02,-1.140821695327758789e+00,2.122498512268066406e+00
7.327642440795898438e-01,-8.959960937500000000e-02,4.065872132778167725e-01
1.090666770935058594e+00,5.053878426551818848e-01,4.483985900878906250e-01
-1.361757755279541016e+00,1.495897173881530762e+00,2.359110832214355469e+00
-1.844654083251953125e+00,9.236390590667724609e-01,4.210156202316284180e-01
1.564263939857482910e+00,-1.513764619827270508e+00,3.667049407958984375e-01
6.134004592895507812e-01,9.101890921592712402e-01,9.041100740432739258e-01
9.721983075141906738e-01,7.501811981201171875e-01,1.733124852180480957e+00
-1.591003894805908203e+00,-1.684686988592147827e-01,4.559545516967773438e-01
1.792066574096679688e+00,2.645657360553741455e-01,1.530276417732238770e+00
-1.714691877365112305e+00,1.180212855339050293e+00,4.206933975219726562e-01
-2.144012928009033203e+00,-2.981748580932617188e-01,2.195517778396606445e+00
-1.123006820678710938e+00,8.440129160881042480e-01,4.549102783203125000e-01
-1.595145106315612793e+00,8.436535596847534180e-01,4.505310058593750000e-01
-1.245007753372192383e+00,1.184473276138305664e+00,4.582958221435546875e-01
1.787392497062683105e+00,-1.673693060874938965e-01,3.876914978027343750e-01
1.315987706184387207e+00,6.141084432601928711e-01,4.836664199829101562e-01
9.727212190628051758e-01,1.683670580387115479e-01,4.496831893920898438e-01
-2.162082493305206299e-01,-1.054881095886230469e+00,1.462956070899963379e+00
2.605088949203491211e+00,-4.320087432861328125e-01,3.985540568828582764e-01
-5.376535058021545410e-01,8.433903455734252930e-01,4.470825195312500000e-01
-7.684084773063659668e-01,-1.683166027069091797e-01,4.462957382202148438e-01
1.322951912879943848e+00,-8.400464653968811035e-01,4.057960510253906250e-01
8.584535121917724609e-01,-8.433449864387512207e-01,4.466381072998046875e-01
1.205647826194763184e+00,-1.681957840919494629e-01,4.389572143554687500e-01
-6.528176665306091309e-01,5.053315758705139160e-01,4.468812942504882812e-01
1.089555978775024414e+00,-5.048730969429016113e-01,4.377584457397460938e-01
-5.367571711540222168e-01,-8.419836759567260742e-01,4.296607971191406250e-01
-3.079880774021148682e-01,9.849176406860351562e-01,2.400609493255615234e+00
-5.357906818389892578e-01,-5.046272277832031250e-01,4.326992034912109375e-01
-1.881378144025802612e-01,5.047137737274169922e-01,4.336690902709960938e-01
-5.355437994003295898e-01,1.681911051273345947e-01,4.387989044189453125e-01
-7.239822298288345337e-02,-8.411007523536682129e-01,4.187297821044921875e-01
3.906994462013244629e-01,-8.402113318443298340e-01,4.078321456909179688e-01
2.747277915477752686e-01,5.042023062705993652e-01,4.227609634399414062e-01
-3.035328686237335205e-01,-1.680554151535034180e-01,4.302825927734375000e-01
6.212719678878784180e-01,-5.033361315727233887e-01,4.054574966430664062e-01
1.588415503501892090e-01,-1.679306626319885254e-01,4.193916320800781250e-01
1.519415974617004395e+00,1.773777008056640625e-01,1.008842468261718750e+00
-2.316539287567138672e+00,8.701952099800109863e-01,7.413192391395568848e-01
-2.480708837509155273e+00,-2.732677459716796875e-01,1.074730157852172852e+00
-1.843180656433105469e+00,3.945437669754028320e-01,4.189059436321258545e-01
9.320831298828125000e-01,-1.175246715545654297e+00,3.675039708614349365e-01
-2.491654157638549805e+00,-2.303543090820312500e-01,1.533960223197937012e+00
-7.614578008651733398e-01,1.428996086120605469e+00,2.001636266708374023e+00
6.303589344024658203e-01,-1.320415496826171875e+00,9.317294359207153320e-01
-2.121087551116943359e+00,-4.019155502319335938e-01,1.052414774894714355e+00
-3.701496124267578125e-02,-1.128364443778991699e+00,7.374296188354492188e-01
9.733704328536987305e-01,7.390022277832031250e-01,2.057657957077026367e+00
-1.783763885498046875e+00,-4.826898574829101562e-01,1.583176374435424805e+00
-2.427992343902587891e+00,5.042764544486999512e-01,4.253473281860351562e-01
-2.245571613311767578e+00,-3.750801086425781250e-01,4.845504760742187500e-01
-8.169892430305480957e-01,-8.039808273315429688e-01,2.147599935531616211e+00
1.607514023780822754e+00,5.880727767944335938e-01,4.897909462451934814e-01
1.315277338027954102e+00,4.554500579833984375e-01,1.248078942298889160e+00
-1.250227332115173340e+00,1.527163386344909668e+00,4.584150314331054688e-01
-2.768755257129669189e-01,1.454939842224121094e+00,3.334011733531951904e-01
1.946491241455078125e+00,4.654741287231445312e-01,8.242086768150329590e-01
-1.447991967201232910e+00,-6.132030487060546875e-01,1.445025324821472168e+00
1.948030829429626465e+00,4.579334259033203125e-01,3.914230167865753174e-01
-1.555938720703125000e+00,-6.816717982292175293e-01,9.070063829421997070e-01
-5.130150318145751953e-01,-9.116172790527343750e-01,2.331301212310791016e+00
6.424914598464965820e-01,-1.153364181518554688e+00,1.959974050521850586e+00
6.634494066238403320e-01,8.648147583007812500e-01,1.917703151702880859e+00
1.372616529464721680e+00,-1.279795408248901367e+00,2.125163555145263672e+00
-6.539034843444824219e-01,1.238452315330505371e+00,2.379568576812744141e+00
1.391375660896301270e+00,6.001048088073730469e-01,7.006101608276367188e-01
3.629790544509887695e-01,9.927978515625000000e-01,1.783363580703735352e+00
9.171342253684997559e-01,-1.274043083190917969e+00,1.837047696113586426e+00
1.980766415596008301e+00,-1.675708770751953125e+00,1.594474911689758301e+00
1.712947845458984375e+00,-1.609438896179199219e+00,1.205959320068359375e+00
-7.250411808490753174e-02,8.423340916633605957e-01,4.340085983276367188e-01
-8.138509988784790039e-01,-8.393268585205078125e-01,1.399219036102294922e+00
7.169993966817855835e-02,1.099512100219726562e+00,1.966787338256835938e+00
-2.319311618804931641e+00,8.698818087577819824e-01,2.071190834045410156e+00
9.713598489761352539e-01,7.581472396850585938e-01,7.870751619338989258e-01
6.622871160507202148e-01,8.808078765869140625e-01,1.391072988510131836e+00
-1.416464924812316895e+00,-8.175687789916992188e-01,2.703411877155303955e-01
1.456285953521728516e+00,-1.473481178283691406e+00,1.811078429222106934e+00
-5.110184550285339355e-01,-9.469785690307617188e-01,1.585884928703308105e+00
1.829778432846069336e+00,-1.037169456481933594e+00,3.676626384258270264e-01
9.423894882202148438e-01,2.919532060623168945e-01,2.320919990539550781e+00
-2.121535390615463257e-01,1.222619056701660156e+00,1.838286042213439941e+00
-2.670154571533203125e+00,-1.180996671319007874e-01,1.705286979675292969e+00
-8.115363121032714844e-01,-8.653573989868164062e-01,6.744692921638488770e-01
3.625318706035614014e-01,1.003893852233886719e+00,1.267890334129333496e+00
6.390624642372131348e-01,-1.200576782226562500e+00,1.442496895790100098e+00
1.150395512580871582e+00,-1.651956558227539062e+00,5.259584188461303711e-01
-1.948542118072509766e+00,-1.684611141681671143e-01,4.553966522216796875e-01
8.076254129409790039e-01,-1.120396614074707031e+00,2.007974237203598022e-01
3.531860411167144775e-01,-1.235749244689941406e+00,2.040391445159912109e+00
7.153689861297607422e-02,1.119851112365722656e+00,1.553179621696472168e+00
-5.100696682929992676e-01,-9.637851715087890625e-01,8.676772713661193848e-01
-1.419064760208129883e+00,-8.007144927978515625e-01,9.965728521347045898e-01
7.144426554441452026e-02,1.131238937377929688e+00,1.148890614509582520e+00
-1.778487086296081543e+00,-5.108461380004882812e-01,1.141994357109069824e+00
3.616556525230407715e-01,1.025639533996582031e+00,5.605801343917846680e-01
-4.151730239391326904e-01,1.162470340728759766e+00,2.640094757080078125e-01
3.536427319049835205e-01,-1.224398612976074219e+00,1.636591196060180664e+00
-2.409163475036621094e+00,6.127951741218566895e-01,1.072445154190063477e+00
9.128696322441101074e-01,-1.314615249633789062e+00,1.328696966171264648e+00
-2.158448398113250732e-01,-1.069919586181640625e+00,6.569702029228210449e-01
-7.601739168167114258e-01,1.443469047546386719e+00,1.798566579818725586e+00
-1.024172425270080566e+00,1.565176010131835938e+00,1.583306908607482910e+00
-1.145377159118652344e+00,1.811307430267333984e+00,5.792205929756164551e-01
1.759394645690917969e+00,5.317805409431457520e-01,6.994120478630065918e-01
1.343795776367187500e+00,-1.694664597511291504e+00,2.566503882408142090e-01
-2.009566783905029297e+00,-3.864953219890594482e-01,1.767695903778076172e+00
1.043688774108886719e+00,5.779662132263183594e-01,1.365472078323364258e+00
1.182168960571289062e+00,-1.421378135681152344e+00,1.219487428665161133e+00
-1.799807071685791016e+00,1.855733871459960938e+00,1.843043446540832520e+00
3.540003001689910889e-01,-1.215513229370117188e+00,1.238064885139465332e+00
7.131538540124893188e-02,1.147248268127441406e+00,6.511121988296508789e-01
-2.112041115760803223e-01,1.261860847473144531e+00,8.379662632942199707e-01
-4.872626364231109619e-01,1.367789268493652344e+00,1.119990229606628418e+00
1.642196655273437500e+00,-1.917741537094116211e+00,1.499758720397949219e+00
1.957098960876464844e+00,-1.557636857032775879e+00,2.043713092803955078e+00
5.105767846107482910e-01,-1.184236764907836914e+00,4.561672210693359375e-01
-9.713048934936523438e-01,1.318384408950805664e+00,2.654937803745269775e-01
-1.542389988899230957e+00,1.770545005798339844e+00,1.656401634216308594e+00
-1.108468055725097656e+00,1.592449665069580078e+00,2.628329396247863770e-01
9.716225266456604004e-01,7.556219100952148438e-01,1.204106688499450684e+00
-7.576721906661987305e-01,1.471634864807128906e+00,1.302639603614807129e+00
1.897498488426208496e+00,-5.062012076377868652e-01,2.155872821807861328e+00
-1.956348419189453125e+00,-3.890694677829742432e-01,1.967614054679870605e+00
-1.964244842529296875e+00,1.708055019378662109e+00,2.007250547409057617e+00
-1.282357096672058105e+00,1.686948776245117188e+00,1.375261783599853516e+00
2.624989986419677734e+00,-1.670460402965545654e-01,3.676605224609375000e-01
1.723990797996520996e+00,1.614323705434799194e-01,1.922225952148437500e-02
1.973826527595520020e+00,-1.704873085021972656e+00,9.129162430763244629e-01
-1.531549215316772461e+00,1.828381538391113281e+00,9.834319949150085449e-01
1.840176343917846680e+00,4.845570027828216553e-01,1.768493652343750000e-02
5.550479888916015625e-01,9.158471226692199707e-01,1.768247365951538086e+00
1.624382019042968750e+00,-1.863404750823974609e+00,1.879000663757324219e+00
1.594314575195312500e-01,8.418993949890136719e-01,4.285411834716796875e-01
6.645159125328063965e-01,8.501329421997070312e-01,2.349514007568359375e+00
6.207651495933532715e-01,-1.452505111694335938e+00,4.396121203899383545e-01
-3.959815800189971924e-01,1.238289356231689453e+00,2.380518913269042969e+00
-7.425404191017150879e-01,1.641946792602539062e+00,9.925483465194702148e-01
-4.897616803646087646e-01,1.323516845703125000e+00,2.021531820297241211e+00
8.880276083946228027e-01,-1.550971984863281250e+00,2.471951246261596680e-01
2.015088200569152832e-01,9.838552474975585938e-01,2.408866882324218750e+00
7.215521335601806641e-01,-1.473339080810546875e+00,8.980846405029296875e-02
1.916500449180603027e+00,-1.020418047904968262e+00,2.126671791076660156e+00
-2.090547561645507812e+00,1.416561365127563477e+00,1.869168996810913086e+00
-1.916305541992187500e+00,-3.910067379474639893e-01,4.151507616043090820e-01
9.741631746292114258e-01,7.314443588256835938e-01,2.277073383331298828e+00
-4.769347608089447021e-01,1.550752639770507812e+00,1.524066179990768433e-01
-1.974907875061035156e+00,1.705788850784301758e+00,1.623092889785766602e+00
-1.766018509864807129e+00,-1.740108430385589600e-01,7.998323440551757812e-01
1.712169170379638672e+00,-7.577934861183166504e-01,2.185045719146728516e+00
2.433640480041503906e+00,2.438855618238449097e-01,4.724917411804199219e-01
1.150458216667175293e+00,-1.651494026184082031e+00,5.836761370301246643e-02
-1.001961231231689453e+00,1.683714091777801514e-01,4.498128890991210938e-01
-1.277065992355346680e+00,1.721262931823730469e+00,7.094833254814147949e-01
-8.840446472167968750e-01,1.632643103599548340e+00,6.414093077182769775e-02
-2.425144910812377930e+00,1.679537147283554077e-01,4.239864349365234375e-01
1.714528799057006836e+00,-1.601696968078613281e+00,1.499151825904846191e+00
-1.022496581077575684e+00,-5.152847170829772949e-01,6.528759002685546875e-01
1.620952606201171875e+00,1.716613724056514911e-06,2.149815082550048828e+00
2.241272926330566406e+00,2.500867545604705811e-01,6.574874520301818848e-01
-2.207839012145996094e+00,1.137823820114135742e+00,1.924059987068176270e+00
8.881676793098449707e-01,-1.549661636352539062e+00,6.249185204505920410e-01
-1.001430988311767578e+00,1.752470016479492188e+00,4.261773526668548584e-01
1.809049606323242188e+00,2.640179693698883057e-01,1.339917778968811035e+00
1.706893324851989746e+00,-2.521696090698242188e-01,2.176628112792968750e+00
1.778171539306640625e+00,5.305687189102172852e-01,8.821029663085937500e-01
-1.976450920104980469e+00,1.705461025238037109e+00,9.702897667884826660e-01
-2.213786125183105469e+00,1.136955261230468750e+00,1.556701898574829102e+00
-1.860489249229431152e+00,7.349164485931396484e-01,2.420957088470458984e+00
-1.769798755645751953e+00,-4.888820648193359375e-01,1.070613861083984375e-01
-2.348436832427978516e+00,7.918853759765625000e-01,1.338226795196533203e+00
1.606527328491210938e+00,5.938425064086914062e-01,1.718502789735794067e-01
-2.053705930709838867e+00,9.851177930831909180e-01,2.399034976959228516e+00
-1.592778921127319336e+00,-3.253993988037109375e-01,7.235901057720184326e-02
1.445385575294494629e+00,2.537890076637268066e-01,2.126389503479003906e+00
-1.885773062705993652e+00,1.238073587417602539e+00,2.381853580474853516e+00
-1.745514750480651855e+00,-6.867704391479492188e-01,1.014485120773315430e+00
1.324337482452392578e+00,3.897066116333007812e-01,2.031155824661254883e+00
2.181905746459960938e+00,-1.530584335327148438e+00,1.853166460990905762e+00
-1.776437282562255859e+00,-2.460240125656127930e-01,2.367350578308105469e+00
-2.157879024744033813e-01,-1.072239875793457031e+00,4.580972194671630859e-01
-1.829840660095214844e+00,-6.595638990402221680e-01,3.294415175914764404e-01
2.181906700134277344e+00,-1.530584216117858887e+00,1.212046504020690918e+00
-2.093078136444091797e+00,1.416108727455139160e+00,9.501727223396301270e-01
-1.692506074905395508e+00,9.844734668731689453e-01,2.404038906097412109e+00
-1.588683843612670898e+00,4.886389672756195068e-01,2.427989482879638672e+00
2.365617036819458008e+00,5.835628509521484375e-02,5.242109298706054688e-01
-1.115612983703613281e+00,-7.173181176185607910e-01,3.241030871868133545e-01
-2.409883499145507812e+00,6.127385497093200684e-01,1.860536456108093262e+00
-1.768361568450927734e+00,2.449053525924682617e-01,2.402050495147705078e+00
-2.324469089508056641e+00,8.692981600761413574e-01,1.706890940666198730e+00
1.342151403427124023e+00,-2.513211071491241455e-01,2.202950000762939453e+00
1.269722819328308105e+00,-1.015805840492248535e+00,2.162274837493896484e+00
2.391655921936035156e+00,-9.860784411430358887e-01,1.784652352333068848e+00
2.181906700134277344e+00,-1.530584335327148438e+00,5.859107971191406250e-01
-2.207693099975585938e+00,1.137844204902648926e+00,1.108976364135742188e+00
-1.592327356338500977e+00,2.174377414121408947e-06,2.394870758056640625e+00
-1.526721358299255371e+00,1.237935662269592285e+00,2.382723331451416016e+00
-2.497732162475585938e+00,3.628828227519989014e-01,1.835182428359985352e+00
-2.202051162719726562e+00,1.138668775558471680e+00,7.555142045021057129e-01
1.976182103157043457e+00,-1.694973945617675781e+00,1.298828363418579102e+00
2.432198047637939453e+00,3.356933575560105965e-06,1.497157216072082520e+00
-1.419215798377990723e+00,-2.453640699386596680e-01,2.387829780578613281e+00
2.288756847381591797e+00,-1.253204822540283203e+00,1.012014627456665039e+00
-1.335898876190185547e+00,-4.918828904628753662e-01,2.377766132354736328e+00
1.168626785278320312e+00,1.869201582849200349e-06,2.173238754272460938e+00
2.587231636047363281e+00,-4.783647060394287109e-01,1.990375757217407227e+00
8.207945227622985840e-01,-7.597805857658386230e-01,2.164607524871826172e+00
-1.418274641036987305e+00,7.345821261405944824e-01,2.424455642700195312e+00
1.249723076820373535e+00,-5.009414553642272949e-01,2.237391948699951172e+00
-1.174632072448730469e+00,1.238474965095520020e+00,2.379414081573486328e+00
-2.204451084136962891e+00,-3.770689964294433594e-01,6.610366702079772949e-01
-1.413193464279174805e+00,2.443226575851440430e-01,2.420131206512451172e+00
-2.504640102386474609e+00,-1.794328689575195312e-01,2.005017995834350586e+00
2.474371433258056641e+00,2.425727099180221558e-01,1.663787484169006348e+00
2.454889774322509766e+00,3.128051730527658947e-06,1.147932767868041992e+00
2.288756847381591797e+00,-1.253204941749572754e+00,6.616932749748229980e-01
-2.413931846618652344e+00,6.124106645584106445e-01,1.505653500556945801e+00
-1.213889122009277344e+00,-7.092885375022888184e-01,1.141849517822265625e+00
-1.252639532089233398e+00,9.847162961959838867e-01,2.402163982391357422e+00
5.042638778686523438e-01,9.207718968391418457e-01,2.108096361160278320e+00
-1.240867376327514648e+00,1.945495569088961929e-06,2.410731792449951172e+00
2.391656875610351562e+00,-9.860786795616149902e-01,1.167235732078552246e+00
3.322181701660156250e-01,-1.664741337299346924e-01,4.153243899345397949e-01
-8.266293406486511230e-01,1.238508462905883789e+00,2.379220962524414062e+00
-2.586212158203125000e+00,1.194525137543678284e-01,1.724816203117370605e+00
2.391657829284667969e+00,-9.860768914222717285e-01,8.214028477668762207e-01
1.328047871589660645e+00,3.627843856811523438e-01,1.751986593008041382e-01
-1.070150852203369141e+00,-2.448185235261917114e-01,2.404817104339599609e+00
-6.462056040763854980e-01,-7.363618016242980957e-01,2.406184196472167969e+00
1.161310896277427673e-01,-9.795187115669250488e-01,2.442287921905517578e+00
2.491024494171142578e+00,-7.281225323677062988e-01,1.319472312927246094e+00
-7.268192172050476074e-01,-2.442416101694107056e-01,2.422840595245361328e+00
-1.066150307655334473e+00,2.439033091068267822e-01,2.433210849761962891e+00
-9.867544174194335938e-01,7.351884245872497559e-01,2.418190956115722656e+00
-8.961346149444580078e-01,1.659393319641822018e-06,2.424322605133056641e+00
-1.152753710746765137e+00,4.879289865493774414e-01,2.438967227935791016e+00
2.391656875610351562e+00,-9.860769510269165039e-01,3.935461342334747314e-01
-2.315418720245361328e+00,8.703218698501586914e-01,1.001819491386413574e+00
-7.247530221939086914e-01,2.435470968484878540e-01,2.444380283355712891e+00
-1.456356167793273926e+00,-5.589723587036132812e-01,2.222143650054931641e+00
-5.557538270950317383e-01,1.945495569088961929e-06,2.444058418273925781e+00
2.491024494171142578e+00,-7.281222343444824219e-01,9.772698879241943359e-01
-9.337750077247619629e-01,1.240685820579528809e+00,9.546823501586914062e-01
-8.117633461952209473e-01,4.882621765136718750e-01,2.433853149414062500e+00
-2.586257457733154297e+00,1.194519773125648499e-01,1.381672382354736328e+00
