1.561572790145874023e+00,-1.176974773406982422e+00,3.921689987182617188e-01
-3.426942348480224609e+00,2.133005619049072266e+00,1.896128177642822266e+00
1.645322442054748535e-01,1.002580523490905762e+00,3.830922603607177734e+00
1.895026206970214844e+00,-4.185309886932373047e+00,3.229471921920776367e+00
-1.868840754032135010e-01,2.268096446990966797e+00,3.108502030372619629e-01
-1.476972579956054688e+00,-4.253339767456054688e-01,1.473947286605834961e+00
2.710969686508178711e+00,-1.085856080055236816e+00,3.318475723266601562e+00
-1.026639819145202637e+00,3.455098867416381836e+00,2.867467880249023438e+00
1.791146755218505859e+00,-4.037289142608642578e+00,3.921689987182617188e-01
2.897804230451583862e-02,-1.993807315826416016e+00,3.318475723266601562e+00
3.819534301757812500e+00,-2.287168264389038086e+00,1.228012561798095703e+00
1.108605384826660156e+00,8.621708750724792480e-01,1.664613604545593262e+00
-2.465654134750366211e+00,1.135649323463439941e+00,2.729225158691406250e-02
-2.161696672439575195e+00,3.346980571746826172e+00,4.366110265254974365e-01
-1.836753010749816895e+00,1.533039212226867676e+00,3.318788528442382812e+00
5.279546976089477539e-01,-2.730454921722412109e+00,1.441941618919372559e+00
-1.094710111618041992e+00,-4.311771988868713379e-01,3.318475723266601562e+00
-7.202102243900299072e-02,1.675176918506622314e-01,3.921689987182617188e-01
1.066351294517517090e+00,-5.981997251510620117e-01,3.830922603607177734e+00
3.058295249938964844e+00,-2.746655464172363281e+00,3.830923080444335938e+00
-4.792581796646118164e-01,-1.509620666503906250e+00,5.307621359825134277e-01
2.680174827575683594e+00,-9.486851096153259277e-01,1.630977749824523926e+00
-1.878075301647186279e-01,2.229909896850585938e+00,1.990563035011291504e+00
-1.602689146995544434e+00,2.006355762481689453e+00,1.202553749084472656e+00
2.458536386489868164e+00,-2.561441898345947266e+00,3.921689987182617188e-01
2.791532754898071289e+00,-3.298844337463378906e+00,1.945137858390808105e+00
1.553577423095703125e+00,-2.472598314285278320e+00,3.318476200103759766e+00
-2.523669719696044922e+00,8.467366099357604980e-01,1.750261545181274414e+00
9.679339528083801270e-01,-2.812777280807495117e+00,1.190280914306640625e-02
-2.216910123825073242e+00,3.177056312561035156e+00,1.922286033630371094e+00
-3.346670389175415039e+00,2.317286491394042969e+00,4.298654198646545410e-01
3.756353139877319336e+00,-2.227709770202636719e+00,2.678238391876220703e+00
-6.644992828369140625e-01,-1.363183617591857910e+00,2.194652318954467773e+00
1.548624038696289062e+00,2.724125981330871582e-01,4.337521195411682129e-01
-5.958991646766662598e-01,2.227958202362060547e+00,3.326474666595458984e+00
-1.029720306396484375e+00,3.291332244873046875e+00,1.232356071472167969e+00
1.468174099922180176e+00,-3.829911231994628906e+00,1.699431419372558594e+00
1.680344462394714355e+00,1.616439819335937500e-01,2.674354791641235352e+00
2.977447509765625000e+00,-1.374837040901184082e+00,1.288714557886123657e-01
-1.233262658119201660e+00,8.389405608177185059e-01,3.921689987182617188e-01
6.290860772132873535e-01,1.337961196899414062e+00,5.420565605163574219e-01
-1.886129736900329590e+00,6.347465515136718750e-02,2.501638412475585938e+00
-1.940413475036621094e+00,2.730820894241333008e+00,3.292901992797851562e+00
1.704090833663940430e+00,-2.012044906616210938e+00,1.234390258789062500e+00
-2.873492479324340820e+00,1.266819953918457031e+00,2.840958833694458008e+00
8.161048889160156250e-01,-3.038706541061401367e+00,2.613448381423950195e+00
-8.727599978446960449e-01,8.659580945968627930e-01,3.318475723266601562e+00
1.018835455179214478e-01,-2.153933346271514893e-01,3.318475723266601562e+00
1.849206924438476562e+00,3.967285010730847716e-06,1.518837213516235352e+00
-1.113963484764099121e+00,-5.026771426200866699e-01,3.921689987182617188e-01
4.820127487182617188e-01,1.546830058097839355e+00,2.583797454833984375e+00
5.058639645576477051e-01,-8.389475941658020020e-01,3.921689987182617188e-01
-3.114411830902099609e+00,1.463579654693603516e+00,1.070997238159179688e+00
1.828220963478088379e+00,-1.415526032447814941e+00,3.830922603607177734e+00
-2.088291168212890625e+00,3.826876878738403320e-01,8.480599522590637207e-01
7.470739483833312988e-01,-1.861212015151977539e+00,3.921689987182617188e-01
1.002303600311279297e+00,6.478892564773559570e-01,3.318475723266601562e+00
-2.227477312088012695e+00,2.211921215057373047e+00,4.062547683715820312e-01
9.460106492042541504e-01,-1.533110618591308594e+00,3.318475723266601562e+00
2.323891878128051758e+00,-3.236623764038085938e+00,3.318476200103759766e+00
2.205848693847656250e-03,-2.126038551330566406e+00,2.259547948837280273e+00
-2.778971195220947266e+00,2.805312395095825195e+00,1.178622126579284668e+00
3.125647306442260742e+00,-1.479907035827636719e+00,2.353775501251220703e+00
1.129910826683044434e+00,-3.384406089782714844e+00,8.693899512290954590e-01
2.238903999328613281e+00,-5.008427500724792480e-01,7.456014752388000488e-01
-9.855651855468750000e-01,2.848898649215698242e+00,2.750799357891082764e-01
3.002591609954833984e+00,-3.115443706512451172e+00,9.922225475311279297e-01
-3.472364842891693115e-01,-1.085856318473815918e+00,3.318475723266601562e+00
3.181888580322265625e+00,-1.564450383186340332e+00,1.064284324645996094e+00
-1.323091983795166016e+00,1.213498950004577637e+00,2.533087253570556641e+00
2.298940896987915039e+00,-3.938189029693603516e+00,1.208074212074279785e+00
-3.043179214000701904e-01,1.176975965499877930e+00,3.921689987182617188e-01
3.331307172775268555e-01,1.733463287353515625e+00,1.352678656578063965e+00
3.480957508087158203e+00,-2.561440706253051758e+00,3.921689987182617188e-01
-5.821008682250976562e-01,2.000509977340698242e+00,1.169913291931152344e+00
2.014594793319702148e+00,-4.311760663986206055e-01,3.318475723266601562e+00
-1.960356831550598145e-01,-1.889457702636718750e+00,1.326463937759399414e+00
2.973411798477172852e+00,-1.993805527687072754e+00,3.318476676940917969e+00
-1.714745640754699707e+00,4.311723113059997559e-01,3.318475723266601562e+00
1.298232793807983398e+00,-3.506738185882568359e+00,3.318475723266601562e+00
-1.043110489845275879e+00,1.626399517059326172e+00,3.830922603607177734e+00
1.997757911682128906e+00,-4.199903488159179688e+00,2.314545631408691406e+00
2.301732540130615234e+00,-2.282957315444946289e+00,3.830922603607177734e+00
-1.853794217109680176e+00,3.599970817565917969e+00,1.241617083549499512e+00
-1.223702430725097656e+00,-7.084969878196716309e-01,2.359252929687500000e+00
-7.801888585090637207e-01,-1.218216896057128906e+00,1.341347932815551758e+00
-1.884962081909179688e+00,1.184970736503601074e+00,1.247738361358642578e+00
-1.386345028877258301e+00,3.726681232452392578e+00,4.725146293640136719e-01
7.362484335899353027e-01,5.026796460151672363e-01,3.921689987182617188e-01
-6.783409118652343750e-01,2.815211057662963867e+00,2.440198898315429688e+00
1.052960976958274841e-01,1.761504292488098145e+00,3.318475723266601562e+00
2.585607051849365234e+00,-8.661689758300781250e-01,2.468118190765380859e+00
7.428197264671325684e-01,-2.472597837448120117e+00,3.318475723266601562e+00
1.737318634986877441e+00,-2.924827575683593750e+00,4.107494354248046875e-01
5.745029449462890625e-01,1.988517194986343384e-01,3.830921649932861328e+00
-1.644809722900390625e+00,3.559810638427734375e+00,2.325945615768432617e+00
-2.361057996749877930e+00,6.839704513549804688e-01,2.673416614532470703e+00
2.287498712539672852e+00,-1.598452568054199219e+00,4.466596841812133789e-01
3.052314817905426025e-01,-2.425693988800048828e+00,7.267356514930725098e-01
2.487215280532836914e+00,-2.010766744613647461e+00,1.227231979370117188e+00
2.100701332092285156e+00,-2.898960113525390625e-01,2.198871374130249023e+00
1.945185780525207520e+00,-1.272360920906066895e+00,1.234390258789062500e+00
5.518500208854675293e-01,-8.659554123878479004e-01,3.318475723266601562e+00
-1.971179962158203125e+00,1.293621063232421875e-01,1.681241750717163086e+00
-2.741661071777343750e-01,-7.851511240005493164e-01,3.921710252761840820e-01
1.596732497215270996e+00,-2.769027233123779297e+00,1.234390258789062500e+00
1.201502084732055664e+00,-5.026735663414001465e-01,3.921689987182617188e-01
-6.441478729248046875e-01,2.806197166442871094e+00,1.674764990806579590e+00
2.418471813201904297e+00,-3.623017311096191406e+00,5.016027688980102539e-01
-1.181709766387939453e+00,2.725489377975463867e+00,3.306001186370849609e+00
-3.318594932556152344e+00,1.457122802734375000e+00,2.222702503204345703e+00
3.705823183059692383e+00,-2.504368305206298828e+00,1.945091485977172852e+00
9.337680339813232422e-01,-3.223946094512939453e+00,1.832797169685363770e+00
-3.350663661956787109e+00,2.308113098144531250e+00,1.181509375572204590e+00
1.085868835449218750e+00,8.643753528594970703e-01,2.399738311767578125e+00
-4.916836321353912354e-01,2.153747528791427612e-01,3.318475723266601562e+00
1.379641652107238770e+00,1.373290956507844385e-06,3.318475723266601562e+00
-1.326872587203979492e+00,2.684484481811523438e+00,8.913583755493164062e-01
-1.051578521728515625e+00,3.297852754592895508e+00,2.017135620117187500e+00
1.294820189476013184e+00,6.039009094238281250e-01,1.015503168106079102e+00
-1.581298232078552246e+00,1.674408614635467529e-01,3.921680450439453125e-01
3.379664897918701172e+00,-1.745368361473083496e+00,1.753447175025939941e+00
-2.219424843788146973e-01,2.181117773056030273e+00,2.690771102905273438e+00
-8.803384304046630859e-01,1.674470156431198120e-01,3.921689987182617188e-01
1.259372711181640625e+00,-3.558382511138916016e+00,2.472343206405639648e+00
6.336924433708190918e-01,1.308078885078430176e+00,3.318475723266601562e+00
-6.405332684516906738e-01,2.790160179138183594e+00,9.376371502876281738e-01
-2.790062427520751953e+00,2.801004648208618164e+00,4.827667176723480225e-01
6.222668290138244629e-01,1.431862831115722656e+00,1.898274183273315430e+00
-2.832720041275024414e+00,1.863733768463134766e+00,4.062538146972656250e-01
-3.272642493247985840e-01,1.626401305198669434e+00,3.830922603607177734e+00
2.473370552062988281e+00,-1.626400232315063477e+00,3.830923080444335938e+00
-2.535257339477539062e+00,8.454245328903198242e-01,6.362890601158142090e-01
6.198388338088989258e-01,-1.674510389566421509e-01,3.921689987182617188e-01
2.472047090530395508e+00,-8.240235447883605957e-01,2.073345184326171875e-01
2.289554595947265625e+00,-3.735040187835693359e+00,1.893140077590942383e+00
-1.576830387115478516e+00,3.283274173736572266e+00,3.222174644470214844e+00
-1.113314032554626465e-01,3.981046080589294434e-01,3.830922603607177734e+00
1.587201237678527832e+00,-1.761500000953674316e+00,3.318475723266601562e+00
-2.474502563476562500e+00,1.618056297302246094e+00,1.080912590026855469e+00
2.851912260055541992e+00,-1.897370457649230957e+00,5.940828323364257812e-01
1.600396633148193359e-01,-1.517496109008789062e+00,3.921689987182617188e-01
1.637967467308044434e+00,-3.984060287475585938e+00,1.090486764907836914e+00
7.937803268432617188e-01,1.193172216415405273e+00,1.202542662620544434e+00
-2.958687782287597656e+00,2.562231540679931641e+00,1.768771171569824219e+00
3.216417789459228516e+00,-2.929638862609863281e+00,1.626326918601989746e+00
1.062274456024169922e+00,-2.012048244476318359e+00,1.234390258789062500e+00
7.444924116134643555e-01,-2.916645050048828125e+00,6.032490134239196777e-01
3.486989974975585938e+00,-1.943519949913024902e+00,6.516075134277343750e-01
1.623056411743164062e+00,2.700138092041015625e-01,2.047814846038818359e+00
-1.116116762161254883e+00,-8.079204559326171875e-01,9.913813471794128418e-01
4.138898849487304688e-01,-2.566795587539672852e+00,2.746889591217041016e+00
2.277718544006347656e+00,-4.983372390270233154e-01,1.441980361938476562e+00
-5.293639898300170898e-01,1.002582669258117676e+00,3.830922603607177734e+00
2.799612045288085938e+00,-1.170182347297668457e+00,6.993554234504699707e-01
1.225535392761230469e+00,-1.207749485969543457e+00,3.830922603607177734e+00
-3.159580230712890625e-01,-1.734382271766662598e+00,2.636119365692138672e+00
6.437271088361740112e-02,2.009077548980712891e+00,8.555783033370971680e-01
-1.644535303115844727e+00,2.923571109771728516e+00,4.062547683715820312e-01
1.722364306449890137e+00,-7.995399236679077148e-01,3.830922603607177734e+00
-1.393717885017395020e+00,3.693325519561767578e+00,1.654153347015380859e+00
-1.083861231803894043e+00,1.633527636528015137e+00,1.186881065368652344e+00
-1.558619618415832520e+00,2.233657121658325195e+00,3.309405803680419922e+00
3.776146173477172852e+00,-2.292151451110839844e+00,3.293301820755004883e+00
-1.222753167152404785e+00,1.343199610710144043e+00,3.139076709747314453e+00
-2.015172719955444336e+00,7.519903182983398438e-01,1.970068365335464478e-01
-1.701409339904785156e+00,-1.337088793516159058e-01,9.817489385604858398e-01
2.939893722534179688e+00,-2.942698955535888672e+00,3.921710252761840820e-01
4.374613165855407715e-01,-3.981172144412994385e-01,3.830922603607177734e+00
-1.109201431274414062e+00,-8.648815155029296875e-01,1.714760661125183105e+00
-9.263278245925903320e-01,2.282957315444946289e+00,3.830922603607177734e+00
-4.924357533454895020e-01,-4.311838448047637939e-01,3.318475723266601562e+00
-1.093005657196044922e+00,2.153657823801040649e-01,3.318475723266601562e+00
1.984471797943115234e+00,-4.211449146270751953e+00,1.639652252197265625e+00
3.570222854614257812e-01,-2.552779436111450195e+00,1.987710118293762207e+00
-2.904825210571289062e+00,1.270726919174194336e+00,4.498846232891082764e-01
-2.923746585845947266e+00,1.267337679862976074e+00,1.672267913818359375e+00
1.811408042907714844e+00,4.730224645754788071e-06,8.767142891883850098e-01
-1.034096717834472656e+00,3.296341896057128906e+00,6.502794027328491211e-01
-6.430019736289978027e-01,2.465486764907836914e+00,2.799034118652343750e-03
-8.910369873046875000e-01,-1.031641721725463867e+00,4.702462553977966309e-01
4.653301239013671875e-01,-2.579474210739135742e+00,1.941131502389907837e-01
-3.462965011596679688e+00,1.836532592773437500e+00,7.269857525825500488e-01
9.734365344047546387e-01,-1.176979899406433105e+00,3.921689987182617188e-01
1.588754206895828247e-01,8.389631509780883789e-01,3.921689987182617188e-01
1.792302429676055908e-01,-1.308075785636901855e+00,3.318475723266601562e+00
1.790022253990173340e+00,-5.026696920394897461e-01,3.921689987182617188e-01
1.092030644416809082e+00,-2.974812507629394531e+00,3.318476200103759766e+00
3.140886783599853516e+00,-1.535881996154785156e+00,2.921183347702026367e+00
2.590864658355712891e+00,-1.450519680976867676e+00,1.234393000602722168e+00
2.083768844604492188e+00,-2.720409870147705078e+00,3.318475723266601562e+00
-3.412439584732055664e+00,1.781106948852539062e+00,1.450841903686523438e+00
1.318486928939819336e+00,-2.544570922851562500e+00,3.670190274715423584e-01
-9.745898842811584473e-01,2.392371177673339844e+00,1.255185127258300781e+00
-1.718193888664245605e+00,9.038487076759338379e-01,3.026101112365722656e+00
1.685323715209960938e-01,1.924750924110412598e+00,2.330409765243530273e+00
-3.681631088256835938e-01,-1.725032925605773926e+00,1.823375940322875977e+00
9.634817242622375488e-01,-3.008332729339599609e+00,1.234393000602722168e+00
-2.733519554138183594e+00,1.061062455177307129e+00,1.200671553611755371e+00
1.396075367927551270e+00,-3.656531572341918945e+00,3.921689987182617188e-01
3.036688804626464844e+00,-1.363239049911499023e+00,1.567880511283874512e+00
-5.499069690704345703e-01,-2.580347061157226562e-01,3.921710252761840820e-01
2.094018459320068359e+00,-2.372892379760742188e+00,1.163591384887695312e+00
-1.877617537975311279e-01,2.231852054595947266e+00,1.447957158088684082e+00
-1.805891036987304688e+00,2.296423673629760742e+00,8.037910461425781250e-01
1.792184591293334961e+00,-3.236622571945190430e+00,3.318475723266601562e+00
2.859053850173950195e+00,-2.059543609619140625e+00,3.830922603607177734e+00
-2.311529159545898438e+00,6.206783652305603027e-01,1.261156916618347168e+00
1.061376810073852539e+00,1.220703097715158947e-06,3.830922603607177734e+00
1.600396633148193359e-01,1.517495870590209961e+00,3.921689987182617188e-01
-6.959877014160156250e-01,2.819862842559814453e+00,2.963908672332763672e+00
-2.593468189239501953e+00,2.814532756805419922e+00,2.046911716461181641e+00
6.272308528423309326e-02,-2.213933944702148438e+00,1.720530033111572266e+00
2.218248367309570312e+00,-3.786152601242065430e+00,3.318475723266601562e+00
-1.386291146278381348e+00,3.726925373077392578e+00,1.050396442413330078e+00
3.579524040222167969e+00,-2.614116430282592773e+00,8.979998826980590820e-01
2.532277345657348633e+00,-2.746654033660888672e+00,3.830922603607177734e+00
-2.864586114883422852e+00,1.231899261474609375e+00,2.293163776397705078e+00
4.889564812183380127e-01,-1.761503458023071289e+00,3.318475723266601562e+00
2.201522111892700195e+00,-1.085855960845947266e+00,3.318475723266601562e+00
-1.969531178474426270e-01,-1.851479530334472656e+00,7.814242243766784668e-01
2.791535615921020508e+00,-3.298841476440429688e+00,1.436137199401855469e+00
-6.604347229003906250e-01,2.302000999450683594e+00,4.934265017509460449e-01
-1.555072426795959473e+00,-2.153659760951995850e-01,3.318475723266601562e+00
1.044141769409179688e+00,8.684210181236267090e-01,6.617642045021057129e-01
2.112096309661865234e+00,-3.457164764404296875e-01,2.829305887222290039e+00
-1.504700660705566406e+00,-4.109155237674713135e-01,1.978485465049743652e+00
6.343292444944381714e-02,-2.125563621520996094e+00,4.039449989795684814e-01
-1.881758689880371094e+00,3.503417491912841797e+00,1.732211232185363770e+00
-7.969512939453125000e-01,-8.659564852714538574e-01,3.318476200103759766e+00
-1.848050832748413086e+00,3.619794368743896484e+00,7.111775279045104980e-01
-4.769456684589385986e-01,-1.550590515136718750e+00,1.096274256706237793e+00
1.120214104652404785e+00,-1.993807911872863770e+00,3.318475723266601562e+00
1.030653953552246094e+00,-2.520891666412353516e+00,1.234393000602722168e+00
1.303897976875305176e+00,-3.613098144531250000e+00,1.289600133895874023e+00
3.759098052978515625e-02,-2.133559226989746094e+00,2.749652147293090820e+00
2.439790010452270508e+00,-1.460341811180114746e+00,8.735656738281250000e-04
2.087650775909423828e+00,-3.910485744476318359e+00,7.614686489105224609e-01
1.165982842445373535e+00,-3.173203468322753906e+00,2.783547937870025635e-01
-6.546173095703125000e-01,1.515440940856933594e+00,3.780889511108398438e-01
-2.184420824050903320e+00,1.946575522422790527e+00,8.688001632690429688e-01
1.909891009330749512e+00,-2.656664609909057617e+00,7.785072326660156250e-01
9.763755798339843750e-01,-2.333105325698852539e+00,7.772003114223480225e-02
-6.507272124290466309e-01,8.389424681663513184e-01,3.921689987182617188e-01
-2.179656505584716797e+00,3.331934690475463867e+00,1.005512237548828125e+00
1.585488915443420410e-01,-5.026909112930297852e-01,3.921689987182617188e-01
-2.510589122772216797e+00,3.044158935546875000e+00,7.917538285255432129e-01
2.116356134414672852e+00,-1.153441190719604492e+00,1.843585968017578125e-01
1.788633346557617188e+00,-4.147875785827636719e+00,2.761456966400146484e+00
2.606122970581054688e+00,-9.523887634277343750e-01,1.079318404197692871e+00
-2.543763399124145508e+00,2.952234745025634766e+00,1.568789839744567871e+00
1.878591299057006836e+00,-2.059541702270507812e+00,3.830921649932861328e+00
1.083675861358642578e+00,1.674419045448303223e-01,3.921689987182617188e-01
-2.621374130249023438e-01,2.354698419570922852e+00,7.743612527847290039e-01
2.491883754730224609e+00,-7.280390262603759766e-01,2.021230936050415039e+00
3.519074916839599609e+00,-1.933945298194885254e+00,1.338006377220153809e+00
-2.359739303588867188e+00,6.780014038085937500e-01,2.163427114486694336e+00
-1.481639862060546875e+00,-3.950757980346679688e-01,2.604072809219360352e+00
-1.939713478088378906e+00,3.898736536502838135e-01,2.162273168563842773e+00
2.018632888793945312e-01,1.918227910995483398e+00,1.860467314720153809e+00
4.767558276653289795e-01,8.659581542015075684e-01,3.318475723266601562e+00
2.570623397827148438e+00,-1.533110618591308594e+00,3.318475723266601562e+00
-3.308276653289794922e+00,1.421497344970703125e+00,2.766076087951660156e+00
4.682312011718750000e-01,1.549070715904235840e+00,9.257966279983520508e-01
-1.901211500167846680e+00,7.164732217788696289e-01,2.611168384552001953e+00
1.950339913368225098e+00,-2.230625629425048828e+00,3.318476200103759766e+00
1.674667596817016602e+00,-3.786154031753540039e+00,3.318475723266601562e+00
3.793098449707031250e+00,-2.296951055526733398e+00,6.344921588897705078e-01
-1.982360601425170898e+00,1.637683629989624023e+00,1.215319633483886719e+00
1.594080924987792969e+00,2.709481716156005859e-01,1.184366464614868164e+00
-8.043154478073120117e-01,1.580124497413635254e+00,8.211936950683593750e-01
3.579524517059326172e+00,-2.614115238189697266e+00,1.451429724693298340e+00
2.124786376953125000e+00,-3.284317970275878906e+00,3.921689987182617188e-01
-1.332875847816467285e+00,8.659554719924926758e-01,3.318475723266601562e+00
2.784000873565673828e+00,-3.236623048782348633e+00,3.318475723266601562e+00
-1.442851066589355469e+00,-4.139084815979003906e-01,7.256184220314025879e-01
1.624960303306579590e-01,1.688003521849168465e-06,3.830922603607177734e+00
-3.023156881332397461e+00,2.400165081024169922e+00,2.191571950912475586e+00
-4.649208113551139832e-02,-6.479086279869079590e-01,3.318475723266601562e+00
6.310363858938217163e-02,-2.166563510894775391e+00,1.014772176742553711e+00
1.438759446144104004e+00,-1.640464305877685547e+00,1.234390258789062500e+00
3.216415643692016602e+00,-2.929639816284179688e+00,2.081317663192749023e+00
-4.278585612773895264e-01,-1.533112168312072754e+00,3.318475723266601562e+00
1.792309731245040894e-01,1.308077692985534668e+00,3.318475723266601562e+00
-9.644956588745117188e-01,-1.023322105407714844e+00,2.115273952484130859e+00
-2.184174299240112305e+00,3.277794837951660156e+00,1.479882478713989258e+00
3.196759462356567383e+00,-2.208925962448120117e+00,3.921689987182617188e-01
1.010709285736083984e+00,-1.085858464241027832e+00,3.318475723266601562e+00
5.536581873893737793e-01,-2.376553058624267578e+00,1.162907958030700684e+00
3.696207702159881592e-01,5.982078909873962402e-01,3.830922603607177734e+00
8.099632263183593750e-01,1.191071510314941406e+00,2.264196157455444336e+00
2.791535854339599609e+00,-3.298841476440429688e+00,6.148507595062255859e-01
-1.327071547508239746e+00,1.262545824050903320e+00,1.147637367248535156e+00
3.736523151397705078e+00,-2.163168907165527344e+00,1.648280739784240723e+00
-1.939713478088378906e+00,3.898747265338897705e-01,1.319400429725646973e+00
2.617574930191040039e+00,-1.822815775871276855e+00,1.777887344360351562e-01
-6.806125640869140625e-01,-1.360831618309020996e+00,1.755011677742004395e+00
-2.263148069381713867e+00,2.923562765121459961e+00,4.062547683715820312e-01
-1.422568798065185547e+00,1.840893983840942383e+00,3.830922603607177734e+00
1.214795112609863281e+00,-3.544293642044067383e+00,1.923014640808105469e+00
1.383028984069824219e+00,5.560688972473144531e-01,1.807919621467590332e+00
-4.937182366847991943e-01,6.479002237319946289e-01,3.318475723266601562e+00
-1.413740396499633789e+00,3.288767337799072266e+00,4.062547683715820312e-01
3.741873741149902344e+00,-2.180589675903320312e+00,2.228632688522338867e+00
-3.067230284214019775e-01,1.858352065086364746e+00,3.761863708496093750e-01
1.382499456405639648e+00,4.311715364456176758e-01,3.318475723266601562e+00
3.136987686157226562e+00,-1.574754118919372559e+00,5.963877439498901367e-01
-9.563987255096435547e-01,1.207751750946044922e+00,3.830922603607177734e+00
-1.874519348144531250e+00,2.564916610717773438e+00,4.062547683715820312e-01
3.928942084312438965e-01,2.504405975341796875e-01,3.921710252761840820e-01
2.048467159271240234e+00,-2.563008069992065430e-01,1.120344519615173340e+00
-2.041156768798828125e+00,3.849680125713348389e-01,4.087390005588531494e-01
2.383679866790771484e+00,-2.272701501846313477e+00,6.922121047973632812e-01
1.293582916259765625e+00,-3.569194793701171875e+00,2.893901348114013672e+00
2.213430404663085938e+00,-1.640460491180419922e+00,1.234390258789062500e+00
-7.834920883178710938e-01,-1.181049346923828125e+00,8.487998843193054199e-01
-3.288382053375244141e+00,1.654269099235534668e+00,1.852194428443908691e+00
1.997757911682128906e+00,-4.199903011322021484e+00,1.069019436836242676e+00
3.013516426086425781e+00,-1.533108830451965332e+00,3.318476200103759766e+00
6.422337293624877930e-01,-2.239146471023559570e+00,5.343141555786132812e-01
8.213911056518554688e-01,1.189592957496643066e+00,1.618757605552673340e+00
2.084521770477294922e+00,-2.551402151584625244e-01,1.749979257583618164e+00
1.356963157653808594e+00,5.577502846717834473e-01,2.320712804794311523e+00
1.212810635566711426e+00,-1.517484426498413086e+00,3.921689987182617188e-01
2.871057510375976562e+00,-1.158571362495422363e+00,1.935256958007812500e+00
9.939193725585937500e-02,1.938287258148193359e+00,4.054778814315795898e-01
-6.892727613449096680e-01,1.840893864631652832e+00,3.830922603607177734e+00
-7.243804633617401123e-02,-1.176985383033752441e+00,3.921689987182617188e-01
1.551860928535461426e+00,-1.674420833587646484e-01,3.921689987182617188e-01
-8.858267068862915039e-01,1.176978468894958496e+00,3.921689987182617188e-01
-4.181808233261108398e-01,5.026799440383911133e-01,3.921689987182617188e-01
-1.346375107765197754e+00,-1.674417108297348022e-01,3.921680450439453125e-01
-2.768673419952392578e+00,1.295110702514648438e+00,8.689873814582824707e-01
-1.086824417114257812e+00,3.308372497558593750e+00,2.422434329986572266e+00
1.455474495887756348e+00,-2.387954235076904297e+00,1.234390258789062500e+00
1.420003652572631836e+00,-3.981076776981353760e-01,3.830922603607177734e+00
-6.405313014984130859e-01,2.790157794952392578e+00,5.323495268821716309e-01
2.689626932144165039e+00,-2.208926439285278320e+00,3.921689987182617188e-01
2.594541549682617188e+00,-9.037084579467773438e-01,2.870483398437500000e+00
-4.216498434543609619e-01,2.530169010162353516e+00,1.308546781539916992e+00
1.082702636718750000e+00,8.646826148033142090e-01,1.261655569076538086e+00
-1.750427842140197754e+00,6.605663299560546875e-01,4.874233901500701904e-01
4.200636446475982666e-01,-2.230625629425048828e+00,3.318475723266601562e+00
-1.829085499048233032e-01,1.207751274108886719e+00,3.830921649932861328e+00
2.289554595947265625e+00,-3.735040187835693359e+00,2.295647382736206055e+00
1.144584655761718750e+00,-2.472599029541015625e+00,3.318475723266601562e+00
-1.810021102428436279e-01,7.995382547378540039e-01,3.830921649932861328e+00
2.669478893280029297e+00,-1.133708119392395020e+00,1.016330718994140625e-02
1.299496531486511230e+00,5.699748992919921875e-01,5.941277742385864258e-01
7.851734161376953125e-01,-3.030017137527465820e+00,2.216264963150024414e+00
1.616265177726745605e+00,-4.311759471893310547e-01,3.318476200103759766e+00
1.726830482482910156e+00,-4.126129150390625000e+00,2.032562971115112305e+00
-2.279504537582397461e+00,1.062164306640625000e+00,3.707269132137298584e-01
1.895369172096252441e+00,-3.656528234481811523e+00,3.921689987182617188e-01
1.480108141899108887e+00,-3.779757022857666016e+00,7.563215494155883789e-01
1.393218994140625000e+00,-2.873367786407470703e+00,1.634112447500228882e-01
8.477001190185546875e-01,-3.047583580017089844e+00,3.019163846969604492e+00
1.358577728271484375e+00,5.576461553573608398e-01,1.415814638137817383e+00
-1.099152803421020508e+00,2.021195888519287109e+00,1.285441398620605469e+00
-1.871024012565612793e+00,1.996693968772888184e+00,3.308805465698242188e+00
-2.365523338317871094e+00,1.271443963050842285e+00,1.226285934448242188e+00
3.284693717956542969e+00,-2.230624437332153320e+00,3.318475723266601562e+00
1.770498752593994141e+00,1.449584942747605965e-06,3.318475723266601562e+00
-4.219348132610321045e-01,2.525127887725830078e+00,1.829253792762756348e+00
-3.722128570079803467e-01,2.074861288070678711e+00,3.046856880187988281e+00
-1.472910761833190918e+00,2.364028930664062500e+00,1.121879577636718750e+00
-1.028583526611328125e+00,3.290992975234985352e+00,1.620757579803466797e+00
-3.289276123046875000e+00,1.654047846794128418e+00,4.313784837722778320e-01
-1.475886702537536621e+00,1.646213293075561523e+00,1.273737907409667969e+00
-1.737984657287597656e+00,-1.331192702054977417e-01,2.116234540939331055e+00
-1.895303010940551758e+00,1.124324798583984375e-01,6.421471834182739258e-01
-2.493150472640991211e+00,2.564924240112304688e+00,4.062547683715820312e-01
-1.729169845581054688e+00,-1.332610994577407837e-01,1.446750044822692871e+00
2.032604932785034180e+00,-8.389448523521423340e-01,3.921689987182617188e-01
1.824029207229614258e+00,-1.640467047691345215e+00,1.234390258789062500e+00
-1.526600122451782227e+00,1.761213898658752441e+00,3.319571018218994141e+00
6.336928009986877441e-01,-1.308078527450561523e+00,3.318476200103759766e+00
1.510192990303039551e+00,-2.974813222885131836e+00,3.318476200103759766e+00
-2.970647811889648438e-01,2.362712383270263672e+00,2.334454059600830078e+00
3.216417551040649414e+00,-2.929638862609863281e+00,6.578969955444335938e-01
-1.150632023811340332e+00,3.297075510025024414e+00,3.193684101104736328e+00
-2.777165472507476807e-01,1.761498332023620605e+00,3.318475723266601562e+00
2.963467359542846680e+00,-2.561439990997314453e+00,3.921689987182617188e-01
-6.612558364868164062e-01,2.810707092285156250e+00,2.054523468017578125e+00
-4.753958284854888916e-01,-1.578051567077636719e+00,1.475336551666259766e+00
2.228889942169189453e+00,-2.919609308242797852e+00,3.921689987182617188e-01
1.622773170471191406e+00,2.700231969356536865e-01,1.658149957656860352e+00
-2.338099479675292969e+00,6.185339689254760742e-01,3.943084776401519775e-01
1.849674224853515625e+00,3.738403165698400699e-06,2.183874130249023438e+00
-1.222962379455566406e+00,-7.085572481155395508e-01,1.339707970619201660e+00
3.851690292358398438e-01,-2.559717416763305664e+00,2.363472461700439453e+00
1.627294898033142090e+00,-3.284315347671508789e+00,3.921689987182617188e-01
-1.533779621124267578e+00,2.606515169143676758e+00,5.749950408935546875e-01
1.074005842208862305e+00,2.153660506010055542e-01,3.318476200103759766e+00
-2.902394294738769531e+00,2.703745841979980469e+00,8.407132029533386230e-01
-2.459227085113525391e+00,1.863741755485534668e+00,4.062547683715820312e-01
-3.346409559249877930e+00,2.317880630493164062e+00,8.033248782157897949e-01
-3.196181774139404297e+00,2.393950223922729492e+00,1.510146856307983398e+00
3.114488363265991211e+00,-1.438925743103027344e+00,1.938351988792419434e+00
-1.204109191894531250e-01,2.154018729925155640e-01,3.318475723266601562e+00
1.123309612274169922e+00,-3.423056125640869141e+00,1.552081584930419922e+00
-7.729871869087219238e-01,2.722543239593505859e+00,3.313239097595214844e+00
-1.784373998641967773e+00,3.288769960403442383e+00,4.062547683715820312e-01
3.655722141265869141e+00,-2.118033170700073242e+00,9.418969750404357910e-01
2.298940896987915039e+00,-3.938189983367919922e+00,1.584030270576477051e+00
2.844878196716308594e+00,-1.162825465202331543e+00,1.267843604087829590e+00
1.571316719055175781e+00,2.716820836067199707e-01,8.084747195243835449e-01
-7.919897437095642090e-01,4.311731159687042236e-01,3.318475723266601562e+00
-2.599384307861328125e+00,2.211918830871582031e+00,4.062547683715820312e-01
-7.903647422790527344e-01,1.564025865263829473e-06,3.318475723266601562e+00
2.094054222106933594e+00,-2.012047529220581055e+00,1.234390258789062500e+00
-1.466271400451660156e+00,-4.127750992774963379e-01,1.106746792793273926e+00
3.992830514907836914e-01,-4.311847984790802002e-01,3.318475723266601562e+00
2.172951221466064453e+00,-1.840889573097229004e+00,3.830921649932861328e+00
-2.718668460845947266e+00,1.063230752944946289e+00,1.971718549728393555e+00
2.017948627471923828e+00,-2.572851479053497314e-01,5.873594284057617188e-01
-5.364935398101806641e-01,-1.176972985267639160e+00,3.921689987182617188e-01
2.503470659255981445e+00,-3.284317493438720703e+00,3.921689987182617188e-01
6.262964010238647461e-01,-1.517492294311523438e+00,3.921689987182617188e-01
7.373213171958923340e-01,-2.984869956970214844e+00,1.640847086906433105e+00
5.321779251098632812e-01,-2.672311782836914062e+00,8.690584897994995117e-01
-1.811148285865783691e+00,1.084273338317871094e+00,3.328244209289550781e+00
-1.590619325637817383e+00,9.764454960823059082e-01,2.465966224670410156e+00
2.104445695877075195e+00,-2.583292722702026367e+00,4.808101654052734375e-01
-1.975631713867187500e-01,-1.826254844665527344e+00,4.194079637527465820e-01
1.429309844970703125e-01,1.929763436317443848e+00,2.691334247589111328e+00
3.030185699462890625e-01,-2.480652809143066406e+00,1.575632333755493164e+00
-1.421973824501037598e+00,1.153002142906188965e+00,2.905342102050781250e+00
1.438770771026611328e+00,-8.389419317245483398e-01,3.921689987182617188e-01
2.121749639511108398e+00,-1.207747340202331543e+00,3.830922603607177734e+00
-1.700077891349792480e+00,8.991503715515136719e-01,1.137984275817871094e+00
2.753237783908843994e-01,1.176991701126098633e+00,3.921689987182617188e-01
-4.212213158607482910e-01,2.537773609161376953e+00,3.003979325294494629e-01
6.417564302682876587e-02,2.033455371856689453e+00,1.212092399597167969e+00
1.540088772773742676e+00,-1.626398682594299316e+00,3.830923080444335938e+00
-3.110424518585205078e+00,1.464427113533020020e+00,6.752578616142272949e-01
3.913323879241943359e-01,-1.176970362663269043e+00,3.921689987182617188e-01
-1.113963246345520020e+00,5.026769638061523438e-01,3.921689987182617188e-01
3.216418743133544922e+00,-2.929638385772705078e+00,1.270003080368041992e+00
-1.934243202209472656e+00,1.299571245908737183e-01,1.044969201087951660e+00
-5.312875509262084961e-01,2.153375387191772461e+00,1.308107376098632812e-01
6.217501759529113770e-01,8.389607071876525879e-01,3.921689987182617188e-01
7.362484335899353027e-01,-5.026797652244567871e-01,3.921689987182617188e-01
4.324035719037055969e-02,5.027124881744384766e-01,3.921689987182617188e-01
-3.405942916870117188e-01,-1.729971528053283691e+00,2.282721519470214844e+00
4.319702088832855225e-02,-1.674744337797164917e-01,3.921689987182617188e-01
-1.580509185791015625e+00,3.802897453308105469e+00,1.339044809341430664e+00
-2.511534690856933594e+00,1.329187393188476562e+00,3.628210425376892090e-01
-2.743310689926147461e+00,1.547708749771118164e+00,5.991668701171875000e-01
1.356513023376464844e+00,-7.995431423187255859e-01,3.830922603607177734e+00
-6.575355529785156250e-01,2.809726476669311523e+00,7.633544504642486572e-02
3.950332701206207275e-01,-1.861203908920288086e+00,3.921689987182617188e-01
6.291496008634567261e-02,-2.190137386322021484e+00,1.365983843803405762e+00
-2.098465919494628906e+00,9.061617255210876465e-01,1.224804878234863281e+00
1.087056517601013184e+00,-8.389445543289184570e-01,3.921689987182617188e-01
-6.401290893554687500e-01,2.805136442184448242e+00,1.301600575447082520e+00
1.802897453308105469e+00,-4.152894020080566406e+00,7.809361219406127930e-01
2.546916246414184570e+00,-3.506739377975463867e+00,3.318476200103759766e+00
-6.067971587181091309e-01,1.415532708168029785e+00,3.830922603607177734e+00
2.421352863311767578e+00,-7.348778843879699707e-01,5.599997043609619141e-01
-9.964343309402465820e-01,-1.674424707889556885e-01,3.921689987182617188e-01
-8.439009785652160645e-01,3.049847126007080078e+00,1.875966787338256836e+00
-1.891423016786575317e-01,1.517479538917541504e+00,3.921689987182617188e-01
-1.229429602622985840e+00,1.674417108297348022e-01,3.921689987182617188e-01
-2.340746402740478516e+00,8.096992969512939453e-01,2.990436553955078125e-02
-2.338099479675292969e+00,6.185336709022521973e-01,9.092574715614318848e-01
-3.463410854339599609e+00,1.836407423019409180e+00,1.110110759735107422e+00
1.791694641113281250e+00,-4.167657375335693359e+00,1.348204612731933594e+00
3.176656961441040039e+00,-1.861205697059631348e+00,3.921689987182617188e-01
9.673675298690795898e-01,-1.674405634403228760e-01,3.921689987182617188e-01
-5.331516861915588379e-01,1.674398332834243774e-01,3.921689987182617188e-01
5.057468414306640625e-01,1.542973637580871582e+00,2.237526893615722656e+00
-7.652364969253540039e-01,5.026898980140686035e-01,3.921689987182617188e-01
-1.877676397562026978e-01,8.389474153518676758e-01,3.921689987182617188e-01
-2.516117334365844727e+00,3.028840541839599609e+00,1.211756467819213867e+00
2.219636917114257812e+00,-5.020861625671386719e-01,3.999365270137786865e-01
7.834085822105407715e-01,-3.981108069419860840e-01,3.830922603607177734e+00
2.559230327606201172e+00,-2.974809408187866211e+00,3.318475723266601562e+00
-8.466340303421020508e-01,3.027342796325683594e+00,7.520130872726440430e-01
7.883096337318420410e-01,-7.995434999465942383e-01,3.830922603607177734e+00
5.124950408935546875e-01,1.541876435279846191e+00,1.571561694145202637e+00
-1.598792195320129395e+00,2.728438377380371094e+00,3.298764228820800781e+00
-2.098075866699218750e+00,8.533732295036315918e-01,5.708618164062500000e-01
-2.524956226348876953e+00,8.465907573699951172e-01,1.401820898056030273e+00
1.999521613121032715e+00,-3.506739377975463867e+00,3.318475723266601562e+00
-6.416101455688476562e-01,-1.366526126861572266e+00,2.534166574478149414e+00
-1.673826217651367188e+00,-1.341531276702880859e-01,5.197375416755676270e-01
-1.465187907218933105e+00,5.026732683181762695e-01,3.921680450439453125e-01
-2.309133529663085938e+00,6.208713650703430176e-01,1.615503072738647461e+00
-1.179354667663574219e+00,-7.120774388313293457e-01,6.508410573005676270e-01
1.336455464363098145e+00,-1.533110976219177246e+00,3.318476200103759766e+00
-9.207299351692199707e-01,2.601549625396728516e+00,5.548496246337890625e-01
-1.502856612205505371e+00,1.306703448295593262e+00,3.325478553771972656e+00
9.456721544265747070e-01,1.002528190612792969e+00,9.686233401298522949e-01
-8.431419730186462402e-01,3.056098937988281250e+00,1.464547991752624512e+00
1.946071982383728027e+00,-8.659556508064270020e-01,3.318476200103759766e+00
1.588754206895828247e-01,-8.389631509780883789e-01,3.921689987182617188e-01
-3.110538005828857422e+00,1.464403033256530762e+00,1.474697828292846680e+00
7.354952692985534668e-01,1.674472838640213013e-01,3.921689987182617188e-01
2.605770826339721680e+00,-2.919605255126953125e+00,3.921689987182617188e-01
5.264391899108886719e-01,-2.751323223114013672e+00,1.775745868682861328e+00
3.078381419181823730e-01,-2.361041545867919922e+00,3.921710252761840820e-01
2.061136007308959961e+00,-1.337952613830566406e+00,4.567401111125946045e-01
9.395495653152465820e-01,1.060776710510253906e+00,1.986166000366210938e+00
7.270028591156005859e-01,-1.993809103965759277e+00,3.318475723266601562e+00
-1.214084863662719727e+00,3.522226810455322266e+00,8.537383675575256348e-01
2.265765428543090820e+00,-6.478874683380126953e-01,3.318476200103759766e+00
7.444922327995300293e-01,-2.916644573211669922e+00,1.002997875213623047e+00
-1.213793754577636719e+00,3.523779392242431641e+00,1.379560232162475586e+00
3.585972309112548828e+00,-2.208926916122436523e+00,3.921689987182617188e-01
2.299076080322265625e+00,-4.969592094421386719e-01,1.885492682456970215e+00
6.397704780101776123e-02,2.058012962341308594e+00,1.571235895156860352e+00
-1.278588891029357910e+00,2.923568725585937500e+00,4.062547683715820312e-01
2.408765554428100586e+00,-2.691158056259155273e+00,3.390320777893066406e+00
5.321776270866394043e-01,-2.672310829162597656e+00,5.403475761413574219e-01
8.616857528686523438e-01,-3.051512479782104492e+00,3.282778859138488770e-01
9.444116950035095215e-01,-3.146714210510253906e+00,7.406835556030273438e-01
-9.431457519531250000e-01,-1.025739908218383789e+00,2.442292451858520508e+00
-2.723862648010253906e+00,1.062473297119140625e+00,2.139590382575988770e-01
-7.652364969253540039e-01,-5.026897788047790527e-01,3.921689987182617188e-01
-2.535257339477539062e+00,8.454244136810302734e-01,1.057932138442993164e+00
3.352497816085815430e-01,1.680872917175292969e+00,6.123420596122741699e-01
2.799611568450927734e+00,-1.170181512832641602e+00,3.742013573646545410e-01
2.471980571746826172e+00,-7.299683094024658203e-01,1.322819828987121582e+00
3.002588272094726562e+00,-3.115447282791137695e+00,1.781779766082763672e+00
1.392538428306579590e+00,-2.629792451858520508e+00,6.694831848144531250e-01
2.753602266311645508e+00,-2.511762857437133789e+00,3.830923080444335938e+00
2.258238792419433594e+00,-4.995948672294616699e-01,1.092490077018737793e+00
2.745246410369873047e+00,-2.988386869430541992e+00,3.830922603607177734e+00
-2.010549902915954590e-01,-1.761499285697937012e+00,3.318475723266601562e+00
-1.886189281940460205e-01,2.196305274963378906e+00,1.099264502525329590e+00
-1.477176308631896973e+00,2.153650671243667603e-01,3.318475723266601562e+00
-7.072085142135620117e-01,2.355827331542968750e+00,1.083260536193847656e+00
-1.096648335456848145e+00,2.737525939941406250e+00,1.106547355651855469e+00
2.087651252746582031e+00,-3.910484790802001953e+00,4.017855823040008545e-01
-1.367135643959045410e+00,2.984109163284301758e+00,3.297600746154785156e+00
4.088046550750732422e-01,1.533117175102233887e+00,3.318475723266601562e+00
-1.972730040550231934e+00,1.988442659378051758e+00,1.102532386779785156e+00
-6.507272124290466309e-01,-8.389426469802856445e-01,3.921689987182617188e-01
-1.243691444396972656e+00,-7.068825364112854004e-01,2.043517589569091797e+00
3.197420597076416016e+00,-1.560887098312377930e+00,1.380745530128479004e+00
-3.524075031280517578e+00,2.046635150909423828e+00,1.579868793487548828e+00
7.663230895996093750e-01,1.196729898452758789e+00,7.886126637458801270e-01
-3.511972904205322266e+00,2.050459146499633789e+00,5.004367232322692871e-01
-1.106764793395996094e+00,1.085858702659606934e+00,3.318475723266601562e+00
1.591401219367980957e+00,-1.207748413085937500e+00,3.830922603607177734e+00
1.789964675903320312e+00,3.967285010730847716e-06,5.124212503433227539e-01
-2.539205551147460938e-01,-4.714158773422241211e-01,3.921710252761840820e-01
-2.728176593780517578e+00,1.061842679977416992e+00,1.538673400878906250e+00
-1.955102533102035522e-01,-1.911195755004882812e+00,2.072204589843750000e+00
2.357275485992431641e+00,-7.410910129547119141e-01,9.082809090614318848e-01
2.521413564682006836e+00,-2.059541940689086914e+00,3.830922603607177734e+00
-1.097562789916992188e+00,6.478907465934753418e-01,3.318475723266601562e+00
-8.421442508697509766e-01,3.064315795898437500e+00,1.062965512275695801e+00
-9.493581652641296387e-01,2.980877637863159180e+00,3.304855346679687500e+00
2.128341674804687500e+00,-1.020205616950988770e+00,1.207633376121520996e+00
1.773628741502761841e-01,-8.659653067588806152e-01,3.318475723266601562e+00
1.741477727890014648e+00,-2.720407247543334961e+00,3.318475723266601562e+00
-2.687129676342010498e-01,-2.153892517089843750e-01,3.318475723266601562e+00
2.977447509765625000e+00,-1.374837160110473633e+00,9.269669651985168457e-01
-4.212214648723602295e-01,2.537774085998535156e+00,9.681915044784545898e-01
-1.891423016786575317e-01,-1.517479777336120605e+00,3.921689987182617188e-01
-1.807610511779785156e+00,3.490448236465454102e+00,2.071472167968750000e+00
-8.852519989013671875e-01,2.560722589492797852e+00,1.705047637224197388e-01
2.289556026458740234e+00,-3.735038995742797852e+00,9.172784090042114258e-01
3.222108364105224609e+00,-1.761497616767883301e+00,3.318475723266601562e+00
1.350256919860839844e+00,-2.581132411956787109e+00,6.251800060272216797e-02
-1.137506127357482910e+00,2.059549570083618164e+00,3.830921649932861328e+00
3.766172170639038086e+00,-2.259679794311523438e+00,2.983376979827880859e+00
-1.903898596763610840e+00,3.023686170578002930e+00,3.208700656890869141e+00
-1.587683320045471191e+00,3.774776935577392578e+00,7.599387764930725098e-01
-1.678374171257019043e+00,3.661495923995971680e+00,4.062547683715820312e-01
-1.485927581787109375e+00,-4.118239879608154297e-01,2.284007072448730469e+00
1.323626399040222168e+00,-2.720406055450439453e+00,3.318475723266601562e+00
3.067355632781982422e+00,-2.282956838607788086e+00,3.830922603607177734e+00
-2.922557353973388672e+00,1.267550826072692871e+00,1.339810729026794434e+00
1.141909122467041016e+00,-3.314158916473388672e+00,5.744758248329162598e-01
-3.290143013000488281e+00,1.653834819793701172e+00,8.952041268348693848e-01
6.999222636222839355e-01,6.478927731513977051e-01,3.318475723266601562e+00
1.084797382354736328e+00,5.026679039001464844e-01,3.921689987182617188e-01
-1.226121485233306885e-01,-1.308074951171875000e+00,3.318475723266601562e+00
1.373274922370910645e+00,-2.230621099472045898e+00,3.318476200103759766e+00
2.767293453216552734e+00,-1.761501908302307129e+00,3.318475723266601562e+00
3.338428497314453125e+00,-1.756240010261535645e+00,8.924215435981750488e-01
9.142019152641296387e-01,-2.720407724380493164e+00,3.318476200103759766e+00
2.791534423828125000e+00,-3.298842906951904297e+00,1.104458928108215332e+00
-9.574794769287109375e-01,-1.024117350578308105e+00,1.487906932830810547e+00
-2.535257816314697266e+00,8.454250097274780273e-01,3.019396960735321045e-01
1.126997232437133789e+00,-3.401470661163330078e+00,1.170789122581481934e+00
-9.308242797851562500e-01,-1.027135491371154785e+00,1.079630255699157715e+00
-7.919951677322387695e-01,-4.311805367469787598e-01,3.318475723266601562e+00
2.604525089263916016e+00,-9.456748962402343750e-01,4.522097706794738770e-01
-2.932695865631103516e+00,2.627567768096923828e+00,1.478499412536621094e+00
-1.982539176940917969e+00,6.472367644309997559e-01,1.132720112800598145e+00
-2.377611637115478516e+00,2.961238861083984375e+00,2.191126823425292969e+00
3.324326276779174805e-01,1.750765800476074219e+00,2.114401102066040039e+00
1.004117012023925781e+00,-1.002578258514404297e+00,3.830922603607177734e+00
2.867736816406250000e+00,-1.636535048484802246e+00,2.129202187061309814e-01
1.307204961776733398e+00,-3.596898555755615234e+00,9.942800402641296387e-01
3.705823898315429688e+00,-2.504367828369140625e+00,2.240505933761596680e+00
-1.751623153686523438e+00,-1.328998506069183350e-01,1.822866797447204590e+00
-2.433448076248168945e+00,1.239322900772094727e+00,9.426336288452148438e-01
1.938041329383850098e+00,-2.974808931350708008e+00,3.318476200103759766e+00
2.490672111511230469e+00,-7.281560301780700684e-01,1.667106270790100098e+00
1.765187144279479980e+00,-1.993809461593627930e+00,3.318476200103759766e+00
1.866859436035156250e+00,3.585815420592552982e-06,1.891929864883422852e+00
3.002586841583251953e+00,-3.115448236465454102e+00,1.339661478996276855e+00
5.384674072265625000e-01,-2.307410478591918945e+00,8.554916381835937500e-01
-9.232693910598754883e-01,2.473623991012573242e+00,3.315685749053955078e+00
5.908982753753662109e-01,-2.720407962799072266e+00,3.318475723266601562e+00
-2.723862648010253906e+00,1.062473058700561523e+00,5.408117771148681641e-01
-4.746707677841186523e-01,-1.590906143188476562e+00,2.057878017425537109e+00
-1.329557180404663086e+00,2.476302385330200195e+00,3.308464527130126953e+00
-1.745186924934387207e+00,2.478957891464233398e+00,3.301270961761474609e+00
9.363248348236083984e-01,-3.205399513244628906e+00,1.515580534934997559e+00
1.194320678710937500e+00,-2.759155273437500000e+00,1.234393000602722168e+00
7.363528013229370117e-01,-2.490324735641479492e+00,1.036157608032226562e-01
-3.868479132652282715e-01,5.982044935226440430e-01,3.830922603607177734e+00
-1.954178512096405029e-01,-1.915017127990722656e+00,1.693275690078735352e+00
-2.437925338745117188e-01,-1.571940183639526367e-01,3.921710252761840820e-01
2.526468038558959961e+00,-8.659567832946777344e-01,3.318475723266601562e+00
2.382356405258178711e+00,-1.308070063591003418e+00,3.318476200103759766e+00
1.471899867057800293e+00,-3.814254283905029297e+00,1.405016899108886719e+00
1.763675689697265625e+00,-4.139093875885009766e+00,2.467094421386718750e+00
3.732385873794555664e+00,-2.149694442749023438e+00,1.933745741844177246e+00
6.249478459358215332e-01,1.394926071166992188e+00,1.312648892402648926e+00
-1.939713478088378906e+00,3.898737132549285889e-01,1.877174735069274902e+00
-2.859372496604919434e-01,2.252897262573242188e+00,3.251771450042724609e+00
8.926495313644409180e-01,-2.230626344680786133e+00,3.318476200103759766e+00
-2.179022312164306641e+00,3.332203865051269531e+00,7.200369238853454590e-01
2.685644626617431641e+00,-9.479753375053405762e-01,1.976268768310546875e+00
-4.781034290790557861e-01,-1.530088424682617188e+00,8.133003115653991699e-01
3.133208513259887695e+00,-1.507686614990234375e+00,2.635402679443359375e+00
1.997757911682128906e+00,-4.199903011322021484e+00,1.996981978416442871e+00
1.720755577087402344e+00,-4.123992919921875000e+00,1.749748468399047852e+00
1.675166845321655273e+00,1.919736862182617188e-01,2.314579010009765625e+00
-1.969582557678222656e+00,1.293874382972717285e-01,2.056913137435913086e+00
2.614532470703125000e+00,-9.571912884712219238e-01,7.973415851593017578e-01
3.002588272094726562e+00,-3.115447044372558594e+00,6.487527489662170410e-01
-2.878734588623046875e+00,1.287371635437011719e+00,3.121254920959472656e+00
9.704021811485290527e-01,8.389516472816467285e-01,3.921689987182617188e-01
1.645488739013671875e+00,-3.506741285324096680e+00,3.318475723266601562e+00
3.353266239166259766e+00,-1.752328395843505859e+00,1.202229857444763184e+00
3.323289453983306885e-01,1.753359794616699219e+00,1.632779479026794434e+00
-1.214082360267639160e+00,3.522238731384277344e+00,5.582050681114196777e-01
-2.510755300521850586e+00,3.043689250946044922e+00,4.615859985351562500e-01
-4.212206900119781494e-01,2.537773132324218750e+00,6.330401301383972168e-01
2.977447509765625000e+00,-1.374837160110473633e+00,4.466262757778167725e-01
1.192752242088317871e+00,-3.236625671386718750e+00,3.318475723266601562e+00
7.817891240119934082e-01,1.068115238922473509e-06,3.830922603607177734e+00
-8.466331362724304199e-01,3.027341842651367188e+00,4.383880496025085449e-01
-4.828910902142524719e-02,1.993811249732971191e+00,3.318475723266601562e+00
-3.793334960937500000e-01,2.381589412689208984e+00,7.375488430261611938e-02
1.819001585245132446e-01,-1.761502504348754883e+00,3.318475723266601562e+00
-1.033543348312377930e+00,3.299932956695556641e+00,9.546872973442077637e-01
3.043519556522369385e-01,-2.447557449340820312e+00,1.064424991607666016e+00
1.832944869995117188e+00,4.043578883283771574e-06,1.242558598518371582e+00
-1.939712524414062500e+00,3.898750245571136475e-01,1.596452713012695312e+00
-1.234531402587890625e-01,1.533117651939392090e+00,3.318475723266601562e+00
1.106517791748046875e+00,8.623736500740051270e-01,2.078503608703613281e+00
9.445106238126754761e-02,5.982046127319335938e-01,3.830922603607177734e+00
1.300548791885375977e+00,-3.629499435424804688e+00,1.588619709014892578e+00
-1.955271720886230469e+00,1.296186745166778564e-01,1.407199621200561523e+00
1.171353459358215332e+00,-1.308072209358215332e+00,3.318475723266601562e+00
1.631965637207031250e+00,-4.006101131439208984e+00,1.517811655998229980e+00
1.236947059631347656e+00,-3.551295042037963867e+00,2.195998907089233398e+00
2.289556026458740234e+00,-3.735038995742797852e+00,1.400783658027648926e+00
6.272453069686889648e-02,-2.213659286499023438e+00,1.994200706481933594e+00
2.101286888122558594e+00,-2.927656173706054688e-01,1.479360938072204590e+00
-2.869009256362915039e+00,1.249245643615722656e+00,2.565296649932861328e+00
-1.964974105358123779e-01,-1.870429039001464844e+00,1.053407907485961914e+00
3.326105177402496338e-01,-1.533110618591308594e+00,3.318475723266601562e+00
-3.503107070922851562e+00,2.053260564804077148e+00,1.269666075706481934e+00
-1.275465369224548340e+00,1.530784249305725098e+00,3.328640460968017578e+00
-3.456226825714111328e+00,1.838426113128662109e+00,1.740788698196411133e+00
-3.313450813293457031e+00,1.439366340637207031e+00,2.493551731109619141e+00
1.705931067466735840e+00,-1.840888619422912598e+00,3.830922603607177734e+00
2.270483732223510742e+00,-3.506738901138305664e+00,3.318475723266601562e+00
1.778799891471862793e+00,-6.478877663612365723e-01,3.318475723266601562e+00
2.848867326974868774e-02,-1.533109664916992188e+00,3.318476200103759766e+00
-3.289592266082763672e+00,1.653970718383789062e+00,1.208769798278808594e+00
3.002591609954833984e+00,-3.115443944931030273e+00,2.052389144897460938e+00
1.997005581855773926e+00,-1.626398921012878418e+00,3.830922603607177734e+00
-2.307899475097656250e+00,6.209709048271179199e-01,1.885539054870605469e+00
3.020390987396240234e+00,-1.366429686546325684e+00,1.243901968002319336e+00
-5.766533613204956055e-01,-1.308076620101928711e+00,3.318475723266601562e+00
2.293792009353637695e+00,-1.415526986122131348e+00,3.830922603607177734e+00
-1.213366389274597168e+00,3.526057243347167969e+00,1.764893174171447754e+00
2.861906051635742188e+00,-1.160057902336120605e+00,1.597986221313476562e+00
1.944173574447631836e+00,-3.786157846450805664e+00,3.318475723266601562e+00
-1.877815276384353638e-01,2.230941295623779297e+00,1.717217922210693359e+00
-3.512140274047851562e+00,2.050406217575073242e+00,8.814060688018798828e-01
7.444905638694763184e-01,-2.916642665863037109e+00,1.282684355974197388e-01
-1.588016986846923828e+00,1.269031763076782227e+00,1.204970359802246094e+00
1.310484647750854492e+00,-3.580835342407226562e+00,7.014458775520324707e-01
-3.102585792541503906e+00,1.466093420982360840e+00,1.889447331428527832e+00
7.817088365554809570e-01,1.085860371589660645e+00,3.318475723266601562e+00
3.284412324428558350e-01,-1.085860967636108398e+00,3.318475723266601562e+00
2.033182621002197266e+00,-2.567938268184661865e-01,8.534130454063415527e-01
-2.521615028381347656e+00,8.469693064689636230e-01,2.016638278961181641e+00
