4.159323871135711670e-01,5.672948360443115234e-01,4.149703979492187500e+00
6.108282208442687988e-01,-5.567421913146972656e+00,5.796201825141906738e-01
-2.788192749023437500e+00,3.599339962005615234e+00,5.913241505622863770e-01
2.762839078903198242e+00,-3.401125192642211914e+00,3.997948169708251953e+00
-1.022864460945129395e+00,-1.541597723960876465e+00,5.573167800903320312e-01
8.416929244995117188e-01,2.101418733596801758e+00,5.864610075950622559e-01
2.505853891372680664e+00,-2.274459838867187500e+00,2.256140112876892090e-01
-8.014602661132812500e-01,3.898420333862304688e+00,3.609516143798828125e+00
-4.209285676479339600e-01,-2.743098497390747070e+00,3.838914394378662109e+00
-2.043320655822753906e+00,9.021835327148437500e-01,2.194363117218017578e+00
5.755760073661804199e-01,-5.295011997222900391e+00,3.825571537017822266e+00
-1.303976476192474365e-01,4.605145454406738281e+00,1.067590594291687012e+00
1.788372039794921875e+00,-2.646850943565368652e-01,1.911179780960083008e+00
3.131040573120117188e+00,-4.576883792877197266e+00,1.530023217201232910e+00
5.665905475616455078e-01,-3.158449411392211914e+00,1.242294311523437500e+00
1.748521208763122559e+00,-1.353817462921142578e+00,4.099857330322265625e+00
-2.934075355529785156e+00,3.276913642883300781e+00,2.846903324127197266e+00
-1.425208687782287598e+00,1.751930952072143555e+00,4.129052639007568359e+00
-1.343376278877258301e+00,-6.192519068717956543e-01,3.613832950592041016e+00
-5.421908497810363770e-01,5.106549859046936035e-01,5.573158264160156250e-01
5.606870651245117188e-01,2.816746234893798828e+00,2.522811889648437500e+00
-1.131060957908630371e+00,2.823426485061645508e+00,1.455060958862304688e+00
2.450065612792968750e+00,-2.001190185546875000e+00,2.423198699951171875e+00
8.702641129493713379e-01,-1.195682287216186523e+00,5.573167800903320312e-01
-2.294320344924926758e+00,1.830444574356079102e+00,2.203912734985351562e-01
1.859474182128906250e-01,-4.733143329620361328e+00,2.092982530593872070e+00
-9.130153656005859375e-01,-1.931502461433410645e+00,2.269838571548461914e+00
1.819610953330993652e+00,-4.101448059082031250e+00,5.573167800903320312e-01
1.671906262636184692e-01,2.394934415817260742e+00,4.117864608764648438e+00
1.092074751853942871e+00,-3.540014982223510742e+00,4.197031497955322266e+00
1.220596432685852051e+00,5.106620192527770996e-01,5.573167800903320312e-01
9.057907015085220337e-02,-1.141995549201965332e+00,4.166819572448730469e+00
1.208047866821289062e+00,1.233586311340332031e+00,2.058512926101684570e+00
-1.592982411384582520e-01,3.409425258636474609e+00,4.565917700529098511e-02
-1.522232055664062500e+00,-4.100679159164428711e-01,1.484488606452941895e+00
-4.222040176391601562e-01,-3.026941061019897461e+00,6.956908851861953735e-02
-2.608109951019287109e+00,2.336113929748535156e+00,1.623118281364440918e+00
-3.211174011230468750e-01,-3.405552625656127930e+00,2.506972551345825195e+00
2.055034160614013672e+00,-4.647666454315185547e+00,4.213114738464355469e+00
2.911050796508789062e+00,-3.156203508377075195e+00,1.357186198234558105e+00
-1.503135204315185547e+00,4.106284141540527344e+00,9.253903031349182129e-01
4.862785339355468750e-03,-4.262669086456298828e+00,5.578555464744567871e-01
-9.919452667236328125e-02,4.496448993682861328e+00,2.571598529815673828e+00
-5.501759052276611328e-01,1.890795588493347168e+00,5.573167800903320312e-01
1.471400856971740723e+00,-2.046946048736572266e+00,1.429231643676757812e+00
1.661129117012023926e+00,-5.154614448547363281e+00,1.372494816780090332e+00
-1.924755096435546875e+00,6.519006490707397461e-01,7.766892910003662109e-01
-8.951122760772705078e-01,5.678283572196960449e-01,4.144122600555419922e+00
3.774318695068359375e-01,3.212487459182739258e+00,1.199987173080444336e+00
-1.848313570022583008e+00,3.205661296844482422e+00,3.892122745513916016e+00
2.073154926300048828e+00,-1.027359485626220703e+00,9.454905390739440918e-01
7.863193154335021973e-01,-2.153510808944702148e+00,4.180725097656250000e+00
1.365455865859985352e+00,-1.915077567100524902e-01,4.058634757995605469e+00
-2.498058795928955078e+00,3.720196723937988281e+00,1.810913681983947754e+00
-6.671714782714843750e-01,-2.490325927734375000e+00,1.232670307159423828e+00
1.913550734519958496e+00,-2.586690902709960938e+00,4.190208435058593750e+00
-5.125106871128082275e-02,-3.853721141815185547e+00,3.682776451110839844e+00
1.637338042259216309e+00,-2.966006517410278320e+00,5.573167800903320312e-01
-9.314398169517517090e-01,-1.686151742935180664e+00,3.604287147521972656e+00
-7.321471720933914185e-02,-5.107225775718688965e-01,5.573167800903320312e-01
8.985357284545898438e-01,1.659920930862426758e+00,3.703893661499023438e+00
2.916236400604248047e+00,-4.101437091827392578e+00,5.573183894157409668e-01
-8.464034795761108398e-01,2.848527193069458008e+00,4.119646549224853516e+00
3.234160184860229492e+00,-4.358412265777587891e+00,3.793301105499267578e+00
4.234608411788940430e-01,-1.995138645172119141e+00,1.140003204345703125e+00
2.796989381313323975e-01,1.195695996284484863e+00,5.573167800903320312e-01
-1.480935662984848022e-01,-3.872952938079833984e+00,1.569638133049011230e+00
8.182254433631896973e-01,2.215098857879638672e+00,1.638931035995483398e+00
-1.469993829727172852e+00,-4.705705642700195312e-01,2.583605289459228516e+00
1.057038828730583191e-01,3.419765233993530273e+00,3.965051174163818359e+00
-2.417060732841491699e-01,1.344961166381835938e+00,4.138490676879882812e+00
-1.131665468215942383e+00,-5.106649994850158691e-01,5.573158264160156250e-01
2.544683933258056641e+00,-2.224708557128906250e+00,1.449774384498596191e+00
-2.014655351638793945e+00,3.115541219711303711e+00,1.089588165283203125e+00
-2.350652962923049927e-01,-1.884189397096633911e-01,4.155114173889160156e+00
-1.742717504501342773e+00,2.019337177276611328e+00,1.275051116943359375e+00
1.576757192611694336e+00,-1.861701607704162598e+00,3.949327468872070312e-01
-2.330275297164916992e+00,2.828154563903808594e+00,2.194180190563201904e-01
2.503213644027709961e+00,-2.261528968811035156e+00,3.353234767913818359e+00
9.399473071098327637e-01,-4.498054504394531250e+00,5.573167800903320312e-01
5.986908674240112305e-01,-4.390985488891601562e+00,4.156667232513427734e+00
4.287033081054687500e-01,-5.260887145996093750e+00,2.853922605514526367e+00
2.322491407394409180e+00,-4.894673824310302734e+00,7.265573143959045410e-01
-1.172066688537597656e+00,-1.289068579673767090e+00,1.560372114181518555e+00
2.178753376007080078e+00,-1.271081924438476562e+00,1.843246698379516602e+00
2.891502380371093750e-01,3.593634366989135742e+00,2.048449993133544922e+00
-5.859048366546630859e-01,3.791012763977050781e+00,7.743768692016601562e-01
1.465863227844238281e+00,5.507228970527648926e-01,1.495717883110046387e+00
1.737406015396118164e+00,-1.724481582641601562e-01,9.893511533737182617e-01
3.189873695373535156e+00,-3.859026432037353516e+00,2.097375154495239258e+00
1.106954574584960938e+00,1.445267558097839355e+00,1.167113900184631348e+00
-7.366546243429183960e-02,-2.211359262466430664e+00,4.035873413085937500e-01
-2.099478006362915039e+00,1.201805114746093750e+00,3.053778409957885742e+00
1.246226310729980469e+00,8.215888142585754395e-01,3.660696983337402344e+00
-1.137555837631225586e+00,1.195683956146240234e+00,5.573167800903320312e-01
-8.702635765075683594e-01,4.358407020568847656e+00,1.529540777206420898e+00
1.760431170463562012e+00,-3.072595596313476562e-01,2.801815509796142578e+00
3.887329101562500000e-01,-5.240721225738525391e+00,1.376367449760437012e+00
4.129314422607421875e-01,-3.200637102127075195e+00,2.940896451473236084e-01
4.252815246582031250e-02,-4.278718948364257812e+00,2.924943447113037109e+00
3.184528946876525879e-01,-3.050148963928222656e+00,4.188439369201660156e+00
-2.468576729297637939e-01,-1.944983839988708496e+00,4.174074172973632812e+00
9.491924047470092773e-01,-9.477379322052001953e-01,4.168368816375732422e+00
1.918736338615417480e+00,-3.797685146331787109e+00,4.203336238861083984e+00
2.414412021636962891e+00,-3.336509704589843750e+00,5.573167800903320312e-01
4.369211196899414062e-01,2.853678464889526367e+00,2.903811633586883545e-01
-2.885797023773193359e+00,3.058451652526855469e+00,1.282115340232849121e+00
-2.657365798950195312e-01,-3.425037384033203125e+00,8.740170001983642578e-01
-7.715707421302795410e-01,-9.554564356803894043e-01,4.120881557464599609e+00
-6.162319183349609375e-01,-2.636301755905151367e+00,2.611718177795410156e+00
7.471833825111389160e-01,-1.701082885265350342e-01,5.573167800903320312e-01
1.224783539772033691e+00,-4.962769985198974609e+00,4.212994098663330078e+00
-2.218840599060058594e+00,1.393585324287414551e+00,1.024005293846130371e+00
-1.569476127624511719e+00,1.974261850118637085e-01,3.874990463256835938e+00
-1.743829727172851562e+00,1.330247819423675537e-01,2.114736557006835938e+00
-2.336569786071777344e+00,1.628915667533874512e+00,1.914249181747436523e+00
1.464795947074890137e+00,-5.231780529022216797e+00,5.900358557701110840e-01
2.734725475311279297e+00,-2.688616991043090820e+00,2.075748920440673828e+00
-1.609842538833618164e+00,9.637556076049804688e-01,4.069802761077880859e+00
-3.419862389564514160e-01,2.812746763229370117e+00,1.411735534667968750e+00
1.041672825813293457e+00,-3.714641571044921875e+00,5.573167800903320312e-01
-2.563751220703125000e+00,2.350133657455444336e+00,8.349784612655639648e-01
-2.894348144531250000e+00,3.027433395385742188e+00,2.069561719894409180e+00
-4.966821670532226562e-01,-3.003404140472412109e+00,1.857202053070068359e+00
-1.731987595558166504e+00,4.020492076873779297e+00,1.668063044548034668e+00
2.305803298950195312e+00,-1.765474081039428711e+00,8.451892137527465820e-01
8.482427597045898438e-01,2.099917173385620117e+00,2.404737710952758789e+00
5.440033674240112305e-01,-1.882954984903335571e-01,4.158426761627197266e+00
1.459057807922363281e+00,5.511620044708251953e-01,2.293299198150634766e+00
3.188077449798583984e+00,-3.860045194625854492e+00,1.280138015747070312e+00
1.342404127120971680e+00,-2.781955718994140625e+00,1.286801338195800781e+00
1.483170151710510254e+00,-7.629089355468750000e-01,5.573183894157409668e-01
-6.233501434326171875e-02,4.480036735534667969e+00,1.800889253616333008e+00
2.264146804809570312e-01,3.616849184036254883e+00,2.792393684387207031e+00
-6.625653505325317383e-01,1.959686636924743652e+00,4.130048274993896484e+00
-2.033357858657836914e+00,3.741967678070068359e+00,5.573183894157409668e-01
-1.389353275299072266e+00,1.890797019004821777e+00,5.573167800903320312e-01
4.706436023116111755e-02,4.101441383361816406e+00,5.573158264160156250e-01
1.184576511383056641e+00,-2.814650535583496094e+00,4.189575195312500000e+00
-1.940505981445312500e+00,6.506299972534179688e-01,1.506710529327392578e+00
1.625828444957733154e-01,-1.541611790657043457e+00,5.573167800903320312e-01
2.727993488311767578e+00,-2.691108703613281250e+00,8.301820158958435059e-01
2.322493076324462891e+00,-4.894672870635986328e+00,1.502866744995117188e+00
-9.566449522972106934e-01,-1.884973794221878052e-01,4.152045249938964844e+00
-1.367770552635192871e+00,1.701029241085052490e-01,5.573158264160156250e-01
2.662130117416381836e+00,-4.079730033874511719e+00,4.190163612365722656e+00
-1.212153553962707520e+00,3.532529354095458984e+00,5.573183894157409668e-01
3.064540028572082520e-01,-4.905718326568603516e+00,5.573167800903320312e-01
5.128620862960815430e-01,5.106819272041320801e-01,5.573167800903320312e-01
1.634341329336166382e-01,1.890793681144714355e+00,5.573158264160156250e-01
-1.700856924057006836e+00,2.393684864044189453e+00,4.120934009552001953e+00
-1.158121109008789062e+00,-1.291104674339294434e+00,2.394299745559692383e+00
-4.270375072956085205e-01,1.195689320564270020e+00,5.573167800903320312e-01
2.128123760223388672e+00,-1.489179849624633789e+00,1.983509063720703125e-01
-7.758312225341796875e-01,-2.273556232452392578e+00,5.929473638534545898e-01
-6.873703002929687500e-02,3.726074218750000000e+00,1.269944548606872559e+00
-4.270375072956085205e-01,-1.195689678192138672e+00,5.573167800903320312e-01
2.207905054092407227e+00,-1.998120427131652832e+00,4.014905452728271484e+00
-9.160175323486328125e-01,-1.930863499641418457e+00,1.518415331840515137e+00
4.923237562179565430e-01,1.344238400459289551e+00,4.141621112823486328e+00
9.889060854911804199e-01,1.195684075355529785e+00,5.573167800903320312e-01
-6.763922572135925293e-01,4.429409980773925781e+00,6.007977128028869629e-01
2.698714494705200195e+00,-2.831344604492187500e+00,3.640701293945312500e+00
1.800846219062805176e+00,-2.431844234466552734e+00,1.401025354862213135e-01
5.906896591186523438e-01,2.807792901992797852e+00,1.829751968383789062e+00
1.409133553504943848e+00,-1.942639708518981934e+00,4.181092739105224609e+00
-1.727316856384277344e+00,1.332914382219314575e-01,1.165139794349670410e+00
-2.229700803756713867e+00,3.822386741638183594e+00,1.223836898803710938e+00
-2.363510131835937500e-01,5.675630569458007812e-01,4.146926879882812500e+00
-9.154122471809387207e-01,1.345614552497863770e+00,4.135618209838867188e+00
-1.235202670097351074e+00,3.481808662414550781e+00,3.855562686920166016e+00
1.100533246994018555e+00,-5.374949455261230469e+00,1.105917692184448242e+00
8.286362886428833008e-01,-2.434686183929443359e+00,1.454243659973144531e+00
1.412662506103515625e+00,-4.353018283843994141e+00,4.207193851470947266e+00
6.282679438591003418e-01,-1.536118268966674805e+00,4.173371791839599609e+00
2.616567909717559814e-01,3.507051467895507812e+00,6.229821443557739258e-01
4.538650438189506531e-02,-4.365916728973388672e+00,1.179666996002197266e+00
2.956997752189636230e-01,-4.747511863708496094e+00,3.682207107543945312e+00
1.015685439109802246e+00,3.801776170730590820e-01,4.108664512634277344e+00
-1.281692504882812500e+00,-9.873974323272705078e-01,9.393954277038574219e-01
3.002873897552490234e+00,-3.389499425888061523e+00,7.453733682632446289e-01
3.376691818237304688e+00,-4.339260101318359375e+00,9.366221427917480469e-01
1.980484962463378906e+00,-7.776277065277099609e-01,1.501383781433105469e+00
2.841279745101928711e+00,-4.690769195556640625e+00,9.845491051673889160e-01
1.585539102554321289e+00,-7.690644860267639160e-01,4.066070556640625000e+00
2.033264160156250000e+00,-1.828009486198425293e+00,1.429585576057434082e+00
1.985849380493164062e+00,-7.771072387695312500e-01,2.157457590103149414e+00
-2.808483123779296875e+00,2.966006994247436523e+00,5.573167800903320312e-01
4.155909717082977295e-01,-3.819132804870605469e+00,4.170599460601806641e+00
-1.416501998901367188e+00,-6.929325461387634277e-01,2.003187417984008789e+00
-1.737173318862915039e+00,1.195686817169189453e+00,5.573167800903320312e-01
-4.974084496498107910e-01,3.334303855895996094e+00,4.115874290466308594e+00
1.624149322509765625e+00,-1.361214876174926758e+00,7.187231183052062988e-01
2.351013123989105225e-01,-2.369342803955078125e+00,4.180717468261718750e+00
2.306679248809814453e+00,-3.063505887985229492e+00,4.162986755371093750e+00
-9.863435029983520508e-01,3.509304523468017578e+00,1.104078292846679688e+00
2.946180701255798340e-01,-3.714638233184814453e+00,5.573167800903320312e-01
1.338037490844726562e+00,-1.701023131608963013e-01,5.573167800903320312e-01
1.941521644592285156e+00,-2.404697418212890625e+00,1.374975204467773438e+00
-7.182858586311340332e-01,2.392727613449096680e+00,1.256862640380859375e+00
-6.590333580970764160e-01,-1.701073795557022095e-01,5.573167800903320312e-01
3.963111937046051025e-01,-8.522791862487792969e-01,5.573167800903320312e-01
4.388351365923881531e-02,1.701358705759048462e-01,5.573167800903320312e-01
7.084407806396484375e-01,2.449603557586669922e+00,1.028794884681701660e+00
-1.900270730257034302e-01,2.847164869308471680e+00,4.122453212738037109e+00
1.610240578651428223e+00,-3.288604259490966797e+00,4.196515083312988281e+00
2.225245714187622070e+00,-2.756357192993164062e+00,5.573183894157409668e-01
-2.105375289916992188e+00,2.369924783706665039e+00,4.957739114761352539e-01
6.171771287918090820e-01,2.301408767700195312e+00,3.781126976013183594e+00
-2.416098594665527344e+00,1.869268417358398438e+00,1.366115331649780273e+00
9.998540878295898438e-01,1.762001872062683105e+00,1.920164465904235840e+00
1.340846061706542969e+00,8.396508693695068359e-01,1.029075622558593750e+00
1.776397675275802612e-01,-2.423779487609863281e+00,1.402980804443359375e+00
-2.140358448028564453e+00,1.147676944732666016e+00,1.663052082061767578e+00
-2.786342620849609375e+00,3.603585243225097656e+00,1.220262885093688965e+00
-2.563751220703125000e+00,2.350132942199707031e+00,5.401397496461868286e-02
-6.564862728118896484e-01,-1.563123464584350586e+00,4.070933341979980469e+00
3.912391662597656250e-01,-5.241986751556396484e+00,2.168756723403930664e+00
-1.579100042581558228e-01,-3.466839790344238281e+00,3.352270424365997314e-01
-2.049126625061035156e+00,2.435904979705810547e+00,1.460000991821289062e+00
9.809684753417968750e-02,4.031590461730957031e+00,2.362411737442016602e+00
8.992577195167541504e-01,9.661204218864440918e-01,4.055253028869628906e+00
3.647518157958984375e-02,-3.171901702880859375e+00,1.363502144813537598e+00
3.004487037658691406e+00,-3.388717651367187500e+00,1.899206161499023438e+00
1.544396877288818359e-01,-5.662158131599426270e-01,4.160859584808349609e+00
1.584927290678024292e-01,-2.813201904296875000e+00,1.342105865478515625e-02
7.764816284179687500e-03,-4.263907432556152344e+00,2.277619838714599609e+00
2.213840484619140625e-01,-4.749610900878906250e+00,2.753862142562866211e+00
-1.515790224075317383e+00,3.164887905120849609e+00,1.265240669250488281e+00
3.376692771911621094e+00,-4.339261054992675781e+00,1.934658408164978027e+00
-3.074738979339599609e+00,3.493532419204711914e+00,1.895169377326965332e+00
-1.109726309776306152e+00,2.392656326293945312e+00,4.123459815979003906e+00
-1.085823655128479004e+00,4.101443290710449219e+00,5.573167800903320312e-01
-1.508474349975585938e+00,-4.107324481010437012e-01,9.102108478546142578e-01
9.326019138097763062e-02,1.749995231628417969e+00,4.135531902313232422e+00
-9.101753234863281250e-01,-1.932104945182800293e+00,9.949470162391662598e-01
-1.444423437118530273e+00,2.849766492843627930e+00,4.117089271545410156e+00
-2.526362419128417969e+00,2.099665880203247070e+00,2.080085039138793945e+00
2.366982460021972656e+00,-1.751436471939086914e+00,1.913452982902526855e+00
2.338637590408325195e+00,-4.101441860198974609e+00,5.573167800903320312e-01
-1.785306930541992188e-01,-3.815565824508666992e+00,2.084482431411743164e+00
2.492429256439208984e+00,-2.240302801132202148e+00,9.267492294311523438e-01
1.454227685928344727e+00,-4.498054981231689453e+00,5.573167800903320312e-01
-4.745193198323249817e-02,-3.377876281738281250e+00,4.038979530334472656e+00
-2.378405094146728516e+00,1.878559112548828125e+00,7.525475621223449707e-01
-1.688852310180664062e+00,3.345083236694335938e+00,5.844488143920898438e-01
-4.222030639648437500e-01,-3.026942729949951172e+00,1.188168048858642578e+00
-1.471500396728515625e-01,4.578361988067626953e+00,5.573183894157409668e-01
1.903133392333984375e-01,-4.735172271728515625e+00,1.582397699356079102e+00
-7.879371643066406250e-01,-2.270572185516357422e+00,1.876989364624023438e+00
-4.214703142642974854e-01,-2.509572029113769531e+00,1.817150115966796875e-01
2.727993488311767578e+00,-2.691108942031860352e+00,1.533990144729614258e+00
1.239271163940429688e+00,1.135433435440063477e+00,1.545059442520141602e+00
1.868528604507446289e+00,-5.073098182678222656e+00,8.615362644195556641e-01
-4.310725331306457520e-01,-1.890786528587341309e+00,5.573158264160156250e-01
-5.690387487411499023e-01,9.521349072456359863e-01,4.141349792480468750e+00
9.040588140487670898e-02,9.516722559928894043e-01,4.144160270690917969e+00
3.343216180801391602e-01,3.003923654556274414e+00,3.798850059509277344e+00
-1.943803429603576660e-01,2.244028806686401367e+00,5.573167800903320312e-01
1.678785324096679688e+00,4.539489509625127539e-06,1.455373525619506836e+00
-1.450347900390625000e-01,-3.828578948974609375e+00,2.707698345184326172e+00
-3.958077132701873779e-01,2.391416311264038086e+00,4.126509666442871094e+00
5.966315269470214844e-01,-1.784832000732421875e+00,6.057905554771423340e-01
-5.611800551414489746e-01,1.885798424482345581e-01,4.149647235870361328e+00
1.092987060546875000e-01,4.027029991149902344e+00,1.624747157096862793e+00
9.776403307914733887e-01,-4.071215152740478516e+00,4.202294349670410156e+00
-2.710722446441650391e+00,2.564760446548461914e+00,2.070531606674194336e+00
-7.398883700370788574e-01,3.206303834915161133e+00,1.412642478942871094e+00
-1.480947881937026978e-01,-3.872950553894042969e+00,1.071928977966308594e+00
8.916740119457244873e-02,1.885094195604324341e-01,4.152413845062255859e+00
2.552047252655029297e+00,-2.222512722015380859e+00,1.990588068962097168e+00
-2.318189859390258789e+00,3.336510181427001953e+00,5.573167800903320312e-01
1.523204326629638672e+00,-3.598643779754638672e+00,5.573183894157409668e-01
1.668962091207504272e-01,2.621114730834960938e+00,6.342468261718750000e-01
-3.020259141921997070e-01,-7.567631602287292480e-01,4.160980224609375000e+00
-6.971621513366699219e-01,-2.062006473541259766e+00,3.823541164398193359e+00
3.003368139266967773e+00,-3.783467531204223633e+00,3.797952175140380859e+00
6.362492442131042480e-01,1.541607499122619629e+00,5.573167800903320312e-01
-4.222040176391601562e-01,-3.026941537857055664e+00,6.269317269325256348e-01
-1.513164997100830078e+00,2.428638458251953125e+00,1.425844192504882812e+00
-7.336135953664779663e-02,8.522884845733642578e-01,5.573167800903320312e-01
-7.789898514747619629e-01,-8.522832989692687988e-01,5.573158264160156250e-01
-1.072746992111206055e+00,4.276336669921875000e+00,1.085131525993347168e+00
1.561741828918457031e+00,2.719894051551818848e-01,8.093926906585693359e-01
1.067837595939636230e+00,-3.103092670440673828e+00,1.045261383056640625e+00
6.108283996582031250e-01,-5.567422389984130859e+00,1.093254089355468750e+00
2.635965585708618164e+00,-4.498057842254638672e+00,5.573167800903320312e-01
-8.243148773908615112e-02,3.219078063964843750e+00,1.458114624023437500e+00
1.234284281730651855e+00,-1.336854338645935059e+00,4.173793315887451172e+00
-1.831592917442321777e+00,1.711904525756835938e+00,6.242701411247253418e-01
-2.090782642364501953e+00,2.332793474197387695e+00,9.749298095703125000e-01
3.131039857864379883e+00,-4.576883792877197266e+00,6.003431677818298340e-01
1.433017969131469727e+00,-1.633916258811950684e+00,1.189550399780273438e+00
-1.053696632385253906e+00,-1.602256774902343750e+00,1.902923941612243652e+00
-1.099577903747558594e+00,7.185173034667968750e-01,5.573183894157409668e-01
-3.352432250976562500e-01,-3.400581359863281250e+00,1.558788537979125977e+00
1.875161170959472656e+00,-5.243159532546997070e-01,6.895870566368103027e-01
6.754145622253417969e-01,-4.101449012756347656e+00,5.573167800903320312e-01
5.003452301025390625e-02,4.051159381866455078e+00,2.878599882125854492e+00
4.712173342704772949e-02,4.150496959686279297e+00,1.090045571327209473e+00
2.476149797439575195e+00,-2.128958702087402344e+00,2.879631280899047852e+00
2.101293951272964478e-01,-4.785661697387695312e+00,1.032404184341430664e+00
1.578824996948242188e+00,2.714395821094512939e-01,1.861779093742370605e+00
5.191306471824645996e-01,2.851965427398681641e+00,8.477517366409301758e-01
1.163399815559387207e+00,-1.557584762573242188e+00,6.267805099487304688e-01
-1.739668846130371094e+00,1.330923885107040405e-01,1.634375929832458496e+00
3.358840942382812500e-03,-4.262028217315673828e+00,1.777814149856567383e+00
-6.454839706420898438e-01,-2.628083467483520508e+00,2.147077798843383789e+00
1.833657264709472656e+00,-2.515325784683227539e+00,6.205883622169494629e-01
4.357309341430664062e-01,3.193024873733520508e+00,2.228064298629760742e+00
2.746171951293945312e-01,3.599013805389404297e+00,1.577711701393127441e+00
7.359447479248046875e-01,2.442352533340454102e+00,2.117008209228515625e+00
-1.787808299064636230e+00,2.812167406082153320e+00,1.409358978271484375e+00
2.105505704879760742e+00,-4.498054504394531250e+00,5.573167800903320312e-01
-9.664946794509887695e-01,2.040195465087890625e+00,6.791290044784545898e-01
-2.556161582469940186e-01,-2.398304700851440430e+00,4.109591960906982422e+00
7.834809422492980957e-01,-3.336511373519897461e+00,5.573167800903320312e-01
2.376334428787231445e+00,-3.536704301834106445e+00,4.202458858489990234e+00
-1.377407908439636230e+00,5.714871883392333984e-01,4.106383800506591797e+00
-2.055010795593261719e+00,9.645557403564453125e-01,1.194363951683044434e+00
1.904889941215515137e+00,-3.336510896682739258e+00,5.573167800903320312e-01
-1.548275589942932129e+00,3.645706176757812500e+00,3.566329002380371094e+00
1.600653082132339478e-01,-1.738646388053894043e+00,4.173572063446044922e+00
3.887329101562500000e-01,-5.240721702575683594e+00,8.557731509208679199e-01
2.171316146850585938e+00,-1.272291064262390137e+00,1.387194514274597168e+00
-3.435020446777343750e-01,-3.397676229476928711e+00,2.025174617767333984e+00
6.636864542961120605e-01,-2.589046239852905273e+00,4.184917926788330078e+00
2.171545028686523438e-01,3.620276689529418945e+00,1.878585815429687500e-01
5.937480926513671875e-02,2.966339588165283203e+00,7.184814661741256714e-02
2.451986074447631836e+00,-2.659565448760986328e+00,4.026525497436523438e+00
3.943510055541992188e-01,3.206838846206665039e+00,2.713471651077270508e+00
9.744548797607421875e-01,1.766974806785583496e+00,8.817019462585449219e-01
2.117262125015258789e+00,-2.131908655166625977e+00,2.981948852539062500e-02
3.047909438610076904e-01,2.770860433578491211e+00,1.241799354553222656e+00
-4.879475235939025879e-01,4.507651329040527344e+00,1.347239851951599121e+00
1.224054217338562012e+00,-2.367637395858764648e+00,4.184905529022216797e+00
5.778308510780334473e-01,1.775214791297912598e+00,4.051007747650146484e+00
6.959574222564697266e-01,-3.290794849395751953e+00,4.192649841308593750e+00
-1.282465457916259766e+00,4.196748256683349609e+00,1.592494964599609375e+00
1.359452247619628906e+00,8.378473520278930664e-01,1.918242096900939941e+00
-2.070801496505737305e+00,1.048804283142089844e+00,2.614923000335693359e+00
-4.870758056640625000e-01,-3.006440162658691406e+00,2.320776462554931641e+00
-5.707130432128906250e-01,-2.649090766906738281e+00,8.295586705207824707e-01
-1.023884654045104980e+00,-1.203155875205993652e+00,3.854398727416992188e+00
-2.215368747711181641e+00,1.394206523895263672e+00,5.816445946693420410e-01
2.701663255691528320e+00,-3.714632511138916016e+00,5.573167800903320312e-01
4.347906112670898438e-01,3.193339109420776367e+00,1.648766398429870605e+00
3.188077449798583984e+00,-3.860045194625854492e+00,8.382757306098937988e-01
2.942265748977661133e+00,-4.413493156433105469e+00,4.126714706420898438e+00
-1.117392063140869141e+00,-5.787434577941894531e-01,4.031587123870849609e+00
-2.794250011444091797e+00,2.799378633499145508e+00,1.708177804946899414e+00
4.840959012508392334e-01,-9.480635523796081543e-01,4.166394233703613281e+00
9.398519396781921387e-01,-3.767321705818176270e-01,4.162150382995605469e+00
-4.751446545124053955e-01,3.562484264373779297e+00,1.272339820861816406e+00
-2.958600044250488281e+00,3.271954536437988281e+00,8.313055038452148438e-01
-1.106469988822937012e+00,9.524995684623718262e-01,4.139060020446777344e+00
1.089157104492187500e+00,-5.750395059585571289e-01,5.573183894157409668e-01
1.790967345237731934e+00,-2.151932716369628906e+00,4.184982299804687500e+00
2.175024271011352539e+00,-1.642757654190063477e+00,3.768871784210205078e+00
9.441856145858764648e-01,-2.032182931900024414e+00,1.346816062927246094e+00
9.685322642326354980e-01,-5.325775623321533203e+00,5.573167800903320312e-01
1.083525180816650391e+00,-4.905720233917236328e+00,5.573167800903320312e-01
1.840801835060119629e+00,-2.742063522338867188e+00,1.124967575073242188e+00
8.046001791954040527e-01,-5.023554801940917969e+00,4.142110824584960938e+00
-2.281507492065429688e+00,2.818053007125854492e+00,6.463711261749267578e-01
-2.037222146987915039e+00,2.141012430191040039e+00,7.264518737792968750e-02
-1.160114169120788574e+00,1.889192163944244385e-01,4.138978958129882812e+00
1.101893424987792969e+00,1.446090102195739746e+00,2.415521860122680664e+00
1.678164482116699219e+00,3.814697265625000000e-06,2.229829549789428711e+00
1.992195099592208862e-01,-4.349037170410156250e+00,3.806649684906005859e+00
4.038538932800292969e-01,2.244035482406616211e+00,5.573167800903320312e-01
-2.655715465545654297e+00,2.584115505218505859e+00,3.993768095970153809e-01
1.431423783302307129e+00,-3.799033641815185547e+00,4.201278686523437500e+00
-3.069753944873809814e-01,-1.338353514671325684e+00,4.167253494262695312e+00
1.633663922548294067e-01,-2.565675973892211914e+00,4.093475341796875000e-01
-5.239967107772827148e-01,3.710407257080078125e+00,3.917719364166259766e+00
4.293867349624633789e-01,-4.498057365417480469e+00,5.573167800903320312e-01
-6.423978805541992188e-01,-2.628951549530029297e+00,1.699999332427978516e+00
3.028076142072677612e-02,3.794886112213134766e+00,3.779253005981445312e+00
-1.444689631462097168e+00,-2.000797092914581299e-01,3.792743682861328125e+00
-1.044867515563964844e+00,-1.603838443756103516e+00,1.281158924102783203e+00
2.071373701095581055e+00,-1.195681095123291016e+00,5.573167800903320312e-01
1.403043150901794434e+00,1.967784315347671509e-01,3.895083904266357422e+00
1.307923674583435059e+00,-4.101444244384765625e+00,5.573167800903320312e-01
8.515329360961914062e-01,2.099161386489868164e+00,1.215884327888488770e+00
-7.389678806066513062e-02,1.541605353355407715e+00,5.573167800903320312e-01
-4.518310353159904480e-02,-2.844163179397583008e+00,4.128650665283203125e+00
-2.500523567199707031e+00,3.713999271392822266e+00,8.763458132743835449e-01
-7.846955657005310059e-01,1.541598320007324219e+00,5.573167800903320312e-01
-1.480931043624877930e-01,-3.872954368591308594e+00,5.875692367553710938e-01
9.917488098144531250e-01,1.763589143753051758e+00,1.500812292098999023e+00
3.101234436035156250e-01,-2.819332599639892578e+00,1.438463211059570312e+00
1.045420765876770020e+00,-1.737522721290588379e+00,4.177326202392578125e+00
2.181897401809692383e+00,-3.714637279510498047e+00,5.573167800903320312e-01
7.494968771934509277e-01,8.522853851318359375e-01,5.573167800903320312e-01
-1.329921841621398926e+00,1.346024751663208008e+00,4.133850097656250000e+00
-1.508918702602386475e-01,3.757181644439697266e+00,3.203289806842803955e-01
-1.491565346717834473e+00,8.522822856903076172e-01,5.573167800903320312e-01
9.827401638031005859e-01,1.701012402772903442e-01,5.573167800903320312e-01
-8.943279981613159180e-01,1.701079905033111572e-01,5.573167800903320312e-01
2.779768407344818115e-01,-1.701168715953826904e-01,5.573167800903320312e-01
1.875243782997131348e+00,-1.801806330680847168e+00,6.049442291259765625e-02
1.879829406738281250e+00,-5.240147113800048828e-01,1.145889878273010254e+00
2.354993581771850586e+00,-4.350031375885009766e+00,4.211170196533203125e+00
-1.403420448303222656e+00,-6.939883828163146973e-01,1.214539289474487305e+00
-1.076314568519592285e+00,-1.135727882385253906e+00,5.573182702064514160e-01
-7.665452957153320312e-01,-2.275844335556030273e+00,2.435523986816406250e+00
-1.356091618537902832e+00,3.454737424850463867e+00,9.314155578613281250e-01
1.843216538429260254e+00,-1.751666545867919922e+00,4.129918575286865234e+00
-3.140273988246917725e-01,1.750512480735778809e+00,4.133794784545898438e+00
-1.733945608139038086e+00,4.013732910156250000e+00,5.974914431571960449e-01
-1.114234924316406250e+00,2.416436672210693359e+00,1.368383407592773438e+00
3.774309158325195312e-01,3.212488412857055664e+00,7.026092708110809326e-02
9.413332939147949219e-01,-4.651439666748046875e+00,4.208418846130371094e+00
-1.082681536674499512e+00,1.960285186767578125e+00,4.128254413604736328e+00
-6.943749785423278809e-01,-5.665601491928100586e-01,4.157252311706542969e+00
-4.552156031131744385e-01,4.101441860198974609e+00,5.573167800903320312e-01
-1.615140914916992188e+00,-1.350986808538436890e-01,6.167596578598022461e-01
1.464795947074890137e+00,-5.231780529022216797e+00,9.868174791336059570e-01
2.171554565429687500e-01,3.620275735855102539e+00,1.000037550926208496e+00
2.647180795669555664e+00,-2.966002225875854492e+00,5.573167800903320312e-01
-2.175365924835205078e+00,2.793787240982055664e+00,1.334804534912109375e+00
-1.944096684455871582e+00,1.959581613540649414e+00,9.413862228393554688e-01
3.887329101562500000e-01,-5.240721225738525391e+00,1.770297408103942871e+00
2.088429450988769531e+00,-4.986669063568115234e+00,1.200064539909362793e+00
6.985654830932617188e-01,2.452206611633300781e+00,2.577471494674682617e+00
2.399469375610351562e+00,-2.003785848617553711e+00,4.905883669853210449e-01
6.753428578376770020e-01,1.884040385484695435e-01,4.154908180236816406e+00
-1.732784986495971680e+00,4.017739295959472656e+00,1.232133746147155762e+00
9.590072631835937500e-01,-2.801983833312988281e+00,1.368056297302246094e+00
1.219840049743652344e+00,-2.432474851608276367e+00,1.443887710571289062e+00
-1.975332140922546387e+00,3.920553207397460938e+00,9.001877903938293457e-01
4.858013689517974854e-01,9.514032602310180664e-01,4.145844936370849609e+00
5.500358343124389648e-02,-3.172114372253417969e+00,1.229690536856651306e-01
-9.564135670661926270e-01,3.348351716995239258e+00,4.091083049774169922e+00
6.942191720008850098e-01,-4.905719280242919922e+00,5.573167800903320312e-01
-7.355003356933593750e-01,2.820155858993530273e+00,1.441740036010742188e+00
-2.062573909759521484e+00,1.004904747009277344e+00,6.988198757171630859e-01
3.281854629516601562e+00,-4.098305702209472656e+00,1.647672176361083984e+00
-2.165656089782714844e+00,2.523294925689697266e+00,5.391174182295799255e-02
8.487771153450012207e-01,1.375528216361999512e+00,4.005259990692138672e+00
-4.881445169448852539e-01,4.505434513092041016e+00,9.647800922393798828e-01
-2.471379756927490234e+00,2.115112543106079102e+00,4.011443853378295898e-01
1.278682827949523926e+00,-5.659354329109191895e-01,4.163637638092041016e+00
-1.129806995391845703e+00,3.187459945678710938e+00,1.345546722412109375e+00
2.516899585723876953e+00,-2.498228549957275391e+00,5.802183151245117188e-01
1.005043506622314453e+00,1.335144020231382456e-06,4.158349514007568359e+00
6.114746928215026855e-01,-5.660206675529479980e-01,4.162802219390869141e+00
1.568792343139648438e+00,2.717629075050354004e-01,1.187929153442382812e+00
5.384936332702636719e-01,-4.765191555023193359e+00,4.066784858703613281e+00
-6.198215484619140625e-02,4.479882240295410156e+00,2.178970813751220703e+00
1.535623908042907715e+00,-2.587403535842895508e+00,4.188609123229980469e+00
1.539364606142044067e-01,-1.883836090564727783e-01,4.156768321990966797e+00
-2.900288105010986328e+00,3.124037742614746094e+00,2.504566907882690430e+00
2.006510972976684570e+00,-3.287657022476196289e+00,4.198190212249755859e+00
6.674073934555053711e-01,-3.714642286300659180e+00,5.573167800903320312e-01
-1.298223882913589478e-01,4.628927230834960938e+00,1.439595818519592285e+00
-1.947291374206542969e+00,6.500824093818664551e-01,1.879313111305236816e+00
2.211226940155029297e+00,-1.524844169616699219e+00,1.117664813995361328e+00
1.154411792755126953e+00,-3.336507797241210938e+00,5.573167800903320312e-01
1.738176107406616211e+00,-4.905716896057128906e+00,5.573167800903320312e-01
1.851343989372253418e+00,-9.869914054870605469e-01,3.926818847656250000e+00
-2.976278305053710938e+00,3.263740539550781250e+00,1.621593952178955078e+00
-1.295211791992187500e+00,-9.858665466308593750e-01,1.733100891113281250e+00
2.572676658630371094e+00,-4.796341896057128906e+00,1.215390086174011230e+00
1.833829641342163086e+00,-4.351683139801025391e+00,4.208971023559570312e+00
5.275666713714599609e-01,2.602156400680541992e+00,5.573167800903320312e-01
3.376692771911621094e+00,-4.339261054992675781e+00,1.384882211685180664e+00
2.601661682128906250e-01,3.604359865188598633e+00,2.415840625762939453e+00
4.456847906112670898e-02,-1.890787601470947266e+00,5.573158264160156250e-01
-1.743612289428710938e-01,-3.457188606262207031e+00,1.232097625732421875e+00
1.221261978149414062e+00,1.137765765190124512e+00,8.486535549163818359e-01
-1.262050390243530273e+00,1.541605353355407715e+00,5.573167800903320312e-01
3.935745954513549805e-01,2.684403419494628906e+00,3.970740318298339844e+00
-9.084122776985168457e-01,-1.890787959098815918e+00,5.573167800903320312e-01
2.821665763854980469e+00,-2.922680854797363281e+00,1.802924275398254395e+00
3.095150947570800781e+00,-3.623947620391845703e+00,1.632709264755249023e+00
-2.694077968597412109e+00,2.570616483688354492e+00,1.354589223861694336e+00
2.399469375610351562e+00,-2.003785848617553711e+00,1.195877909660339355e+00
-5.473011732101440430e-01,-1.541601419448852539e+00,5.573158264160156250e-01
4.415023699402809143e-02,-1.195677518844604492e+00,5.573167800903320312e-01
-2.471379756927490234e+00,2.115112543106079102e+00,1.101252913475036621e+00
2.636377811431884766e+00,-2.458340644836425781e+00,1.181106805801391602e+00
3.281854629516601562e+00,-4.098304748535156250e+00,5.787791609764099121e-01
-1.289952278137207031e+00,-9.864633083343505859e-01,2.244964599609375000e+00
-2.370699405670166016e+00,3.062501430511474609e+00,9.007997512817382812e-01
-3.081910610198974609e-01,-8.522919416427612305e-01,5.573167800903320312e-01
1.206932067871093750e-01,4.022390365600585938e+00,1.987672567367553711e+00
-2.024476528167724609e-01,3.623483180999755859e+00,4.060205936431884766e+00
1.799205541610717773e+00,-1.511028885841369629e+00,3.479852676391601562e-01
-2.785161733627319336e+00,3.606298923492431641e+00,1.622288346290588379e+00
2.819487571716308594e+00,-2.923568010330200195e+00,1.091786503791809082e+00
-6.610679626464843750e-01,8.522745370864868164e-01,5.573167800903320312e-01
1.346422553062438965e+00,-1.195684909820556641e+00,5.573167800903320312e-01
1.619033932685852051e+00,-4.649144649505615234e+00,4.211277008056640625e+00
-1.608111023902893066e+00,5.106602311134338379e-01,5.573158264160156250e-01
5.128617882728576660e-01,-5.106820464134216309e-01,5.573167800903320312e-01
3.131039381027221680e+00,-4.576882362365722656e+00,1.166889429092407227e+00
-1.071781158447265625e+00,-1.438521295785903931e-01,5.573182702064514160e-01
-4.244169592857360840e-01,1.701188087463378906e-01,5.573167800903320312e-01
-1.901376247406005859e-01,-1.700848489999771118e-01,5.573158264160156250e-01
1.943330526351928711e+00,-8.522765636444091797e-01,5.573167800903320312e-01
-5.421908497810363770e-01,-5.106550455093383789e-01,5.573158264160156250e-01
-1.167388916015625000e+00,-1.289751768112182617e+00,1.156305551528930664e+00
-4.652299880981445312e-01,-3.013344764709472656e+00,2.679387092590332031e+00
1.121950149536132812e+00,1.442830801010131836e+00,1.779411554336547852e+00
1.338213920593261719e+00,8.399065136909484863e-01,6.400347948074340820e-01
-1.936341285705566406e+00,1.939853787422180176e+00,3.518682718276977539e-01
2.211226940155029297e+00,-1.524844169616699219e+00,5.837139487266540527e-01
-1.635184288024902344e+00,-1.347755044698715210e-01,1.848599195480346680e+00
2.305803298950195312e+00,-1.765473842620849609e+00,5.467437580227851868e-02
1.696338653564453125e+00,-1.701024919748306274e-01,5.573167800903320312e-01
-1.127168983221054077e-01,2.172247409820556641e+00,4.130086421966552734e+00
-2.237946510314941406e+00,2.707219839096069336e+00,9.835948944091796875e-01
-7.209961116313934326e-02,-2.491329669952392578e+00,1.076669692993164062e-01
2.360815048217773438e+00,-1.752851247787475586e+00,1.550554633140563965e+00
5.203883051872253418e-01,1.890793919563293457e+00,5.573167800903320312e-01
-2.228754043579101562e+00,1.391809463500976562e+00,1.380810976028442383e+00
1.666249275207519531e+00,-2.089391231536865234e+00,8.208526670932769775e-02
-2.228803396224975586e+00,3.824867248535156250e+00,1.604048371315002441e+00
5.155162215232849121e-01,-1.195692539215087891e+00,5.573167800903320312e-01
-1.921476721763610840e-01,-1.541594982147216797e+00,5.573167800903320312e-01
-7.503326535224914551e-01,2.392032623291015625e+00,4.124995708465576172e+00
-1.395786285400390625e+00,-6.946052312850952148e-01,7.311282157897949219e-01
-1.931576430797576904e-01,1.890790104866027832e+00,5.573167800903320312e-01
3.963108658790588379e-01,8.522791862487792969e-01,5.573167800903320312e-01
7.494968771934509277e-01,-8.522858023643493652e-01,5.573167800903320312e-01
6.296888589859008789e-01,1.701118499040603638e-01,5.573167800903320312e-01
8.657496571540832520e-01,5.106610655784606934e-01,5.573167800903320312e-01
5.028101801872253418e-01,-1.943921804428100586e+00,4.177251815795898438e+00
1.861990928649902344e+00,-1.322561502456665039e+00,9.752558469772338867e-01
-1.903674304485321045e-01,5.106955170631408691e-01,5.573167800903320312e-01
1.610688716173171997e-01,5.106793045997619629e-01,5.573167800903320312e-01
-1.384310603141784668e+00,2.174256324768066406e+00,4.124655723571777344e+00
3.506185114383697510e-01,-4.152781963348388672e+00,4.086139202117919922e+00
3.002873897552490234e+00,-3.389499425888061523e+00,1.094883561134338379e+00
9.733648300170898438e-01,1.767186284065246582e+00,2.464596271514892578e+00
8.711576461791992188e-01,2.094658136367797852e+00,1.961008071899414062e+00
-1.524013519287109375e+00,-4.099816381931304932e-01,2.173296689987182617e+00
-3.592857420444488525e-01,-3.053491353988647461e+00,3.696525573730468750e+00
-2.499101161956787109e+00,3.717575073242187500e+00,1.415625929832458496e+00
9.930439591407775879e-01,1.541601777076721191e+00,5.573167800903320312e-01
6.335960030555725098e-01,1.195681691169738770e+00,5.573167800903320312e-01
-7.814283370971679688e-01,1.195683956146240234e+00,5.573167800903320312e-01
-4.288209378719329834e-01,1.541593790054321289e+00,5.573167800903320312e-01
2.808656394481658936e-01,1.541601181030273438e+00,5.573167800903320312e-01
1.719806432723999023e+00,-2.225659132003784180e+00,4.708700180053710938e-01
-1.179694175720214844e+00,-1.287954211235046387e+00,1.969678044319152832e+00
-1.029410362243652344e+00,-1.606606721878051758e+00,2.441907644271850586e+00
4.401168599724769592e-02,-8.522697091102600098e-01,5.573167800903320312e-01
-7.358916848897933960e-02,1.195689320564270020e+00,5.573167800903320312e-01
2.129830598831176758e+00,-4.067799568176269531e+00,4.207157611846923828e+00
-2.693729400634765625e+00,2.838430404663085938e+00,1.103810906410217285e+00
-1.930317878723144531e+00,6.514527797698974609e-01,1.140097975730895996e+00
-4.071998596191406250e-01,-2.786193847656250000e+00,1.429398417472839355e+00
3.774309158325195312e-01,3.212488412857055664e+00,8.592284917831420898e-01
-1.576061844825744629e+00,3.714642047882080078e+00,5.573167800903320312e-01
1.423164129257202148e+00,-3.037519693374633789e+00,8.118562698364257812e-01
5.897684097290039062e-01,2.808068275451660156e+00,2.169968843460083008e+00
1.338037490844726562e+00,1.701024770736694336e-01,5.573167800903320312e-01
1.288044095039367676e+00,-9.475027918815612793e-01,4.169808387756347656e+00
-1.721429824829101562e+00,1.333853900432586670e-01,7.937666177749633789e-01
1.885291099548339844e+00,-5.236629247665405273e-01,1.702538847923278809e+00
3.774309158325195312e-01,3.212487936019897461e+00,4.077325463294982910e-01
2.668344080448150635e-01,-3.378541469573974609e+00,5.612777471542358398e-01
2.841280460357666016e+00,-4.690770149230957031e+00,1.400765538215637207e+00
-5.815000534057617188e-01,1.546271443367004395e+00,4.134867191314697266e+00
-6.832226514816284180e-01,-2.309675693511962891e+00,9.132537841796875000e-01
-1.291597366333007812e+00,-9.862765073776245117e-01,1.333391547203063965e+00
2.981536686420440674e-01,-4.101445674896240234e+00,5.573167800903320312e-01
5.809040069580078125e-01,2.810713052749633789e+00,1.495491504669189453e+00
1.610668659210205078e+00,-2.426660060882568359e+00,1.416526794433593750e+00
1.582694202661514282e-01,1.344569087028503418e+00,4.140196800231933594e+00
1.626523494720458984e+00,-4.069293022155761719e+00,4.205033302307128906e+00
-3.161294460296630859e-01,-2.258872985839843750e+00,6.271629333496093750e-01
-1.162289738655090332e+00,3.088317871093750000e+00,4.115707397460937500e+00
1.101987436413764954e-01,-3.962988615036010742e+00,3.951023101806640625e+00
8.927386403083801270e-01,-1.337184309959411621e+00,4.172343254089355469e+00
2.238149166107177734e+00,-2.411993265151977539e+00,4.075957775115966797e+00
-8.231201171875000000e-01,3.714647531509399414e+00,5.573158264160156250e-01
3.566979765892028809e-01,-1.337712645530700684e+00,4.170069694519042969e+00
-6.263013482093811035e-01,-1.884552687406539917e-01,4.153450012207031250e+00
-2.385019659996032715e-01,9.519063234329223633e-01,4.142758369445800781e+00
7.446789145469665527e-01,5.671527385711669922e-01,4.151104927062988281e+00
3.098745584487915039e+00,-3.714639186859130859e+00,5.573167800903320312e-01
-1.409735679626464844e+00,-6.934784054756164551e-01,1.605937480926513672e+00
-5.639064908027648926e-01,5.676997303962707520e-01,4.145533084869384766e+00
-9.247312545776367188e-01,-1.929011344909667969e+00,1.942572236061096191e+00
1.225338935852050781e+00,1.137237548828125000e+00,2.370828390121459961e+00
-5.707130432128906250e-01,-2.649090290069580078e+00,5.024165511131286621e-01
8.959167450666427612e-02,5.674275159835815430e-01,4.148314476013183594e+00
-1.825510025024414062e+00,3.953989744186401367e-01,9.680721759796142578e-01
-1.835251808166503906e+00,3.949272036552429199e-01,1.336499571800231934e+00
1.603500604629516602e+00,-3.896976709365844727e-01,3.961236000061035156e+00
-7.812585830688476562e-01,-2.272218465805053711e+00,1.552376627922058105e+00
-2.352295666933059692e-01,1.885503530502319336e-01,4.151032924652099609e+00
-2.242721080780029297e+00,1.389308333396911621e+00,2.111629962921142578e+00
1.818090081214904785e-01,-3.596677541732788086e+00,4.104147434234619141e+00
8.009191155433654785e-01,-3.800777912139892578e+00,4.198616027832031250e+00
7.194414138793945312e-01,2.446702480316162109e+00,1.351576805114746094e+00
2.275461673736572266e+00,-1.512268185615539551e+00,2.109077215194702148e+00
-1.038829803466796875e+00,-1.604919195175170898e+00,8.727737069129943848e-01
-1.873745620250701904e-01,-2.814046859741210938e+00,1.642417907714843750e-02
-2.473028659820556641e+00,3.714640617370605469e+00,5.573158264160156250e-01
9.053547382354736328e-01,-3.048844814300537109e+00,4.190922260284423828e+00
4.538696259260177612e-02,-4.365918159484863281e+00,8.572134375572204590e-01
1.452232360839843750e+00,5.516024231910705566e-01,9.170728921890258789e-01
1.352507591247558594e+00,8.385208845138549805e-01,1.420499563217163086e+00
2.792777866125106812e-02,3.123069286346435547e+00,4.049490451812744141e+00
2.016723394393920898e+00,-2.592966556549072266e+00,3.085397183895111084e-01
-2.425103187561035156e+00,1.867048501968383789e+00,1.723906397819519043e+00
2.608748435974121094e+00,-3.127154111862182617e+00,4.041715621948242188e+00
1.277681827545166016e+00,-4.650299549102783203e+00,4.209837913513183594e+00
-1.627638816833496094e+00,-1.348970383405685425e-01,1.369061589241027832e+00
-1.974266290664672852e+00,3.923833370208740234e+00,1.411736369132995605e+00
2.080374240875244141e+00,-1.026422381401062012e+00,1.672029733657836914e+00
8.434410095214843750e-01,2.101018428802490234e+00,9.006486535072326660e-01
-1.659389972686767578e+00,1.961105942726135254e+00,4.125791549682617188e+00
-6.957916021347045898e-01,2.168147087097167969e+00,5.782763361930847168e-01
-1.249014735221862793e+00,-1.921842694282531738e-01,4.037621974945068359e+00
4.504941105842590332e-01,2.209489583969116211e+00,4.029454708099365234e+00
1.344233512878417969e+00,8.393234014511108398e-01,2.330184936523437500e+00
2.640466690063476562e+00,-2.456976652145385742e+00,1.804858088493347168e+00
1.730477333068847656e+00,-1.618962645530700684e+00,1.282032847404479980e+00
-1.047390937805175781e+00,-1.603386402130126953e+00,1.590718865394592285e+00
1.300741434097290039e+00,-3.289345264434814453e+00,4.195206642150878906e+00
-2.787273883819580078e+00,3.601450443267822266e+00,9.040920734405517578e-01
9.818363189697265625e-01,1.765528559684753418e+00,1.190384745597839355e+00
-1.401107788085937500e+00,-6.941751837730407715e-01,2.311562538146972656e+00
3.281854629516601562e+00,-4.098305702209472656e+00,1.108215808868408203e+00
5.467981100082397461e-01,-3.396079063415527344e+00,7.458171844482421875e-01
-3.376644849777221680e-01,3.851711988449096680e+00,9.468832015991210938e-01
-2.327472209930419922e+00,1.630849242210388184e+00,1.551787376403808594e+00
-2.317863464355468750e+00,1.632892131805419922e+00,1.194893956184387207e+00
2.456760406494140625e+00,-1.988680958747863770e+00,1.723770380020141602e+00
2.915880203247070312e+00,-3.154050827026367188e+00,2.077821493148803711e+00
1.815268516540527344e+00,-3.046823263168334961e+00,4.194769859313964844e+00
-1.751922845840454102e+00,2.850402116775512695e+00,4.115774154663085938e+00
-3.062524795532226562e-01,3.765945434570312500e+00,6.490789651870727539e-01
-1.616895675659179688e+00,-1.350695341825485229e-01,9.917467832565307617e-01
6.595314145088195801e-01,-4.072157382965087891e+00,4.200951099395751953e+00
2.572677135467529297e+00,-4.796341896057128906e+00,8.831725716590881348e-01
1.472643852233886719e+00,5.502854585647583008e-01,1.987757563591003418e+00
-8.708716630935668945e-01,4.354472160339355469e+00,8.690861463546752930e-01
2.911049842834472656e+00,-3.156202554702758789e+00,5.707100033760070801e-01
1.780836105346679688e+00,-2.649277746677398682e-01,1.344534277915954590e+00
1.116451263427734375e+00,1.443723917007446289e+00,1.471519231796264648e+00
1.217912435531616211e+00,1.162000656127929688e+00,1.155688881874084473e+00
2.911049842834472656e+00,-3.156201124191284180e+00,9.178918004035949707e-01
1.100209236145019531e+00,1.446363806724548340e+00,8.644137382507324219e-01
-6.442157030105590820e-01,-2.332158088684082031e+00,3.697975158691406250e+00
-1.628076553344726562e+00,-1.348901391029357910e-01,2.243541479110717773e+00
1.842607498168945312e+00,-3.631903409957885742e+00,5.573183894157409668e-01
1.299516081809997559e+00,-4.070260047912597656e+00,4.203652858734130859e+00
1.082169890403747559e+00,-4.354065895080566406e+00,4.205799579620361328e+00
-2.230752229690551758e+00,3.819474697113037109e+00,7.772425413131713867e-01
2.309085607528686523e+00,-2.483440876007080078e+00,3.160381913185119629e-01
-7.814283370971679688e-01,-1.195683836936950684e+00,5.573167800903320312e-01
9.305756092071533203e-01,-5.441749572753906250e+00,8.669146299362182617e-01
2.377076625823974609e+00,-4.650250911712646484e+00,5.573183894157409668e-01
8.751819133758544922e-01,-1.673215866088867188e+00,6.157816648483276367e-01
-1.162491798400878906e+00,-1.290466785430908203e+00,8.562336564064025879e-01
2.580184862017631531e-02,-2.154701471328735352e+00,4.177503585815429688e+00
2.012021780014038086e+00,-2.966002941131591797e+00,5.573167800903320312e-01
1.524459362030029297e+00,-1.535115122795104980e+00,4.177173137664794922e+00
-1.847901344299316406e+00,3.943155109882354736e-01,1.994143962860107422e+00
-1.526474952697753906e+00,-4.098630547523498535e-01,1.874570250511169434e+00
-5.306969285011291504e-01,-1.984174013137817383e+00,4.056684017181396484e+00
1.577745437622070312e+00,2.714747786521911621e-01,2.158117532730102539e+00
-1.502359986305236816e+00,4.109323978424072266e+00,1.414151549339294434e+00
-2.197516441345214844e+00,1.724894523620605469e+00,4.794503748416900635e-01
-1.852477431297302246e+00,8.522767424583435059e-01,5.573167800903320312e-01
2.322493791580200195e+00,-4.894672870635986328e+00,1.045151472091674805e+00
4.424439966678619385e-01,-5.325772762298583984e+00,5.573167800903320312e-01
2.841281414031982422e+00,-4.690769672393798828e+00,6.447146534919738770e-01
3.000517189502716064e-01,1.958313107490539551e+00,4.134157180786132812e+00
-5.532924532890319824e-01,2.847918987274169922e+00,4.120899677276611328e+00
2.510478496551513672e+00,-3.796256303787231445e+00,4.205513954162597656e+00
1.684005737304687500e+00,4.272460955689894035e-06,1.837570786476135254e+00
2.098350048065185547e+00,-2.812778234481811523e+00,4.193441867828369141e+00
-8.952481150627136230e-01,5.106684565544128418e-01,5.573167800903320312e-01
2.086921691894531250e+00,-1.025572657585144043e+00,2.043544054031372070e+00
1.574299812316894531e+00,2.715853452682495117e-01,1.570879459381103516e+00
1.504335880279541016e+00,-1.141672968864440918e+00,4.168432235717773438e+00
4.538650438189506531e-02,-4.365916728973388672e+00,1.509698033332824707e+00
2.088427305221557617e+00,-4.986669540405273438e+00,5.814643502235412598e-01
2.307387590408325195e+00,-1.885560512542724609e+00,3.681224346160888672e+00
-1.134006500244140625e+00,-8.522794842720031738e-01,5.573167800903320312e-01
2.520418167114257812e+00,-2.534560441970825195e+00,3.774925231933593750e+00
-8.624387979507446289e-01,1.751211047172546387e+00,4.131453990936279297e+00
1.110433936119079590e+00,7.778810858726501465e-01,3.998060226440429688e+00
-1.970698535442352295e-01,3.339074850082397461e+00,4.107443332672119141e+00
1.459666252136230469e+00,5.511227846145629883e-01,1.205181598663330078e+00
-3.888151347637176514e-01,-3.111890316009521484e+00,3.538992106914520264e-01
1.112308502197265625e+00,-8.618118166923522949e-01,5.573183894157409668e-01
1.075257301330566406e+00,-2.876712679862976074e-01,5.573183894157409668e-01
2.835585594177246094e+00,-3.880129575729370117e+00,4.077496528625488281e+00
-1.626493215560913086e+00,1.547445654869079590e+00,4.130409240722656250e+00
-2.831754684448242188e-01,-3.070879697799682617e+00,1.435066819190979004e+00
2.828854560852050781e+00,-3.282598257064819336e+00,3.745539665222167969e+00
