-7.146227955818176270e-01,1.549799799919128418e+00,2.911987304687500000e-01
1.400374770164489746e+00,-2.441481113433837891e+00,4.571798741817474365e-01
9.761970043182373047e-01,-8.396053314208984375e-02,1.087958931922912598e+00
-8.069946169853210449e-01,-3.537774085998535156e-01,4.178637564182281494e-01
1.961100101470947266e+00,-9.864885210990905762e-01,9.246948361396789551e-02
1.678371429443359375e-01,-1.523573279380798340e+00,7.845705747604370117e-01
-2.274079769849777222e-01,7.272291183471679688e-01,1.388872146606445312e+00
-1.990910053253173828e+00,1.234631896018981934e+00,8.434977531433105469e-01
3.560308814048767090e-01,8.257809877395629883e-01,2.911987304687500000e-01
-1.424678206443786621e+00,5.532183647155761719e-01,4.572692885994911194e-02
-1.024430841207504272e-01,-5.490093231201171875e-01,1.338261127471923828e+00
1.291773915290832520e+00,-1.399122118949890137e+00,9.024157524108886719e-01
2.731384336948394775e-01,-3.526778817176818848e-01,2.911987304687500000e-01
-1.224250793457031250e+00,4.662669301033020020e-01,1.146348357200622559e+00
5.957882404327392578e-01,-1.967366099357604980e+00,2.724647521972656250e-03
2.136820793151855469e+00,-1.799687027931213379e+00,6.133801341056823730e-01
-1.379891395568847656e+00,1.977456808090209961e+00,8.390045166015625000e-01
-5.379887223243713379e-01,5.886071920394897461e-01,2.911353111267089844e-01
1.339340806007385254e+00,-3.526763916015625000e-01,2.911987304687500000e-01
7.682741880416870117e-01,-1.064675211906433105e+00,2.912034988403320312e-01
-6.298160552978515625e-02,1.382752180099487305e+00,8.513232469558715820e-01
6.472032070159912109e-01,-8.422818183898925781e-01,1.082911014556884766e+00
-2.742829322814941406e-01,-9.820988774299621582e-01,3.486648499965667725e-01
8.219645619392395020e-01,-2.053994178771972656e+00,8.475475311279296875e-01
4.678250849246978760e-01,5.584087371826171875e-01,1.055975437164306641e+00
-8.483785986900329590e-01,1.157455325126647949e+00,1.087822914123535156e+00
-1.465568304061889648e+00,1.305993676185607910e+00,2.920794486999511719e-01
-6.681902408599853516e-01,1.258849920304783154e-06,1.351304531097412109e+00
1.724198222160339355e+00,-8.003908991813659668e-01,8.243417739868164062e-01
-6.139317750930786133e-01,1.943814277648925781e+00,8.908169269561767578e-01
-1.280398517847061157e-01,1.253367304801940918e+00,-1.762866973876953125e-03
8.950233459472656250e-01,1.967812627553939819e-01,3.133270144462585449e-01
1.206442236900329590e+00,-1.797119855880737305e+00,2.911901473999023438e-01
-8.929590582847595215e-01,2.235595703125000000e+00,3.565078675746917725e-01
2.725582718849182129e-01,1.325607172475429252e-06,1.383497238159179688e+00
-1.224556446075439453e+00,9.305541962385177612e-02,6.184294223785400391e-01
5.836369469761848450e-02,2.450213432312011719e-01,2.911999523639678955e-01
-1.635089397430419922e+00,6.076065897941589355e-01,6.386594772338867188e-01
-1.445199996232986450e-01,-1.020792484283447266e+00,9.778869152069091797e-01
-1.433918118476867676e+00,1.378583788871765137e+00,9.919319152832031250e-01
-5.697213411331176758e-01,-5.872354507446289062e-01,9.066244363784790039e-01
1.351960420608520508e+00,-1.064674854278564453e+00,2.912082672119140625e-01
7.180231809616088867e-01,-1.390558481216430664e+00,9.397406578063964844e-01
1.712217092514038086e+00,-1.549796104431152344e+00,2.911987304687500000e-01
1.656555175781250000e+00,-2.072145223617553711e+00,7.931737899780273438e-01
-1.232085824012756348e+00,1.803408503532409668e+00,3.166713714599609375e-01
1.189334869384765625e+00,-7.841006517410278320e-01,9.500570297241210938e-01
2.771575748920440674e-01,-1.305829763412475586e+00,2.911977767944335938e-01
-1.955206394195556641e+00,1.072305440902709961e+00,3.218997120857238770e-01
-9.545022249221801758e-01,1.064657688140869141e+00,2.910814285278320312e-01
-1.940475463867187500e+00,1.598998069763183594e+00,4.494215250015258789e-01
-7.303295135498046875e-01,5.441369414329528809e-01,1.388453960418701172e+00
-2.933975160121917725e-01,-3.526827096939086914e-01,2.911987304687500000e-01
2.019961833953857422e+00,-1.312925100326538086e+00,7.835653424263000488e-01
-2.360925674438476562e-01,1.660357594490051270e+00,4.633680582046508789e-01
3.755899071693420410e-01,-1.828402996063232422e+00,4.391757249832153320e-01
5.992979407310485840e-01,-3.701541423797607422e-01,1.264131069183349609e+00
1.739636182785034180e+00,-2.048407316207885742e+00,2.911934852600097656e-01
-6.991030573844909668e-01,1.174785941839218140e-01,2.911987304687500000e-01
1.396416187286376953e+00,-3.616132140159606934e-01,7.907571196556091309e-01
8.429806232452392578e-01,-3.526782989501953125e-01,2.911987304687500000e-01
1.596429347991943359e-01,9.727911353111267090e-01,1.014217853546142578e+00
9.608797430992126465e-01,-2.293309211730957031e+00,2.998223900794982910e-01
7.771929502487182617e-01,-1.549794077873229980e+00,2.912044525146484375e-01
-2.244479358196258545e-01,1.799081563949584961e-01,1.419121265411376953e+00
6.792303919792175293e-01,5.375614166259765625e-01,6.229638457298278809e-01
-4.599058330059051514e-01,1.064690351486206055e+00,2.912349700927734375e-01
1.931689381599426270e-01,-8.257831931114196777e-01,2.911987304687500000e-01
-8.501032590866088867e-01,-1.944780349731445312e-01,9.665651321411132812e-01
-1.030124545097351074e+00,5.886146426200866699e-01,2.912340164184570312e-01
-1.015735745429992676e+00,1.583715915679931641e+00,9.928197860717773438e-01
2.942073047161102295e-01,-1.164987564086914062e+00,1.049363136291503906e+00
1.577931642532348633e+00,-7.292075157165527344e-01,5.463622882962226868e-02
-3.247481882572174072e-01,1.246836662292480469e+00,1.206477284431457520e+00
1.684720754623413086e+00,-1.620786428451538086e+00,8.522100448608398438e-01
-1.172481417655944824e+00,1.155279502272605896e-01,1.701426506042480469e-01
-1.641785860061645508e+00,9.828786849975585938e-01,9.521298408508300781e-01
4.575015977025032043e-02,1.320836544036865234e+00,4.176974296569824219e-01
2.141632556915283203e+00,-1.449764251708984375e+00,3.164428770542144775e-01
1.123606681823730469e+00,2.784728849292150699e-06,6.291574239730834961e-01
-1.734463810920715332e+00,1.661871910095214844e+00,8.539530634880065918e-01
1.247212052345275879e+00,-1.829311013221740723e+00,8.697180747985839844e-01
-1.052146911621093750e+00,4.801614582538604736e-01,7.058463692665100098e-01
6.722903251647949219e-01,2.039608210325241089e-01,1.179731130599975586e+00
1.488128602504730225e-01,5.455849766731262207e-01,1.373575687408447266e+00
-5.561156272888183594e-01,1.992074966430664062e+00,4.008465409278869629e-01
1.141921520233154297e+00,-2.303561210632324219e+00,7.752490043640136719e-01
-1.204707026481628418e+00,9.768316149711608887e-01,9.893512725830078125e-01
4.284119606018066406e-01,8.517085313796997070e-01,7.094738483428955078e-01
-1.621433258056640625e+00,8.257739543914794922e-01,2.911987304687500000e-01
5.165557861328125000e-01,3.526825308799743652e-01,2.911987304687500000e-01
1.647071361541748047e+00,-1.194215416908264160e+00,9.000406265258789062e-01
-5.082275345921516418e-02,8.257786631584167480e-01,2.911987304687500000e-01
1.961100101470947266e+00,-9.864875078201293945e-01,5.497329831123352051e-01
-1.059367775917053223e+00,2.206276416778564453e+00,7.469271421432495117e-01
6.394348144531250000e-01,-2.146243810653686523e+00,4.952679276466369629e-01
-1.582654476165771484e+00,1.906112790107727051e+00,4.864102005958557129e-01
-3.911856114864349365e-01,1.597779870033264160e+00,9.394803047180175781e-01
-8.859634399414062500e-02,-1.237810969352722168e+00,5.946940183639526367e-01
2.830715775489807129e-01,-7.498644590377807617e-01,1.214247703552246094e+00
1.556248188018798828e+00,-6.229934692382812500e-01,4.855947792530059814e-01
-6.140654087066650391e-01,9.200310111045837402e-01,1.338872432708740234e+00
4.675168991088867188e-01,-1.840579748153686523e+00,8.234390020370483398e-01
-5.637087225914001465e-01,-6.549000740051269531e-01,4.684994518756866455e-01
-4.913769364356994629e-01,-3.736111223697662354e-01,1.210616588592529297e+00
-2.931147813796997070e-01,1.174891665577888489e-01,2.911987304687500000e-01
-1.010012775659561157e-01,-1.806790083646774292e-01,1.395535945892333984e+00
-3.068417608737945557e-01,1.564072608947753906e+00,9.805267304182052612e-02
-1.092366695404052734e+00,9.518466889858245850e-02,9.660244584083557129e-01
-9.577158689498901367e-01,7.914867401123046875e-01,1.242772936820983887e+00
1.135512351989746094e+00,-1.437903404235839844e+00,2.912014722824096680e-01
9.178516864776611328e-01,1.980410665273666382e-01,8.559842109680175781e-01
2.113494873046875000e-01,-3.637465834617614746e-01,1.363477706909179688e+00
8.860411047935485840e-01,-5.727381110191345215e-01,1.093493938446044922e+00
-1.045752286911010742e+00,1.420370578765869141e+00,2.911996543407440186e-01
1.989856481552124023e+00,-1.797118186950683594e+00,2.911949157714843750e-01
-1.854198932647705078e+00,9.215989708900451660e-01,6.771899461746215820e-01
-3.996632397174835205e-01,1.373526453971862793e+00,6.691312789916992188e-01
1.095610380172729492e+00,-8.257731199264526367e-01,2.912168502807617188e-01
-1.481317043304443359e+00,6.250219345092773438e-01,9.713830351829528809e-01
-1.229886651039123535e+00,2.177670478820800781e+00,4.215142726898193359e-01
-1.382593154907226562e+00,5.970336198806762695e-01,3.955693244934082031e-01
3.479646146297454834e-01,-1.634635925292968750e+00,1.556295752525329590e-01
9.922166466712951660e-01,-1.186569213867187500e+00,9.391121864318847656e-01
1.419767737388610840e+00,-8.708196878433227539e-01,6.889495849609375000e-01
1.088793635368347168e+00,-1.174783334136009216e-01,2.911987304687500000e-01
5.973016023635864258e-01,-1.174804121255874634e-01,2.911987304687500000e-01
5.176253914833068848e-01,-5.886139869689941406e-01,2.911987304687500000e-01
-5.066528171300888062e-02,-5.886159539222717285e-01,2.911987304687500000e-01
3.030761703848838806e-02,-1.175008267164230347e-01,2.911987304687500000e-01
1.156426906585693359e+00,-3.771003782749176025e-01,1.024161100387573242e+00
-3.410986363887786865e-01,-9.571924209594726562e-01,7.159269452095031738e-01
2.147192955017089844e-01,1.102720141410827637e+00,6.590353250503540039e-01
-1.380980014801025391e+00,3.682451248168945312e-01,7.186901569366455078e-01
-1.014549255371093750e+00,-9.643867611885070801e-02,4.402668774127960205e-01
-2.302184104919433594e-01,4.665796458721160889e-01,2.911999523639678955e-01
1.012810587882995605e+00,-1.607097387313842773e+00,9.041366577148437500e-01
-5.852111577987670898e-01,1.365175247192382812e+00,1.050382137298583984e+00
-7.459655404090881348e-01,2.164183616638183594e+00,6.338375806808471680e-01
-9.394212365150451660e-01,1.987699508666992188e+00,9.502654671669006348e-01
-1.361469745635986328e+00,2.641439437866210938e-01,3.791143596172332764e-01
-1.399314850568771362e-01,1.122667312622070312e+00,6.883740425109863281e-01
4.026780724525451660e-01,3.664602935314178467e-01,1.321338176727294922e+00
-1.654955863952636719e+00,1.557168245315551758e+00,3.258895874023437500e-01
-2.647614479064941406e-01,-7.628033161163330078e-01,1.108252882957458496e+00
1.882779002189636230e+00,-2.035515785217285156e+00,5.684645175933837891e-01
1.389562606811523438e+00,-2.048409938812255859e+00,2.911987304687500000e-01
-4.750719964504241943e-01,3.612097203731536865e-01,1.402661323547363281e+00
-9.944308996200561523e-01,3.661493957042694092e-01,1.326058387756347656e+00
1.628319621086120605e+00,-2.250317096710205078e+00,5.375796556472778320e-01
1.705429077148437500e+00,-9.859380722045898438e-01,2.549206614494323730e-01
-8.885027766227722168e-01,1.797591209411621094e+00,2.930965423583984375e-01
1.529461622238159180e+00,-1.305826902389526367e+00,2.911810874938964844e-01
-1.288753151893615723e+00,1.064675450325012207e+00,2.911987304687500000e-01
7.003291249275207520e-01,3.905414640903472900e-01,9.481177330017089844e-01
-8.009568452835083008e-01,-4.035086631774902344e-01,7.114421129226684570e-01
1.869041085243225098e+00,-1.850273370742797852e+00,7.994661331176757812e-01
-4.012710601091384888e-02,9.294270277023315430e-01,1.281081199645996094e+00
1.550573110580444336e+00,-1.797123074531555176e+00,2.911987304687500000e-01
4.610339924693107605e-02,-1.276914596557617188e+00,9.357560276985168457e-01
1.706395149230957031e-01,-1.524168491363525391e+00,4.575466811656951904e-01
1.875189185142517090e+00,-1.305832982063293457e+00,2.911977767944335938e-01
-7.856219410896301270e-01,8.257664442062377930e-01,2.911257743835449219e-01
1.959356665611267090e-01,1.075441241264343262e+00,3.649225234985351562e-01
4.394134283065795898e-01,-1.064679741859436035e+00,2.911987304687500000e-01
6.067132353782653809e-01,-1.305836439132690430e+00,2.912192344665527344e-01
6.459879875183105469e-01,-1.639746546745300293e+00,7.143797874450683594e-01
6.653608083724975586e-01,-2.171696186065673828e+00,1.958923339843750000e-01
3.062042221426963806e-02,-1.064671635627746582e+00,2.911987304687500000e-01
6.421612501144409180e-01,-1.842083930969238281e+00,2.579553127288818359e-01
1.925680488348007202e-01,5.886231064796447754e-01,2.911987304687500000e-01
-8.634750247001647949e-01,3.526778221130371094e-01,2.911448478698730469e-01
-1.225527882575988770e+00,3.385349512100219727e-01,-1.183509826660156250e-03
3.538210988044738770e-01,1.174807548522949219e-01,2.911987304687500000e-01
-5.363255143165588379e-01,-1.174799874424934387e-01,2.911987304687500000e-01
1.080955266952514648e+00,-2.457221508026123047e+00,4.999535977840423584e-01
-2.051723957061767578e+00,1.219642639160156250e+00,5.456436276435852051e-01
1.444198250770568848e+00,-2.298830986022949219e+00,7.482373118400573730e-01
-4.546826183795928955e-01,1.882088661193847656e+00,6.655819416046142578e-01
-4.175674170255661011e-02,1.158397674560546875e+00,1.083033561706542969e+00
2.194147586822509766e+00,-1.434093475341796875e+00,5.932432413101196289e-01
-5.025466084480285645e-01,1.343332767486572266e+00,2.913104295730590820e-01
9.008880704641342163e-02,-9.483379125595092773e-01,1.164672851562500000e+00
4.393984973430633545e-01,-1.388710021972656250e+00,9.478030204772949219e-01
5.600605010986328125e-01,6.244604587554931641e-01,3.318963646888732910e-01
-1.041608333587646484e+00,-9.600261598825454712e-02,7.719460725784301758e-01
-1.815974235534667969e+00,1.310277700424194336e+00,3.159885406494140625e-01
-7.351768612861633301e-01,1.584413290023803711e+00,9.901728630065917969e-01
5.300331115722656250e-01,-6.273716092109680176e-01,1.211281895637512207e+00
9.336040019989013672e-01,2.251348495483398438e-01,5.792379379272460938e-01
-4.133555591106414795e-01,-1.810640096664428711e-01,1.382890701293945312e+00
-8.512216210365295410e-01,1.045465469360351562e-02,1.154627561569213867e+00
1.228491544723510742e+00,-2.304293155670166016e+00,2.911977767944335938e-01
-2.201223671436309814e-01,1.333674907684326172e+00,4.466280937194824219e-01
1.258416175842285156e+00,-1.850682348012924194e-01,4.865514934062957764e-01
-1.243088841438293457e+00,1.796752333641052246e+00,9.788308143615722656e-01
5.914012193679809570e-01,1.335143906544544734e-06,1.328097820281982422e+00
1.413356542587280273e+00,-9.870132207870483398e-01,9.266967773437500000e-01
8.209547400474548340e-01,-1.884326338768005371e+00,6.450033187866210938e-01
2.544033229351043701e-01,6.870555877685546875e-01,1.177321910858154297e+00
-1.305510878562927246e+00,1.551930308341979980e+00,3.012380599975585938e-01
8.517257869243621826e-02,1.800651550292968750e-01,1.414357662200927734e+00
1.487287163734436035e+00,-5.946358442306518555e-01,8.676280975341796875e-01
-1.342858076095581055e+00,6.178142428398132324e-01,6.529855728149414062e-01
6.576335430145263672e-02,1.163493156433105469e+00,1.470230072736740112e-01
1.711205005645751953e+00,-6.854519248008728027e-01,2.735659778118133545e-01
8.745855689048767090e-01,-2.048418521881103516e+00,2.912154197692871094e-01
1.345645546913146973e+00,-2.063710689544677734e+00,8.184390068054199219e-01
1.367652297019958496e+00,-1.549790620803833008e+00,2.911987304687500000e-01
-7.930561900138854980e-01,1.305833220481872559e+00,2.911825180053710938e-01
1.921811223030090332e+00,-1.076528549194335938e+00,7.959118485450744629e-01
1.130794644355773926e+00,-2.048412322998046875e+00,2.911987304687500000e-01
2.010133266448974609e+00,-1.637090086936950684e+00,7.903647422790527344e-01
8.434956073760986328e-01,-9.804856777191162109e-01,9.668488502502441406e-01
1.552497506141662598e+00,-1.838995337486267090e+00,8.372602462768554688e-01
7.649965286254882812e-01,4.023555517196655273e-01,3.899606168270111084e-01
3.627883791923522949e-01,7.819252014160156250e-01,9.668831825256347656e-01
-1.199760675430297852e+00,8.257883787155151367e-01,2.913045883178710938e-01
9.516149759292602539e-01,-1.797112941741943359e+00,2.911734580993652344e-01
6.829684376716613770e-01,-8.257746696472167969e-01,2.911987304687500000e-01
-3.764042556285858154e-01,8.257657289505004883e-01,2.911620140075683594e-01
7.961753606796264648e-01,-1.858673393726348877e-01,1.233600139617919922e+00
1.227696061134338379e+00,-1.881127357482910156e-01,8.625771999359130859e-01
7.356854081153869629e-01,-1.821672916412353516e+00,8.953185081481933594e-01
1.009449124336242676e+00,-5.886056423187255859e-01,2.911987304687500000e-01
5.753560066223144531e-01,6.229774355888366699e-01,8.361471295356750488e-01
-1.264311790466308594e+00,2.774339616298675537e-01,9.388825893402099609e-01
-1.542777776718139648e+00,1.064674496650695801e+00,2.911987304687500000e-01
8.129847049713134766e-01,-2.239995956420898438e+00,6.800268292427062988e-01
-4.556213319301605225e-01,3.526864051818847656e-01,2.911987304687500000e-01
-3.752374053001403809e-01,-5.886165499687194824e-01,2.911987304687500000e-01
-4.715014398097991943e-01,1.570650339126586914e+00,3.893060684204101562e-01
-2.424263954162597656e-01,1.661810994148254395e+00,7.123713493347167969e-01
1.258502721786499023e+00,-5.886086225509643555e-01,2.911977767944335938e-01
8.553835749626159668e-01,-1.305835127830505371e+00,2.912082672119140625e-01
1.016849398612976074e+00,-1.064671277999877930e+00,2.912034988403320312e-01
1.689718604087829590e+00,-1.119605660438537598e+00,6.673936843872070312e-01
5.723180770874023438e-01,-1.181389093399047852e+00,9.655890464782714844e-01
-7.064158320426940918e-01,1.064666390419006348e+00,2.911510467529296875e-01
4.234553575515747070e-01,-9.599351286888122559e-01,1.093316078186035156e+00
-2.542190551757812500e-01,1.420193433761596680e+00,1.040956974029541016e+00
-1.171922445297241211e+00,7.613853216171264648e-01,1.125312805175781250e+00
-1.713680744171142578e+00,7.719162106513977051e-01,8.128042221069335938e-01
3.778516948223114014e-01,-1.615272164344787598e+00,8.731250762939453125e-01
-9.446188211441040039e-01,1.174773797392845154e-01,2.911667823791503906e-01
-5.251541137695312500e-01,-7.333123683929443359e-01,6.976624727249145508e-01
7.626846432685852051e-01,-5.886076688766479492e-01,2.911987304687500000e-01
-1.320900768041610718e-01,1.535070896148681641e+00,2.804141044616699219e-01
-1.148341417312622070e+00,1.378211379051208496e+00,9.935669898986816406e-01
-6.920085549354553223e-01,-1.884713321924209595e-01,1.152898311614990234e+00
-7.807443141937255859e-01,-1.174785420298576355e-01,2.911987304687500000e-01
3.083892725408077240e-02,-1.308299064636230469e+00,3.049602508544921875e-01
-8.683066964149475098e-01,1.378966331481933594e+00,9.902749061584472656e-01
-2.121820002794265747e-01,-1.174777373671531677e-01,2.911987304687500000e-01
-1.526889443397521973e+00,1.728569030761718750e+00,9.598655700683593750e-01
-5.637746453285217285e-01,1.129836678504943848e+00,1.228931903839111328e+00
-6.415699720382690430e-01,-3.858976662158966064e-01,1.020234107971191406e+00
-4.790661633014678955e-01,7.269876003265380859e-01,1.390721797943115234e+00
-1.821938991546630859e+00,1.454738616943359375e+00,9.406994581222534180e-01
5.103884935379028320e-01,-1.726118683815002441e+00,3.121376037597656250e-03
2.731384336948394775e-01,3.526779711246490479e-01,2.911987304687500000e-01
-4.686942994594573975e-01,1.797131299972534180e+00,2.911987304687500000e-01
2.399993874132633209e-02,-7.422846555709838867e-01,1.272696495056152344e+00
4.375808537006378174e-01,-8.257730007171630859e-01,2.911987304687500000e-01
1.817275166511535645e+00,-1.407051682472229004e+00,8.678503036499023438e-01
5.246793031692504883e-01,-2.008003711700439453e+00,6.502220034599304199e-01
-7.831771969795227051e-01,5.886088013648986816e-01,2.911858558654785156e-01
-5.082214251160621643e-02,-8.257786631584167480e-01,2.911987304687500000e-01
1.925683617591857910e-01,-5.886231064796447754e-01,2.911987304687500000e-01
-1.752085685729980469e+00,7.663084268569946289e-01,5.084507465362548828e-01
1.113690495491027832e+00,-2.049867868423461914e+00,8.598999977111816406e-01
5.165557861328125000e-01,-3.526826500892639160e-01,2.911987304687500000e-01
-5.056427046656608582e-02,-3.527202606201171875e-01,2.911987304687500000e-01
-5.368936061859130859e-01,-3.526896238327026367e-01,2.911987304687500000e-01
1.089929223060607910e+00,-3.526775538921356201e-01,2.911987304687500000e-01
8.420977592468261719e-01,-1.174781396985054016e-01,2.911987304687500000e-01
2.728732228279113770e-01,-1.174859106540679932e-01,2.911987304687500000e-01
5.973016023635864258e-01,1.174804866313934326e-01,2.911987304687500000e-01
-1.510099411010742188e+00,4.431908726692199707e-01,5.280267000198364258e-01
1.403521060943603516e+00,-3.611544072628021240e-01,5.376480221748352051e-01
1.380151629447937012e+00,-1.613455414772033691e+00,8.800196647644042969e-01
4.624187201261520386e-02,1.259636402130126953e+00,6.790359616279602051e-01
-3.645477294921875000e-01,-5.637204051017761230e-01,1.186543941497802734e+00
-1.510100364685058594e+00,4.431911110877990723e-01,2.825292944908142090e-01
1.838522911071777344e+00,-8.388255238533020020e-01,3.845904469490051270e-01
-1.233684182167053223e+00,4.176516532897949219e-01,2.691628932952880859e-01
-2.005850315093994141e+00,1.403070807456970215e+00,6.719850301742553711e-01
-8.138374686241149902e-01,1.796475529670715332e+00,9.797592163085937500e-01
-1.522674679756164551e+00,1.743120193481445312e+00,3.415893614292144775e-01
-1.011646986007690430e-01,5.421578288078308105e-01,1.408917903900146484e+00
4.627085626125335693e-01,-1.819908916950225830e-01,1.354027271270751953e+00
-2.269035279750823975e-01,-3.635630607604980469e-01,1.366411685943603516e+00
-8.678182959556579590e-01,1.837598830461502075e-01,1.299050331115722656e+00
-3.551403582096099854e-01,9.127603769302368164e-01,1.383637428283691406e+00
-4.152812957763671875e-01,-7.457562088966369629e-01,9.332104325294494629e-01
-1.883259773254394531e+00,1.617081165313720703e+00,6.951324343681335449e-01
1.779602885246276855e+00,-7.910884022712707520e-01,-1.502513885498046875e-02
2.364349365234375000e-02,7.312596440315246582e-01,1.357762813568115234e+00
1.513162016868591309e+00,-1.401868104934692383e+00,8.904409408569335938e-01
1.492175698280334473e+00,-7.290425300598144531e-01,2.590777575969696045e-01
1.711205959320068359e+00,-6.854534745216369629e-01,6.308310031890869141e-01
9.730445742607116699e-01,-7.784574031829833984e-01,9.936017990112304688e-01
-1.301518559455871582e+00,1.584691882133483887e+00,9.891357421875000000e-01
-3.512663245201110840e-01,5.431817770004272461e-01,1.398350238800048828e+00
5.477428436279296875e-03,1.369351029396057129e+00,2.073828130960464478e-01
5.246805548667907715e-01,-2.008004665374755859e+00,3.691674768924713135e-01
-1.288040131330490112e-01,1.486980199813842773e+00,-4.312992095947265625e-03
1.073758006095886230e+00,-1.395783662796020508e+00,9.169583320617675781e-01
8.064241409301757812e-01,3.996823430061340332e-01,7.341473102569580078e-01
3.419522047042846680e-01,-5.534298419952392578e-01,1.292700290679931641e+00
1.234817504882812500e+00,-2.464750289916992188e+00,6.619186401367187500e-01
-1.352966070175170898e+00,1.176376342773437500e+00,9.911742210388183594e-01
-1.072148203849792480e+00,2.059213876724243164e+00,3.296518325805664062e-01
-5.066528171300888062e-02,5.886160731315612793e-01,2.911987304687500000e-01
5.458558797836303711e-01,3.776737451553344727e-01,1.147498130798339844e+00
1.024163603782653809e+00,-1.822853922843933105e+00,8.913636207580566406e-01
7.970208525657653809e-01,-1.603344678878784180e+00,9.183797836303710938e-01
-1.071019053459167480e+00,1.176518917083740234e+00,9.904613494873046875e-01
-1.368325233459472656e+00,2.724029719829559326e-01,1.640560925006866455e-01
1.206947088241577148e+00,-1.189431548118591309e+00,9.244837760925292969e-01
-1.687266707420349121e+00,1.807123661041259766e+00,6.458637714385986328e-01
1.049026489257812500e+00,3.051757630601059645e-06,9.053968787193298340e-01
-1.999326705932617188e+00,1.404903054237365723e+00,3.820220828056335449e-01
-1.445905447006225586e+00,2.008159160614013672e+00,6.147439479827880859e-01
-1.159586906433105469e+00,2.824993133544921875e-01,6.916559934616088867e-01
4.511932283639907837e-02,-1.399000167846679688e+00,6.625503301620483398e-01
5.846232771873474121e-01,-1.601249337196350098e+00,9.263176918029785156e-01
1.054412961006164551e+00,-9.831100106239318848e-01,9.507274627685546875e-01
-1.053139805793762207e+00,2.234462738037109375e+00,5.225338339805603027e-01
-1.026050686836242676e+00,1.794464349746704102e+00,9.865078926086425781e-01
1.292700767517089844e+00,-5.534181594848632812e-01,9.375218152999877930e-01
-1.567976236343383789e+00,1.176270008087158203e+00,9.917178153991699219e-01
-1.123454213142395020e+00,2.829451560974121094e-01,1.121153116226196289e+00
-1.338219642639160156e-01,1.229713916778564453e+00,2.803549170494079590e-01
-1.071575880050659180e+00,5.550125837326049805e-01,1.276306152343750000e+00
-1.418657302856445312e+00,1.963816046714782715e+00,3.692880272865295410e-01
-1.416415572166442871e+00,9.767442345619201660e-01,9.898867607116699219e-01
8.729525804519653320e-01,-3.765104115009307861e-01,1.165579319000244141e+00
7.808628678321838379e-01,-1.183868527412414551e+00,9.529042243957519531e-01
1.102502465248107910e+00,-5.799447298049926758e-01,1.019171237945556641e+00
1.530741214752197266e+00,-4.980521202087402344e-01,6.481675505638122559e-01
1.425504446029663086e+00,-1.192317008972167969e+00,9.097371101379394531e-01
-1.358355998992919922e+00,4.554409682750701904e-01,9.899287223815917969e-01
-7.272274494171142578e-01,2.051685094833374023e+00,3.028354644775390625e-01
-6.926965713500976562e-01,-5.091781020164489746e-01,5.359516739845275879e-01
-1.196030497550964355e+00,2.032524108886718750e+00,9.118661880493164062e-01
3.972749710083007812e-01,8.557439446449279785e-01,4.896703958511352539e-01
-1.414617449045181274e-01,-1.147287845611572266e+00,3.653976321220397949e-01
-1.232102394104003906e+00,2.168988227844238281e+00,6.458383202552795410e-01
-1.320907622575759888e-01,1.535072326660156250e+00,5.852749347686767578e-01
-1.702903658151626587e-01,1.124429345130920410e+00,1.256518840789794922e+00
3.761825561523437500e-01,-1.818067908287048340e+00,6.434431076049804688e-01
3.755898177623748779e-01,-1.828402996063232422e+00,2.084033191204071045e-01
-8.013255000114440918e-01,7.313714623451232910e-01,1.356908321380615234e+00
2.095748901367187500e+00,-1.292944431304931641e+00,4.862330555915832520e-01
1.961100578308105469e+00,-9.864883422851562500e-01,3.204681277275085449e-01
-1.335119605064392090e+00,7.765939235687255859e-01,1.007990360260009766e+00
1.640397906303405762e+00,-9.930421113967895508e-01,8.895788192749023438e-01
2.234722614288330078e+00,-1.590884089469909668e+00,4.255059659481048584e-01
-1.211086750030517578e+00,1.305838942527770996e+00,2.911987304687500000e-01
-6.043672561645507812e-01,2.022584915161132812e+00,7.060850262641906738e-01
-1.057707190513610840e+00,1.210010126233100891e-01,5.098605155944824219e-01
7.690142393112182617e-01,-1.994897723197937012e+00,1.007213592529296875e-01
1.405360698699951172e+00,-7.863697409629821777e-01,9.325418472290039062e-01
-3.007242381572723389e-01,1.672447681427001953e+00,2.737200856208801270e-01
1.499550461769104004e+00,-2.317880153656005859e+00,3.341884613037109375e-01
-7.588744759559631348e-01,2.080497264862060547e+00,8.705929517745971680e-01
1.838522911071777344e+00,-8.388255238533020020e-01,6.185488700866699219e-01
-8.231534957885742188e-01,9.376545548439025879e-01,1.230437278747558594e+00
-1.858379840850830078e+00,9.208508133888244629e-01,4.424125552177429199e-01
-6.001116633415222168e-01,1.805742830038070679e-01,1.397931098937988281e+00
8.175854086875915527e-01,-2.213062763214111328e+00,4.113134741783142090e-01
-6.480460166931152344e-01,-5.127838253974914551e-01,3.268935978412628174e-01
2.334088087081909180e-01,-1.395075321197509766e+00,9.200305938720703125e-01
-1.219512939453125000e+00,9.313594549894332886e-02,3.608300685882568359e-01
-2.959303855895996094e-01,1.424996972084045410e+00,2.754684388637542725e-01
1.809138298034667969e+00,-1.110871315002441406e+00,1.109503135085105896e-01
1.496928334236145020e-01,-5.488137006759643555e-01,1.340314865112304688e+00
1.975202560424804688e+00,-1.549793839454650879e+00,2.911987304687500000e-01
-1.588871479034423828e+00,6.128407716751098633e-01,3.398886024951934814e-01
4.634925723075866699e-01,1.822990775108337402e-01,1.344462394714355469e+00
-2.114238739013671875e-01,-6.992689371109008789e-01,2.911996543407440186e-01
-2.113046646118164062e-01,6.992583870887756348e-01,2.911947667598724365e-01
2.101686000823974609e-01,3.617128431797027588e-01,1.394799232482910156e+00
-3.486088514328002930e-01,1.430511247235699557e-06,1.415219306945800781e+00
1.479083150625228882e-01,-1.810071021318435669e-01,1.385565757751464844e+00
-1.416075080633163452e-01,-1.141272068023681641e+00,8.252869844436645508e-01
9.440441727638244629e-01,-2.375772953033447266e+00,6.113747954368591309e-01
2.411927729845046997e-01,1.014888286590576172e+00,8.435273766517639160e-01
8.062715530395507812e-01,1.996427625417709351e-01,1.013201713562011719e+00
-7.943181991577148438e-01,3.632375895977020264e-01,1.371222496032714844e+00
1.451991081237792969e+00,-5.379731059074401855e-01,3.478973209857940674e-01
-3.875686600804328918e-02,3.603723943233489990e-01,1.415849685668945312e+00
1.654244661331176758e+00,-9.242787361145019531e-01,4.361175373196601868e-02
4.650306701660156250e-02,1.227396965026855469e+00,8.782879710197448730e-01
-3.906936571002006531e-02,1.348256887467869092e-06,1.411770343780517578e+00
1.274375915527343750e+00,-1.305831909179687500e+00,2.912058830261230469e-01
-1.046213150024414062e+00,9.595541357994079590e-01,1.095663070678710938e+00
9.784669280052185059e-01,-2.207159042358398438e+00,7.997938394546508789e-01
1.274727821350097656e+00,-1.845421493053436279e-01,6.775807142257690430e-01
4.006266593933105469e-01,-3.645958900451660156e-01,1.350357055664062500e+00
-4.591029584407806396e-01,1.832323551177978516e+00,8.482437133789062500e-01
-5.403854250907897949e-01,5.440201163291931152e-01,1.389726638793945312e+00
-2.870520055294036865e-01,3.603655993938446045e-01,1.415668964385986328e+00
2.344696037471294403e-02,-3.633316457271575928e-01,1.370069503784179688e+00
5.291595458984375000e-01,-1.705956578254699707e+00,1.947149634361267090e-01
-3.426936268806457520e-01,-9.289650917053222656e-01,5.150207281112670898e-01
-1.799094200134277344e+00,9.314683079719543457e-01,8.638793826103210449e-01
-1.654807567596435547e+00,1.381178140640258789e+00,9.806146621704101562e-01
-3.779641687870025635e-01,-8.291876912117004395e-01,3.213753700256347656e-01
-1.957442760467529297e+00,1.071830630302429199e+00,6.097974777221679688e-01
-4.110063016414642334e-01,1.800350099802017212e-01,1.414811134338378906e+00
1.987045288085937500e+00,-1.150248765945434570e+00,4.356195032596588135e-01
8.054537773132324219e-01,2.784728849292150699e-06,1.225482583045959473e+00
4.526855424046516418e-02,-1.380528926849365234e+00,4.759716689586639404e-01
-1.575317978858947754e+00,1.843627095222473145e+00,8.217549324035644531e-01
-1.566348075866699219e+00,7.860859632492065430e-01,9.347305297851562500e-01
1.102553844451904297e+00,2.746581913015688770e-06,4.337377846240997314e-01
-2.232022285461425781e-01,1.414120435714721680e+00,7.056312561035156250e-01
3.631838858127593994e-01,-1.556287527084350586e+00,3.217501640319824219e-01
-1.376772999763488770e+00,8.314648270606994629e-01,3.414578437805175781e-01
1.838522911071777344e+00,-8.388252258300781250e-01,1.521536260843276978e-01
6.749544143676757812e-01,-2.102069854736328125e+00,6.962612867355346680e-01
4.678252935409545898e-01,-1.631072759628295898e+00,6.735649108886718750e-01
2.173627376556396484e+00,-1.611280798912048340e+00,7.165420651435852051e-01
2.720262110233306885e-01,1.806188225746154785e-01,1.396756649017333984e+00
-4.933490753173828125e-01,-5.252717733383178711e-01,1.067299604415893555e+00
-8.749489784240722656e-01,-2.962672114372253418e-01,5.878925919532775879e-01
4.574966430664062500e-02,1.320837020874023438e+00,3.933471441268920898e-02
1.233447074890136719e+00,-2.469786167144775391e+00,3.976666033267974854e-01
1.575353622436523438e+00,-5.813111662864685059e-01,2.008023262023925781e-01
1.620175361633300781e+00,-2.190411329269409180e+00,2.979638576507568359e-01
-1.893129348754882812e+00,1.085500001907348633e+00,8.536282181739807129e-01
2.158600807189941406e+00,-1.791627645492553711e+00,4.372326433658599854e-01
-1.691514849662780762e+00,1.794049263000488281e+00,4.025845229625701904e-01
1.812756657600402832e+00,-1.797119736671447754e+00,2.911987304687500000e-01
3.066589310765266418e-02,1.066259026527404785e+00,3.020687103271484375e-01
2.172782123088836670e-01,-1.608268737792968750e+00,6.382925510406494141e-01
1.604065656661987305e+00,-8.742361068725585938e-01,7.191066741943359375e-01
-1.583668231964111328e+00,6.134301424026489258e-01,8.293234109878540039e-01
-1.639624953269958496e+00,1.308118462562561035e+00,3.039555549621582031e-01
1.102301597595214844e+00,-1.901006996631622314e-01,1.032037138938903809e+00
-1.479097962379455566e+00,1.554453969001770020e+00,3.131151199340820312e-01
-9.249215722084045410e-01,5.459806323051452637e-01,1.369447231292724609e+00
-1.103819847106933594e+00,2.612099349498748779e-01,2.359191775321960449e-01
-1.686769127845764160e-01,-7.450916767120361328e-01,1.251015663146972656e+00
-4.543206691741943359e-01,1.886164665222167969e+00,4.921922087669372559e-01
-1.750703155994415283e-01,2.431426048278808594e-01,2.911999523639678955e-01
3.755898177623748779e-01,-1.828402996063232422e+00,3.591277822852134705e-02
1.897795677185058594e+00,-1.995925426483154297e+00,3.340307474136352539e-01
1.701437354087829590e+00,-1.305823445320129395e+00,2.911581993103027344e-01
-8.987290859222412109e-01,2.054998159408569336e+00,3.146362304687500000e-01
1.998572349548339844e+00,-1.147603273391723633e+00,6.069810390472412109e-01
2.048917770385742188e+00,-1.305290341377258301e+00,3.195751905441284180e-01
-1.071889519691467285e+00,-5.133438110351562500e-02,5.954958796501159668e-01
1.539148211479187012e+00,-1.549794912338256836e+00,2.911977767944335938e-01
-1.059479594230651855e+00,1.800487160682678223e+00,3.048291206359863281e-01
1.377807259559631348e+00,-1.797122597694396973e+00,2.911987304687500000e-01
-3.619792163372039795e-01,1.114273786544799805e+00,1.308399200439453125e+00
-1.714068412780761719e+00,1.064675450325012207e+00,2.911987304687500000e-01
-8.923779726028442383e-01,2.238694190979003906e+00,6.821781992912292480e-01
-2.051256656646728516e+00,1.219758391380310059e+00,3.748565614223480225e-01
1.711205959320068359e+00,-6.854537725448608398e-01,4.516950845718383789e-01
-1.847705841064453125e+00,1.269928693771362305e+00,9.280999302864074707e-01
-1.839232444763183594e-01,9.310707449913024902e-01,2.911495864391326904e-01
1.521475791931152344e+00,-1.064670681953430176e+00,2.911863327026367188e-01
-9.065461754798889160e-01,2.163103580474853516e+00,8.606984019279479980e-01
1.156858801841735840e-01,1.096930503845214844e+00,5.120382308959960938e-01
-7.199252247810363770e-01,1.797123670578002930e+00,2.911987304687500000e-01
-7.426831722259521484e-01,2.185461521148681641e+00,4.126034379005432129e-01
1.409866452217102051e+00,-2.410583972930908203e+00,6.219300627708435059e-01
-5.053009092807769775e-02,1.175312399864196777e-01,2.911987304687500000e-01
-2.008697092533111572e-01,1.310482978820800781e+00,1.497085541486740112e-01
5.246794223785400391e-01,-2.008003711700439453e+00,2.017425447702407837e-01
9.446142315864562988e-01,-1.549800515174865723e+00,2.912058830261230469e-01
-8.817274570465087891e-01,1.549795746803283691e+00,2.911987304687500000e-01
4.526166915893554688e-01,-7.677931785583496094e-01,1.164381027221679688e+00
1.183810353279113770e+00,-1.064675927162170410e+00,2.912106513977050781e-01
1.262442946434020996e+00,-8.257743120193481445e-01,2.912235260009765625e-01
1.233751893043518066e+00,-2.235774993896484375e-01,2.945327758789062500e-01
1.022187471389770508e+00,-1.305831313133239746e+00,2.912011146545410156e-01
-1.121088266372680664e+00,1.064691424369812012e+00,2.913184165954589844e-01
-1.033344984054565430e+00,8.257763385772705078e-01,2.912325859069824219e-01
-1.173177719116210938e+00,9.388278424739837646e-02,8.206594586372375488e-01
9.298797249794006348e-01,-8.257755637168884277e-01,2.911987304687500000e-01
-1.445831298828125000e+00,4.483793973922729492e-01,8.477753996849060059e-01
6.765518188476562500e-01,-5.654380321502685547e-01,1.168820858001708984e+00
4.417193531990051270e-01,-1.305835843086242676e+00,2.912020683288574219e-01
1.810443401336669922e+00,-1.015982747077941895e+00,6.255136132240295410e-01
-1.361467838287353516e+00,2.641415596008300781e-01,5.435565114021301270e-01
1.561613440513610840e+00,-7.928408384323120117e-01,8.826055526733398438e-01
6.035442948341369629e-01,-1.064674377441406250e+00,2.911987304687500000e-01
-6.214929223060607910e-01,8.257647752761840820e-01,2.911186218261718750e-01
-3.452298641204833984e-01,-8.840289115905761719e-01,8.626428246498107910e-01
-9.446231126785278320e-01,-1.174780279397964478e-01,2.911992073059082031e-01
-2.961566150188446045e-01,1.064671277999877930e+00,2.912020683288574219e-01
1.845438480377197266e+00,-1.628728628158569336e+00,8.220825195312500000e-01
2.757098376750946045e-01,-1.064669966697692871e+00,2.911987304687500000e-01
-6.998255848884582520e-01,3.526755869388580322e-01,2.911357879638671875e-01
-1.056390047073364258e+00,2.219752788543701172e+00,3.600540161132812500e-01
1.740704536437988281e+00,-2.141337633132934570e+00,6.716973781585693359e-01
-1.408183693885803223e+00,6.278619766235351562e-01,1.898831129074096680e-01
-6.998319625854492188e-01,-3.526785671710968018e-01,2.911987304687500000e-01
6.794332861900329590e-01,-3.526806831359863281e-01,2.911987304687500000e-01
1.931686401367187500e-01,8.257831931114196777e-01,2.911987304687500000e-01
-5.363255143165588379e-01,1.174799352884292603e-01,2.911987304687500000e-01
-3.752357363700866699e-01,5.886141657829284668e-01,2.911686897277832031e-01
2.789993286132812500e-01,5.549774765968322754e-01,1.276693820953369141e+00
3.549169898033142090e-01,5.886096954345703125e-01,2.911987304687500000e-01
3.549172878265380859e-01,-5.886096954345703125e-01,2.911987304687500000e-01
4.348821938037872314e-01,-1.174843534827232361e-01,2.911987304687500000e-01
-3.707396984100341797e-01,-4.320998191833496094e-01,1.301412940025329590e+00
-3.740615844726562500e-01,-1.174766346812248230e-01,2.911987304687500000e-01
1.919793635606765747e-01,1.174878925085067749e-01,2.911987304687500000e-01
1.112390086054801941e-01,-3.526902198791503906e-01,2.911987304687500000e-01
-8.905288577079772949e-01,2.248567104339599609e+00,5.175709128379821777e-01
-7.139973044395446777e-01,1.119703292846679688e+00,1.171857833862304688e+00
9.250000119209289551e-02,-1.166220426559448242e+00,1.043075084686279297e+00
1.318243503570556641e+00,-3.666580021381378174e-01,9.309006929397583008e-01
1.804314970970153809e+00,-1.200147032737731934e+00,8.697485923767089844e-01
-1.759716510772705078e+00,1.113858699798583984e+00,9.369967579841613770e-01
-1.482550054788589478e-01,-8.663258552551269531e-01,1.143295288085937500e+00
-9.670195579528808594e-01,-9.720458835363388062e-02,9.179931282997131348e-01
-8.114466667175292969e-01,-3.171124458312988281e-01,8.720547556877136230e-01
9.470014572143554688e-01,-2.361286640167236328e+00,4.538841247558593750e-01
-1.382303476333618164e+00,3.375773131847381592e-01,-2.095460891723632812e-02
7.603127956390380859e-01,1.174781396985054016e-01,2.911987304687500000e-01
1.016963601112365723e+00,-3.806591331958770752e-01,1.101272106170654297e+00
1.709142923355102539e+00,-1.844353318214416504e+00,8.193030357360839844e-01
-1.382082700729370117e-01,1.281970500946044922e+00,1.065821170806884766e+00
2.108598232269287109e+00,-1.289556741714477539e+00,6.552789211273193359e-01
-6.083003282546997070e-01,-1.530065536499023438e-01,1.280906677246093750e+00
1.087261676788330078e+00,-2.430720806121826172e+00,3.454385399818420410e-01
-1.596005678176879883e+00,1.588651418685913086e+00,9.741053581237792969e-01
-1.134087204933166504e+00,1.549795627593994141e+00,2.911987304687500000e-01
1.819540023803710938e+00,-2.109239339828491211e+00,4.113757312297821045e-01
1.078229784965515137e+00,-2.468675136566162109e+00,6.559344530105590820e-01
-1.323940306901931763e-01,1.522481918334960938e+00,7.715881466865539551e-01
-6.755666732788085938e-01,-5.105621814727783203e-01,8.219279050827026367e-01
6.581796407699584961e-01,-1.836161911487579346e-01,1.303444862365722656e+00
4.833213612437248230e-02,1.000283241271972656e+00,1.118035197257995605e+00
-1.549848556518554688e+00,1.917656064033508301e+00,6.834276914596557617e-01
-6.966357827186584473e-01,1.262694358825683594e+00,1.076953411102294922e+00
-5.056427046656608582e-02,3.527202606201171875e-01,2.911987304687500000e-01
1.563799977302551270e+00,-2.048411130905151367e+00,2.911972999572753906e-01
8.288384675979614258e-01,-7.719621062278747559e-01,1.043700218200683594e+00
1.398802280426025391e+00,-1.834234237670898438e+00,8.532271385192871094e-01
1.498113632202148438e+00,-2.065309047698974609e+00,8.136482238769531250e-01
-1.352889418601989746e+00,2.092206478118896484e+00,4.470334053039550781e-01
1.531286716461181641e+00,-1.617104172706604004e+00,8.661727905273437500e-01
1.840977072715759277e+00,-1.630013465881347656e+00,2.911999523639678955e-01
1.663228273391723633e+00,-1.403749823570251465e+00,8.822383880615234375e-01
1.291093111038208008e+00,-2.298415422439575195e+00,7.891469001770019531e-01
7.006896734237670898e-01,-9.733192324638366699e-01,1.010962009429931641e+00
-6.024326682090759277e-01,2.038520812988281250e+00,5.351034402847290039e-01
-1.510098934173583984e+00,4.431904256343841553e-01,9.919006377458572388e-02
1.231949090957641602e+00,-1.610911846160888672e+00,8.896718025207519531e-01
-4.452934265136718750e-01,1.354064583778381348e+00,1.098803043365478516e+00
-2.500285208225250244e-01,-9.979061484336853027e-01,8.597054481506347656e-01
-2.959303855895996094e-01,1.424996614456176758e+00,4.746917635202407837e-02
-1.509024620056152344e+00,4.432772696018218994e-01,7.136113047599792480e-01
-1.389755725860595703e+00,1.798431038856506348e+00,9.732141494750976562e-01
1.803173303604125977e+00,-1.001398921012878418e+00,8.381633758544921875e-01
-1.075824618339538574e+00,2.131812572479248047e+00,8.719840645790100098e-01
-1.447794795036315918e+00,1.586632370948791504e+00,9.817652702331542969e-01
1.711205959320068359e+00,-6.854537725448608398e-01,9.604308754205703735e-02
6.421623229980468750e-01,-1.842084884643554688e+00,6.140106171369552612e-02
6.792182922363281250e-01,5.376706123352050781e-01,7.686244249343872070e-01
-1.330034255981445312e+00,6.421551108360290527e-01,1.063308119773864746e+00
-1.233684659004211426e+00,4.176516532897949219e-01,1.206069886684417725e-01
1.268435001373291016e+00,-9.854106903076171875e-01,9.365363121032714844e-01
5.922927856445312500e-01,6.213356852531433105e-01,4.734764099121093750e-01
7.349619865417480469e-01,-3.734915852546691895e-01,1.212414741516113281e+00
9.656001329421997070e-01,-2.047927141189575195e+00,8.657093048095703125e-01
1.997117996215820312e+00,-1.492888569831848145e+00,7.943181991577148438e-01
-6.411550045013427734e-01,-2.168331146240234375e-01,2.911999523639678955e-01
-9.443730711936950684e-01,-1.999713033437728882e-01,7.961354255676269531e-01
4.320713579654693604e-01,-1.173115372657775879e+00,1.007835865020751953e+00
-1.665942370891571045e-01,9.184395670890808105e-01,1.348657131195068359e+00
9.303968548774719238e-01,-1.393591165542602539e+00,9.265089035034179688e-01
-6.063879132270812988e-01,1.808649420738220215e+00,9.389734268188476562e-01
5.608271956443786621e-01,-9.665666818618774414e-01,1.052509307861328125e+00
-9.595288038253784180e-01,1.305841088294982910e+00,2.911987304687500000e-01
-1.835103034973144531e+00,1.451040267944335938e+00,3.348419070243835449e-01
9.740643501281738281e-01,1.942339241504669189e-01,7.131636142730712891e-01
9.629470854997634888e-02,-1.413194060325622559e+00,8.411154747009277344e-01
8.784126043319702148e-01,-1.820142030715942383e+00,9.004507064819335938e-01
6.646772623062133789e-01,-2.176651954650878906e+00,3.580938577651977539e-01
2.398421019315719604e-01,-1.048365592956542969e+00,1.109940052032470703e+00
1.905042648315429688e+00,-1.976811408996582031e+00,6.959240436553955078e-01
-9.193979501724243164e-01,1.039886474609375000e+00,1.123756051063537598e+00
-1.290189146995544434e+00,1.378119945526123047e+00,9.939570426940917969e-01
-1.157346367835998535e+00,1.583316922187805176e+00,9.943389892578125000e-01
-1.099985122680664062e+00,1.308078765869140625e-01,2.899902164936065674e-01
-7.102880477905273438e-01,-5.077584981918334961e-01,6.756001114845275879e-01
-1.211386084556579590e+00,1.176450371742248535e+00,9.908161163330078125e-01
-8.751059770584106445e-01,1.584169864654541016e+00,9.911041259765625000e-01
6.794329881668090820e-01,3.526806533336639404e-01,2.911987304687500000e-01
-1.007911920547485352e+00,1.378668904304504395e+00,9.915685653686523438e-01
6.816746592521667480e-01,5.143094062805175781e-01,4.796288907527923584e-01
-5.289652943611145020e-01,1.592105865478515625e+00,9.610118865966796875e-01
5.813598632812500000e-02,1.128167748451232910e+00,9.904026389122009277e-01
-4.879331588745117188e-02,-1.244940400123596191e+00,8.353247046470642090e-01
-6.986904144287109375e-02,-1.241166234016418457e+00,4.394192397594451904e-01
5.475997924804687500e-03,1.369351983070373535e+00,6.036669611930847168e-01
5.783297419548034668e-01,-1.389629483222961426e+00,9.437832832336425781e-01
-1.412127017974853516e+00,1.000772833824157715e+00,2.911996543407440186e-01
4.519754648208618164e-01,7.766437530517578125e-01,3.894473314285278320e-01
-7.294633388519287109e-01,1.379179358482360840e+00,9.893503189086914062e-01
7.808680534362792969e-01,4.013316333293914795e-01,5.278416275978088379e-01
-5.379934310913085938e-01,-5.886123776435852051e-01,2.911987304687500000e-01
2.402715981006622314e-01,1.037741184234619141e+00,5.053991675376892090e-01
-1.739388465881347656e+00,7.681621909141540527e-01,3.318176269531250000e-01
-1.025283932685852051e+00,1.888554692268371582e-01,1.140949726104736328e+00
9.441170692443847656e-01,1.951990872621536255e-01,4.456217885017395020e-01
1.892391204833984375e+00,-1.171967387199401855e+00,2.688116431236267090e-01
4.603138864040374756e-01,6.618170738220214844e-01,9.668481349945068359e-01
-2.977089583873748779e-01,1.725868225097656250e+00,5.655746459960937500e-01
-1.079045176506042480e+00,-4.951953887939453125e-03,3.630685210227966309e-01
-1.073537945747375488e+00,2.212524123024195433e-06,8.620553016662597656e-01
4.615200757980346680e-01,1.354217374682775699e-06,1.365656852722167969e+00
-8.275947570800781250e-01,-9.945117682218551636e-02,1.079688429832458496e+00
2.229252338409423828e+00,-1.592710375785827637e+00,5.949380397796630859e-01
-5.381278395652770996e-01,1.392364310959237628e-06,1.387071609497070312e+00
-7.304593324661254883e-01,1.816632300615310669e-01,1.364071369171142578e+00
5.962115526199340820e-01,-1.831688165664672852e+00,8.617544174194335938e-01
2.504060566425323486e-01,7.862515449523925781e-01,1.087660670280456543e+00
1.785087585449218750e+00,-2.123266696929931641e+00,5.398025512695312500e-01
1.643375873565673828e+00,-6.942449808120727539e-01,8.217875361442565918e-01
-6.702069640159606934e-01,7.282378077507019043e-01,1.381078243255615234e+00
5.960554480552673340e-01,1.841716319322586060e-01,1.286271095275878906e+00
1.121731281280517578e+00,3.204345603080582805e-06,7.614668011665344238e-01
3.715991973876953125e-01,6.427351236343383789e-01,1.088828086853027344e+00
-1.407783985137939453e+00,1.807994008064270020e+00,3.352999687194824219e-01
2.161506175994873047e+00,-1.615327715873718262e+00,3.183743357658386230e-01
1.206188201904296875e-01,8.916006088256835938e-01,1.134187698364257812e+00
-4.097793623805046082e-02,-9.491370320320129395e-01,1.159802436828613281e+00
2.356319427490234375e-01,-1.537984132766723633e+00,2.973107695579528809e-01
9.390264749526977539e-01,-1.882991790771484375e-01,1.158192157745361328e+00
-8.919143676757812500e-01,-2.954471409320831299e-01,7.233555316925048828e-01
-6.650763750076293945e-01,3.620789945125579834e-01,1.389166355133056641e+00
1.843402862548828125e+00,-1.009530305862426758e+00,3.639221191406250000e-02
-6.273835897445678711e-01,1.305853605270385742e+00,2.912755012512207031e-01
-5.064673423767089844e-01,-7.354295253753662109e-01,5.535033941268920898e-01
-2.302112579345703125e-01,-4.665823280811309814e-01,2.911996543407440186e-01
-2.933975160121917725e-01,3.526827096939086914e-01,2.911987304687500000e-01
1.531004309654235840e-01,7.475071549415588379e-01,1.232456684112548828e+00
1.525686681270599365e-01,-7.449110150337219238e-01,1.252489089965820312e+00
6.817347407341003418e-01,-2.052874088287353516e+00,8.164999485015869141e-01
5.316461920738220215e-01,-1.941722393035888672e+00,7.738190889358520508e-01
-1.341109752655029297e+00,2.737193107604980469e-01,7.978358268737792969e-01
-5.976763963699340820e-01,-2.725887298583984375e-01,1.181251764297485352e+00
-2.295764088630676270e-01,-5.512943863868713379e-01,1.314697265625000000e+00
1.579794883728027344e+00,-6.156449913978576660e-01,6.261034011840820312e-01
-1.968597888946533203e+00,1.413536071777343750e+00,7.951272130012512207e-01
-1.219512939453125000e+00,9.313587099313735962e-02,4.896559119224548340e-01
-1.333395957946777344e+00,5.377683639526367188e-01,2.429806441068649292e-01
-1.743212223052978516e+00,7.676041126251220703e-01,6.881823539733886719e-01
-4.083247780799865723e-01,2.337431907653808594e-01,2.911999523639678955e-01
1.197556734085083008e+00,-1.549797773361206055e+00,2.912020683288574219e-01
-4.827180504798889160e-01,9.142361283302307129e-01,1.374530792236328125e+00
-2.872200012207031250e-01,-1.803842484951019287e-01,1.403912544250488281e+00
-4.677667617797851562e-01,-7.398121356964111328e-01,3.372232019901275635e-01
3.361221253871917725e-01,-1.815835088491439819e-01,1.366772651672363281e+00
-1.703361153602600098e+00,1.757590293884277344e+00,7.762463092803955078e-01
1.875992655754089355e+00,-8.839635848999023438e-01,5.058081150054931641e-01
-9.812438488006591797e-01,1.792907482922601048e-06,9.986157417297363281e-01
-1.447267055511474609e+00,1.180272340774536133e+00,2.911996543407440186e-01
-2.025354862213134766e+00,1.226142048835754395e+00,7.215124368667602539e-01
3.616080284118652344e-01,8.603687882423400879e-01,8.671247959136962891e-01
5.248087048530578613e-01,-2.262148857116699219e-01,2.911996543407440186e-01
9.605129957199096680e-01,2.985286712646484375e-02,9.908364415168762207e-01
-2.135105878114700317e-01,-8.257719874382019043e-01,2.911987304687500000e-01
2.359268069267272949e-02,-5.478791594505310059e-01,1.349989891052246094e+00
-5.482352972030639648e-01,1.549813628196716309e+00,2.912936210632324219e-01
-1.250296473503112793e+00,2.068310737609863281e+00,3.620162010192871094e-01
-3.532347083091735840e-01,7.274196743965148926e-01,1.387409687042236328e+00
-1.039955615997314453e+00,6.750091910362243652e-01,1.255852222442626953e+00
-1.020758002996444702e-01,7.285009622573852539e-01,1.379032135009765625e+00
-1.911822795867919922e+00,1.608053803443908691e+00,5.713250637054443359e-01
2.011453866958618164e+00,-1.049682259559631348e+00,1.885399818420410156e-01
1.476225256919860840e-01,1.349449007648217957e-06,1.395572185516357422e+00
-1.241991281509399414e+00,2.130215644836425781e+00,7.646191120147705078e-01
1.047762393951416016e+00,3.623962356869014911e-06,3.053292632102966309e-01
2.464808672666549683e-01,8.836541175842285156e-01,1.000835418701171875e+00
-1.014952063560485840e-01,-3.629358708858489990e-01,1.376196384429931641e+00
1.413424015045166016e+00,-3.605152368545532227e-01,6.621975302696228027e-01
-1.224962472915649414e+00,1.456954479217529297e+00,2.911996543407440186e-01
-2.259838879108428955e-01,5.426668524742126465e-01,1.403668880462646484e+00
2.338455058634281158e-02,5.430502295494079590e-01,1.399789333343505859e+00
1.393625736236572266e+00,-3.617930114269256592e-01,4.131884574890136719e-01
3.809982836246490479e-01,-1.753938674926757812e+00,8.002521991729736328e-01
-1.628745079040527344e+00,6.083248257637023926e-01,4.578414857387542725e-01
2.333221398293972015e-02,-1.808661222457885742e-01,1.389922142028808594e+00
-1.145554542541503906e+00,2.625548243522644043e-01,5.644500628113746643e-02
-7.202175855636596680e-01,-3.921032547950744629e-01,9.240107536315917969e-01
1.535687923431396484e+00,-5.298573374748229980e-01,7.731122970581054688e-01
-2.243942171335220337e-01,1.363754108751891181e-06,1.418105125427246094e+00
-1.556031703948974609e+00,6.165601015090942383e-01,2.202017158269882202e-01
8.529204875230789185e-02,3.604445159435272217e-01,1.414628505706787109e+00
