1.608410596847534180e+00,-1.764285564422607422e+00,4.028298854827880859e-01
-1.501801133155822754e+00,1.815185070037841797e+00,5.779312252998352051e-01
-5.730677843093872070e-01,-5.495738983154296875e-01,1.132617354393005371e+00
1.160643219947814941e+00,2.044758796691894531e-01,4.302774071693420410e-01
-1.732818603515625000e+00,2.547722458839416504e-01,3.652282804250717163e-02
-1.424298882484436035e-01,1.107303142547607422e+00,1.234134793281555176e+00
2.218379974365234375e-01,-1.326991558074951172e+00,2.009677141904830933e-01
-1.395498752593994141e+00,5.512393116950988770e-01,1.315182209014892578e+00
-3.681316971778869629e-01,1.492085695266723633e+00,1.969337463378906250e-02
2.108369827270507812e+00,-6.339789628982543945e-01,6.389583945274353027e-01
-5.015258491039276123e-02,1.166531741619110107e-01,2.367272377014160156e-01
8.248057365417480469e-01,-7.682061791419982910e-01,1.072679519653320312e+00
3.968469202518463135e-01,1.806721687316894531e-01,1.394921302795410156e+00
-9.382421374320983887e-01,-3.499289155006408691e-01,2.344198226928710938e-01
-2.094096660614013672e+00,8.786340355873107910e-01,7.018588185310363770e-01
1.247202992439270020e+00,-8.158056735992431641e-01,2.032055854797363281e-01
7.474761605262756348e-01,-1.850867986679077148e+00,7.974820137023925781e-01
4.440858066082000732e-01,8.852691650390625000e-01,5.192672610282897949e-01
-8.573071360588073730e-01,5.831928849220275879e-01,2.241568565368652344e-01
-6.363837122917175293e-01,1.758906841278076172e+00,8.632136583328247070e-01
-5.319276452064514160e-01,3.573079109191894531e-01,1.463088035583496094e+00
4.724796116352081299e-02,-1.134879112243652344e+00,1.025837659835815430e+00
-1.164953112602233887e+00,1.316939830780029297e+00,1.260581970214843750e+00
5.910992026329040527e-01,-3.486586809158325195e-01,2.081103324890136719e-01
-1.506954908370971680e+00,1.091297626495361328e+00,2.450833022594451904e-01
-1.845262646675109863e-01,-6.342887878417968750e-01,2.221993952989578247e-01
-1.260785102844238281e+00,-9.247150272130966187e-02,8.732923865318298340e-01
7.041803002357482910e-01,-1.889989376068115234e+00,3.572601079940795898e-02
1.724538683891296387e+00,-2.474718093872070312e-01,5.159667879343032837e-02
1.433797836303710938e+00,-1.199253916740417480e+00,8.743042945861816406e-01
1.467355608940124512e+00,-3.914508819580078125e-01,9.340496063232421875e-01
-2.117108106613159180e-01,8.188108801841735840e-01,2.297348976135253906e-01
1.860004425048828125e+00,-1.179398536682128906e+00,2.119543403387069702e-01
-1.825107216835021973e+00,1.382895469665527344e+00,1.032983660697937012e+00
2.146444618701934814e-01,-5.536467432975769043e-01,1.290482521057128906e+00
1.153170585632324219e+00,1.905587017536163330e-01,1.088077545166015625e+00
-1.341881752014160156e-01,1.396693706512451172e+00,6.157206296920776367e-01
-9.489147663116455078e-01,1.937052249908447266e+00,2.642340064048767090e-01
8.450512290000915527e-01,-1.290061950683593750e+00,2.031383514404296875e-01
5.924575924873352051e-01,3.494598567485809326e-01,2.246732711791992188e-01
-1.732818603515625000e+00,2.547723352909088135e-01,6.831046938896179199e-01
6.789430379867553711e-01,5.402822494506835938e-01,9.882128834724426270e-01
-9.526383876800537109e-01,1.296463489532470703e+00,2.388401031494140625e-01
-2.240278571844100952e-01,-1.795712858438491821e-01,1.429571628570556641e+00
-7.332941889762878418e-01,9.080573320388793945e-01,1.412533760070800781e+00
-9.204092025756835938e-01,-9.795566648244857788e-02,1.343570351600646973e+00
2.533690929412841797e-01,7.127289772033691406e-01,1.317456483840942383e+00
-3.417538404464721680e-01,-9.456105232238769531e-01,6.492465138435363770e-01
-1.274181604385375977e+00,1.173662543296813965e-01,2.842440605163574219e-01
-1.126627683639526367e+00,1.901925086975097656e+00,1.032899022102355957e+00
5.093040466308593750e-01,-1.390606760978698730e+00,9.395270347595214844e-01
7.988933920860290527e-01,-1.865019202232360840e-01,1.213915348052978516e+00
-6.127883791923522949e-01,1.165570020675659180e-01,2.338147163391113281e-01
3.517602384090423584e-01,-8.158755898475646973e-01,2.037410736083984375e-01
1.185325264930725098e+00,-2.018601417541503906e+00,5.482255220413208008e-01
-8.532404899597167969e-01,-4.962182044982910156e-01,7.294511198997497559e-01
1.862886905670166016e+00,-1.354335904121398926e+00,6.881959438323974609e-01
-1.857479572296142578e+00,5.824193358421325684e-01,1.023861646652221680e+00
-1.436162948608398438e+00,5.841463804244995117e-01,2.359094619750976562e-01
1.724538207054138184e+00,-2.474713325500488281e-01,5.479104518890380859e-01
1.076417803764343262e+00,-3.483055830001831055e-01,2.008152008056640625e-01
-1.814634323120117188e+00,1.415127277374267578e+00,4.318872094154357910e-01
1.342252731323242188e+00,-1.289687275886535645e+00,2.010488510131835938e-01
1.969994068145751953e+00,-6.519119739532470703e-01,1.475823968648910522e-01
-1.953492045402526855e+00,8.204479813575744629e-01,2.441935539245605469e-01
1.170127034187316895e+00,-1.625793457031250000e+00,8.332266807556152344e-01
-1.630218505859375000e+00,9.617129564285278320e-01,1.205430269241333008e+00
1.712302327156066895e+00,-7.948692440986633301e-01,8.669533729553222656e-01
-3.847595304250717163e-02,3.577617108821868896e-01,1.456302642822265625e+00
-4.949662685394287109e-01,1.428655147552490234e+00,1.171086549758911133e+00
1.911254823207855225e-01,5.842133760452270508e-01,2.365756034851074219e-01
-5.106320381164550781e-01,1.723351955413818359e+00,3.952813744544982910e-01
3.908876478672027588e-01,-1.617769241333007812e+00,5.173510909080505371e-01
2.429693937301635742e-01,9.707837104797363281e-01,9.180459380149841309e-01
-1.379813313484191895e+00,1.539528489112854004e+00,2.429146766662597656e-01
9.223275780677795410e-01,-1.186820149421691895e+00,9.378333091735839844e-01
1.406464576721191406e-01,1.114759087562561035e+00,2.793066203594207764e-01
-9.770601391792297363e-01,3.597532212734222412e-01,1.425171852111816406e+00
1.261579513549804688e+00,-7.852939963340759277e-01,9.408454895019531250e-01
-2.151432037353515625e-01,-7.684238553047180176e-01,1.272386789321899414e+00
2.549076080322265625e-02,-1.258244156837463379e+00,6.045106649398803711e-01
-1.429276317358016968e-01,-1.086708068847656250e+00,2.377355843782424927e-01
-2.868507206439971924e-01,7.187381386756896973e-01,1.454369068145751953e+00
1.107239007949829102e+00,-1.774701476097106934e+00,2.002391815185546875e-01
-6.136164665222167969e-01,-7.232937216758728027e-01,4.011477530002593994e-01
1.386717796325683594e+00,2.593994167909841053e-06,7.271404862403869629e-01
4.221423268318176270e-01,-9.569585919380187988e-01,1.111631393432617188e+00
-1.537090778350830078e+00,1.693352699279785156e+00,1.029498219490051270e+00
-6.186703443527221680e-01,1.055412888526916504e+00,2.277598381042480469e-01
9.024031758308410645e-01,4.515490531921386719e-01,6.337299942970275879e-01
8.372332453727722168e-01,-8.158942461013793945e-01,2.039537429809570312e-01
1.101681515574455261e-01,-3.492951095104217529e-01,2.210106849670410156e-01
1.440394282341003418e+00,-5.550336837768554688e-02,2.894226014614105225e-01
-5.329229831695556641e-01,-3.500813841819763184e-01,2.372789382934570312e-01
-1.132855415344238281e+00,9.185709357261657715e-01,1.347840309143066406e+00
-9.443504214286804199e-01,1.961401462554931641e+00,6.640615463256835938e-01
2.094405412673950195e+00,-1.033024549484252930e+00,6.435623168945312500e-01
-1.446710824966430664e+00,1.907546520233154297e-01,1.081997394561767578e+00
1.575767159461975098e+00,-5.814641714096069336e-01,2.026925086975097656e-01
-1.909905433654785156e+00,4.109152853488922119e-01,3.755776882171630859e-01
1.092883467674255371e+00,-3.835890591144561768e-01,1.055874347686767578e+00
2.099861055612564087e-01,-1.807942986488342285e-01,1.391408920288085938e+00
8.501018881797790527e-01,-2.022673606872558594e+00,3.713671863079071045e-01
7.906286716461181641e-01,1.845725923776626587e-01,1.273774623870849609e+00
-1.114961147308349609e+00,-2.846582233905792236e-01,5.648558139801025391e-01
-8.383111357688903809e-01,1.565536022186279297e+00,1.215047001838684082e+00
-7.659853696823120117e-01,1.621906280517578125e+00,1.558856219053268433e-01
5.905062556266784668e-01,-1.498915195465087891e+00,5.182218551635742188e-02
2.145031929016113281e+00,-9.504778981208801270e-01,2.537707388401031494e-01
-4.871833622455596924e-01,1.376077055931091309e+00,6.833748817443847656e-01
-9.637451171875000000e-01,9.371581077575683594e-01,2.326431274414062500e-01
-1.957307815551757812e+00,1.242914676666259766e+00,7.313819527626037598e-01
-5.940348505973815918e-01,1.277923502129851840e-06,1.451823711395263672e+00
-5.588562488555908203e-01,-7.095360755920410156e-01,8.180716037750244141e-01
-9.851269721984863281e-01,-2.909384965896606445e-01,9.845826625823974609e-01
9.667122960090637207e-01,-1.512622833251953125e-02,2.060476690530776978e-01
9.396276473999023438e-01,3.910862505435943604e-01,2.440838515758514404e-01
-1.977041244506835938e+00,8.995983004570007324e-01,1.068406939506530762e+00
-5.368129014968872070e-01,-3.605937361717224121e-01,1.412286281585693359e+00
5.962725877761840820e-01,-1.051847696304321289e+00,2.033567428588867188e-01
-4.526553153991699219e-01,5.835815668106079102e-01,2.289566993713378906e-01
5.414537191390991211e-01,-5.614600181579589844e-01,1.209857463836669922e+00
3.506414592266082764e-01,1.164249777793884277e-01,2.256712913513183594e-01
-2.909574806690216064e-01,-1.166244000196456909e-01,2.375340461730957031e-01
7.296185493469238281e-01,6.080199480056762695e-01,3.931948840618133545e-01
-1.377827078104019165e-01,1.299555778503417969e+00,2.924987673759460449e-01
1.862921237945556641e+00,-4.981272816658020020e-01,8.438529968261718750e-01
1.487924575805664062e+00,-1.651322245597839355e+00,7.363867759704589844e-01
1.785751938819885254e+00,-1.538038134574890137e+00,2.358946800231933594e-01
7.000359892845153809e-01,-1.563757300376892090e+00,3.568935394287109375e-01
-1.530603766441345215e+00,1.336586475372314453e+00,1.174963951110839844e+00
-1.484679818153381348e+00,3.625789582729339600e-01,4.959263801574707031e-01
-1.994783401489257812e+00,5.668687820434570312e-01,6.525173783302307129e-01
-1.374777555465698242e-01,1.312181949615478516e+00,9.302311539649963379e-01
-9.363433718681335449e-01,1.164482086896896362e-01,2.272911071777343750e-01
-4.201721847057342529e-01,1.097623944282531738e+00,1.393449306488037109e+00
-1.161344528198242188e+00,9.407317638397216797e-02,1.290324687957763672e+00
-1.314447045326232910e+00,1.846120834350585938e+00,3.319711089134216309e-01
-2.038186550140380859e+00,1.054668068885803223e+00,4.296429455280303955e-01
4.722000658512115479e-01,4.981679916381835938e-01,1.364897131919860840e+00
1.381095528602600098e+00,-1.927499294281005859e+00,2.696740627288818359e-01
-1.188168644905090332e+00,1.623445034027099609e+00,1.152867674827575684e+00
1.804213523864746094e-01,1.108294129371643066e+00,5.851803421974182129e-01
2.255358844995498657e-01,-1.403363704681396484e+00,7.887769937515258789e-01
9.163059592247009277e-01,3.506565093994140625e-01,9.452325105667114258e-01
-2.840328812599182129e-01,1.783827096223831177e-01,1.466005325317382812e+00
1.586915254592895508e+00,-1.051488161087036133e+00,2.009029388427734375e-01
6.661632657051086426e-01,6.618733406066894531e-01,6.823309063911437988e-01
1.161633253097534180e+00,1.986846923828125000e-01,7.387289404869079590e-01
4.532177746295928955e-01,7.595248222351074219e-01,9.519438147544860840e-01
-1.621648788452148438e+00,4.341858625411987305e-01,1.129747390747070312e+00
-1.571875929832458496e+00,1.128635406494140625e-01,2.927764952182769775e-01
-1.336613178253173828e+00,-9.124965220689773560e-02,5.430169701576232910e-01
-1.310376524925231934e+00,1.862078189849853516e+00,8.067199587821960449e-01
-3.495221734046936035e-01,-8.079915046691894531e-01,1.014006376266479492e+00
-2.433965951204299927e-01,-1.163502812385559082e+00,1.056939125061035156e+00
-1.379802703857421875e+00,2.701058983802795410e-01,5.806792899966239929e-02
-7.554512023925781250e-01,1.304250359535217285e+00,1.315889358520507812e+00
-1.762779831886291504e+00,5.805433392524719238e-01,1.912999153137207031e-01
4.343176186084747314e-01,8.196153044700622559e-01,2.368273735046386719e-01
-1.610864400863647461e+00,8.203918933868408203e-01,2.436742782592773438e-01
1.004597425460815430e+00,-1.051843047142028809e+00,2.033505439758300781e-01
8.958114683628082275e-02,9.429946541786193848e-01,1.197550296783447266e+00
-1.273813128471374512e+00,8.196163773536682129e-01,2.368273735046386719e-01
-5.329635739326477051e-01,1.734225153923034668e+00,3.598976135253906250e-02
-1.100512027740478516e+00,3.494708538055419922e-01,2.249093055725097656e-01
3.908873200416564941e-01,-1.617768764495849609e+00,2.168911695480346680e-01
-2.911212146282196045e-01,3.499464988708496094e-01,2.346310615539550781e-01
-1.099869847297668457e+00,-1.164633184671401978e-01,2.282614707946777344e-01
-7.746325731277465820e-01,-1.165589466691017151e-01,2.341227531433105469e-01
1.994359016418457031e+00,-4.853811562061309814e-01,4.259545803070068359e-01
-1.788541197776794434e+00,1.057680964469909668e+00,2.433218955993652344e-01
1.992803573608398438e+00,-1.320084691047668457e+00,4.385888576507568359e-01
3.016052208840847015e-02,-8.167915344238281250e-01,2.119169235229492188e-01
8.731859922409057617e-01,-1.613039255142211914e+00,8.815994262695312500e-01
-7.354605197906494141e-01,1.594991326332092285e+00,5.038080215454101562e-01
1.749443888664245605e+00,-8.155649304389953613e-01,2.010946273803710938e-01
5.312780737876892090e-01,-1.838909834623336792e-01,1.295063018798828125e+00
-1.529174327850341797e+00,8.814696967601776123e-02,7.705203294754028320e-01
1.916152983903884888e-01,-1.051728606224060059e+00,2.025308609008789062e-01
-3.079389035701751709e-01,1.544630050659179688e+00,3.410333096981048584e-01
-1.360482454299926758e+00,1.123661041259765625e+00,1.260447978973388672e+00
-1.795660495758056641e+00,1.462121844291687012e+00,7.612667679786682129e-01
-3.094618022441864014e-01,1.517666816711425781e+00,8.354249596595764160e-01
-1.428259611129760742e-01,-1.090930938720703125e+00,7.656803727149963379e-01
4.520577788352966309e-01,-1.628574132919311523e+00,8.226833343505859375e-01
-3.421105146408081055e-01,-9.392952919006347656e-01,3.788748085498809814e-01
2.437026984989643097e-02,-9.406682252883911133e-01,1.211886882781982422e+00
-8.743901848793029785e-01,1.775477766990661621e+00,1.050128459930419922e+00
-9.416257739067077637e-01,1.106494903564453125e+00,1.348131179809570312e+00
1.497000813484191895e+00,-3.709831833839416504e-01,6.697115898132324219e-01
-7.890939712524414062e-01,-3.004206120967864990e-01,1.230155944824218750e+00
1.522023916244506836e+00,-1.532552361488342285e+00,2.100777626037597656e-01
1.475358605384826660e+00,-3.452068567276000977e-01,1.367702484130859375e-01
-1.016580164432525635e-01,9.055058360099792480e-01,1.428269386291503906e+00
-1.020495593547821045e-01,-5.469003319740295410e-01,1.360010623931884766e+00
-8.916792869567871094e-01,-4.931153059005737305e-01,4.507085978984832764e-01
-9.212809801101684570e-01,7.242306470870971680e-01,1.412009239196777344e+00
-7.222414016723632812e-01,5.381108522415161133e-01,1.450600624084472656e+00
1.308696985244750977e+00,-1.933415234088897705e-01,1.001717567443847656e+00
2.365692146122455597e-02,1.373290956507844385e-06,1.424223899841308594e+00
-1.122538089752197266e+00,-9.469874948263168335e-02,1.095361113548278809e+00
1.039314150810241699e+00,-1.849819421768188477e+00,8.009972572326660156e-01
1.016006708145141602e+00,-1.530732750892639160e+00,2.015271186828613281e-01
1.616970658302307129e+00,-1.428458094596862793e+00,7.745571136474609375e-01
-1.142154216766357422e+00,1.645719528198242188e+00,2.445522993803024292e-01
4.577727317810058594e-01,-1.201612651348114014e-01,2.170263677835464478e-01
-7.818555235862731934e-01,1.788650602102279663e-01,1.450940132141113281e+00
-1.287354826927185059e+00,1.297609686851501465e+00,2.452440261840820312e-01
1.561843395233154297e+00,-1.752878576517105103e-01,8.278057575225830078e-01
-1.649489879608154297e+00,2.588029503822326660e-01,9.368929862976074219e-01
1.832326889038085938e+00,-1.542063236236572266e+00,5.170098543167114258e-01
3.294038772583007812e-02,1.132262587547302246e+00,9.939971566200256348e-01
1.003123402595520020e+00,1.335144020231382456e-06,1.169502258300781250e+00
2.474160194396972656e-01,-5.850729346275329590e-01,2.115637212991714478e-01
2.243711054325103760e-01,-1.432260036468505859e+00,4.719573855400085449e-01
7.036863565444946289e-01,-1.893574237823486328e+00,5.518872141838073730e-01
1.820461750030517578e+00,-1.014021873474121094e+00,8.029890060424804688e-01
1.118564486503601074e+00,-2.026258707046508789e+00,2.123436927795410156e-01
-5.402406454086303711e-01,1.294963002204895020e+00,2.304525375366210938e-01
7.523321509361267090e-01,1.162451505661010742e-01,2.146682739257812500e-01
1.822784423828125000e+00,-3.340982794761657715e-01,2.661257982254028320e-01
-3.521713912487030029e-01,-5.445823073387145996e-01,1.383910179138183594e+00
5.179196000099182129e-01,-1.290310382843017578e+00,2.045125961303710938e-01
1.077704429626464844e+00,-1.400914311408996582e+00,8.945999145507812500e-01
1.955732226371765137e+00,-8.030545115470886230e-01,8.038024902343750000e-01
1.266485214233398438e+00,-1.530511498451232910e+00,2.004747390747070312e-01
-7.434897422790527344e-01,-5.050783157348632812e-01,9.549793601036071777e-01
-1.288149714469909668e+00,1.949228763580322266e+00,5.580720305442810059e-01
-1.196217656135559082e+00,1.057127237319946289e+00,2.394995689392089844e-01
-6.971033811569213867e-01,8.182938694953918457e-01,2.251119613647460938e-01
-1.424560099840164185e-01,-1.106208801269531250e+00,4.993363916873931885e-01
-2.933868467807769775e-01,1.054714202880859375e+00,2.230138778686523438e-01
2.090594470500946045e-01,3.598040044307708740e-01,1.424378871917724609e+00
-5.363451838493347168e-01,7.190617322921752930e-01,1.451871395111083984e+00
-1.186094999313354492e+00,5.837360024452209473e-01,2.308325767517089844e-01
7.530221343040466309e-01,-5.811504721641540527e-01,1.988229751586914062e-01
1.057475924491882324e+00,-1.833855986595153809e+00,4.402513504028320312e-01
6.409940719604492188e-01,-1.181151747703552246e+00,9.667806625366210938e-01
7.501294016838073730e-01,-1.370162963867187500e-01,2.088091969490051270e-01
1.109478771686553955e-01,8.193644285202026367e-01,2.345480918884277344e-01
-4.718249440193176270e-01,1.689134597778320312e+00,6.906756162643432617e-01
-1.307107508182525635e-01,5.840168595314025879e-01,2.343077659606933594e-01
1.161212801933288574e+00,-5.816038846969604492e-01,2.044348716735839844e-01
-7.746023535728454590e-01,3.495402038097381592e-01,2.262749671936035156e-01
7.848563194274902344e-01,-1.638544917106628418e+00,1.157543882727622986e-01
2.936076223850250244e-01,-1.162613034248352051e+00,1.061491012573242188e+00
1.104193106293678284e-01,3.500909805297851562e-01,2.374620437622070312e-01
5.134609937667846680e-01,5.838789343833923340e-01,2.325463294982910156e-01
5.508697032928466797e-01,-1.758830547332763672e+00,3.875942826271057129e-01
1.092451453208923340e+00,-1.289873957633972168e+00,2.020988464355468750e-01
1.496641159057617188e+00,-8.156883716583251953e-01,2.021574974060058594e-01
-4.527709782123565674e-01,-5.837304592132568359e-01,2.308006286621093750e-01
1.781293869018554688e+00,-5.661897063255310059e-01,1.349401473999023438e-02
-2.106199562549591064e-01,-3.497178256511688232e-01,2.298135757446289062e-01
-1.246242880821228027e+00,3.631990849971771240e-01,1.371806621551513672e+00
-1.771966457366943359e+00,7.634056210517883301e-01,1.167480111122131348e+00
3.004852309823036194e-02,-1.164960861206054688e-01,2.288475036621093750e-01
-2.074915409088134766e+00,7.191683650016784668e-01,4.771734476089477539e-01
1.571637392044067383e+00,-9.958587288856506348e-01,8.722567558288574219e-01
4.624687135219573975e-02,-1.259057044982910156e+00,3.583264052867889404e-01
-1.767811894416809082e+00,6.115125417709350586e-01,5.749282836914062500e-01
1.177212476730346680e+00,1.074652671813964844e-01,2.034558057785034180e-01
1.053818345069885254e+00,-9.825555682182312012e-01,9.541382789611816406e-01
-1.835045337677001953e+00,4.169589281082153320e-01,8.472182750701904297e-01
-7.894704937934875488e-01,1.882162570953369141e+00,4.385958909988403320e-01
-1.712472319602966309e+00,1.297808051109313965e+00,2.463536262512207031e-01
1.369076609611511230e+00,-1.895945191383361816e+00,6.464161872863769531e-01
5.114999413490295410e-01,-5.816490650177001953e-01,2.049255371093750000e-01
-3.712046742439270020e-01,1.165794730186462402e-01,2.355175018310546875e-01
1.963172554969787598e+00,-8.337448835372924805e-01,3.616147041320800781e-01
-5.325259566307067871e-01,3.498205244541168213e-01,2.318859100341796875e-01
-6.514437794685363770e-01,1.634878635406494141e+00,1.069191217422485352e+00
3.504687547683715820e-01,-3.489792943000793457e-01,2.144403457641601562e-01
-3.238072991371154785e-01,1.263500690460205078e+00,1.202982783317565918e+00
-1.571877121925354004e+00,1.128649711608886719e-01,5.357497930526733398e-01
-1.990697860717773438e+00,1.064761757850646973e+00,8.956959247589111328e-01
-6.066311597824096680e-01,1.489126205444335938e+00,5.766391754150390625e-03
1.595538854598999023e+00,-1.289896011352539062e+00,2.022180557250976562e-01
1.335411906242370605e+00,-1.051642537117004395e+00,2.019600868225097656e-01
-2.046124458312988281e+00,7.233721613883972168e-01,8.756164312362670898e-01
7.901739478111267090e-01,-1.394506812095642090e+00,9.225201606750488281e-01
-1.551445007324218750e+00,7.441941499710083008e-01,1.257953166961669922e+00
3.485391139984130859e-01,-7.512136101722717285e-01,1.203845500946044922e+00
5.934734940528869629e-01,-8.153912425041198730e-01,1.995263099670410156e-01
1.639822006225585938e+00,-1.727743446826934814e-01,3.347238004207611084e-01
-1.732818603515625000e+00,2.547722458839416504e-01,3.878369033336639404e-01
-4.537747204303741455e-01,8.181809782981872559e-01,2.241320610046386719e-01
9.586027264595031738e-01,-5.758744478225708008e-01,1.061152458190917969e+00
2.165803432464599609e+00,-7.856369018554687500e-01,4.695327579975128174e-01
-5.322527885437011719e-01,-1.165878102183341980e-01,2.358322143554687500e-01
4.671974182128906250e-01,6.334654092788696289e-01,1.147940397262573242e+00
3.512890636920928955e-01,3.497960865497589111e-01,2.313265800476074219e-01
-1.407173275947570801e+00,1.542115330696105957e+00,1.150621414184570312e+00
7.426342368125915527e-01,3.773874640464782715e-01,1.151949405670166016e+00
-1.544610619544982910e+00,1.667390346527099609e+00,3.465096950531005859e-01
-3.079389035701751709e-01,1.544630050659179688e+00,5.850100517272949219e-01
-6.961218118667602539e-01,-5.842778682708740234e-01,2.374968528747558594e-01
4.679187759757041931e-02,1.191426753997802734e+00,7.524630427360534668e-01
1.208628416061401367e+00,-1.191088557243347168e+00,9.160208702087402344e-01
-1.552935600280761719e+00,1.132202893495559692e-01,2.691221237182617188e-02
1.238900065422058105e+00,-1.160091012716293335e-01,2.000474929809570312e-01
1.146113395690917969e+00,3.777621686458587646e-01,9.591024518013000488e-01
6.694155931472778320e-01,-3.733060061931610107e-01,1.215267658233642578e+00
8.326678276062011719e-01,-3.483637869358062744e-01,2.020030021667480469e-01
1.622082829475402832e+00,-5.908073782920837402e-01,9.071283340454101562e-01
1.301060795783996582e+00,-1.409179925918579102e+00,8.585815429687500000e-01
6.988484263420104980e-01,-9.707615375518798828e-01,1.026700496673583984e+00
3.400117456912994385e-01,-3.671782314777374268e-01,1.310301780700683594e+00
-1.113060951232910156e+00,5.430142283439636230e-01,1.400017261505126953e+00
2.336212061345577240e-02,-3.620209097862243652e-01,1.390378952026367188e+00
1.672108769416809082e+00,-1.212369084358215332e+00,8.073139190673828125e-01
-1.259232282638549805e+00,7.324528098106384277e-01,1.348571777343750000e+00
-1.524354457855224609e+00,1.730508565902709961e+00,8.086910843849182129e-01
6.592928767204284668e-01,1.411438006471144035e-06,1.290962219238281250e+00
2.331939712166786194e-02,7.212315201759338379e-01,1.435138225555419922e+00
7.036865353584289551e-01,-1.893574237823486328e+00,2.644174098968505859e-01
5.508689880371093750e-01,-1.758830547332763672e+00,1.533419787883758545e-01
2.097400665283203125e+00,-1.124926686286926270e+00,4.260296523571014404e-01
-7.219551801681518555e-01,-1.795483529567718506e-01,1.429685115814208984e+00
1.481186032295227051e+00,-7.886402010917663574e-01,9.150209426879882812e-01
1.343434453010559082e+00,-9.882491827011108398e-01,9.190835952758789062e-01
1.180073976516723633e+00,-5.842016339302062988e-01,9.752554893493652344e-01
8.764185905456542969e-01,-3.780053555965423584e-01,1.142414569854736328e+00
-6.281220316886901855e-01,1.826946735382080078e+00,2.094415277242660522e-01
-1.323371529579162598e+00,1.811120033264160156e+00,1.059388756752014160e+00
-1.109919905662536621e+00,1.977522850036621094e+00,4.356561303138732910e-01
-1.619171053171157837e-01,5.370762348175048828e-01,1.461275577545166016e+00
-4.091930985450744629e-01,5.369780659675598145e-01,1.462368488311767578e+00
3.008880466222763062e-02,-5.826590061187744141e-01,2.175693511962890625e-01
6.577628850936889648e-01,-1.608234405517578125e+00,8.998260498046875000e-01
-9.530234932899475098e-01,1.915121078491210938e+00,9.048254489898681641e-01
5.508703589439392090e-01,-1.758831977844238281e+00,6.233804225921630859e-01
9.138884544372558594e-01,-1.816130518913269043e+00,1.143820136785507202e-01
1.762199878692626953e+00,-3.380081951618194580e-01,7.391390800476074219e-01
7.456126213073730469e-01,-5.678649544715881348e-01,1.143759727478027344e+00
-4.786562621593475342e-01,1.612240314483642578e+00,9.460251927375793457e-01
-5.079056620597839355e-01,1.282999992370605469e+00,1.335124135017395020e+00
8.817764371633529663e-02,-7.437458038330078125e-01,1.261450290679931641e+00
6.179673671722412109e-01,-7.617867588996887207e-01,1.122210979461669922e+00
4.465678036212921143e-01,8.510904312133789062e-01,7.292556762695312500e-01
-5.533961057662963867e-01,-7.709975242614746094e-01,5.995239019393920898e-01
-4.550086855888366699e-01,-8.204050064086914062e-01,2.437710762023925781e-01
-1.775872707366943359e-01,-9.790439605712890625e-01,9.757466316223144531e-01
-1.946723937988281250e+00,1.245523214340209961e+00,4.408099353313446045e-01
9.364507198333740234e-01,2.044777870178222656e-01,1.121569752693176270e+00
-9.592583775520324707e-01,1.539615750312805176e+00,2.433199882507324219e-01
-1.299294948577880859e+00,-9.185077250003814697e-02,2.924645841121673584e-01
8.553086519241333008e-01,-1.992188930511474609e+00,6.581022739410400391e-01
1.041559219360351562e+00,-7.781135439872741699e-01,9.962587356567382812e-01
-1.888176918029785156e+00,1.086552739143371582e+00,1.094190955162048340e+00
-3.705810606479644775e-01,1.273580551147460938e+00,1.110787391662597656e-01
-1.071744918823242188e+00,-2.867482304573059082e-01,7.688401341438293457e-01
1.945757389068603516e+00,-9.894921779632568359e-01,2.069955468177795410e-01
-6.281221508979797363e-01,1.826946735382080078e+00,5.579221844673156738e-01
1.400262594223022461e+00,-5.883490443229675293e-01,9.324798583984375000e-01
4.637382552027702332e-02,-1.243373394012451172e+00,8.106939792633056641e-01
1.232968807220458984e+00,2.822876012942288071e-06,1.008647799491882324e+00
1.435429811477661133e+00,-3.118562698364257812e-02,5.277871489524841309e-01
4.648757725954055786e-02,1.229246139526367188e+00,4.244341850280761719e-01
1.666276097297668457e+00,-1.677923560142517090e+00,6.354823112487792969e-01
-1.840129375457763672e+00,4.165483713150024414e-01,6.123344302177429199e-01
-5.059692263603210449e-02,1.055542469024658203e+00,2.286295890808105469e-01
-3.162789344787597656e-01,1.396893501281738281e+00,1.045756816864013672e+00
-1.663987517356872559e+00,4.755811691284179688e-01,4.663421586155891418e-02
-1.109813332557678223e+00,1.978005409240722656e+00,7.824946641921997070e-01
-1.872611045837402344e+00,4.139260649681091309e-01,1.496765166521072388e-01
-7.908512949943542480e-01,1.873212814331054688e+00,7.892292737960815430e-01
-1.415384173393249512e+00,9.292467832565307617e-01,1.282134532928466797e+00
1.930897474288940430e+00,-1.367719650268554688e+00,2.393048107624053955e-01
2.212025374174118042e-01,-9.483079910278320312e-01,1.164834499359130859e+00
-6.771719455718994141e-01,1.099889636039733887e+00,1.381868362426757812e+00
9.621987342834472656e-01,3.896300792694091797e-01,4.449841082096099854e-01
-9.565827250480651855e-01,1.308458805084228516e+00,1.297554016113281250e+00
1.063532352447509766e+00,-1.913502067327499390e-01,1.106788158416748047e+00
5.903185606002807617e-01,1.823989301919937134e-01,1.341264724731445312e+00
2.488367259502410889e-01,8.251962661743164062e-01,1.151559829711914062e+00
-1.147077560424804688e+00,1.113996267318725586e+00,1.309824466705322266e+00
-2.035638689994812012e-01,1.421942710876464844e+00,1.517169177532196045e-01
-3.518869578838348389e-01,9.043980240821838379e-01,1.435090541839599609e+00
-1.693017482757568359e+00,1.490958333015441895e+00,2.827694714069366455e-01
-1.106595516204833984e+00,-2.850626409053802490e-01,3.682608008384704590e-01
1.778486251831054688e+00,-6.230210661888122559e-01,7.175021171569824219e-01
4.623350501060485840e-01,1.296997083954920527e-06,1.355706214904785156e+00
-1.366312980651855469e+00,2.725004851818084717e-01,1.246321082115173340e+00
-1.944211006164550781e+00,5.725965499877929688e-01,2.610021829605102539e-01
-4.713828861713409424e-01,-1.792979836463928223e-01,1.437625885009765625e+00
-2.874632179737091064e-01,-3.608869910240173340e-01,1.407825469970703125e+00
2.722479104995727539e-01,5.415481328964233398e-01,1.415187358856201172e+00
2.071860313415527344e+00,-6.387094259262084961e-01,3.101571500301361084e-01
-1.348823308944702148e+00,3.497129380702972412e-01,2.299480438232421875e-01
-1.908341407775878906e+00,1.254983901977539062e+00,9.171777367591857910e-01
2.717620730400085449e-01,1.335144020231382456e-06,1.399899959564208984e+00
-1.040814995765686035e+00,1.799433082342147827e-01,1.417440414428710938e+00
-6.714503169059753418e-01,1.470104694366455078e+00,1.230904817581176758e+00
1.996043682098388672e+00,-4.852178096771240234e-01,7.079794406890869141e-01
-9.302169084548950195e-01,9.126448631286621094e-01,1.384296417236328125e+00
1.009580016136169434e+00,-2.054759979248046875e+00,4.838769435882568359e-01
1.468670666217803955e-01,1.797327995300292969e-01,1.425092697143554688e+00
-2.084144592285156250e+00,8.804158568382263184e-01,3.672979772090911865e-01
-3.460810780525207520e-01,1.411438006471144035e-06,1.455714702606201172e+00
8.509261906147003174e-02,5.389378666877746582e-01,1.442118167877197266e+00
-4.718246459960937500e-01,1.689134120941162109e+00,2.142938226461410522e-01
-5.412020087242126465e-01,9.055562615394592285e-01,1.427949428558349609e+00
2.702929675579071045e-01,-1.163748353719711304e-01,2.222485542297363281e-01
-1.547597169876098633e+00,3.383730351924896240e-01,-4.506587982177734375e-03
-1.295710563659667969e+00,9.190822392702102661e-02,1.128640413284301758e+00
-3.871337696909904480e-02,-1.800799667835235596e-01,1.413859844207763672e+00
-3.461991846561431885e-01,3.572050333023071289e-01,1.464754581451416016e+00
1.581683635711669922e+00,-1.746480464935302734e-01,6.412527561187744141e-01
-2.113821357488632202e-01,-8.175396323204040527e-01,2.185106277465820312e-01
-4.691869914531707764e-01,1.784626096487045288e-01,1.463536262512207031e+00
-6.776892542839050293e-01,6.280479431152343750e-01,2.228271365165710449e-01
-1.672094821929931641e+00,6.034154891967773438e-01,1.184824228286743164e+00
-1.475531756877899170e-01,-8.953485488891601562e-01,1.137885689735412598e+00
-1.618420332670211792e-01,1.363754222438728902e-06,1.440007686614990234e+00
-1.000349372625350952e-01,1.789508759975433350e-01,1.449141502380371094e+00
-9.153540730476379395e-01,5.403329133987426758e-01,1.427688121795654297e+00
-1.634166836738586426e+00,1.554746389389038086e+00,1.102713584899902344e+00
-7.271720767021179199e-01,7.215043306350708008e-01,1.433041572570800781e+00
1.884747505187988281e+00,-1.173720955848693848e+00,7.390670776367187500e-01
-2.043716430664062500e+00,1.053492069244384766e+00,7.135537266731262207e-01
-7.190626859664916992e-01,3.574671447277069092e-01,1.460620403289794922e+00
-1.958500385284423828e+00,5.709781646728515625e-01,8.295559287071228027e-01
-1.584544181823730469e+00,1.136163830757141113e+00,1.196583271026611328e+00
-9.504064917564392090e-01,-1.872677505016326904e-01,1.190183162689208984e+00
1.224604368209838867e+00,-1.853526592254638672e+00,7.449792027473449707e-01
1.539283990859985352e+00,-1.784038662910461426e+00,2.381119728088378906e-01
-1.219096779823303223e+00,1.201211512088775635e-01,4.552130699157714844e-01
-1.876434922218322754e+00,1.224922180175781250e+00,2.440557777881622314e-01
-3.547278642654418945e-01,-7.157602310180664062e-01,1.172882556915283203e+00
-7.832332253456115723e-01,1.602172801540291402e-06,1.438309669494628906e+00
-1.047620654106140137e+00,1.526974439620971680e+00,1.208053112030029297e+00
5.885896086692810059e-01,3.635372817516326904e-01,1.366532325744628906e+00
1.994359016418457031e+00,-4.853816032409667969e-01,9.057067334651947021e-02
-1.977017879486083984e+00,1.067669391632080078e+00,2.634179592132568359e-01
-7.783294320106506348e-01,-5.898566246032714844e-01,5.469118952751159668e-01
-1.073914647102355957e+00,1.755765199661254883e+00,1.116188049316406250e+00
-1.732818603515625000e+00,2.547722458839416504e-01,2.119451910257339478e-01
1.377347230911254883e+00,-1.941272258758544922e+00,4.440597295761108398e-01
8.591158986091613770e-01,-1.969899177551269531e+00,2.050964236259460449e-01
-7.944938540458679199e-01,1.849595069885253906e+00,2.673229873180389404e-01
2.025879383087158203e+00,-8.083765506744384766e-01,2.025417983531951904e-01
-7.867786288261413574e-01,1.899608135223388672e+00,6.104490756988525391e-01
-9.457702636718750000e-01,1.953825950622558594e+00,4.921981692314147949e-01
-1.540875315666198730e+00,1.297414422035217285e+00,2.441587448120117188e-01
-1.106031775474548340e+00,1.995124816894531250e+00,6.062985062599182129e-01
1.185521841049194336e+00,-2.017776489257812500e+00,3.766570985317230225e-01
6.710552573204040527e-01,-1.725434422492980957e+00,3.509521484375000000e-04
-1.123600006103515625e+00,1.249069213867187500e+00,2.414596527814865112e-01
-1.781485676765441895e+00,8.205304741859436035e-01,2.449288368225097656e-01
1.277293682098388672e+00,-1.776718974113464355e+00,2.084307670593261719e-01
-1.900138854980468750e-01,1.407624125480651855e+00,7.844140529632568359e-01
-1.975510597229003906e+00,5.690517425537109375e-01,4.282833635807037354e-01
1.822784423828125000e+00,-3.340984284877777100e-01,4.394103884696960449e-01
1.170424699783325195e+00,1.472039222717285156e-01,9.005612134933471680e-01
1.696525812149047852e+00,-3.945917487144470215e-01,8.853845596313476562e-01
-1.395723372697830200e-01,1.225556373596191406e+00,1.076336741447448730e+00
1.488375663757324219e-01,-1.280335664749145508e+00,9.407903552055358887e-01
1.744743943214416504e+00,-5.918860435485839844e-01,1.932440102100372314e-01
-3.452429771423339844e-01,-8.837995529174804688e-01,8.626751303672790527e-01
1.549300670623779297e+00,-1.819711565971374512e+00,5.509077310562133789e-01
-1.117551207542419434e+00,1.942997932434082031e+00,2.656664848327636719e-01
-8.441450595855712891e-01,-3.860273361206054688e-01,1.018166542053222656e+00
2.085588932037353516e+00,-1.127636671066284180e+00,2.586434781551361084e-01
-1.441515922546386719e+00,8.199993968009948730e-01,2.402334213256835938e-01
-4.907612800598144531e-01,-5.254807472229003906e-01,1.291928410530090332e+00
1.994359016418457031e+00,-4.853811562061309814e-01,2.579769790172576904e-01
-2.118463516235351562e+00,8.742700219154357910e-01,5.309588313102722168e-01
-1.050717115402221680e+00,1.785596370697021484e+00,2.444152832031250000e-01
-2.080188274383544922e+00,7.183982729911804199e-01,6.440676450729370117e-01
1.408912062644958496e+00,-5.815194845199584961e-01,2.033939361572265625e-01
1.323436260223388672e+00,-3.484882712364196777e-01,2.046170234680175781e-01
-1.107554912567138672e+00,8.192307949066162109e-01,2.334494590759277344e-01
-7.869967222213745117e-01,1.295855522155761719e+00,2.354712486267089844e-01
2.085278987884521484e+00,-7.987234592437744141e-01,7.011879086494445801e-01
-1.604873418807983398e+00,5.844227671623229980e-01,2.393345832824707031e-01
1.756540775299072266e+00,-1.051382303237915039e+00,2.001910209655761719e-01
2.148331642150878906e+00,-9.498333334922790527e-01,4.187258780002593994e-01
2.391032725572586060e-01,1.066726207733154297e+00,4.367272853851318359e-01
1.169432640075683594e+00,-1.051744937896728516e+00,2.026572227478027344e-01
1.082489252090454102e+00,-8.158838748931884766e-01,2.038974761962890625e-01
1.019293308258056641e+00,-2.007181167602539062e+00,6.601067781448364258e-01
1.243412852287292480e+00,-3.877969980239868164e-01,9.906935691833496094e-01
4.943981021642684937e-02,8.626799583435058594e-01,1.356195926666259766e+00
9.972531199455261230e-01,-5.814942121505737305e-01,2.031078338623046875e-01
8.407424688339233398e-01,-1.051947355270385742e+00,2.040390968322753906e-01
-1.021117568016052246e+00,5.834680199623107910e-01,2.274827957153320312e-01
-7.824102640151977539e-01,1.055893540382385254e+00,2.310886383056640625e-01
2.164317607879638672e+00,-7.858781218528747559e-01,3.057739138603210449e-01
-1.404909014701843262e+00,1.144062802195549011e-01,1.005759239196777344e-01
6.811627149581909180e-01,-1.290185093879699707e+00,2.038269042968750000e-01
-1.099147677421569824e+00,1.163868308067321777e-01,2.235150337219238281e-01
3.209733963012695312e-01,-1.556123614311218262e+00,3.839306533336639404e-01
9.274759292602539062e-01,3.918703496456146240e-01,7.882668972015380859e-01
-7.755987644195556641e-01,-3.499897718429565430e-01,2.355675697326660156e-01
-1.486854791641235352e+00,3.738689720630645752e-01,1.206451416015625000e+00
4.339410364627838135e-01,-1.051422238349914551e+00,2.004070281982421875e-01
-9.369586110115051270e-01,-1.165250018239021301e-01,2.320427894592285156e-01
-4.556930363178253174e-01,1.054938077926635742e+00,2.244482040405273438e-01
-9.366982579231262207e-01,3.493534028530120850e-01,2.225179672241210938e-01
-1.328551054000854492e+00,2.059936377918347716e-06,9.876413345336914062e-01
-1.781395554542541504e+00,1.517425537109375000e+00,5.526611208915710449e-01
-1.467981338500976562e-01,1.399163007736206055e+00,4.545278847217559814e-01
1.325817584991455078e+00,-1.636868000030517578e+00,7.912158966064453125e-01
-2.061688899993896484e+00,7.210995554924011230e-01,3.114886283874511719e-01
6.749456524848937988e-01,5.835174322128295898e-01,2.280845642089843750e-01
-7.743032574653625488e-01,1.165094003081321716e-01,2.310490608215332031e-01
2.724703848361968994e-01,8.194811344146728516e-01,2.356863021850585938e-01
3.026519715785980225e-02,-1.052318930625915527e+00,2.066016197204589844e-01
-5.041991919279098511e-02,8.192338347434997559e-01,2.334113121032714844e-01
-2.077242374420166016e+00,8.816522955894470215e-01,8.746848702430725098e-01
7.536938190460205078e-01,3.492429256439208984e-01,2.202548980712890625e-01
-5.637973546981811523e-01,-6.539206504821777344e-01,9.693125486373901367e-01
3.522787392139434814e-01,5.842343568801879883e-01,2.369980812072753906e-01
5.913937091827392578e-01,1.163183748722076416e-01,2.190756797790527344e-01
-3.715279996395111084e-01,-3.499188423156738281e-01,2.342453002929687500e-01
-2.916451990604400635e-01,5.838929414749145508e-01,2.326860427856445312e-01
3.016357310116291046e-02,5.841016769409179688e-01,2.354416847229003906e-01
1.909591704607009888e-01,-8.163376450538635254e-01,2.077999114990234375e-01
6.720775961875915527e-01,6.056008338928222656e-01,8.328889012336730957e-01
-1.304736286401748657e-01,3.500196337699890137e-01,2.357640266418457031e-01
-3.079405128955841064e-01,1.544631958007812500e+00,1.589874178171157837e-01
2.116603851318359375e+00,-6.329104304313659668e-01,4.720846414566040039e-01
1.102551221847534180e-01,1.165639385581016541e-01,2.323021888732910156e-01
-2.105946242809295654e-01,1.165988445281982422e-01,2.366504669189453125e-01
-1.302713006734848022e-01,-1.165324002504348755e-01,2.332668304443359375e-01
-5.010772496461868286e-02,-3.495368063449859619e-01,2.253928184509277344e-01
1.760478496551513672e+00,-1.381333589553833008e+00,2.177813649177551270e-01
-4.947381019592285156e-01,1.382738947868347168e+00,4.606140032410621643e-02
1.456023812294006348e+00,-1.417618870735168457e+00,8.218007087707519531e-01
3.972726464271545410e-01,3.615411818027496338e-01,1.397565364837646484e+00
-8.296523094177246094e-01,-4.981223642826080322e-01,2.488043159246444702e-01
-1.610191822052001953e+00,1.703381061553955078e+00,6.051936149597167969e-01
-1.074612855911254883e+00,-3.368139266967773438e-02,1.232813358306884766e+00
-1.092667579650878906e+00,1.456029176712036133e+00,2.445321530103683472e-01
-8.605083823204040527e-01,8.186689615249633789e-01,2.284312248229980469e-01
-6.281219124794006348e-01,1.826946735382080078e+00,3.832556009292602539e-01
1.852371215820312500e+00,-6.671581864356994629e-01,8.486776351928710938e-01
-1.550859093666076660e+00,1.540029525756835938e+00,2.452573776245117188e-01
3.968751132488250732e-01,-1.535327434539794922e+00,6.481057405471801758e-01
1.639822006225585938e+00,-1.727740466594696045e-01,1.560458391904830933e-01
-1.542402267456054688e+00,5.555657148361206055e-01,1.270561218261718750e+00
1.158714175224304199e+00,2.157802581787109375e-01,5.829284787178039551e-01
-1.381967902183532715e+00,1.328638315200805664e+00,1.209602355957031250e+00
8.502914309501647949e-01,-1.530884623527526855e+00,2.022228240966796875e-01
7.835435867309570312e-02,-1.267712116241455078e+00,2.092361450195312500e-01
1.562954425811767578e+00,-4.315962791442871094e-01,4.676269367337226868e-02
2.402526736259460449e-01,1.038186550140380859e+00,7.057812213897705078e-01
-2.480139732360839844e-01,-9.859350323677062988e-01,8.071470260620117188e-01
2.022870063781738281e+00,-6.450604200363159180e-01,7.635675072669982910e-01
-1.403102397918701172e+00,7.380954027175903320e-01,1.305013179779052734e+00
-6.300783157348632812e-02,-1.012950301170349121e+00,1.066605448722839355e+00
8.627300858497619629e-01,1.449584942747605965e-06,1.221949577331542969e+00
1.012708306312561035e+00,-2.039434909820556641e+00,3.159945607185363770e-01
1.905989527702331543e+00,-1.440376281738281250e+00,4.322534203529357910e-01
1.020028352737426758e+00,-1.618550539016723633e+00,8.606953620910644531e-01
1.075331091880798340e+00,-1.160255372524261475e-01,2.010459899902343750e-01
3.851733207702636719e-01,8.573140501976013184e-01,8.640470504760742188e-01
-1.890296936035156250e+00,7.461265325546264648e-01,1.081181168556213379e+00
-9.626325964927673340e-01,-4.074598550796508789e-01,6.860079765319824219e-01
-1.363977193832397461e+00,1.057623267173767090e+00,2.429094314575195312e-01
-1.022242665290832520e+00,-3.731741905212402344e-01,4.931462109088897705e-01
5.003294348716735840e-01,-1.173587441444396973e+00,1.005432128906250000e+00
-1.252568721771240234e+00,5.470941066741943359e-01,1.357929706573486328e+00
2.411205172538757324e-01,1.016642570495605469e+00,2.406768798828125000e-01
-1.442250728607177734e+00,8.954696357250213623e-02,9.721716046333312988e-01
9.107505679130554199e-01,-9.784681200981140137e-01,9.792690277099609375e-01
6.643920540809631348e-01,6.787395477294921875e-01,5.383451581001281738e-01
3.031101822853088379e-01,-1.397136330604553223e+00,9.110670089721679688e-01
1.447589516639709473e+00,-9.075260162353515625e-02,8.560484051704406738e-01
1.581111103296279907e-01,9.634578227996826172e-01,1.071648120880126953e+00
-1.219427824020385742e+00,1.784880757331848145e+00,2.415037155151367188e-01
1.971798181533813477e+00,-1.248417377471923828e+00,6.509767174720764160e-01
8.899452090263366699e-01,-1.844038844108581543e+00,8.203687667846679688e-01
1.197275996208190918e+00,-9.851298332214355469e-01,9.382734298706054688e-01
-7.778660655021667480e-01,-5.936746597290039062e-01,4.027807414531707764e-01
-1.417440026998519897e-01,-1.135650157928466797e+00,9.591024518013000488e-01
-5.642199516296386719e-01,-7.288886308670043945e-01,2.603192031383514404e-01
7.118968963623046875e-01,-1.900813817977905273e+00,4.074331521987915039e-01
-1.272288918495178223e+00,9.236183166503906250e-01,1.316794395446777344e+00
-1.305764198303222656e+00,-9.174690395593643188e-02,7.377232313156127930e-01
5.590404868125915527e-01,-9.634877443313598633e-01,1.071454048156738281e+00
5.936660766601562500e-01,-1.469966411590576172e+00,1.912487745285034180e-01
9.322590231895446777e-01,-1.396379828453063965e+00,9.143557548522949219e-01
1.064338207244873047e+00,-1.188567161560058594e+00,9.288954734802246094e-01
5.543905496597290039e-01,-1.725326061248779297e+00,8.069238066673278809e-01
9.138375520706176758e-01,1.161744296550750732e-01,2.103147506713867188e-01
1.987101554870605469e+00,-1.018329024314880371e+00,7.339839935302734375e-01
7.818876504898071289e-01,-1.185422420501708984e+00,9.449648857116699219e-01
-1.438109874725341797e+00,1.757765054702758789e+00,9.537029862403869629e-01
6.492356657981872559e-01,-1.392589807510375977e+00,9.308800697326660156e-01
-1.121909022331237793e+00,7.288922071456909180e-01,1.376021862030029297e+00
5.357626080513000488e-01,-3.706933259963989258e-01,1.255807399749755859e+00
1.822784423828125000e+00,-3.340982794761657715e-01,6.136742830276489258e-01
4.818627834320068359e-01,-7.561326622962951660e-01,1.165840625762939453e+00
1.328417181968688965e+00,1.525878815300529823e-06,9.081954956054687500e-01
6.637367010116577148e-01,-1.851663589477539062e-01,1.255351066589355469e+00
3.550375401973724365e-01,-1.290002703666687012e+00,2.027902603149414062e-01
-8.823108673095703125e-01,-4.938716888427734375e-01,5.884081721305847168e-01
-4.598286449909210205e-01,-8.035928010940551758e-01,7.996878623962402344e-01
3.555310070514678955e-01,7.662828564643859863e-01,1.087575435638427734e+00
1.822784423828125000e+00,-3.340984284877777100e-01,9.343169629573822021e-02
-1.148299098014831543e+00,-1.985252350568771362e-01,8.409352302551269531e-01
2.238937020301818848e-01,-1.444093227386474609e+00,6.577290296554565430e-01
4.655097797513008118e-02,1.221296310424804688e+00,6.187180876731872559e-01
1.562953114509582520e+00,-4.315958023071289062e-01,1.964565962553024292e-01
-1.029825448989868164e+00,1.056633114814758301e+00,2.361173629760742188e-01
1.029046297073364258e+00,1.926916390657424927e-01,1.021888732910156250e+00
4.443695247173309326e-01,8.813695907592773438e-01,3.828936815261840820e-01
-1.469723224639892578e+00,3.493914604187011719e-01,1.226620450615882874e-01
8.364562988281250000e-01,-1.733445048332214355e+00,3.284168243408203125e-02
9.386181235313415527e-01,-1.882173568010330200e-01,1.160732746124267578e+00
-1.110414862632751465e+00,3.614589273929595947e-01,1.398766517639160156e+00
4.093753099441528320e-01,-5.583530068397521973e-01,1.241917133331298828e+00
-1.822564959526062012e+00,1.390724182128906250e+00,8.973292112350463867e-01
4.011547863483428955e-01,-1.826334595680236816e-01,1.334075927734375000e+00
-3.433220684528350830e-01,-9.178352355957031250e-01,2.448425292968750000e-01
-1.068313121795654297e+00,-2.869141995906829834e-01,2.386840730905532837e-01
-1.521573662757873535e+00,1.746922492980957031e+00,4.632113575935363770e-01
-3.416380584239959717e-01,-9.476594924926757812e-01,5.134353637695312500e-01
2.855105400085449219e-01,8.702308535575866699e-01,1.030104756355285645e+00
-1.543580532073974609e+00,8.791480958461761475e-02,1.587857007980346680e-01
4.803348332643508911e-02,1.037295818328857422e+00,1.111139059066772461e+00
-5.106320381164550781e-01,1.723351955413818359e+00,5.667373538017272949e-01
-7.089428901672363281e-01,4.974718093872070312e-01,2.247732430696487427e-01
-1.791125774383544922e+00,4.205041527748107910e-01,9.737905859947204590e-01
1.214696764945983887e+00,-1.895164489746093750e+00,2.109011858701705933e-01
-6.800040006637573242e-01,-3.702100217342376709e-01,1.263265609741210938e+00
1.398729920387268066e+00,-1.485810279846191406e-01,2.034673988819122314e-01
5.909344553947448730e-01,-1.162281930446624756e-01,2.134752273559570312e-01
-7.972649335861206055e-01,1.831629753112792969e+00,9.146347045898437500e-01
2.175385951995849609e-01,-7.472451329231262207e-01,1.234417438507080078e+00
-1.583848834037780762e+00,1.670322418212890625e-01,8.682256937026977539e-01
8.691833168268203735e-02,-5.505018234252929688e-01,1.322888851165771484e+00
4.354775846004486084e-01,-1.518293023109436035e+00,1.429805755615234375e-01
-1.899700880050659180e+00,4.486327171325683594e-01,7.369558811187744141e-01
2.121684253215789795e-01,-3.651563227176666260e-01,1.341634750366210938e+00
1.794473171234130859e+00,-1.553358674049377441e+00,6.425797939300537109e-01
-6.315662860870361328e-01,1.798583030700683594e+00,7.378613352775573730e-01
1.906580448150634766e+00,-1.438652515411376953e+00,5.636253356933593750e-01
-1.422744691371917725e-01,-1.113744258880615234e+00,6.303976178169250488e-01
-1.427004933357238770e-01,-1.096071243286132812e+00,3.685955703258514404e-01
1.663540720939636230e+00,-1.584823131561279297e+00,2.276840209960937500e-01
-8.077910542488098145e-01,1.102080821990966797e+00,1.370669841766357422e+00
6.438831239938735962e-02,9.929747581481933594e-01,2.325787246227264404e-01
-3.989623859524726868e-02,-7.403944134712219238e-01,1.287311077117919922e+00
-1.036478757858276367e+00,-1.909176260232925415e-01,1.076977252960205078e+00
2.051854133605957031e+00,-5.360765457153320312e-01,5.744304060935974121e-01
-1.298709034919738770e+00,1.907826423645019531e+00,6.807519197463989258e-01
-1.270426630973815918e+00,1.852220445871353149e-01,1.253639698028564453e+00
5.032906532287597656e-01,-1.594876408576965332e+00,5.312835425138473511e-02
4.671562090516090393e-02,1.200789928436279297e+00,2.974893152713775635e-01
-6.530346870422363281e-01,-3.070018291473388672e-01,1.404116749763488770e+00
1.724537014961242676e+00,-2.474703788757324219e-01,2.167669683694839478e-01
6.427044868469238281e-01,4.102482795715332031e-01,1.260295987129211426e+00
-5.480681657791137695e-01,1.098359942436218262e+00,1.389708995819091797e+00
-9.108430743217468262e-01,1.525878815300529823e-06,1.429194927215576172e+00
1.200363397598266602e+00,-1.955401897430419922e+00,6.717190146446228027e-01
-9.092286229133605957e-01,1.791543960571289062e-01,1.441900730133056641e+00
-4.742039740085601807e-01,1.662357330322265625e+00,8.152822852134704590e-01
1.587266474962234497e-01,-1.158436059951782227e+00,1.082817077636718750e+00
-8.459805250167846680e-01,3.580801784992218018e-01,1.451126098632812500e+00
-5.956712365150451660e-01,5.369687080383300781e-01,1.462387084960937500e+00
-2.930879294872283936e-01,1.097739219665527344e+00,1.392845630645751953e+00
1.880844473838806152e+00,-4.025498926639556885e-01,7.620606422424316406e-01
1.160555362701416016e+00,1.882228106260299683e-01,2.996990978717803955e-01
1.393692970275878906e+00,3.204345603080582805e-06,4.123257398605346680e-01
-1.988084316253662109e+00,7.318472266197204590e-01,1.002035021781921387e+00
-4.346771240234375000e-01,1.321781754493713379e+00,1.239496707916259766e+00
-1.992210388183593750e+00,1.234311819076538086e+00,6.100878715515136719e-01
-6.556751132011413574e-01,1.785758286714553833e-01,1.459893703460693359e+00
-1.086619570851325989e-01,-1.159246683120727539e+00,1.078673362731933594e+00
-1.319706797599792480e+00,1.825486660003662109e+00,9.339877367019653320e-01
-1.210968732833862305e+00,1.539903283119201660e+00,2.446560859680175781e-01
-1.329032897949218750e+00,-9.137164801359176636e-02,4.171352982521057129e-01
-1.706355571746826172e+00,2.560524046421051025e-01,8.063311576843261719e-01
-2.083627223968505859e+00,1.045008540153503418e+00,5.945382714271545410e-01
1.468125581741333008e+00,-1.959300935268402100e-01,9.214034080505371094e-01
-2.269332855939865112e-01,-5.449473261833190918e-01,1.380151271820068359e+00
-1.382700204849243164e+00,3.774347305297851562e-01,1.312773466110229492e+00
-2.265592962503433228e-01,9.042400717735290527e-01,1.436053752899169922e+00
2.712460160255432129e-01,1.801008731126785278e-01,1.412823200225830078e+00
-1.010353043675422668e-01,-3.612916469573974609e-01,1.401674747467041016e+00
1.479307562112808228e-01,7.222652435302734375e-01,1.427217960357666016e+00
-1.301794767379760742e+00,1.895722866058349609e+00,4.461592137813568115e-01
-1.053490877151489258e+00,1.379075050354003906e+00,1.263672471046447754e+00
-4.119195342063903809e-01,-3.606822192668914795e-01,1.410950660705566406e+00
-1.009135395288467407e-01,7.202059626579284668e-01,1.443033695220947266e+00
8.533798158168792725e-02,-1.804148256778717041e-01,1.403509616851806641e+00
-5.957423448562622070e-01,-1.792596131563186646e-01,1.438721656799316406e+00
-6.558341979980468750e-01,1.598704338073730469e+00,3.768371418118476868e-02
8.487319946289062500e-02,3.586736321449279785e-01,1.442070007324218750e+00
4.014164507389068604e-01,-1.472782135009765625e+00,9.060813784599304199e-01
-4.108616411685943604e-01,7.180181741714477539e-01,1.459959983825683594e+00
1.471867263317108154e-01,1.320838919127709232e-06,1.412113189697265625e+00
2.248596549034118652e-01,-1.420132160186767578e+00,3.485442996025085449e-01
-3.083514571189880371e-01,1.537333965301513672e+00,7.087563872337341309e-01
-1.115167260169982910e+00,1.953783035278320312e+00,9.038726687431335449e-01
-1.405493736267089844e+00,1.768072724342346191e+00,3.009695410728454590e-01
