6.090412139892578125e-01,-2.059995979070663452e-01,1.264996886253356934e+00
-2.049520492553710938e+00,-3.996442854404449463e-01,3.099856376647949219e-01
1.283060073852539062e+00,1.607867717742919922e+00,2.843209803104400635e-01
-5.647130608558654785e-01,6.435890197753906250e-01,2.564822435379028320e-01
-4.604340195655822754e-01,-1.156881332397460938e+00,2.377181947231292725e-01
1.766757965087890625e+00,2.441406195430317894e-06,9.424682706594467163e-02
-9.757859706878662109e-01,-3.592880070209503174e-01,1.432469844818115234e+00
-1.548059940338134766e+00,-1.343785047531127930e+00,9.180720448493957520e-01
4.308773577213287354e-01,1.067147731781005859e+00,9.725784063339233398e-01
5.137634277343750000e-01,-5.842220187187194824e-01,2.367930412292480469e-01
1.401175379753112793e+00,5.887315869331359863e-01,9.285330772399902344e-01
-2.248577773571014404e-01,3.602809309959411621e-01,1.417079448699951172e+00
-1.020569086074829102e+00,-3.501346409320831299e-01,2.386093139648437500e-01
-1.499051600694656372e-01,-7.980475425720214844e-01,1.156023502349853516e+00
7.552248835563659668e-01,3.499521911144256592e-01,2.349133491516113281e-01
-1.500805854797363281e+00,8.860454708337783813e-02,8.367716670036315918e-01
-2.106175124645233154e-01,-1.166116967797279358e-01,2.374444007873535156e-01
1.857177376747131348e+00,8.255721330642700195e-01,2.894482612609863281e-01
5.978160500526428223e-01,1.231472969055175781e+00,5.716094747185707092e-02
1.142059087753295898e+00,-3.132796287536621094e-01,6.503366231918334961e-01
-8.903849124908447266e-01,-1.124387502670288086e+00,1.256737232208251953e+00
-1.715523719787597656e+00,-5.984982252120971680e-01,1.113503694534301758e+00
-1.090388298034667969e+00,-1.583893418312072754e+00,3.313403129577636719e-01
-1.539520978927612305e+00,-9.636211395263671875e-01,2.503793239593505859e-01
-1.550974726676940918e+00,1.130772382020950317e-01,1.803207397460937500e-02
-7.952611446380615234e-01,4.504375457763671875e-01,9.291068911552429199e-01
4.850528761744499207e-02,9.787817001342773438e-01,3.758206069469451904e-01
1.535021185874938965e+00,1.221711277961730957e+00,7.596044540405273438e-01
1.891231060028076172e+00,1.646704822778701782e-01,7.198088169097900391e-01
7.513203620910644531e-01,4.032379090785980225e-01,1.095162034034729004e+00
1.174994826316833496e+00,8.230544924736022949e-01,2.672228813171386719e-01
-1.779563874006271362e-01,7.860817313194274902e-01,9.347510337829589844e-01
9.487809538841247559e-01,1.444937705993652344e+00,7.936117649078369141e-01
4.890125244855880737e-02,-9.295959472656250000e-01,5.141662359237670898e-01
4.598572552204132080e-01,-6.681194305419921875e-01,8.940264582633972168e-01
2.309661731123924255e-02,-1.790416240692138672e-01,1.446516990661621094e+00
-5.138799548149108887e-01,-1.215795040130615234e+00,8.177605867385864258e-01
1.104046627879142761e-01,3.500451445579528809e-01,2.365097999572753906e-01
-1.078758716583251953e+00,2.864094078540802002e-01,2.382638454437255859e-01
1.247954130172729492e+00,1.168569549918174744e-01,2.526607513427734375e-01
-5.340816974639892578e-01,-5.843328237533569336e-01,2.381811141967773438e-01
-1.981699466705322266e+00,-2.427342981100082397e-01,8.214533925056457520e-01
-1.038345932960510254e+00,-1.459890365600585938e+00,8.575646877288818359e-01
-1.097671508789062500e+00,9.509982913732528687e-02,1.167825341224670410e+00
-6.006129384040832520e-01,-7.210226058959960938e-01,1.436756610870361328e+00
-1.030873060226440430e+00,-1.057708024978637695e+00,2.434720993041992188e-01
2.806195020675659180e-01,5.582009553909301758e-01,1.243458271026611328e+00
-5.928666591644287109e-01,1.335144020231382456e-06,1.462738990783691406e+00
-1.820758342742919922e+00,-9.275879263877868652e-01,6.815914511680603027e-01
1.092396974563598633e+00,1.449584942747605965e-06,1.046214580535888672e+00
-1.364671349525451660e+00,-9.410619735717773438e-01,1.209450244903564453e+00
-1.518620014190673828e+00,-3.504253625869750977e-01,2.446274757385253906e-01
1.055980801582336426e+00,9.845720529556274414e-01,9.417357444763183594e-01
3.511694371700286865e-01,-1.166003271937370300e-01,2.365536689758300781e-01
-1.788333892822265625e+00,-1.196336746215820312e-02,4.516537487506866455e-01
-1.473326683044433594e+00,-1.853318810462951660e-01,1.250223636627197266e+00
8.910833597183227539e-01,-5.337057113647460938e-01,1.067232608795166016e+00
2.019556760787963867e+00,3.524002432823181152e-01,2.855100631713867188e-01
8.356481790542602539e-01,-1.165783256292343140e-01,2.353544235229492188e-01
1.886318683624267578e+00,6.627588272094726562e-01,7.261495590209960938e-01
-6.131238937377929688e-01,1.166206300258636475e-01,2.377719879150390625e-01
6.785910129547119141e-01,8.204830884933471680e-01,2.444639205932617188e-01
-5.029266327619552612e-02,-5.842865109443664551e-01,2.375621795654296875e-01
1.614417433738708496e+00,1.305158019065856934e+00,2.874126434326171875e-01
5.979495644569396973e-01,1.310904026031494141e+00,5.484161376953125000e-01
-1.610742092132568359e+00,-1.328334927558898926e+00,4.701189994812011719e-01
2.622157931327819824e-01,-4.931521415710449219e-01,1.288312077522277832e+00
1.487181663513183594e+00,2.136230477844947018e-06,9.013479351997375488e-01
1.578617811203002930e+00,3.657684326171875000e-01,2.740865945816040039e-01
-3.459261953830718994e-01,-3.569265305995941162e-01,1.469263553619384766e+00
-8.312740325927734375e-01,4.979921877384185791e-01,5.241769552230834961e-01
9.393470287322998047e-01,1.500161647796630859e+00,1.004821732640266418e-01
-1.320472240447998047e+00,-5.478641986846923828e-01,1.349999904632568359e+00
2.111759930849075317e-01,1.818188875913619995e-01,1.359627723693847656e+00
-2.912260293960571289e-01,3.500725030899047852e-01,2.372312545776367188e-01
-8.555608987808227539e-01,-1.453713893890380859e+00,3.886779770255088806e-02
-3.447241783142089844e-01,7.537483572959899902e-01,5.672906637191772461e-01
-5.914626717567443848e-01,3.424901962280273438e-01,1.245461344718933105e+00
-1.238244056701660156e+00,2.786953151226043701e-01,6.176055669784545898e-01
-6.849254965782165527e-01,-1.359119892120361328e+00,4.812788367271423340e-01
1.443686485290527344e+00,-1.790964454412460327e-01,4.088613688945770264e-01
-1.445633620023727417e-01,-1.018988609313964844e+00,8.425130844116210938e-01
1.305971860885620117e+00,1.511581420898437500e+00,6.673388481140136719e-01
6.935766339302062988e-01,7.719563841819763184e-01,1.043737888336181641e+00
1.443686008453369141e+00,-1.790967136621475220e-01,3.850250318646430969e-02
-9.874732494354248047e-01,-7.256735563278198242e-01,1.400892257690429688e+00
-2.005197525024414062e+00,-5.656899809837341309e-01,6.511605978012084961e-01
-1.921497821807861328e+00,-7.415710091590881348e-01,3.203310966491699219e-01
9.026574492454528809e-01,-4.497165679931640625e-01,4.126931726932525635e-01
9.096221625804901123e-02,9.575340151786804199e-01,1.108092308044433594e+00
-5.345463156700134277e-01,-9.831581115722656250e-01,1.195016503334045410e+00
-1.389979481697082520e+00,-1.549966335296630859e+00,6.653083562850952148e-01
-1.845351696014404297e+00,-8.305259793996810913e-02,9.284332394599914551e-02
1.101642131805419922e+00,3.866597712039947510e-01,1.008237361907958984e+00
1.883349418640136719e-01,1.049652338027954102e+00,6.964510679244995117e-01
-1.287874579429626465e+00,-1.298127770423889160e+00,2.481865882873535156e-01
2.490817606449127197e-01,-8.190612792968750000e-01,2.486248761415481567e-01
3.547595143318176270e-01,1.056460976600646973e+00,2.349352836608886719e-01
1.766757965087890625e+00,2.441406195430317894e-06,4.432440102100372314e-01
1.749544620513916016e+00,1.027907729148864746e+00,5.728133916854858398e-01
9.300320148468017578e-01,1.060415267944335938e+00,2.620396614074707031e-01
4.328848123550415039e-01,5.841141939163208008e-01,2.353906631469726562e-01
-1.270955801010131836e+00,-5.847337841987609863e-01,2.432055473327636719e-01
-7.799896001815795898e-01,-8.198463916778564453e-01,2.388486862182617188e-01
-1.708534717559814453e+00,-9.476864933967590332e-01,1.001712679862976074e+00
-1.266446352005004883e+00,-1.166536286473274231e-01,2.400155067443847656e-01
-4.445078969001770020e-01,5.833214521408081055e-01,9.844536781311035156e-01
1.513169884681701660e+00,8.246974945068359375e-01,2.816953659057617188e-01
-1.440650522708892822e-01,-1.039640426635742188e+00,2.396276742219924927e-01
-2.119137495756149292e-01,8.195961713790893555e-01,2.366628646850585938e-01
-3.878479078412055969e-02,-5.404964089393615723e-01,1.426160812377929688e+00
1.657189846038818359e+00,3.447813391685485840e-01,8.753686547279357910e-01
7.839785814285278320e-01,1.188594460487365723e+00,9.287719726562500000e-01
1.512352943420410156e+00,8.918346762657165527e-01,8.458602428436279297e-01
5.375843644142150879e-01,1.860737502574920654e-01,1.227351188659667969e+00
6.756050586700439453e-01,-5.720601081848144531e-01,6.196389794349670410e-01
-1.549429595470428467e-01,5.896105766296386719e-01,1.194875121116638184e+00
9.393482804298400879e-01,1.500162601470947266e+00,4.725694060325622559e-01
1.605911254882812500e-01,-7.840806245803833008e-01,9.502735137939453125e-01
-1.270331263542175293e+00,-1.356909632682800293e+00,1.086392879486083984e+00
-1.516247987747192383e+00,1.388711929321289062e-01,3.604443371295928955e-01
-9.127690792083740234e-01,1.564025865263829473e-06,1.417421340942382812e+00
-3.303487002849578857e-01,-1.147672176361083984e+00,5.619539022445678711e-01
-6.569390892982482910e-01,-3.576529324054718018e-01,1.457855224609375000e+00
1.197226881980895996e+00,1.313737630844116211e+00,3.353080749511718750e-01
-2.843712568283081055e-01,1.287460349885805044e-06,1.456745624542236328e+00
-1.732242107391357422e+00,-2.548005878925323486e-01,1.104218721389770508e+00
1.140555977821350098e+00,-3.220815658569335938e-01,2.722845375537872314e-01
8.071253895759582520e-01,1.449584942747605965e-06,1.151343345642089844e+00
-1.172304391860961914e+00,-1.358381986618041992e+00,5.845799446105957031e-01
-7.305736541748046875e-01,-1.122836232185363770e+00,1.147039756178855896e-01
9.035321474075317383e-01,-4.433636665344238281e-01,7.828990221023559570e-01
3.356579542160034180e-01,-1.813327819108963013e-01,1.374558925628662109e+00
1.259718179702758789e+00,-1.965437233448028564e-01,9.024019241333007812e-01
1.324660062789916992e+00,5.114026069641113281e-01,2.661676108837127686e-01
1.004215955734252930e+00,5.855544805526733398e-01,2.533969879150390625e-01
-1.139299869537353516e+00,2.834811210632324219e-01,8.927062749862670898e-01
-1.893126487731933594e+00,-7.457141876220703125e-01,9.026601910591125488e-01
1.350082993507385254e+00,1.063196182250976562e+00,2.810783386230468750e-01
-7.382183670997619629e-01,-1.112597227096557617e+00,6.193895339965820312e-01
-1.691582441329956055e+00,-5.851440429687500000e-01,2.482886314392089844e-01
-2.899416983127593994e-01,-7.264835238456726074e-01,1.394613265991210938e+00
-8.563117980957031250e-01,-1.166250929236412048e-01,2.382640838623046875e-01
-3.736672997474670410e-01,-8.197616338729858398e-01,2.381420135498046875e-01
-7.758398056030273438e-01,3.500988781452178955e-01,2.378168106079101562e-01
5.927505493164062500e-01,1.165853291749954224e-01,2.356357574462890625e-01
2.006947517395019531e+00,4.841613173484802246e-01,5.370901226997375488e-01
1.104153394699096680e-01,-3.500793278217315674e-01,2.372155189514160156e-01
-5.028564482927322388e-02,5.842076539993286133e-01,2.365856170654296875e-01
-6.947472691535949707e-01,-3.501163125038146973e-01,2.382211685180664062e-01
6.742965579032897949e-01,-3.500144779682159424e-01,2.360739707946777344e-01
-3.717105090618133545e-01,-3.500910103321075439e-01,2.377953529357910156e-01
-7.058697342872619629e-01,-1.186625957489013672e+00,1.024222731590270996e+00
-5.015502870082855225e-02,1.166592389345169067e-01,2.370982170104980469e-01
-1.393389225006103516e+00,-1.536595344543457031e+00,3.519085645675659180e-01
1.218138575553894043e+00,1.200462102890014648e+00,8.681497573852539062e-01
-2.006528854370117188e+00,-2.415334284305572510e-01,5.352529883384704590e-01
1.528082489967346191e+00,1.128911599516868591e-01,6.537437438964843750e-03
7.308406829833984375e-01,1.384573936462402344e+00,3.156606853008270264e-01
-1.757197380065917969e+00,-8.447280526161193848e-02,8.573113679885864258e-01
-5.653803944587707520e-01,6.360769271850585938e-01,6.840392947196960449e-01
2.493574023246765137e-01,-8.122420310974121094e-01,6.630320549011230469e-01
-1.178239703178405762e+00,-1.812942475080490112e-01,1.375481128692626953e+00
1.652057170867919922e+00,-5.713415145874023438e-02,6.841943264007568359e-01
-1.159987449645996094e+00,-1.126533150672912598e+00,1.245785713195800781e+00
-1.517844319343566895e+00,-1.236032471060752869e-01,6.713571548461914062e-01
1.315602064132690430e+00,1.943617165088653564e-01,9.700732231140136719e-01
-1.381870269775390625e+00,1.792907710296276491e-06,1.059589385986328125e+00
2.006099700927734375e+00,1.609684675931930542e-01,4.790122807025909424e-01
4.743174016475677490e-01,-4.689993858337402344e-01,1.070633530616760254e+00
-8.555622696876525879e-01,-1.453714847564697266e+00,6.638174057006835938e-01
8.699617385864257812e-01,1.200107693672180176e+00,4.326232895255088806e-02
4.183253347873687744e-01,7.598286271095275879e-01,1.137348651885986328e+00
1.391883373260498047e+00,-1.821217536926269531e-01,6.671096682548522949e-01
4.582973420619964600e-01,-6.895837783813476562e-01,5.358857512474060059e-01
4.225860536098480225e-01,1.181308269500732422e+00,6.900927424430847168e-01
-1.727122783660888672e+00,-1.120787501335144043e+00,3.364538550376892090e-01
1.506970524787902832e+00,1.175757944583892822e-01,2.972860336303710938e-01
6.805486083030700684e-01,-5.250253677368164062e-01,9.168517589569091797e-01
-8.212766647338867188e-01,2.361721992492675781e-01,1.191676616668701172e+00
-7.378286719322204590e-01,-9.234247207641601562e-01,1.352592945098876953e+00
-1.104744434356689453e+00,-1.453052639961242676e+00,1.093466132879257202e-01
-3.866577148437500000e-02,1.798584014177322388e-01,1.420738697052001953e+00
1.530189037322998047e+00,1.379911422729492188e+00,5.584100484848022461e-01
1.916976869106292725e-01,8.194940090179443359e-01,2.356638908386230469e-01
9.256216287612915039e-01,-2.830677032470703125e-01,1.031590819358825684e+00
1.764086604118347168e+00,5.880348682403564453e-01,2.840871810913085938e-01
-1.519427776336669922e+00,-1.244812011718750000e-01,1.268102973699569702e-01
-1.474806904792785645e+00,-1.159694314002990723e+00,1.076374053955078125e+00
1.691998243331909180e+00,1.064318776130676270e+00,2.887778282165527344e-01
-6.849254965782165527e-01,-1.359119892120361328e+00,2.283825576305389404e-01
7.202426195144653320e-01,1.118104815483093262e+00,6.570854187011718750e-01
-1.693059921264648438e+00,-1.128028154373168945e+00,8.254513144493103027e-01
-3.104412853717803955e-01,-9.707919359207153320e-01,1.026496887207031250e+00
-1.108991622924804688e+00,-8.202933073043823242e-01,2.428259849548339844e-01
1.637404799461364746e+00,5.963871479034423828e-01,8.495826721191406250e-01
9.994280934333801270e-01,1.166741549968719482e-01,2.412948608398437500e-01
1.206089019775390625e+00,-1.209421902894973755e-01,5.061984062194824219e-01
-8.589773178100585938e-01,-5.843291282653808594e-01,2.382259368896484375e-01
-1.772917866706848145e+00,-3.505715429782867432e-01,2.477002143859863281e-01
1.083933949470520020e+00,3.507377803325653076e-01,2.510900497436523438e-01
-3.687790632247924805e-01,4.668207168579101562e-01,1.219345211982727051e+00
1.233363866806030273e+00,-1.154905706644058228e-01,1.678652763366699219e-01
-5.324006676673889160e-01,-1.166204810142517090e-01,2.378368377685546875e-01
2.708239555358886719e-01,1.166035234928131104e-01,2.364330291748046875e-01
-1.340145349502563477e+00,1.158618927001953125e-01,1.908879280090332031e-01
-1.955581665039062500e+00,-4.072280824184417725e-01,1.001197695732116699e+00
5.126110911369323730e-01,3.499895632266998291e-01,2.355136871337890625e-01
-1.483100056648254395e-01,8.640484809875488281e-01,6.571395993232727051e-01
-1.018568754196166992e+00,3.970022201538085938e-01,6.405144929885864258e-01
1.788959503173828125e+00,1.679672598838806152e-01,2.674472033977508545e-01
4.320760965347290039e-01,-3.500549495220184326e-01,2.366738319396972656e-01
-3.713061511516571045e-01,1.166111826896667480e-01,2.374815940856933594e-01
-5.329411029815673828e-01,3.500933349132537842e-01,2.375206947326660156e-01
6.989080905914306641e-01,-3.503475189208984375e-01,1.093209385871887207e+00
-2.918540835380554199e-01,-5.843113064765930176e-01,2.378611564636230469e-01
1.911444067955017090e-01,-5.842701196670532227e-01,2.372741699218750000e-01
1.262096643447875977e+00,7.856158018112182617e-01,9.383668899536132812e-01
4.224928319454193115e-01,1.182610034942626953e+00,4.289773404598236084e-01
-1.305047571659088135e-01,-3.501040041446685791e-01,2.375035285949707031e-01
3.008300624787807465e-02,-1.166300401091575623e-01,2.371568679809570312e-01
9.153943061828613281e-01,1.961253136396408081e-01,1.064745426177978516e+00
-1.280852317810058594e+00,-1.058148384094238281e+00,2.464947700500488281e-01
-1.610098838806152344e+00,8.684349060058593750e-02,5.771464705467224121e-01
-1.546635627746582031e+00,-7.963089346885681152e-01,1.153898954391479492e+00
9.253628253936767578e-01,8.217645287513732910e-01,2.557778358459472656e-01
6.005211472511291504e-01,1.286439418792724609e+00,8.090359568595886230e-01
5.050615221261978149e-02,7.303934097290039062e-01,1.168330550193786621e+00
-1.727786540985107422e+00,-1.120646238327026367e+00,5.770820379257202148e-01
1.872422337532043457e+00,4.007439315319061279e-01,7.899904251098632812e-01
1.497443079948425293e+00,1.237408816814422607e-01,6.799554824829101562e-01
-1.835581302642822266e+00,-9.249330163002014160e-01,4.443743824958801270e-01
9.648669362068176270e-01,5.796369910240173340e-01,1.022348880767822266e+00
6.757894754409790039e-01,5.842470526695251465e-01,2.371177673339843750e-01
-5.044982954859733582e-02,-8.197224140167236328e-01,2.377185821533203125e-01
1.930825948715209961e+00,7.147655487060546875e-01,4.835793972015380859e-01
1.911102235317230225e-01,5.841664671897888184e-01,2.359886169433593750e-01
4.342117309570312500e-01,8.194161653518676758e-01,2.350640296936035156e-01
-9.177246093750000000e-01,-1.286761760711669922e+00,1.039113998413085938e+00
5.092201009392738342e-02,-6.787796020507812500e-01,1.177949190139770508e+00
-2.918224930763244629e-01,5.842479467391967773e-01,2.370777130126953125e-01
-1.268041968345642090e+00,-3.502789139747619629e-01,2.415995597839355469e-01
-8.562914729118347168e-01,1.166223883628845215e-01,2.380928993225097656e-01
5.927764773368835449e-01,-1.165904998779296875e-01,2.359557151794433594e-01
5.489627122879028320e-01,5.692455768585205078e-01,1.129548549652099609e+00
2.365203760564327240e-02,5.492605566978454590e-01,1.335749626159667969e+00
5.855703353881835938e-01,1.042451739311218262e+00,1.890890449285507202e-01
-1.358844280242919922e+00,-8.206359148025512695e-01,2.458462715148925781e-01
-8.555614948272705078e-01,-1.453714847564697266e+00,3.502606153488159180e-01
4.085949659347534180e-01,3.718451559543609619e-01,1.237901210784912109e+00
4.900337010622024536e-02,-9.169445037841796875e-01,7.880209088325500488e-01
4.651383757591247559e-01,-3.657033741474151611e-01,1.333091735839843750e+00
-1.136146306991577148e+00,-9.212391972541809082e-01,1.331426620483398438e+00
4.859981313347816467e-02,9.670281410217285156e-01,8.496119379997253418e-01
-7.858290672302246094e-01,-5.385732650756835938e-01,1.445865631103515625e+00
7.711544632911682129e-01,9.761561155319213867e-01,9.935231208801269531e-01
-1.440396457910537720e-01,-1.040677547454833984e+00,5.048885941505432129e-01
7.707778811454772949e-01,1.406713962554931641e+00,6.678696870803833008e-01
-4.717223942279815674e-01,-5.375346541404724121e-01,1.456614971160888672e+00
1.773072242736816406e+00,8.494630455970764160e-01,7.457317709922790527e-01
-6.894081234931945801e-01,-1.322204589843750000e+00,7.409003973007202148e-01
-1.309090256690979004e+00,1.205815449357032776e-01,4.838027954101562500e-01
1.468276977539062500e-01,-3.591846525669097900e-01,1.434256553649902344e+00
-3.533458709716796875e-01,7.402229309082031250e-01,8.121787905693054199e-01
-1.004746198654174805e+00,-1.274827003479003906e+00,2.425405830144882202e-01
-7.816914916038513184e-01,-1.788275241851806641e-01,1.452107906341552734e+00
-1.018762826919555664e+00,3.957452774047851562e-01,4.170733690261840820e-01
-4.085108935832977295e-01,1.789419949054718018e-01,1.448728561401367188e+00
2.573454082012176514e-01,-6.140289306640625000e-01,1.044956088066101074e+00
-4.685904681682586670e-01,-1.782357394695281982e-01,1.470581054687500000e+00
1.109507441520690918e+00,1.565289497375488281e+00,5.938709974288940430e-01
6.754409670829772949e-01,-5.736212730407714844e-01,4.033056497573852539e-01
-3.461961150169372559e-01,-8.669180870056152344e-01,1.215255856513977051e+00
-9.206506013870239258e-01,-1.252926707267761230e+00,-4.219055175781250000e-03
-1.022190570831298828e+00,-1.546087265014648438e+00,5.319693088531494141e-01
1.179568648338317871e+00,5.839507579803466797e-01,9.778418540954589844e-01
-5.110299587249755859e-01,-1.247860431671142578e+00,4.247176945209503174e-01
-1.699761509895324707e+00,-8.223055005073547363e-01,2.605981826782226562e-01
-5.654309988021850586e-01,6.354880332946777344e-01,4.699330031871795654e-01
-1.113323092460632324e+00,-5.431427359580993652e-01,1.398713588714599609e+00
-1.938066959381103516e+00,-7.391519546508789062e-01,5.477050542831420898e-01
9.957766532897949219e-01,1.190828204154968262e+00,9.173660278320312500e-01
4.668876528739929199e-01,1.373290956507844385e-06,1.300133228302001953e+00
-1.403330683708190918e+00,-1.497616291046142578e+00,9.284399151802062988e-01
-1.546669006347656250e+00,-1.302290916442871094e+00,2.714123725891113281e-01
2.384670972824096680e-01,1.082524776458740234e+00,4.355645775794982910e-01
1.275126338005065918e+00,9.906092882156372070e-01,9.045534133911132812e-01
9.027207493782043457e-01,7.770861387252807617e-01,1.004166603088378906e+00
1.168100237846374512e+00,1.423809170722961426e+00,7.948384284973144531e-01
2.494291216135025024e-01,-8.104491233825683594e-01,4.555912613868713379e-01
-3.319091796875000000e-01,-1.120013713836669922e+00,8.293586373329162598e-01
1.650289893150329590e+00,-6.456327438354492188e-02,2.865307629108428955e-01
-1.483452916145324707e-01,8.625240325927734375e-01,4.515235722064971924e-01
-1.340370893478393555e+00,-7.405965328216552734e-01,1.285737514495849609e+00
9.179812669754028320e-01,-3.499801158905029297e-01,2.354712486267089844e-01
-2.015959739685058594e+00,-5.644714236259460449e-01,4.248358011245727539e-01
-1.834648132324218750e+00,-8.322509378194808960e-02,6.692036390304565430e-01
2.399981617927551270e-01,1.044532775878906250e+00,9.068176150321960449e-01
1.492226600646972656e+00,1.452056884765625000e+00,3.555081188678741455e-01
7.308402061462402344e-01,1.384573459625244141e+00,5.439513921737670898e-02
-8.123359680175781250e-01,4.995210468769073486e-01,7.343060374259948730e-01
-1.262438535690307617e+00,2.642445564270019531e-01,3.515377640724182129e-01
-1.619322776794433594e+00,-8.669429272413253784e-02,1.002778649330139160e+00
1.469776868820190430e+00,3.920934200286865234e-01,9.240326881408691406e-01
4.856231436133384705e-02,9.717068672180175781e-01,5.779492259025573730e-01
-7.309166789054870605e-01,1.817770004272460938e-01,1.360548019409179688e+00
1.507362365722656250e+00,5.874187350273132324e-01,2.764449119567871094e-01
8.609145879745483398e-02,3.638224303722381592e-01,1.362290382385253906e+00
-1.914558887481689453e+00,-8.193771541118621826e-02,3.174441456794738770e-01
-1.208559274673461914e+00,-1.531182765960693359e+00,7.887197732925415039e-01
1.475010663270950317e-01,1.330375653196824715e-06,1.400182723999023438e+00
-1.539290547370910645e+00,-3.699510097503662109e-01,1.267228126525878906e+00
1.987426280975341797e+00,3.234704434871673584e-01,6.506768465042114258e-01
-7.866326570510864258e-01,5.214972496032714844e-01,3.347662389278411865e-01
1.644269943237304688e+00,1.228899717330932617e+00,4.654064774513244629e-01
-1.571570396423339844e+00,-1.337990045547485352e+00,7.242410182952880859e-01
-9.305675029754638672e-01,-9.129889607429504395e-01,1.382183551788330078e+00
-1.974079608917236328e+00,-5.692139863967895508e-01,8.846490383148193359e-01
1.092407226562500000e+00,1.355527043342590332e+00,1.763601601123809814e-01
-1.000941470265388489e-01,-3.579259514808654785e-01,1.453831195831298828e+00
-5.110880136489868164e-01,-1.247222423553466797e+00,6.183489561080932617e-01
-1.243412494659423828e+00,-3.623780608177185059e-01,1.384595394134521484e+00
1.541663765907287598e+00,1.961872428655624390e-01,9.134325981140136719e-01
-1.202376961708068848e+00,-1.559155941009521484e+00,5.965806245803833008e-01
1.677370905876159668e+00,1.015426158905029297e+00,7.518553733825683594e-01
8.022004365921020508e-01,-1.872740387916564941e-01,1.189970016479492188e+00
-3.558402061462402344e-01,7.524896264076232910e-01,3.430020213127136230e-01
-4.132394194602966309e-01,3.618336915969848633e-01,1.393005371093750000e+00
6.198601126670837402e-01,1.102447509765625000e+00,9.695636034011840820e-01
2.481459379196166992e-01,8.423495292663574219e-01,1.148361802101135254e+00
1.104711532592773438e+00,1.588780403137207031e+00,4.061868190765380859e-01
-1.558234930038452148e+00,-5.612683892250061035e-01,1.211752891540527344e+00
-8.667979240417480469e-01,-1.380874633789062500e+00,8.650219440460205078e-01
-2.228477448225021362e-01,-1.786254048347473145e-01,1.458918571472167969e+00
-1.070308685302734375e+00,-1.289348125457763672e+00,1.149425029754638672e+00
-2.239006012678146362e-01,-5.376643538475036621e-01,1.455263614654541016e+00
1.101140737533569336e+00,-1.933444887399673462e-01,1.001634120941162109e+00
7.434205412864685059e-01,1.889938563108444214e-01,1.136713981628417969e+00
1.097023129463195801e+00,1.926216781139373779e-01,1.024065017700195312e+00
-5.841269493103027344e-01,4.250612258911132812e-01,1.079238891601562500e+00
9.393476843833923340e-01,1.500162601470947266e+00,2.862084805965423584e-01
-7.918612360954284668e-01,-7.227336168289184570e-01,1.423561096191406250e+00
1.679792404174804688e+00,1.714856624603271484e-01,9.586273133754730225e-02
-5.427718162536621094e-01,-8.905715942382812500e-01,1.355307936668395996e+00
1.977170467376708984e+00,6.509825587272644043e-01,3.161169290542602539e-01
-1.762058734893798828e+00,-7.648531794548034668e-01,1.047225594520568848e+00
1.443686008453369141e+00,-1.790966391563415527e-01,2.234347462654113770e-01
1.281981468200683594e+00,1.612399578094482422e+00,4.690582156181335449e-01
-1.000749170780181885e-01,1.344680754300497938e-06,1.448259353637695312e+00
-2.233799695968627930e-01,1.790520697832107544e-01,1.445683956146240234e+00
-3.304859399795532227e-01,-1.145233154296875000e+00,3.660012781620025635e-01
-1.752709865570068359e+00,-2.538103461265563965e-01,9.461028873920440674e-02
-7.176367044448852539e-01,-1.089717388153076172e+00,1.177834749221801758e+00
-1.838656544685363770e+00,-2.092771530151367188e-01,9.637795686721801758e-01
1.759766221046447754e+00,3.522003889083862305e-01,2.813887596130371094e-01
-9.838747978210449219e-01,2.909994423389434814e-01,9.847887754440307617e-01
-9.739170074462890625e-01,-1.793936640024185181e-01,1.434495925903320312e+00
1.317129492759704590e+00,1.564025865263829473e-06,9.599623680114746094e-01
-1.610098838806152344e+00,8.684340864419937134e-02,2.166583240032196045e-01
-2.081727981567382812e+00,-3.970445096492767334e-01,5.836640596389770508e-01
-1.909477233886718750e+00,-7.433264255523681641e-01,7.244677543640136719e-01
-5.265381336212158203e-01,-1.073310852050781250e+00,1.040656447410583496e+00
-2.035576820373535156e+00,-4.007703363895416260e-01,7.577587962150573730e-01
5.729470252990722656e-01,-6.232122182846069336e-01,7.638071775436401367e-01
7.564517259597778320e-01,5.761192440986633301e-01,1.058636188507080078e+00
-1.953135967254638672e+00,-2.441155910491943359e-01,2.591897547245025635e-01
-1.471509486436843872e-01,-9.119386672973632812e-01,9.956908822059631348e-01
-1.314243435859680176e+00,-1.142705559730529785e+00,1.163155555725097656e+00
-1.561891078948974609e+00,-9.739495515823364258e-01,1.092953801155090332e+00
5.979481935501098633e-01,1.310903549194335938e+00,2.299148440361022949e-01
1.137087225914001465e+00,1.342577695846557617e+00,4.963541030883789062e-01
-1.188527703285217285e+00,-7.296102643013000488e-01,1.370494365692138672e+00
-1.327305316925048828e+00,-9.139934182167053223e-02,1.253649234771728516e+00
1.110820770263671875e-01,-8.928368091583251953e-01,3.563336133956909180e-01
-1.564451605081558228e-01,5.274372100830078125e-01,1.355579018592834473e+00
-1.867433428764343262e+00,-5.867327451705932617e-01,2.679572105407714844e-01
1.415421366691589355e+00,6.682443618774414062e-02,1.274365186691284180e-01
-1.101355671882629395e+00,1.166209354996681213e-01,2.380208969116210938e-01
1.684106111526489258e+00,8.250833153724670410e-01,2.851147651672363281e-01
1.442749619483947754e+00,1.304634690284729004e+00,2.844991683959960938e-01
1.520077824592590332e+00,1.063692331314086914e+00,2.844805717468261719e-01
-1.077372789382934570e+00,1.580095291137695312e-02,1.316844344139099121e+00
1.008317470550537109e+00,-3.866588771343231201e-01,5.756153464317321777e-01
-1.873553752899169922e+00,-5.805996656417846680e-01,1.020662546157836914e+00
-1.522114992141723633e+00,-5.849810838699340820e-01,2.462401390075683594e-01
1.180944442749023438e+00,1.062098264694213867e+00,2.735533714294433594e-01
7.707784771919250488e-01,1.406713962554931641e+00,4.782157838344573975e-01
1.343322157859802246e+00,8.239311575889587402e-01,2.749404907226562500e-01
4.422171711921691895e-01,9.110145568847656250e-01,1.067764163017272949e+00
-1.802502632141113281e+00,-9.308571219444274902e-01,8.633142113685607910e-01
1.080881357192993164e+00,-1.166244447231292725e-01,2.382082939147949219e-01
2.006124496459960938e+00,1.609674096107482910e-01,3.118499815464019775e-01
9.226460456848144531e-01,3.921823799610137939e-01,2.447680681943893433e-01
1.250292301177978516e+00,3.511041104793548584e-01,2.587046623229980469e-01
1.170331954956054688e+00,5.861713290214538574e-01,2.610063552856445312e-01
-5.874851942062377930e-01,5.914368033409118652e-01,9.007425308227539062e-01
7.644012570381164551e-01,1.059307694435119629e+00,2.544393539428710938e-01
-1.105281352996826172e+00,-5.845704674720764160e-01,2.412023544311523438e-01
-1.629474878311157227e+00,-1.128493845462799072e-01,3.958702087402343750e-03
-8.656658530235290527e-01,-1.057418704032897949e+00,2.414746284484863281e-01
-1.290193319320678711e+00,1.161456108093261719e-01,9.862876534461975098e-01
-1.101355671882629395e+00,-1.166206300258636475e-01,2.380218505859375000e-01
1.374073505401611328e+00,1.210634231567382812e+00,8.161969184875488281e-01
-9.439755082130432129e-01,-8.200709223747253418e-01,2.408313751220703125e-01
8.356112241744995117e-01,1.165732964873313904e-01,2.350344657897949219e-01
8.394729495048522949e-01,5.849494338035583496e-01,2.458500862121582031e-01
2.497482299804687500e-02,-7.724340558052062988e-01,1.040075778961181641e+00
-6.169543266296386719e-01,-8.197327852249145508e-01,2.378592491149902344e-01
-8.571761846542358398e-01,-3.501051962375640869e-01,2.379531860351562500e-01
1.924884021282196045e-01,1.056519865989685059e+00,2.353367805480957031e-01
-6.411840915679931641e-01,-1.093820333480834961e+00,4.907779693603515625e-01
-6.961801052093505859e-01,-5.843269824981689453e-01,2.380990982055664062e-01
1.853852272033691406e+00,8.363347649574279785e-01,5.582028031349182129e-01
-6.196517944335937500e-01,-1.238320112228393555e+00,1.390243470668792725e-01
2.033980846405029297e+00,3.204664587974548340e-01,4.770808219909667969e-01
-6.940072178840637207e-01,-1.166222542524337769e-01,2.380499839782714844e-01
-2.119508385658264160e-01,-8.197392821311950684e-01,2.379283905029296875e-01
-5.043914541602134705e-02,8.195576071739196777e-01,2.362632751464843750e-01
-5.329768061637878418e-01,-3.501169085502624512e-01,2.380075454711914062e-01
1.418280601501464844e+00,3.514748215675354004e-01,2.663936614990234375e-01
3.522833287715911865e-01,-5.842414498329162598e-01,2.370815277099609375e-01
3.515124320983886719e-01,3.500181734561920166e-01,2.359127998352050781e-01
4.315921068191528320e-01,1.165956854820251465e-01,2.360348701477050781e-01
-1.304968297481536865e-01,3.500815927982330322e-01,2.370395660400390625e-01
-3.713140785694122314e-01,-1.166136637330055237e-01,2.376360893249511719e-01
2.711093127727508545e-01,-3.500578105449676514e-01,2.370238304138183594e-01
1.103243976831436157e-01,1.166369393467903137e-01,2.368297576904296875e-01
1.905514448881149292e-01,-1.166138648986816406e-01,2.369518280029296875e-01
-2.106132507324218750e-01,1.166091784834861755e-01,2.372899055480957031e-01
-1.661176681518554688e+00,-4.309951066970825195e-01,1.183548808097839355e+00
-1.268616557121276855e+00,2.312707901000976562e-01,8.145986795425415039e-01
-7.645943760871887207e-01,-1.258965015411376953e+00,2.951717376708984375e-02
-1.522673964500427246e-01,-7.003073692321777344e-01,1.319374084472656250e+00
-4.178924486041069031e-02,7.755250334739685059e-01,1.016257286071777344e+00
-1.051733493804931641e+00,-1.388457775115966797e+00,9.985432028770446777e-01
1.650291442871093750e+00,-6.456232070922851562e-02,5.243206620216369629e-01
1.703780770301818848e+00,1.982429474592208862e-01,8.496460914611816406e-01
9.528496861457824707e-01,1.421110153198242188e+00,6.059550046920776367e-01
1.392220735549926758e+00,-1.804656982421875000e-01,8.233059644699096680e-01
-1.826908588409423828e+00,-4.176161885261535645e-01,1.086632609367370605e+00
-1.205286979675292969e+00,-1.428271174430847168e+00,2.398702949285507202e-01
-3.092126846313476562e-01,5.401377677917480469e-01,1.097504734992980957e+00
2.024756431579589844e+00,4.824341833591461182e-01,3.676296770572662354e-01
-9.387112259864807129e-01,3.501038551330566406e-01,2.380313873291015625e-01
6.109652519226074219e-01,3.773573338985443115e-01,1.152378082275390625e+00
4.577452838420867920e-01,-6.971793174743652344e-01,3.241650462150573730e-01
8.928771018981933594e-01,-3.941084146499633789e-01,9.310877919197082520e-01
-1.021490097045898438e+00,3.780627250671386719e-01,7.925582528114318848e-01
1.320348739624023438e+00,3.899194896221160889e-01,9.577298164367675781e-01
1.636186003684997559e+00,1.525878815300529823e-06,8.253455162048339844e-01
8.613651990890502930e-01,1.195342063903808594e+00,2.397729456424713135e-01
-9.582053422927856445e-01,1.888045817613601685e-01,1.142511844635009766e+00
1.145082712173461914e+00,-2.955727577209472656e-01,8.810641169548034668e-01
-5.963799357414245605e-01,1.794514060020446777e-01,1.432775020599365234e+00
-1.211149454116821289e+00,1.716613724056514911e-06,1.215424537658691406e+00
1.411152482032775879e+00,7.896105647087097168e-01,9.075417518615722656e-01
1.141680240631103516e+00,-3.154964447021484375e-01,4.987434148788452148e-01
6.684486269950866699e-01,1.373290956507844385e-06,1.211683273315429688e+00
-2.940042018890380859e-01,-1.056933999061584473e+00,2.382102012634277344e-01
-1.429419159889221191e+00,-1.374260187149047852e+00,1.010778903961181641e+00
9.491311311721801758e-01,1.335144020231382456e-06,1.092308521270751953e+00
5.236123800277709961e-01,1.069162845611572266e+00,3.219037055969238281e-01
-1.788334012031555176e+00,-1.196336746215820312e-02,2.105578631162643433e-01
-1.914558887481689453e+00,-8.193771541118621826e-02,4.876029789447784424e-01
1.116611599922180176e+00,7.822085618972778320e-01,9.646692276000976562e-01
-1.117336153984069824e+00,1.931727975606918335e-01,1.007011890411376953e+00
5.105555653572082520e-01,1.197574496269226074e+00,8.829145431518554688e-01
9.594924449920654297e-01,3.846018910408020020e-01,1.040117740631103516e+00
4.045617580413818359e-01,1.841845661401748657e-01,1.285959720611572266e+00
9.926812648773193359e-01,1.268139362335205078e+00,8.072233200073242188e-02
-1.637104034423828125e+00,-1.139921665191650391e+00,9.589217901229858398e-01
1.785721778869628906e+00,1.020824790000915527e+00,3.907739222049713135e-01
-1.224887251853942871e+00,-1.457298755645751953e+00,9.928034543991088867e-01
6.308861970901489258e-01,9.706217646598815918e-01,1.027573585510253906e+00
4.132900834083557129e-01,5.636917948722839355e-01,1.186865329742431641e+00
9.127554297447204590e-01,9.806222319602966309e-01,9.660181999206542969e-01
6.746072769165039062e-01,-5.815429687500000000e-01,2.593905627727508545e-01
-1.527222514152526855e+00,-8.208662271499633789e-01,2.478818893432617188e-01
5.555413961410522461e-01,7.671637535095214844e-01,1.080741882324218750e+00
2.774198949337005615e-01,3.682059347629547119e-01,1.294274330139160156e+00
2.940806448459625244e-01,9.722630381584167480e-01,1.017468929290771484e+00
1.954620838165283203e+00,4.892351031303405762e-01,7.138409018516540527e-01
1.654185295104980469e+00,8.023613691329956055e-01,8.091554641723632812e-01
-1.204191684722900391e+00,-1.550943851470947266e+00,4.104299843311309814e-01
-1.599494695663452148e+00,-2.378292083740234375e-01,1.211939930915832520e+00
4.582682549953460693e-01,-6.899933815002441406e-01,6.773623228073120117e-01
-1.917728424072265625e+00,-4.102843105792999268e-01,2.615514993667602539e-01
2.497376352548599243e-01,-8.027882575988769531e-01,8.034350275993347168e-01
1.650291919708251953e+00,-6.456184387207031250e-02,4.937530308961868286e-02
-1.661629319190979004e+00,1.983642505365423858e-06,7.987465858459472656e-01
-8.964061737060546875e-03,-9.083968997001647949e-01,9.155311584472656250e-01
1.021232604980468750e+00,-3.858254551887512207e-01,3.739352226257324219e-01
-1.381157994270324707e+00,-3.640323579311370850e-01,1.358947753906250000e+00
7.418679594993591309e-01,1.254367828369140625e+00,3.814697265625000000e-03
3.368444740772247314e-01,1.325607286162266973e-06,1.352027893066406250e+00
-1.525399982929229736e-01,6.890087127685546875e-01,1.032150864601135254e+00
-9.289417862892150879e-01,3.931952714920043945e-01,9.069800376892089844e-01
-1.313038110733032227e+00,-5.739688873291015625e-03,1.283648610115051270e-01
1.108064651489257812e-01,-8.928725719451904297e-01,6.659884452819824219e-01
-1.484598815441131592e-01,8.578529357910156250e-01,7.958828806877136230e-01
1.109933480620384216e-01,-8.197023868560791016e-01,2.375254631042480469e-01
-1.441958546638488770e-01,-1.034235954284667969e+00,7.058828473091125488e-01
-6.929185986518859863e-01,-1.293292999267578125e+00,8.746117949485778809e-01
2.187895178794860840e-01,-5.643367171287536621e-01,1.180243015289306641e+00
-1.031984329223632812e+00,-1.493834495544433594e+00,7.256852388381958008e-01
-1.479731559753417969e+00,-8.894344419240951538e-02,1.092231392860412598e+00
1.756853580474853516e+00,2.212524350397870876e-06,6.202001571655273438e-01
-1.521862506866455078e+00,1.134552955627441406e-01,6.761398315429687500e-01
4.855796694755554199e-02,9.721593856811523438e-01,7.130427360534667969e-01
-1.108549594879150391e+00,-3.608556389808654785e-01,1.408199787139892578e+00
-1.022190570831298828e+00,-1.546087265014648438e+00,1.614556908607482910e-01
1.431385040283203125e+00,9.996033310890197754e-01,8.492336273193359375e-01
1.007105827331542969e+00,-3.867368698120117188e-01,7.103602290153503418e-01
1.766757965087890625e+00,2.441406195430317894e-06,2.684475779533386230e-01
2.728677392005920410e-01,-3.621678054332733154e-01,1.387862682342529297e+00
1.946203231811523438e+00,6.549977064132690430e-01,6.028020977973937988e-01
-9.806849360466003418e-01,-5.411694049835205078e-01,1.419083595275878906e+00
1.509307771921157837e-01,5.533504486083984375e-01,1.293498516082763672e+00
4.641712903976440430e-01,-1.825661361217498779e-01,1.336184024810791016e+00
4.847534000873565674e-02,9.825186729431152344e-01,2.418615669012069702e-01
9.032437205314636230e-01,-4.454641342163085938e-01,6.343196034431457520e-01
-1.396689414978027344e+00,-1.523655891418457031e+00,7.958846688270568848e-01
1.444486618041992188e+00,1.464642882347106934e+00,6.151263117790222168e-01
7.741276621818542480e-01,1.382404804229736328e+00,7.985658049583435059e-01
5.163776129484176636e-02,-5.898232460021972656e-01,1.342165470123291016e+00
-7.825472354888916016e-01,1.411438006471144035e-06,1.443188667297363281e+00
-1.016177296638488770e+00,-1.116274356842041016e+00,1.298187255859375000e+00
2.386299818754196167e-01,1.078466415405273438e+00,5.681562423706054688e-01
-3.308066427707672119e-01,-1.139529705047607422e+00,6.943252682685852051e-01
-1.440820246934890747e-01,-1.038910865783691406e+00,3.721643090248107910e-01
-5.900454521179199219e-01,-1.182482600212097168e+00,9.600176811218261719e-01
-1.675350189208984375e+00,-1.216030597686767578e+00,4.428788721561431885e-01
4.670717120170593262e-01,-5.687813758850097656e-01,9.810412526130676270e-01
-1.004102706909179688e+00,-1.274470686912536621e+00,1.103939786553382874e-01
6.676468849182128906e-01,1.119642496109008789e+00,5.366882309317588806e-02
1.111449003219604492e+00,1.547680497169494629e+00,2.812533378601074219e-01
5.387091040611267090e-01,-3.727325499057769775e-01,1.224218368530273438e+00
1.320002675056457520e+00,1.429694294929504395e+00,7.691774368286132812e-01
5.766959190368652344e-01,-6.228487491607666016e-01,4.746291935443878174e-01
-9.950919151306152344e-01,-1.480079054832458496e+00,4.283447191119194031e-02
-1.449207425117492676e+00,-1.058443069458007812e+00,2.485308647155761719e-01
2.093971222639083862e-01,-1.802872866392135620e-01,1.407141208648681641e+00
4.226187467575073242e-01,1.180857658386230469e+00,5.593485832214355469e-01
-1.755911827087402344e+00,-9.392014741897583008e-01,2.732842862606048584e-01
-8.464812040328979492e-01,-3.582958877086639404e-01,1.447860240936279297e+00
1.002264976501464844e+00,-3.870491981506347656e-01,8.463790416717529297e-01
-1.623185873031616211e+00,-1.061387419700622559e+00,2.686810493469238281e-01
-1.384794712066650391e+00,-1.570296287536621094e+00,5.372067093849182129e-01
4.233606755733489990e-01,1.170647144317626953e+00,2.998138368129730225e-01
6.003141403198242188e-01,1.288403511047363281e+00,6.793333292007446289e-01
1.608999252319335938e+00,1.236993193626403809e+00,6.542609930038452148e-01
-7.045383453369140625e-01,3.835629522800445557e-01,1.056253910064697266e+00
-8.363294601440429688e-01,2.981357872486114502e-01,1.079281568527221680e+00
1.561153888702392578e+00,7.049005031585693359e-01,2.813278138637542725e-01
-1.237036228179931641e+00,2.787538766860961914e-01,4.886807203292846680e-01
-9.969124794006347656e-01,9.672328829765319824e-02,1.257051467895507812e+00
-3.893005102872848511e-02,3.619838356971740723e-01,1.390884399414062500e+00
4.888511449098587036e-02,-9.315686225891113281e-01,2.439092993736267090e-01
8.553863316774368286e-02,1.808390021324157715e-01,1.390357017517089844e+00
-4.531765580177307129e-01,5.842531323432922363e-01,2.372703552246093750e-01
5.979493856430053711e-01,1.310903549194335938e+00,4.207198917865753174e-01
4.900337010622024536e-02,9.170107841491699219e-01,9.946026206016540527e-01
-4.133135974407196045e-01,-7.223032116889953613e-01,1.426903247833251953e+00
-5.251827239990234375e-01,3.131861388683319092e-01,1.357240319252014160e+00
-6.849253773689270020e-01,-1.359119892120361328e+00,6.083784103393554688e-01
-6.553625464439392090e-01,-1.784906387329101562e-01,1.462540626525878906e+00
-6.593409776687622070e-01,-5.379745364189147949e-01,1.452049732208251953e+00
-5.379513502120971680e-01,-1.056850075721740723e+00,2.376141548156738281e-01
-6.849254965782165527e-01,-1.359119892120361328e+00,3.546557426452636719e-01
1.139163970947265625e-01,8.056917190551757812e-01,1.089250922203063965e+00
-1.190614700317382812e+00,9.360229223966598511e-02,1.082675099372863770e+00
-6.849253773689270020e-01,-1.359119892120361328e+00,1.023342907428741455e-01
-1.581993937492370605e+00,-1.586461067199707031e-01,1.115414381027221680e+00
-8.555610179901123047e-01,-1.453713893890380859e+00,5.380097627639770508e-01
1.119495272636413574e+00,1.516363620758056641e+00,7.249992489814758301e-01
-5.318355560302734375e-01,-3.572503626346588135e-01,1.464100360870361328e+00
-1.706772804260253906e+00,-1.125112771987915039e+00,7.010005116462707520e-01
-1.551111817359924316e+00,1.907348632812500000e-06,9.435291290283203125e-01
8.857879638671875000e-01,-3.945657610893249512e-01,1.071595072746276855e+00
2.362945489585399628e-02,1.343488634120149072e-06,1.430702686309814453e+00
-1.604937076568603516e+00,-1.329766154289245605e+00,5.949111580848693848e-01
-8.555611968040466309e-01,-1.453713893890380859e+00,2.255520522594451904e-01
5.692040920257568359e-01,-5.902352929115295410e-01,9.131112098693847656e-01
-8.358399868011474609e-01,1.162433624267578125e-01,1.371834278106689453e+00
1.964376449584960938e+00,1.623129248619079590e-01,5.959622263908386230e-01
-1.056766510009765625e-02,1.020608425140380859e+00,1.074669480323791504e+00
1.443686485290527344e+00,-1.790965199470520020e-01,5.329582095146179199e-01
-4.690189957618713379e-01,1.525878815300529823e-06,1.462833404541015625e+00
-3.474558293819427490e-01,-5.372899174690246582e-01,1.459117412567138672e+00
2.313156053423881531e-02,-3.584477007389068604e-01,1.445752143859863281e+00
-1.516246914863586426e+00,1.388716697692871094e-01,5.167892575263977051e-01
-2.230578511953353882e-01,-3.574014902114868164e-01,1.461893558502197266e+00
-9.996993839740753174e-02,-1.788342595100402832e-01,1.452764034271240234e+00
-3.456687927246093750e-01,-1.784230619668960571e-01,1.464873313903808594e+00
-7.211821675300598145e-01,-1.117630004882812500e+00,2.371288985013961792e-01
1.622443199157714844e+00,1.815896034240722656e-01,2.039343267679214478e-01
1.546875000000000000e+00,5.287724137306213379e-01,8.957700729370117188e-01
3.620071411132812500e-01,-4.283662736415863037e-01,1.315943241119384766e+00
1.472625732421875000e+00,1.457224726676940918e+00,4.841525256633758545e-01
9.234323501586914062e-01,1.394299268722534180e+00,4.317962378263473511e-02
-1.843717098236083984e+00,-2.494084089994430542e-01,2.074829041957855225e-01
-1.610098838806152344e+00,8.684340864419937134e-02,4.565716385841369629e-01
6.903526186943054199e-01,-4.317378997802734375e-01,1.004818797111511230e+00
-1.058216094970703125e+00,-1.353869915008544922e+00,3.978576511144638062e-02
7.707780003547668457e-01,1.406713962554931641e+00,1.642858833074569702e-01
1.932040333747863770e+00,9.601306915283203125e-02,3.772521913051605225e-01
1.533370912075042725e-01,7.486619949340820312e-01,1.223553180694580078e+00
1.803547024726867676e+00,6.026309132575988770e-01,7.851910591125488281e-01
1.864923000335693359e+00,8.345354795455932617e-01,4.406358301639556885e-01
-5.760328173637390137e-01,5.161714553833007812e-01,9.903537034988403320e-01
-1.051570415496826172e+00,-4.802084565162658691e-01,2.398562580347061157e-01
-1.835608005523681641e+00,-9.249279499053955078e-01,5.617251396179199219e-01
6.760797500610351562e-01,-5.675463676452636719e-01,7.650713920593261719e-01
-1.983819484710693359e+00,-5.681115388870239258e-01,7.680552601814270020e-01
-1.516247391700744629e+00,1.388716697692871094e-01,1.265451014041900635e-01
-7.282800674438476562e-01,3.033622801303863525e-01,1.170052647590637207e+00
-1.747705936431884766e+00,-1.473369598388671875e-01,4.898040741682052612e-02
1.028215885162353516e+00,-3.853748142719268799e-01,2.405163496732711792e-01
-2.025306701660156250e+00,-4.015991389751434326e-01,8.729011416435241699e-01
-1.295673131942749023e+00,1.907348632812500000e-06,1.136434555053710938e+00
-1.988478660583496094e+00,-2.424060702323913574e-01,7.065653800964355469e-01
-1.208309888839721680e+00,-1.532313346862792969e+00,2.872408926486968994e-01
-1.940013408660888672e+00,-7.388677000999450684e-01,4.331146180629730225e-01
4.320716857910156250e-01,-4.238449335098266602e-01,1.226428508758544922e+00
9.495111107826232910e-01,-1.904018372297286987e-01,1.092971801757812500e+00
-7.864320278167724609e-01,5.231537818908691406e-01,6.254935860633850098e-01
-1.131317377090454102e+00,-1.357779264450073242e+00,1.082595348358154297e+00
-1.977818489074707031e+00,-2.429215162992477417e-01,3.697973489761352539e-01
-1.481319367885589600e-01,8.713631629943847656e-01,3.144702017307281494e-01
-1.724536538124084473e+00,-2.381863594055175781e-01,2.030462622642517090e-01
-1.914558410644531250e+00,-8.193755894899368286e-02,2.044195532798767090e-01
1.526675701141357422e+00,-1.127872094511985779e-01,8.726119995117187500e-05
1.693432331085205078e+00,6.877581477165222168e-01,8.141090273857116699e-01
-1.793500900268554688e+00,-7.602611184120178223e-01,2.699081301689147949e-01
5.968422889709472656e-01,-6.208948493003845215e-01,3.300009071826934814e-01
-1.997923851013183594e+00,-5.665141940116882324e-01,3.141955435276031494e-01
-4.099563509225845337e-02,-7.607973217964172363e-01,1.129891872406005859e+00
-2.018368244171142578e+00,-5.641984343528747559e-01,5.367699861526489258e-01
-1.373343467712402344e+00,-5.403535366058349609e-01,2.441458106040954590e-01
-8.968917727470397949e-01,-1.185783863067626953e+00,1.163847208023071289e+00
-2.070103168487548828e+00,-3.979828953742980957e-01,4.189099073410034180e-01
-1.041043758392333984e+00,-6.748859286308288574e-01,2.410327047109603882e-01
-4.350764453411102295e-01,-9.489405751228332520e-01,1.160992145538330078e+00
9.019353985786437988e-01,-4.549598693847656250e-01,2.655431926250457764e-01
-1.610100269317626953e+00,8.684295415878295898e-02,3.364489674568176270e-01
1.725292682647705078e+00,2.593994167909841053e-06,7.428024411201477051e-01
-1.465061187744140625e+00,-4.468273818492889404e-01,1.291725635528564453e+00
-1.727662563323974609e+00,-1.120672941207885742e+00,4.565315246582031250e-01
2.528588473796844482e-01,-7.253565788269042969e-01,9.554171562194824219e-01
3.582878112792968750e-01,-5.798680186271667480e-01,1.020056247711181641e+00
-1.022190093994140625e+00,-1.546087265014648438e+00,4.081023931503295898e-01
1.018653512001037598e+00,1.534717082977294922e+00,2.202725410461425781e-01
1.385969161987304688e+00,-2.110924720764160156e-01,1.247845441102981567e-01
4.225848913192749023e-01,1.181336402893066406e+00,8.215630650520324707e-01
1.501786708831787109e-01,-5.505961179733276367e-01,1.321940898895263672e+00
-8.285902142524719238e-01,1.759457588195800781e-01,1.280949115753173828e+00
-1.405875921249389648e+00,1.144852042198181152e-01,1.054587364196777344e-01
1.660978317260742188e+00,1.225066065788269043e+00,3.418893218040466309e-01
-1.324573278427124023e+00,-1.834439784288406372e-01,1.308837890625000000e+00
8.203353881835937500e-01,8.009154200553894043e-01,2.504495084285736084e-01
-3.529972434043884277e-01,7.463955879211425781e-01,4.606649577617645264e-01
7.844417691230773926e-01,1.307559967041015625e+00,8.742489218711853027e-01
1.836179733276367188e+00,5.007202625274658203e-01,7.893235683441162109e-01
9.755184054374694824e-01,1.288384914398193359e+00,8.815649151802062988e-01
-1.409184932708740234e+00,-9.008017927408218384e-02,1.170721411705017090e+00
1.591944694519042969e+00,5.244026184082031250e-01,2.787161171436309814e-01
-1.200093746185302734e+00,2.805406749248504639e-01,7.521951198577880859e-01
-9.022650122642517090e-01,-1.432898163795471191e+00,7.552237510681152344e-01
-1.676541090011596680e+00,-1.211911678314208984e+00,5.777111649513244629e-01
2.843157947063446045e-01,7.531600594520568848e-01,1.188824653625488281e+00
-3.528676033020019531e-01,7.486915588378906250e-01,6.703639030456542969e-01
-3.590221703052520752e-01,6.396656036376953125e-01,9.692198038101196289e-01
-4.400033950805664062e-01,-1.209124684333801270e+00,5.543673634529113770e-01
5.856213569641113281e-01,-6.219827532768249512e-01,6.178286671638488770e-01
-1.465878605842590332e+00,1.640319737816753332e-06,1.000479698181152344e+00
-1.082021236419677734e+00,-1.226858139038085938e+00,1.229790568351745605e+00
1.366652250289916992e+00,1.548656940460205078e+00,2.858605384826660156e-01
-1.611510276794433594e+00,-1.328145980834960938e+00,3.463818430900573730e-01
-1.610099792480468750e+00,8.684318512678146362e-02,9.708068519830703735e-02
1.301361680030822754e+00,-1.142653599381446838e-01,9.181880950927734375e-02
-1.788331508636474609e+00,-1.196193695068359375e-02,6.129083037376403809e-01
7.308397293090820312e-01,1.384573340415954590e+00,5.776252746582031250e-01
-1.301034450531005859e+00,-6.454405188560485840e-01,1.334167718887329102e+00
-1.788332343101501465e+00,-1.196289062500000000e-02,5.011901631951332092e-02
-8.324246406555175781e-01,4.978992044925689697e-01,2.486926168203353882e-01
-1.559547424316406250e+00,-1.169944763183593750e+00,1.024019241333007812e+00
-9.490133523941040039e-01,-1.395008206367492676e+00,9.203405380249023438e-01
-1.210771441459655762e+00,-1.521172523498535156e+00,9.174036979675292969e-01
1.405239701271057129e+00,1.441185235977172852e+00,7.191033363342285156e-01
-1.789341717958450317e-01,-9.864690899848937988e-01,9.300627708435058594e-01
1.715788841247558594e-01,1.047205924987792969e+00,3.717791736125946045e-01
-6.272453665733337402e-01,3.772774338722229004e-01,1.153686523437500000e+00
-1.305813312530517578e+00,-1.019811511039733887e+00,1.211182832717895508e+00
-1.038489103317260742e+00,1.912878006696701050e-01,1.065494537353515625e+00
2.459040433168411255e-01,8.979735374450683594e-01,1.068105578422546387e+00
-1.534677147865295410e-01,-6.505994796752929688e-01,1.403426527976989746e+00
1.821832180023193359e+00,1.669068038463592529e-01,7.882305979728698730e-01
-8.054903745651245117e-01,3.661880493164062500e-01,1.016700148582458496e+00
1.621177643537521362e-01,9.878706336021423340e-01,9.214367866516113281e-01
-9.253761172294616699e-01,-1.001126766204833984e+00,1.341239333152770996e+00
