7.080029249191284180e-01,1.177922606468200684e+00,9.832940101623535156e-01
-1.712475299835205078e+00,-1.860435605049133301e+00,2.875311076641082764e-01
-1.255458354949951172e+00,3.468028604984283447e-01,1.697421073913574219e-01
5.764875411987304688e-01,-8.325170874595642090e-01,1.884686201810836792e-01
2.477572917938232422e+00,2.918401360511779785e-01,1.821426302194595337e-01
-6.624727249145507812e-01,-7.198337316513061523e-01,1.445922374725341797e+00
-2.163658618927001953e+00,-5.477431416511535645e-01,1.075509905815124512e+00
1.828662872314453125e+00,1.726447701454162598e+00,1.586340367794036865e-01
1.382256388664245605e+00,1.373290956507844385e-06,9.824085235595703125e-01
-4.256671071052551270e-01,5.585967898368835449e-01,1.239422321319580078e+00
-6.950967311859130859e-01,-1.047606706619262695e+00,1.743221282958984375e-01
1.886145025491714478e-01,3.461603522300720215e-01,1.557517051696777344e-01
3.975301980972290039e-01,-3.617778718471527100e-01,1.394023418426513672e+00
1.476548671722412109e+00,7.158653140068054199e-01,1.620605438947677612e-01
8.289209008216857910e-01,1.492408394813537598e+00,2.120637893676757812e-02
-1.685734391212463379e+00,-8.155205845832824707e-01,2.006869316101074219e-01
-1.304300189018249512e+00,4.087638854980468750e-02,1.238336801528930664e+00
-1.471460223197937012e+00,-1.346867918968200684e+00,1.130146026611328125e+00
2.143249511718750000e+00,9.508293867111206055e-01,7.529467344284057617e-01
-2.379127502441406250e+00,-2.235109657049179077e-01,2.373120039701461792e-01
1.479049921035766602e+00,-3.460702300071716309e-01,1.546263694763183594e-01
4.822158813476562500e-02,-1.014032840728759766e+00,9.107511639595031738e-01
-1.436803340911865234e-01,1.055519104003906250e+00,5.700613260269165039e-01
-5.270351767539978027e-01,-1.154448613524436951e-01,1.648998260498046875e-01
1.231121659278869629e+00,1.826138019561767578e+00,7.489437460899353027e-01
-6.763885617256164551e-01,-1.429421424865722656e+00,9.174801707267761230e-01
6.762667894363403320e-01,3.771232962608337402e-01,1.156051635742187500e+00
-9.858509898185729980e-01,-1.739972114562988281e+00,-8.154876530170440674e-02
1.397839069366455078e+00,7.821614146232604980e-01,9.650111198425292969e-01
-2.195373535156250000e+00,-1.184234738349914551e+00,6.410148739814758301e-01
8.819963932037353516e-01,-5.996394157409667969e-01,8.369337320327758789e-01
-1.912802696228027344e+00,8.196624368429183960e-02,7.740805149078369141e-01
2.077888727188110352e+00,1.983297616243362427e-01,8.469510078430175781e-01
9.065789580345153809e-01,1.152520179748535156e-01,1.530442237854003906e-01
-7.673462033271789551e-01,6.803307533264160156e-01,6.103138327598571777e-01
-1.764325261116027832e+00,-8.216857910156250000e-02,-1.087893620133399963e-01
7.506994605064392090e-01,8.102586269378662109e-01,1.542077064514160156e-01
-1.174832701683044434e+00,-3.471564054489135742e-01,1.770496368408203125e-01
1.902521610260009766e+00,1.106983944773674011e-01,-1.295299530029296875e-01
1.092336997389793396e-01,-3.463324308395385742e-01,1.597619056701660156e-01
-1.178455352783203125e-02,-1.139531373977661133e+00,2.066980004310607910e-01
-2.831098735332489014e-01,-1.778030693531036377e-01,1.483988285064697266e+00
-1.147466421127319336e+00,-1.807626247406005859e+00,6.290124654769897461e-01
-1.344968438148498535e+00,-7.431368827819824219e-01,1.266131877899169922e+00
4.078909456729888916e-01,1.383642196655273438e+00,4.769453406333923340e-01
2.003167390823364258e+00,1.045356750488281250e+00,1.589245796203613281e-01
1.566232293844223022e-01,9.543921351432800293e-01,1.127432346343994141e+00
1.682684779167175293e+00,1.420168757438659668e+00,8.106808662414550781e-01
-1.278655648231506348e+00,-1.288835406303405762e+00,1.963062286376953125e-01
-3.684562742710113525e-01,5.779793262481689453e-01,1.594357490539550781e-01
1.286598205566406250e+00,1.907414793968200684e+00,-2.503112703561782837e-02
1.418418288230895996e+00,1.282632708549499512e+00,1.616539955139160156e-01
8.568710088729858398e-02,3.621136844158172607e-01,1.388763427734375000e+00
-1.241668701171875000e+00,3.750472068786621094e-01,7.972949147224426270e-01
-8.432449698448181152e-01,-1.785566359758377075e-01,1.460478782653808594e+00
-1.024517789483070374e-01,-7.311844229698181152e-01,1.358327388763427734e+00
-2.397816658020019531e+00,-6.720178723335266113e-01,5.501545667648315430e-01
-6.606994271278381348e-01,-1.558634757995605469e+00,3.421114981174468994e-01
-1.729916810989379883e+00,-1.675860881805419922e+00,7.883480787277221680e-01
1.770191192626953125e+00,-1.685722321271896362e-01,6.189428567886352539e-01
-9.521647691726684570e-01,-1.118876338005065918e+00,1.284880638122558594e+00
1.902816742658615112e-01,1.044408559799194336e+00,1.524024009704589844e-01
8.746294975280761719e-01,-1.887153536081314087e-01,1.145310401916503906e+00
1.048984527587890625e+00,-5.770512819290161133e-01,3.066985905170440674e-01
-1.886453986167907715e+00,-1.298547029495239258e+00,2.505016326904296875e-01
-1.727445602416992188e+00,2.267646789550781250e-01,2.809426784515380859e-01
4.702672958374023438e-01,-8.462837934494018555e-01,7.049551010131835938e-01
2.382479190826416016e+00,7.504232525825500488e-01,3.440588414669036865e-01
-3.230295181274414062e-01,-1.277320861816406250e+00,6.136753559112548828e-01
-3.687857091426849365e-01,-5.784959793090820312e-01,1.658353805541992188e-01
-2.291296958923339844e+00,-2.277588546276092529e-01,7.172326445579528809e-01
1.347286939620971680e+00,-4.005637168884277344e-01,6.457351446151733398e-01
2.134056091308593750e+00,2.136230477844947018e-06,3.578744530677795410e-01
5.867971777915954590e-01,-3.461210131645202637e-01,1.556482315063476562e-01
-9.064807891845703125e-01,2.947423160076141357e-01,1.206905603408813477e+00
-1.939276695251464844e+00,-1.247357726097106934e+00,1.031137824058532715e+00
1.144979953765869141e+00,1.395627737045288086e+00,9.176526069641113281e-01
8.626437187194824219e-01,1.671259403228759766e+00,5.017025470733642578e-01
1.396285057067871094e+00,1.153817698359489441e-01,1.611471176147460938e-01
-1.099786639213562012e+00,-8.134848475456237793e-01,1.827139854431152344e-01
1.989269971847534180e+00,5.781267881393432617e-01,1.613750457763671875e-01
-8.502017259597778320e-01,5.783594250679016113e-01,1.642837524414062500e-01
1.843572020530700684e+00,5.913453698158264160e-01,9.015679359436035156e-01
-1.916069388389587402e+00,-3.849673271179199219e-01,2.003887891769409180e-01
-1.843635201454162598e+00,-2.288041114807128906e-01,1.135015845298767090e+00
8.982560634613037109e-01,7.732431888580322266e-01,1.033813476562500000e+00
1.167093992233276367e+00,3.855145871639251709e-01,1.025988101959228516e+00
-5.317043662071228027e-01,1.786746233701705933e-01,1.456932544708251953e+00
1.563830852508544922e+00,1.909401893615722656e+00,4.510479569435119629e-01
-3.349189162254333496e-01,-1.066699504852294922e+00,1.107383728027343750e+00
2.373940944671630859e+00,4.485741257667541504e-01,6.545129418373107910e-01
-2.153180122375488281e+00,-8.680506944656372070e-01,2.525811791419982910e-01
-1.298488378524780273e+00,-1.776730060577392578e+00,2.084655761718750000e-01
1.967939376831054688e+00,1.501595377922058105e+00,5.034423470497131348e-01
-1.157292842864990234e+00,-1.583243966102600098e+00,9.946155548095703125e-01
-3.480211794376373291e-01,8.345398902893066406e-01,9.395231604576110840e-01
-6.787841916084289551e-01,-1.472077608108520508e+00,-7.445621490478515625e-02
1.080754995346069336e+00,1.045865178108215332e+00,1.623916625976562500e-01
2.321707457304000854e-01,1.238760471343994141e+00,8.119758367538452148e-01
4.614045321941375732e-01,-6.468000411987304688e-01,1.114094853401184082e+00
-1.403408169746398926e+00,1.213313266634941101e-01,5.303478240966796875e-01
-7.701879739761352539e-01,-5.788480043411254883e-01,1.702642440795898438e-01
-2.104223519563674927e-01,1.044906020164489746e+00,1.558313369750976562e-01
-9.285905361175537109e-01,1.154840812087059021e-01,1.674523353576660156e-01
5.314295887947082520e-01,1.392364424646075349e-06,1.290583610534667969e+00
1.835567951202392578e+00,-1.664647608995437622e-01,1.503472924232482910e-01
-1.251170277595520020e+00,-3.646390736103057861e-01,1.349555015563964844e+00
1.072283267974853516e+00,5.778808593750000000e-01,1.583032608032226562e-01
5.865258574485778809e-01,3.459612727165222168e-01,1.523447036743164062e-01
-2.083718776702880859e-01,1.153683438897132874e-01,1.602811813354492188e-01
-1.504171133041381836e+00,-1.157376468181610107e-01,1.831808090209960938e-01
-3.736622631549835205e-01,-1.284161686897277832e+00,1.702108383178710938e-01
1.897320449352264404e-01,-8.110904693603515625e-01,1.614708900451660156e-01
1.713829636573791504e+00,9.929222464561462402e-01,8.903298377990722656e-01
-7.153446674346923828e-01,5.836691260337829590e-01,9.808068275451660156e-01
4.850092828273773193e-01,7.610702514648437500e-01,1.127743244171142578e+00
-2.239346027374267578e+00,-8.526195883750915527e-01,8.458825349807739258e-01
-1.567465186119079590e+00,1.971738338470458984e-01,8.828353881835937500e-01
1.179551959037780762e+00,1.559633255004882812e+00,-1.316656470298767090e-01
1.224548578262329102e+00,1.584728717803955078e+00,4.555382728576660156e-01
7.507455348968505859e-01,1.552078247070312500e+00,8.366945981979370117e-01
1.466224640607833862e-01,1.349449121335055679e-06,1.433534145355224609e+00
-1.574137687683105469e+00,-1.524356603622436523e+00,2.265179455280303955e-01
1.530569434165954590e+00,3.893450498580932617e-01,9.666323661804199219e-01
-1.928919792175292969e+00,-1.602650403976440430e+00,4.504479765892028809e-01
2.215759277343750000e+00,1.157523155212402344e+00,4.595588445663452148e-01
-5.744600296020507812e-02,6.843381524085998535e-01,1.321267724037170410e+00
2.309112437069416046e-02,-3.578198850154876709e-01,1.455474376678466797e+00
2.264268398284912109e+00,1.121605634689331055e-01,-3.877067565917968750e-02
5.143117904663085938e-01,1.281324744224548340e+00,1.543393135070800781e-01
-2.007062435150146484e+00,7.082223892211914062e-02,1.299185156822204590e-01
-1.671946048736572266e+00,2.577168345451354980e-01,-8.128448575735092163e-02
-8.252226114273071289e-01,-1.650389671325683594e+00,6.402772665023803711e-01
1.131135821342468262e+00,-3.772339820861816406e-01,9.461455941200256348e-01
-1.488914489746093750e+00,-1.859675407409667969e+00,5.729719400405883789e-01
4.769889637827873230e-02,-1.078863620758056641e+00,5.676752924919128418e-01
1.064849853515625000e+00,1.784029483795166016e+00,2.139636129140853882e-01
-5.481074452400207520e-01,8.304944038391113281e-01,3.177209496498107910e-01
1.730907201766967773e+00,3.464241325855255127e-01,1.619834899902343750e-01
1.755683302879333496e+00,1.220703097715158947e-06,9.217581748962402344e-01
-1.833795785903930664e+00,-1.209117844700813293e-01,5.043692588806152344e-01
1.423383116722106934e+00,1.190544843673706055e+00,9.187965393066406250e-01
-1.426802039146423340e+00,-5.803389549255371094e-01,1.887450218200683594e-01
1.662445902824401855e+00,1.045729994773864746e+00,1.614785194396972656e-01
-9.929403662681579590e-01,-7.296913266181945801e-01,1.369887351989746094e+00
-9.858511090278625488e-01,-1.739972114562988281e+00,3.340154886245727539e-01
1.149436354637145996e+00,-1.152615323662757874e-01,1.536178588867187500e-01
-1.130850791931152344e+00,4.738072752952575684e-01,4.987203776836395264e-01
-9.456936717033386230e-01,-1.287008166313171387e+00,1.860814094543457031e-01
-6.074206233024597168e-01,3.464855253696441650e-01,1.630797386169433594e-01
-3.466978371143341064e-01,-5.361179709434509277e-01,1.471199035644531250e+00
3.472891151905059814e-01,-1.153120175004005432e-01,1.565966606140136719e-01
1.552357375621795654e-01,-7.579325437545776367e-01,1.152018070220947266e+00
-1.539346694946289062e+00,-1.850786209106445312e-01,1.258062362670898438e+00
1.491671085357666016e+00,1.733702659606933594e+00,1.595648229122161865e-01
-1.581613302230834961e+00,-9.468556046485900879e-01,1.173788070678710938e+00
-7.535552978515625000e-02,1.011147618293762207e+00,9.065264463424682617e-01
-6.300054788589477539e-01,-1.130536437034606934e+00,1.225330829620361328e+00
-2.287322521209716797e+00,-5.337375402450561523e-01,2.432897835969924927e-01
-2.210596561431884766e+00,-1.180482625961303711e+00,3.078716993331909180e-01
4.292620718479156494e-01,8.100752234458923340e-01,1.525926589965820312e-01
-1.298611462116241455e-01,-8.114652633666992188e-01,1.648154258728027344e-01
-4.973022267222404480e-02,5.777569413185119629e-01,1.566867828369140625e-01
4.626521840691566467e-02,1.256872653961181641e+00,1.070220947265625000e+00
2.347894191741943359e+00,1.499508619308471680e-01,5.505725145339965820e-01
-1.613777130842208862e-01,1.786774992942810059e-01,1.456952095031738281e+00
9.075045585632324219e-01,-3.459858298301696777e-01,1.529006958007812500e-01
1.988394021987915039e+00,1.220460414886474609e+00,7.659850120544433594e-01
6.819205284118652344e-01,-4.077218770980834961e-01,1.252520680427551270e+00
-2.221698760986328125e+00,-7.698874920606613159e-02,4.581530690193176270e-01
4.315278828144073486e-01,1.058188438415527344e+00,1.041954755783081055e+00
1.118471622467041016e+00,9.778627753257751465e-01,9.829945564270019531e-01
-5.925970077514648438e-01,-3.564408421516418457e-01,1.476689338684082031e+00
-2.102503538131713867e+00,-2.586784362792968750e-01,9.789342880249023438e-01
2.798011600971221924e-01,5.565730333328247070e-01,1.260239601135253906e+00
-1.177327275276184082e+00,-1.330928444862365723e+00,1.199603557586669922e+00
9.491456151008605957e-01,1.903282105922698975e-01,1.095242023468017578e+00
-2.325317859649658203e+00,-5.294343233108520508e-01,8.228240609169006348e-01
1.472369551658630371e+00,1.634058475494384766e+00,8.018689155578613281e-01
-2.003058671951293945e+00,-1.450325012207031250e+00,6.979084610939025879e-01
8.750559687614440918e-01,-6.500024795532226562e-01,5.429126024246215820e-01
-1.727445363998413086e+00,2.267646789550781250e-01,5.920410156250000000e-01
-4.212060570716857910e-01,-9.186877012252807617e-01,1.347137451171875000e+00
-2.077603340148925781e-01,-1.171379923820495605e+00,8.637745380401611328e-01
-2.415822982788085938e+00,-3.700733184814453125e-01,4.924026429653167725e-01
-9.850397109985351562e-01,4.855782985687255859e-01,9.181094169616699219e-01
1.996491909027099609e+00,1.493074893951416016e+00,2.098626643419265747e-01
-1.756430625915527344e+00,-1.473142862319946289e+00,1.014925956726074219e+00
2.072379112243652344e+00,2.539706230163574219e-01,1.270941197872161865e-01
4.686111211776733398e-02,1.182896137237548828e+00,3.630801439285278320e-01
-1.114902615547180176e+00,-1.523578643798828125e+00,1.678586006164550781e-01
1.259664297103881836e+00,1.522268772125244141e+00,1.616940498352050781e-01
-1.438934326171875000e+00,-1.050939798355102539e+00,1.971511840820312500e-01
3.433051109313964844e-01,2.145652323961257935e-01,1.317594289779663086e+00
2.167523384094238281e+00,8.106766343116760254e-01,1.579246520996093750e-01
1.220487356185913086e+00,1.870829105377197266e+00,4.465582072734832764e-01
-9.708404541015625000e-01,9.714271128177642822e-02,1.402683019638061523e+00
1.824558615684509277e+00,8.110728263854980469e-01,1.614298820495605469e-01
-5.306002497673034668e-01,-8.118861317634582520e-01,1.685671806335449219e-01
-9.892034530639648438e-01,-1.460458040237426758e+00,-1.290912628173828125e-01
2.422338575124740601e-01,-9.889888763427734375e-01,3.754754662513732910e-01
-1.472695589065551758e+00,3.359408378601074219e-01,3.500912487506866455e-01
3.484725952148437500e-01,-5.779222846031188965e-01,1.588110923767089844e-01
1.233234167098999023e+00,3.463127315044403076e-01,1.596727371215820312e-01
-2.086724787950515747e-01,-3.464832901954650879e-01,1.629490852355957031e-01
7.484759092330932617e-01,-5.776423811912536621e-01,1.553692817687988281e-01
-1.553943037986755371e+00,-5.597224831581115723e-01,1.227691173553466797e+00
7.459207177162170410e-01,-1.152542456984519958e-01,1.531820297241210938e-01
-4.962097108364105225e-02,-1.154166609048843384e-01,1.600217819213867188e-01
1.816641807556152344e+00,1.287419080734252930e+00,1.604647785425186157e-01
-8.738053441047668457e-01,-1.335442066192626953e+00,1.133888483047485352e+00
9.785594940185546875e-01,1.695897817611694336e+00,7.819895744323730469e-01
2.098124027252197266e+00,6.353068351745605469e-01,8.081610202789306641e-01
1.089037895202636719e+00,-6.237134933471679688e-01,1.057620525360107422e+00
-5.517336726188659668e-01,7.896728515625000000e-01,7.374981641769409180e-01
1.104820251464843750e+00,-5.313067436218261719e-01,6.291310191154479980e-01
2.134056091308593750e+00,2.212524350397870876e-06,6.303310990333557129e-01
-1.338562250137329102e+00,-1.751564979553222656e+00,8.855891227722167969e-01
9.220931529998779297e-01,1.282775640487670898e+00,1.624331474304199219e-01
2.284604072570800781e+00,7.663299441337585449e-01,6.188430786132812500e-01
5.149106979370117188e-01,1.345900297164916992e+00,9.030648469924926758e-01
1.603151917457580566e+00,-2.626643180847167969e-01,4.322442412376403809e-01
-2.079555034637451172e+00,-1.382363677024841309e+00,4.328848123550415039e-01
-1.989290237426757812e+00,8.073356747627258301e-02,4.244506657123565674e-01
1.610895991325378418e+00,-2.301130294799804688e-01,8.231521248817443848e-01
-5.117035508155822754e-01,-1.240283966064453125e+00,1.011336922645568848e+00
2.294423580169677734e-01,1.306447982788085938e+00,1.657992452383041382e-01
-1.463172674179077148e+00,1.125831604003906250e-01,-1.260757446289062500e-02
6.551257371902465820e-01,-7.669057846069335938e-01,4.609489440917968750e-01
7.434793710708618164e-01,1.604801177978515625e+00,2.793707251548767090e-01
2.100210487842559814e-01,-5.417213439941406250e-01,1.413464546203613281e+00
2.422240734100341797e+00,5.774689912796020508e-01,1.532168388366699219e-01
-1.143773794174194336e+00,-9.274241328239440918e-01,1.293364524841308594e+00
-3.419930934906005859e-01,9.413452148437500000e-01,4.463036954402923584e-01
1.852827072143554688e+00,3.321569859981536865e-01,9.021079540252685547e-01
5.803017020225524902e-01,1.478807449340820312e+00,6.566860675811767578e-01
-1.404970586299896240e-01,-1.187253475189208984e+00,4.276333451271057129e-01
-3.480706810951232910e-01,3.591360151767730713e-01,1.434831619262695312e+00
-1.782615900039672852e+00,-1.054177045822143555e+00,2.193255424499511719e-01
-1.271788597106933594e+00,2.143416404724121094e-01,1.050364971160888672e+00
1.064849853515625000e+00,1.784029483795166016e+00,-8.112121373414993286e-02
-6.233544349670410156e-01,-1.492458939552307129e+00,6.579378843307495117e-01
-8.252220153808593750e-01,-1.650389671325683594e+00,9.748199582099914551e-02
2.432874292135238647e-01,-9.628267288208007812e-01,7.147026062011718750e-01
1.373318314552307129e+00,1.956062793731689453e+00,2.101046741008758545e-01
-1.258610844612121582e+00,-1.600486397743225098e+00,5.296764373779296875e-01
1.240128755569458008e+00,8.111779689788818359e-01,1.623473167419433594e-01
6.599394679069519043e-01,-7.210817337036132812e-01,8.178469538688659668e-01
1.813882708549499512e+00,1.709043025970458984e+00,4.113650321960449219e-01
2.456695556640625000e+00,4.405498504638671875e-01,3.866122364997863770e-01
1.825263619422912598e+00,1.161539405584335327e-01,2.090597152709960938e-01
-2.086157798767089844e+00,-1.044471263885498047e+00,9.938354492187500000e-01
-1.550413012504577637e+00,-1.647350788116455078e+00,9.746541976928710938e-01
-9.960399270057678223e-01,-1.685607910156250000e+00,8.226246237754821777e-01
-8.031941056251525879e-01,-9.149184226989746094e-01,1.370334625244140625e+00
2.131141662597656250e+00,1.283613204956054688e+00,2.582894861698150635e-01
1.681545972824096680e+00,1.522033810615539551e+00,1.605906486511230469e-01
-1.536258339881896973e+00,4.830408096313476562e-02,1.083168268203735352e+00
-2.911341786384582520e-01,-1.046615600585937500e+00,1.675515174865722656e-01
-5.882838964462280273e-01,3.782696723937988281e-01,1.315153002738952637e+00
-1.187947034835815430e+00,-1.049818396568298340e+00,1.894478797912597656e-01
1.608498573303222656e+00,1.799949049949645996e+00,6.723495125770568848e-01
-2.290742397308349609e+00,-1.000985383987426758e+00,4.615608155727386475e-01
5.921930074691772461e-01,1.044650316238403320e+00,1.540684700012207031e-01
-6.103942990303039551e-01,-1.270487904548645020e+00,9.383821487426757812e-02
1.364344120025634766e+00,-3.170113563537597656e-01,8.835662603378295898e-01
1.567153573036193848e+00,-1.157770901918411255e-01,1.856932640075683594e-01
-1.590581059455871582e+00,-3.477711081504821777e-01,1.897878646850585938e-01
1.097161844372749329e-01,8.102655410766601562e-01,1.542100906372070312e-01
-1.764692664146423340e+00,-5.811733007431030273e-01,1.991038322448730469e-01
-1.970472335815429688e+00,-1.971368789672851562e-01,4.905303940176963806e-02
1.328002929687500000e+00,1.045807719230651855e+00,1.620035171508789062e-01
1.168946862220764160e+00,1.282706260681152344e+00,1.620459556579589844e-01
-1.348434090614318848e+00,-8.143491148948669434e-01,1.903409957885742188e-01
-4.977172613143920898e-02,-5.782371163368225098e-01,1.626348495483398438e-01
-8.505055904388427734e-01,-5.395321249961853027e-01,1.435950279235839844e+00
3.482037186622619629e-01,5.774754881858825684e-01,1.532797813415527344e-01
-1.091205477714538574e+00,-1.155458390712738037e-01,1.713194847106933594e-01
-6.879696249961853027e-01,-3.467005789279937744e-01,1.676120758056640625e-01
1.480651259422302246e+00,3.464457392692565918e-01,1.623764038085937500e-01
-8.541691303253173828e-01,-8.126379251480102539e-01,1.751804351806640625e-01
-2.895219326019287109e-01,8.106515407562255859e-01,1.576333045959472656e-01
6.679473519325256348e-01,5.774670839309692383e-01,1.531400680541992188e-01
1.232150793075561523e+00,-3.460094332695007324e-01,1.533870697021484375e-01
-1.010473966598510742e+00,3.466710448265075684e-01,1.670117378234863281e-01
9.884145855903625488e-01,3.460430204868316650e-01,1.541013717651367188e-01
-2.881123423576354980e-01,3.463295996189117432e-01,1.598567962646484375e-01
5.063266158103942871e-01,1.152734607458114624e-01,1.541333198547363281e-01
1.091156005859375000e-01,1.153589040040969849e-01,1.575388908386230469e-01
-1.172543048858642578e+00,1.155340895056724548e-01,1.705188751220703125e-01
9.944668412208557129e-01,8.109725713729858398e-01,1.605496406555175781e-01
-1.013855814933776855e+00,-5.793188214302062988e-01,1.760849952697753906e-01
8.355252146720886230e-01,1.045419692993164062e+00,1.593356132507324219e-01
-8.479871749877929688e-01,-1.154913678765296936e-01,1.679034233093261719e-01
-1.489471346139907837e-01,8.376903533935546875e-01,1.078096866607666016e+00
9.879806041717529297e-01,1.181504964828491211e+00,9.649844169616699219e-01
1.091741800308227539e+00,1.449584942747605965e-06,1.049779415130615234e+00
-9.299880862236022949e-01,-3.468504548072814941e-01,1.707763671875000000e-01
-6.870207190513610840e-01,1.154483407735824585e-01,1.651916503906250000e-01
6.776188611984252930e-01,-5.528979301452636719e-01,1.059908986091613770e+00
-4.975901246070861816e-01,-1.399132251739501953e+00,4.762487709522247314e-01
-1.479540944099426270e+00,-1.892027378082275391e+00,3.319134414196014404e-01
-4.477577209472656250e-01,-3.465995192527770996e-01,1.653642654418945312e-01
-1.532349824905395508e+00,-1.290233254432678223e+00,2.040963172912597656e-01
-4.471288919448852539e-01,1.154116392135620117e-01,1.627464294433593750e-01
-1.108299493789672852e+00,-1.804812997579574585e-01,1.400748252868652344e+00
-1.079557761549949646e-01,-9.616009593009948730e-01,1.083106994628906250e+00
-9.402014017105102539e-01,-1.048706769943237305e+00,1.818442344665527344e-01
2.259799957275390625e+00,1.041399478912353516e+00,2.561325132846832275e-01
-2.879376113414764404e-01,-1.154141202569007874e-01,1.624231338500976562e-01
-1.377114653587341309e+00,-1.137397170066833496e+00,1.190276145935058594e+00
-1.764325380325317383e+00,-8.216857910156250000e-02,1.285726875066757202e-01
4.447372853755950928e-01,-8.762965202331542969e-01,4.515646398067474365e-01
-1.812100291252136230e+00,-1.541989445686340332e+00,2.544860839843750000e-01
2.247636795043945312e+00,3.608986437320709229e-01,4.612107276916503906e-01
1.031152725219726562e+00,5.784534811973571777e-01,1.034545421600341797e+00
1.237923741340637207e+00,1.618725299835205078e+00,8.600344657897949219e-01
4.705131426453590393e-02,1.159144878387451172e+00,6.909231543540954590e-01
-3.432640433311462402e-01,9.188222885131835938e-01,7.204729914665222168e-01
-1.480578899383544922e+00,3.002648353576660156e-01,6.577976942062377930e-01
1.343999624252319336e+00,-4.166631698608398438e-01,3.446679711341857910e-01
1.734463453292846680e+00,5.781599879264831543e-01,1.617746353149414062e-01
-6.085671782493591309e-01,5.781663060188293457e-01,1.617212295532226562e-01
-4.963866993784904480e-02,3.462667763233184814e-01,1.577982902526855469e-01
2.176333904266357422e+00,4.005281031131744385e-01,7.933235168457031250e-01
3.477129936218261719e-01,-3.462347090244293213e-01,1.577019691467285156e-01
1.149540066719055176e+00,1.152716428041458130e-01,1.542639732360839844e-01
1.835566997528076172e+00,-1.664652228355407715e-01,3.800244033336639404e-01
1.937699675559997559e+00,7.956503033638000488e-01,8.609352111816406250e-01
1.532705724239349365e-01,7.483377456665039062e-01,1.226049423217773438e+00
2.462946027517318726e-01,-8.882536888122558594e-01,9.306124448776245117e-01
1.622542738914489746e+00,7.870130538940429688e-01,9.275751113891601562e-01
-1.477236628532409668e+00,3.153920173645019531e-01,1.232891827821731567e-01
5.777060985565185547e-01,1.503490924835205078e+00,1.608126759529113770e-01
-2.380270957946777344e+00,-8.273798823356628418e-01,3.451721072196960449e-01
2.153775453567504883e+00,1.099967956542968750e-02,1.320861726999282837e-01
-1.969830989837646484e+00,-8.104682713747024536e-02,9.374543428421020508e-01
-9.963949322700500488e-01,5.407423973083496094e-01,6.997414827346801758e-01
-7.553448677062988281e-01,7.072424292564392090e-01,3.223761022090911865e-01
1.837179780006408691e+00,-1.116948649287223816e-01,-6.768798828125000000e-02
-4.980578422546386719e-01,-1.467929244041442871e+00,1.375976502895355225e-01
-1.120121836662292480e+00,-5.464596152305603027e-01,1.364502906799316406e+00
6.645350456237792969e-01,-1.853891462087631226e-01,1.248440265655517578e+00
1.368255615234375000e+00,1.403255224227905273e+00,8.844032287597656250e-01
-5.003157258033752441e-01,-1.368470191955566406e+00,7.961748838424682617e-01
-9.923987388610839844e-01,5.666475296020507812e-01,3.339120447635650635e-01
8.576446175575256348e-01,1.389900326728820801e+00,9.426198005676269531e-01
-2.256556600332260132e-01,5.418787598609924316e-01,1.411795616149902344e+00
-1.172937750816345215e+00,-1.692367076873779297e+00,3.764709457755088806e-02
-2.081755638122558594e+00,-1.212238907814025879e+00,8.282000422477722168e-01
1.386559963226318359e+00,1.675082564353942871e+00,-2.434417605400085449e-02
-9.764115214347839355e-01,-3.595183193683624268e-01,1.428894042968750000e+00
7.520335316658020020e-01,5.727541446685791016e-01,1.093333244323730469e+00
1.913570642471313477e+00,1.418261051177978516e+00,6.979727149009704590e-01
2.399918556213378906e+00,1.482739150524139404e-01,3.384966850280761719e-01
2.305615246295928955e-01,1.278678894042968750e+00,5.489457845687866211e-01
-7.177650332450866699e-01,1.354217488369613420e-06,1.459210395812988281e+00
6.307589411735534668e-01,9.704260230064392090e-01,1.028773307800292969e+00
2.702657878398895264e-01,-1.794499903917312622e-01,1.433016300201416016e+00
-1.693573236465454102e+00,-1.787713527679443359e+00,5.867733359336853027e-01
2.089399337768554688e+00,2.136230477844947018e-06,-1.292684972286224365e-01
9.059942364692687988e-01,1.695436000823974609e+00,3.727111592888832092e-02
1.316624760627746582e+00,5.827276706695556641e-01,9.904518127441406250e-01
1.064849972724914551e+00,1.784029483795166016e+00,5.699676275253295898e-01
-1.003157049417495728e-01,-5.376086831092834473e-01,1.455831527709960938e+00
-2.150107860565185547e+00,-7.814209163188934326e-02,1.949511617422103882e-01
-4.059580862522125244e-01,1.449584942747605965e-06,1.480661869049072266e+00
4.735786318778991699e-01,3.723353445529937744e-01,1.230282306671142578e+00
1.202613234519958496e+00,1.185162186622619629e+00,9.462952613830566406e-01
2.079314470291137695e+00,2.313928604125976562e-01,-1.078982502222061157e-01
1.653159618377685547e+00,1.198631525039672852e+00,8.774895668029785156e-01
1.387880802154541016e+00,1.902576923370361328e+00,6.249117851257324219e-01
9.551416039466857910e-01,-3.828610479831695557e-01,1.067169189453125000e+00
1.484027504920959473e+00,9.861516356468200684e-01,9.319849014282226562e-01
-1.948003768920898438e+00,-8.181435465812683105e-01,2.238421440124511719e-01
4.324536025524139404e-01,-7.854906916618347168e-01,9.393396377563476562e-01
1.239165306091308594e+00,-1.933369785547256470e-01,1.001883029937744141e+00
-1.356124043464660645e+00,-1.564534902572631836e+00,1.065581321716308594e+00
-2.161313056945800781e+00,-7.796142250299453735e-02,7.912284731864929199e-01
6.029653549194335938e-01,1.863066107034683228e-01,1.220033168792724609e+00
2.008317947387695312e+00,1.602172801540291402e-06,8.248763084411621094e-01
-1.766641139984130859e+00,7.308673858642578125e-02,9.260306954383850098e-01
5.797716379165649414e-01,1.483849048614501953e+00,4.079296886920928955e-01
2.376566410064697266e+00,5.992183685302734375e-01,4.991496205329895020e-01
1.679414033889770508e+00,1.954075992107391357e-01,9.376034736633300781e-01
-5.499938726425170898e-01,8.092422485351562500e-01,5.264078974723815918e-01
1.318419456481933594e+00,5.782120823860168457e-01,1.624279022216796875e-01
1.180504918098449707e+00,7.782792448997497559e-01,9.949727058410644531e-01
2.322667121887207031e+00,9.157034754753112793e-01,4.569268822669982910e-01
-1.306512475013732910e+00,-1.877231121063232422e+00,4.477755725383758545e-01
-1.840119123458862305e+00,1.106352210044860840e-01,-1.334838867187500000e-01
8.824258446693420410e-01,-5.965266227722167969e-01,1.056863546371459961e+00
2.269764900207519531e+00,3.052503168582916260e-01,8.536498993635177612e-02
1.308238983154296875e+00,1.932738870382308960e-01,1.003817081451416016e+00
5.458448529243469238e-01,5.660125613212585449e-01,1.162885189056396484e+00
8.370780944824218750e-01,9.730259776115417480e-01,1.012748718261718750e+00
-2.340301513671875000e+00,-8.345379233360290527e-01,6.666357517242431641e-01
-8.400900363922119141e-01,-1.553997993469238281e+00,9.009536504745483398e-01
-1.161953210830688477e+00,-1.128441929817199707e+00,1.236029148101806641e+00
6.901377439498901367e-01,7.681288123130798340e-01,1.073266029357910156e+00
-1.006751060485839844e-01,-1.153977155685424805e+00,6.896697878837585449e-01
4.061047136783599854e-01,-5.538921952247619629e-01,1.287919998168945312e+00
7.350322008132934570e-01,1.373290956507844385e-06,1.199870109558105469e+00
2.090171813964843750e+00,1.294414520263671875e+00,5.436334013938903809e-01
1.959294557571411133e+00,1.004078745841979980e+00,8.216695785522460938e-01
-1.372268199920654297e+00,-1.531110048294067383e+00,2.033085823059082031e-01
-1.599424600601196289e+00,-1.146831512451171875e+00,1.142080307006835938e+00
-1.077648401260375977e+00,1.863112151622772217e-01,1.219878673553466797e+00
-1.804884552955627441e+00,-7.686328887939453125e-02,7.001736164093017578e-01
2.413979619741439819e-01,-1.009719848632812500e+00,1.744403094053268433e-01
8.848251104354858398e-01,3.816281855106353760e-01,1.086184024810791016e+00
-2.465578079223632812e+00,-5.135492682456970215e-01,3.356237709522247314e-01
4.094322621822357178e-01,1.362430095672607422e+00,7.322105169296264648e-01
-3.547941148281097412e-01,7.145581245422363281e-01,1.101067423820495605e+00
1.612002253532409668e+00,5.871350169181823730e-01,9.449939727783203125e-01
-1.433695554733276367e-01,1.068378925323486328e+00,3.703240752220153809e-01
3.358396887779235840e-01,1.325607286162266973e-06,1.368871688842773438e+00
-1.360731840133666992e+00,-9.383452534675598145e-01,1.226162433624267578e+00
-1.506310701370239258e+00,-1.799608230590820312e+00,7.624395489692687988e-01
1.080270409584045410e+00,1.504264831542968750e+00,7.700347900390625000e-02
2.123349666595458984e+00,1.118971347808837891e+00,6.481345891952514648e-01
8.727082610130310059e-01,-6.670398712158203125e-01,3.279290795326232910e-01
-4.122654497623443604e-01,-7.204716205596923828e-01,1.441029071807861328e+00
-1.470657825469970703e+00,-3.697995543479919434e-01,1.269576549530029297e+00
4.634292423725128174e-01,-1.822742074728012085e-01,1.345234394073486328e+00
8.687499910593032837e-02,5.502246022224426270e-01,1.325720310211181641e+00
-1.677188873291015625e+00,-8.576247841119766235e-02,1.114600300788879395e+00
-6.923398971557617188e-01,-1.298053264617919922e+00,1.070316433906555176e+00
-6.063489913940429688e-01,-9.084702134132385254e-01,1.410007953643798828e+00
-1.319361090660095215e+00,-1.827220469713211060e-01,1.331230163574218750e+00
4.672779142856597900e-02,1.199325084686279297e+00,1.687872260808944702e-01
-8.252220153808593750e-01,-1.650389671325683594e+00,3.981002867221832275e-01
-1.331714630126953125e+00,-5.525286793708801270e-01,1.301891803741455078e+00
-3.222605884075164795e-01,-1.290945053100585938e+00,3.568923771381378174e-01
-1.566354632377624512e+00,-7.513458728790283203e-01,1.202770709991455078e+00
-7.845674753189086914e-01,1.794854253530502319e-01,1.431690692901611328e+00
-1.517408370971679688e+00,-1.732703208923339844e+00,2.310977131128311157e-01
2.260282516479492188e+00,1.527748852968215942e-01,7.214879989624023438e-01
-1.177446842193603516e+00,1.716613724056514911e-06,1.376386165618896484e+00
-1.232304215431213379e+00,4.250197410583496094e-01,3.431466519832611084e-01
2.300822436809539795e-01,1.290590763092041016e+00,3.566360473632812500e-01
-5.601904392242431641e-01,6.944894790649414062e-01,9.631162881851196289e-01
-1.910608291625976562e+00,-1.429827809333801270e+00,8.643313646316528320e-01
-2.237514019012451172e+00,-1.012299299240112305e+00,7.407655119895935059e-01
-1.005032360553741455e-01,3.593837916851043701e-01,1.430936336517333984e+00
-2.225053787231445312e+00,-6.972448825836181641e-01,9.546575546264648438e-01
-3.835143893957138062e-02,-1.783964931964874268e-01,1.466081142425537109e+00
-5.290560722351074219e-01,-1.777846813201904297e-01,1.484543800354003906e+00
4.067795574665069580e-01,1.398944377899169922e+00,2.880716025829315186e-01
-2.084921360015869141e+00,-1.044734120368957520e+00,2.577593922615051270e-01
7.481191754341125488e-01,1.571137905120849609e+00,6.482357382774353027e-01
-7.811188101768493652e-01,-3.572053313255310059e-01,1.464786052703857422e+00
-9.983275830745697021e-02,1.335144020231382456e-06,1.461700439453125000e+00
-2.222990393638610840e-01,-3.561855256557464600e-01,1.480730533599853516e+00
-2.049158573150634766e+00,-3.996738791465759277e-01,1.097537159919738770e+00
-6.606994271278381348e-01,-1.558634757995605469e+00,9.871459752321243286e-02
-5.429311990737915039e-01,-1.301409840583801270e+00,2.664866447448730469e-01
-2.007062435150146484e+00,7.082223892211914062e-02,6.110088825225830078e-01
2.273678779602050781e+00,6.125540137290954590e-01,7.250897288322448730e-01
8.494415134191513062e-02,1.795825213193893433e-01,1.429327487945556641e+00
-1.895249843597412109e+00,-1.613291382789611816e+00,6.332662701606750488e-01
9.059951305389404297e-01,1.695436000823974609e+00,2.760461270809173584e-01
1.645411372184753418e+00,1.154009252786636353e-01,1.623206138610839844e-01
-5.325091481208801270e-01,-5.360912084579467773e-01,1.471496582031250000e+00
1.552026748657226562e+00,1.947825908660888672e+00,2.711123526096343994e-01
-4.065259397029876709e-01,-3.559595644474029541e-01,1.484130382537841797e+00
-9.858508110046386719e-01,-1.739972114562988281e+00,5.729721188545227051e-01
1.220487236976623535e+00,1.870829105377197266e+00,1.534100323915481567e-01
-5.682925581932067871e-01,5.721148252487182617e-01,1.099997043609619141e+00
1.657835841178894043e+00,-3.284978866577148438e-02,4.960113391280174255e-02
2.087950110435485840e-01,-3.593500554561614990e-01,1.431607246398925781e+00
2.365015745162963867e-01,1.131289005279541016e+00,9.603141546249389648e-01
-3.459194898605346680e-01,1.785524934530258179e-01,1.460852146148681641e+00
-2.392246246337890625e+00,-5.218541622161865234e-01,6.530279517173767090e-01
-1.155147790908813477e+00,-1.772862434387207031e+00,8.144587278366088867e-01
-1.313047766685485840e+00,-1.851609230041503906e+00,6.882675290107727051e-01
-1.044662117958068848e+00,-1.426181793212890625e+00,1.121882200241088867e+00
-1.143043756484985352e+00,-1.827638626098632812e+00,3.895886242389678955e-01
9.762441515922546387e-01,1.470825791358947754e+00,-8.031463623046875000e-02
-2.061322689056396484e+00,-2.388820648193359375e-01,1.987264901399612427e-01
-8.252220153808593750e-01,-1.650389671325683594e+00,-8.248230069875717163e-02
2.438858509063720703e+00,2.943385243415832520e-01,4.893552958965301514e-01
1.509447574615478516e+00,8.923047184944152832e-01,1.618542373180389404e-01
1.592914104461669922e+00,1.240682482719421387e+00,1.614181548357009888e-01
1.877222895622253418e+00,-1.053161621093750000e-01,7.650530934333801270e-01
1.796412467956542969e+00,1.552780270576477051e+00,7.034411430358886719e-01
-9.858511090278625488e-01,-1.739972114562988281e+00,1.557156294584274292e-01
-2.116482257843017578e+00,-8.746234774589538574e-01,1.038748025894165039e+00
4.757346957921981812e-02,-1.094404220581054688e+00,3.686034977436065674e-01
-3.408758342266082764e-01,9.611463546752929688e-01,2.430981397628784180e-01
2.383634090423583984e+00,1.487989723682403564e-01,1.343917846679687500e-01
1.064850091934204102e+00,1.784029483795166016e+00,3.915301561355590820e-01
-1.671946048736572266e+00,2.577170431613922119e-01,9.606628119945526123e-02
-2.220610618591308594e+00,-6.978934407234191895e-01,2.477664202451705933e-01
-1.707957983016967773e+00,-1.294382333755493164e+00,2.272610664367675781e-01
9.266723394393920898e-01,1.574365139007568359e+00,8.999381661415100098e-01
4.928905516862869263e-02,-8.814907073974609375e-01,1.070156812667846680e+00
-1.941131114959716797e+00,-5.729450583457946777e-01,2.046249359846115112e-01
-1.878166198730468750e-02,1.019407987594604492e+00,1.073405385017395020e+00
1.395195603370666504e+00,-1.152918189764022827e-01,1.555619239807128906e-01
2.563417553901672363e-01,-6.389093399047851562e-01,1.259451746940612793e+00
-7.939624786376953125e-01,4.611229896545410156e-01,1.076959848403930664e+00
1.373317360877990723e+00,1.956062316894531250e+00,3.844695985317230225e-01
-7.609157562255859375e-01,-1.326160192489624023e+00,-2.650665305554866791e-02
2.248296976089477539e+00,5.779667496681213379e-01,1.593880653381347656e-01
2.341303586959838867e+00,8.101480603218078613e-01,1.532664299011230469e-01
-1.742267727851867676e+00,1.686530113220214844e-01,7.548120021820068359e-01
-2.341447353363037109e+00,-2.253328710794448853e-01,5.516932606697082520e-01
-1.133381605148315430e+00,3.916844129562377930e-01,9.303669929504394531e-01
-1.143044352531433105e+00,-1.827638626098632812e+00,1.541311591863632202e-01
1.995438814163208008e+00,8.110415339469909668e-01,1.611614227294921875e-01
-7.722509503364562988e-01,6.399383544921875000e-01,8.299291729927062988e-01
-1.367600917816162109e+00,2.724379599094390869e-01,9.219752550125122070e-01
-1.220721960067749023e+00,-1.476139068603515625e+00,1.119165658950805664e+00
1.816231489181518555e+00,1.208074212074279785e+00,8.292603492736816406e-01
1.511726617813110352e+00,1.522183537483215332e+00,1.612982749938964844e-01
1.460905551910400391e+00,-1.949667334556579590e-01,9.512963294982910156e-01
5.153741687536239624e-02,-6.023855209350585938e-01,1.413715004920959473e+00
1.832139849662780762e+00,1.045692563056945801e+00,1.612119674682617188e-01
-2.364816218614578247e-01,-9.438412189483642578e-01,1.192380905151367188e+00
-1.608372330665588379e+00,-1.051701307296752930e+00,2.023515701293945312e-01
-2.269032478332519531e+00,-3.819237351417541504e-01,8.844466805458068848e-01
-4.980568885803222656e-01,-1.467929005622863770e+00,3.070812821388244629e-01
1.899952292442321777e+00,3.464123904705047607e-01,1.617178916931152344e-01
-7.510420083999633789e-01,3.733650147914886475e-01,1.214264869689941406e+00
-1.594799876213073730e+00,-5.807545185089111328e-01,1.938953399658203125e-01
-1.516180872917175293e+00,-8.149315714836120605e-01,1.954870223999023438e-01
-1.423027276992797852e+00,-3.475225865840911865e-01,1.846542358398437500e-01
-1.928517341613769531e+00,-8.171226084232330322e-02,-7.729003578424453735e-02
1.655573368072509766e+00,8.111041188240051270e-01,1.616950035095214844e-01
-2.125946998596191406e+00,-7.117162346839904785e-01,1.088432312011718750e+00
-9.748680591583251953e-01,3.839711248874664307e-01,1.049895286560058594e+00
2.766366600990295410e-01,3.671661913394927979e-01,1.310379028320312500e+00
-1.337758421897888184e+00,-1.156555935740470886e-01,1.780843734741210938e-01
-1.260503768920898438e+00,-5.799252986907958984e-01,1.836466789245605469e-01
-2.200899600982666016e+00,-1.182872533798217773e+00,4.738571047782897949e-01
-1.111497163772583008e+00,-1.287922620773315430e+00,1.911730766296386719e-01
2.408569306135177612e-02,-7.449340820312500000e-01,1.252255439758300781e+00
-2.361166954040527344e+00,-6.773693561553955078e-01,7.132492065429687500e-01
2.000018358230590820e+00,3.960224688053131104e-01,8.631529808044433594e-01
1.431032657623291016e+00,-3.593792319297790527e-01,4.726597368717193604e-01
-7.810732722282409668e-01,-1.286098718643188477e+00,1.810264587402343750e-01
1.566872477531433105e+00,5.781820416450500488e-01,1.620383262634277344e-01
9.903567433357238770e-01,-5.774731040000915527e-01,1.532969474792480469e-01
1.420147180557250977e+00,1.784065246582031250e+00,7.612648010253906250e-01
7.585934400558471680e-01,1.282647252082824707e+00,1.617197990417480469e-01
-1.024087429046630859e+00,-1.472931146621704102e+00,4.262725636363029480e-02
9.095764160156250000e-01,5.775620341300964355e-01,1.543540954589843750e-01
-1.989290237426757812e+00,8.073356747627258301e-02,-7.636383175849914551e-02
-2.212224006652832031e+00,-7.714141905307769775e-02,6.202856302261352539e-01
-2.438194274902343750e+00,-6.661218404769897461e-01,2.877398729324340820e-01
9.872143268585205078e-01,-1.152481064200401306e-01,1.528034210205078125e-01
2.323755741119384766e+00,3.017660379409790039e-01,7.129361033439636230e-01
-5.329751372337341309e-01,-1.047073245048522949e+00,1.706671714782714844e-01
-1.605317592620849609e+00,1.111763715744018555e-01,-9.987068176269531250e-02
-8.485949635505676270e-01,3.466002643108367920e-01,1.654977798461914062e-01
1.603878736495971680e+00,-2.596020698547363281e-01,6.642413139343261719e-01
1.069205880165100098e+00,-3.459719121456146240e-01,1.525688171386718750e-01
2.429379463195800781e+00,5.923737287521362305e-01,3.389657437801361084e-01
8.270357847213745117e-01,3.460076153278350830e-01,1.532907485961914062e-01
-6.918960213661193848e-01,-8.121801018714904785e-01,1.711373329162597656e-01
4.310998320579528809e-01,1.044537663459777832e+00,1.532592773437500000e-01
-6.091079711914062500e-01,-5.786800980567932129e-01,1.680850982666015625e-01
-2.359590053558349609e+00,-8.310836553573608398e-01,5.047317147254943848e-01
-2.282168388366699219e+00,-1.002807617187500000e+00,3.010369837284088135e-01
7.458218336105346680e-01,1.152392774820327759e-01,1.522359848022460938e-01
7.434808015823364258e-01,1.604802131652832031e+00,9.808166325092315674e-02
-3.699978590011596680e-01,-8.117108941078186035e-01,1.670641899108886719e-01
-1.760019779205322266e+00,-3.480211496353149414e-01,1.949796676635742188e-01
-3.639693260192871094e-01,-1.196766972541809082e+00,9.664388895034790039e-01
5.896710157394409180e-01,8.101670742034912109e-01,1.533985137939453125e-01
5.881060361862182617e-01,-5.777555108070373535e-01,1.567430496215820312e-01
-5.007781833410263062e-02,1.044711709022521973e+00,1.544589996337890625e-01
-5.299447774887084961e-01,8.108826279640197754e-01,1.597080230712890625e-01
-2.362318038940429688e+00,-3.743926882743835449e-01,7.078849673271179199e-01
-6.871362328529357910e-01,-1.154677569866180420e-01,1.663980484008789062e-01
7.468066215515136719e-01,-3.460514247417449951e-01,1.542773246765136719e-01
3.496206700801849365e-01,-8.109131455421447754e-01,1.599235534667968750e-01
-1.297061145305633545e-01,8.104962706565856934e-01,1.562595367431640625e-01
5.861074924468994141e-01,-1.152786612510681152e-01,1.545510292053222656e-01
2.995666489005088806e-02,-8.112701177597045898e-01,1.631674766540527344e-01
1.688633918762207031e+00,1.773195505142211914e+00,5.368252396583557129e-01
1.642314434051513672e+00,1.653794407844543457e+00,7.270069122314453125e-01
2.693508863449096680e-01,8.100987076759338379e-01,1.528439521789550781e-01
5.077670216560363770e-01,5.774036049842834473e-01,1.523351669311523438e-01
1.927645206451416016e+00,1.634975373744964600e-01,8.876106142997741699e-01
4.271221756935119629e-01,3.460417389869689941e-01,1.537094116210937500e-01
-4.475092887878417969e-01,3.464071154594421387e-01,1.613826751708984375e-01
-2.091421484947204590e-01,-5.783759355545043945e-01,1.643271446228027344e-01
1.891079694032669067e-01,-5.780463218688964844e-01,1.601877212524414062e-01
2.902264297008514404e-01,-7.688177824020385742e-01,1.068006515502929688e+00
1.889617890119552612e-01,5.775988101959228516e-01,1.546435356140136719e-01
-2.089593410491943359e-01,5.778698325157165527e-01,1.580591201782226562e-01
3.472357094287872314e-01,1.152942031621932983e-01,1.554956436157226562e-01
-4.966308549046516418e-02,-3.464343547821044922e-01,1.612620353698730469e-01
1.884713768959045410e-01,-1.153409257531166077e-01,1.579647064208984375e-01
-4.961303621530532837e-02,1.153988614678382874e-01,1.589097976684570312e-01
-7.487235665321350098e-01,-1.110474109649658203e+00,1.327793121337890625e+00
-1.432570219039916992e-01,-1.073071479797363281e+00,9.693371653556823730e-01
1.091038465499877930e+00,-1.915708929300308228e-01,1.056660175323486328e+00
1.777401804924011230e+00,7.909014821052551270e-01,8.975720405578613281e-01
-8.314983844757080078e-01,-1.461509704589843750e+00,-1.241536140441894531e-01
-1.235747218132019043e+00,4.066457748413085938e-01,6.431083679199218750e-01
2.012520313262939453e+00,1.281403899192810059e+00,1.547851562500000000e-01
1.851726651191711426e+00,1.520777344703674316e+00,1.546912193298339844e-01
9.463605880737304688e-01,1.411438006471144035e-06,1.109548091888427734e+00
8.059296607971191406e-01,-3.997190892696380615e-01,1.156616449356079102e+00
-2.365356445312500000e+00,-2.241769433021545410e-01,3.930026292800903320e-01
-1.304251104593276978e-01,-1.046396493911743164e+00,1.660470962524414062e-01
1.111052870750427246e+00,-4.948129653930664062e-01,7.806257605552673340e-01
2.111706495285034180e+00,8.041384220123291016e-01,7.954463958740234375e-01
-2.444528102874755859e+00,-3.677564263343811035e-01,2.852499186992645264e-01
1.010242938995361328e+00,-5.808084011077880859e-01,5.096978545188903809e-01
1.599461317062377930e+00,-2.781672477722167969e-01,2.777056694030761719e-01
-1.727447986602783203e+00,2.267632484436035156e-01,4.362765550613403320e-01
-1.797714948654174805e+00,-4.876041412353515625e-02,1.024404883384704590e+00
-2.069795131683349609e+00,-7.943657040596008301e-02,3.415069356560707092e-02
2.476076126098632812e+00,4.386705756187438965e-01,2.331503182649612427e-01
1.494464039802551270e+00,1.045768618583679199e+00,1.617422103881835938e-01
1.603871822357177734e+00,1.449584942747605965e-06,9.472866058349609375e-01
-1.951686382293701172e+00,-1.592655181884765625e+00,2.948925793170928955e-01
1.681777715682983398e+00,3.911582827568054199e-01,9.385290145874023438e-01
4.432490766048431396e-01,-8.967843055725097656e-01,2.459454238414764404e-01
-1.410967230796813965e+00,1.148997843265533447e-01,1.311974525451660156e-01
1.519633769989013672e+00,1.407862067222595215e+00,8.643188476562500000e-01
1.528934240341186523e+00,1.945673674345016479e-01,9.636836051940917969e-01
-6.606996059417724609e-01,-1.558634757995605469e+00,5.254928469657897949e-01
-3.672685027122497559e-01,4.935488700866699219e-01,1.364446997642517090e+00
1.087792515754699707e+00,1.611823081970214844e+00,8.862051963806152344e-01
2.469754695892333984e+00,2.923447489738464355e-01,3.338778614997863770e-01
-1.200800180435180664e+00,-7.371442914009094238e-01,1.312359333038330078e+00
6.561027169227600098e-01,-7.575902938842773438e-01,6.720263361930847168e-01
1.092328786849975586e+00,1.917972564697265625e-01,1.049630165100097656e+00
-1.400029659271240234e-01,-1.207772731781005859e+00,1.685851961374282837e-01
1.335626244544982910e+00,9.825052618980407715e-01,9.544262886047363281e-01
1.382929563522338867e+00,3.877104222774505615e-01,9.919567108154296875e-01
-1.322784066200256348e+00,-1.338799357414245605e+00,1.165317058563232422e+00
-1.444687247276306152e-01,1.022964000701904297e+00,7.744874358177185059e-01
8.084706068038940430e-01,1.887376606464385986e-01,1.144554138183593750e+00
7.703948616981506348e-01,-5.867393612861633301e-01,9.491119384765625000e-01
-2.425961971282958984e+00,-5.180355906486511230e-01,4.928512573242187500e-01
1.236702561378479004e+00,1.373290956507844385e-06,1.010713100433349609e+00
9.677081108093261719e-01,-5.849325656890869141e-01,7.168922424316406250e-01
2.224858760833740234e+00,9.348519444465637207e-01,6.303112506866455078e-01
-3.248202800750732422e-01,-1.245601177215576172e+00,8.116441369056701660e-01
1.462943196296691895e+00,5.849021673202514648e-01,9.680047035217285156e-01
2.324624538421630859e+00,9.153205156326293945e-01,2.973483204841613770e-01
-1.174971580505371094e+00,4.702455699443817139e-01,1.700424104928970337e-01
1.742901802062988281e+00,-1.694519817829132080e-01,8.002445697784423828e-01
-1.617701411247253418e+00,-1.350208997726440430e+00,1.115580081939697266e+00
-9.953274130821228027e-01,5.476694107055664062e-01,5.529614090919494629e-01
4.788280278444290161e-02,-1.056063175201416016e+00,7.699984312057495117e-01
-1.495221734046936035e+00,2.340035438537597656e-01,5.096235275268554688e-01
-2.156112670898437500e+00,-1.029601573944091797e+00,8.661187291145324707e-01
-2.254779040813446045e-01,-7.210568785667419434e-01,1.436496734619140625e+00
5.287865996360778809e-01,-3.658664524555206299e-01,1.330604553222656250e+00
-1.435380458831787109e+00,-8.965839445590972900e-02,1.294607162475585938e+00
4.179739654064178467e-01,1.244820594787597656e+00,9.434513449668884277e-01
5.425243377685546875e-01,-8.369190096855163574e-01,3.340167105197906494e-01
-7.245264053344726562e-01,7.107327580451965332e-01,4.644912481307983398e-01
1.416159629821777344e+00,1.864160895347595215e+00,1.060165390372276306e-01
4.762786626815795898e-02,1.087742328643798828e+00,8.995362520217895508e-01
6.488578915596008301e-01,1.391772866249084473e+00,9.344592094421386719e-01
-1.269672870635986328e+00,-1.609894275665283203e+00,1.071942150592803955e-01
-1.015819907188415527e+00,-1.580071926116943359e+00,9.644454717636108398e-01
1.341199278831481934e+00,-4.303798675537109375e-01,1.950985640287399292e-01
1.219815015792846680e+00,1.696769356727600098e+00,-1.159443855285644531e-01
-1.004776239395141602e+00,-9.215495586395263672e-01,1.329511642456054688e+00
9.059950113296508789e-01,1.695436000823974609e+00,6.365503072738647461e-01
1.172729730606079102e+00,5.805651545524597168e-01,1.012750148773193359e+00
1.000343322753906250e+00,1.392521381378173828e+00,9.311914443969726562e-01
-1.036488056182861328e+00,-1.325356364250183105e+00,1.223901271820068359e+00
-1.062816143035888672e+00,2.871803641319274902e-01,1.107640385627746582e+00
8.709712028503417969e-01,-6.796498298645019531e-01,1.856408715248107910e-01
-2.252208709716796875e+00,-5.377146601676940918e-01,9.452722072601318359e-01
1.026105523109436035e+00,3.840779066085815430e-01,1.048218727111816406e+00
-4.112768173217773438e-02,7.881312966346740723e-01,1.224881052970886230e+00
-1.961351871490478516e+00,-2.437182515859603882e-01,1.056192040443420410e+00
1.576752305030822754e+00,1.867337703704833984e+00,1.562329083681106567e-01
1.858178853988647461e+00,1.579835891723632812e+00,5.493167042732238770e-01
7.434805035591125488e-01,1.604801654815673828e+00,4.612792730331420898e-01
-9.900813102722167969e-01,5.816693305969238281e-01,1.889623999595642090e-01
-7.861418724060058594e-01,7.037545442581176758e-01,1.819595247507095337e-01
1.038527488708496094e+00,7.758486866950988770e-01,1.013734340667724609e+00
1.692621707916259766e+00,1.763470411300659180e+00,1.546707153320312500e-01
8.920371532440185547e-01,5.766131281852722168e-01,1.053523540496826172e+00
-1.111802935600280762e+00,-3.619145452976226807e-01,1.391783714294433594e+00
4.114265441894531250e-01,5.611504316329956055e-01,1.213068485260009766e+00
-6.309084892272949219e-01,7.213358879089355469e-01,8.303222656250000000e-01
8.473464846611022949e-01,1.179702281951904297e+00,9.741816520690917969e-01
9.762806296348571777e-01,9.747851490974426270e-01,1.001935482025146484e+00
-8.582786917686462402e-01,-7.250708341598510742e-01,1.405514240264892578e+00
2.847205996513366699e-01,7.542324662208557129e-01,1.180543899536132812e+00
-5.076624751091003418e-01,-1.151578664779663086e+00,1.117849349975585938e+00
5.697813034057617188e-01,1.176153063774108887e+00,9.923338890075683594e-01
-2.618432044982910156e-01,9.839159250259399414e-01,5.767583847045898438e-01
-9.838905334472656250e-01,-5.429383516311645508e-01,1.400837421417236328e+00
-4.163299500942230225e-02,1.154969096183776855e+00,1.100545406341552734e+00
-1.560335516929626465e+00,-6.063699722290039062e-02,1.182268619537353516e+00
2.428235262632369995e-01,-9.743452072143554688e-01,5.781460404396057129e-01
