-1.821697950363159180e-01,-1.400190353393554688e+00,8.977751731872558594e-01
-1.214555352926254272e-01,1.975049018859863281e+00,2.578381299972534180e-01
8.142390251159667969e-01,1.993854045867919922e-01,2.487460225820541382e-01
-9.929622411727905273e-01,3.910978734493255615e-01,9.394583702087402344e-01
1.480496406555175781e+00,-1.455148339271545410e+00,4.198119938373565674e-01
2.644775211811065674e-01,-1.756068617105484009e-01,1.552241325378417969e+00
2.388284951448440552e-01,1.073542118072509766e+00,1.105244755744934082e+00
-1.425063610076904297e+00,1.374101519584655762e+00,2.307727038860321045e-01
-2.901019155979156494e-01,-3.487215340137481689e-01,2.093076705932617188e-01
9.716225862503051758e-01,-1.085029244422912598e+00,1.457755088806152344e+00
-2.917423844337463379e-01,8.168645501136779785e-01,2.124938964843750000e-01
5.155193805694580078e-01,-1.052639961242675781e+00,2.087521553039550781e-01
-7.362385392189025879e-01,1.391989231109619141e+00,9.335231781005859375e-01
-1.294284015893936157e-01,-1.719900488853454590e+00,-2.210330963134765625e-02
1.144152164459228516e+00,-5.678230524063110352e-01,6.959231495857238770e-01
-4.913082122802734375e-01,-5.254366397857666016e-01,1.142068028450012207e+00
5.348469614982604980e-01,-1.911279201507568359e+00,6.052483916282653809e-01
-1.163895249366760254e+00,5.728103518486022949e-01,9.549379348754882812e-02
3.335309028625488281e-01,1.305126667022705078e+00,1.223370358347892761e-01
-2.878913879394531250e-01,3.614196181297302246e-01,1.399335861206054688e+00
6.291303634643554688e-01,3.885776102542877197e-01,9.785089492797851562e-01
1.470075994729995728e-01,-1.072908282279968262e+00,1.519685268402099609e+00
1.292796611785888672e+00,-7.929410934448242188e-01,1.317024230957031250e-03
-7.054348587989807129e-01,1.529883980751037598e+00,1.974945068359375000e-01
-3.733813464641571045e-01,-1.051716566085815430e+00,2.024483680725097656e-01
3.871717751026153564e-01,-1.668930053710937500e+00,1.243377685546875000e+00
-1.306776762008666992e+00,1.001187801361083984e+00,8.394837379455566406e-01
4.302987456321716309e-01,-3.486150205135345459e-01,2.069125175476074219e-01
-8.472604155540466309e-01,-2.216196060180664062e-02,4.387133717536926270e-01
8.328323364257812500e-01,-3.979827165603637695e-01,1.293926000595092773e+00
3.620624542236328125e-02,2.244640141725540161e-01,2.027304023504257202e-01
-1.129479929804801941e-01,1.598830938339233398e+00,9.354925155639648438e-01
1.122594118118286133e+00,-1.501181602478027344e+00,9.815751314163208008e-01
4.645962715148925781e-01,8.470200300216674805e-01,5.581631064414978027e-01
8.539294004440307617e-01,-1.537434697151184082e+00,2.330379486083984375e-01
-5.721751451492309570e-01,7.670975923538208008e-01,1.081236839294433594e+00
2.725481986999511719e-01,5.421453118324279785e-01,1.409027099609375000e+00
9.952777028083801270e-01,-3.484458029270172119e-01,2.037744522094726562e-01
-6.796854138374328613e-01,1.354217488369613420e-06,1.254127979278564453e+00
-3.267765045166015625e-03,-1.965681076049804688e+00,4.536002874374389648e-01
-5.205087661743164062e-01,-7.338389158248901367e-01,6.251574754714965820e-01
-9.429057240486145020e-01,1.051722884178161621e+00,2.024993896484375000e-01
1.379450321197509766e+00,-1.076633453369140625e+00,7.855159044265747070e-01
-5.302638411521911621e-01,3.483342230319976807e-01,2.011618614196777344e-01
-1.593850702047348022e-01,-5.286784768104553223e-01,1.547909259796142578e+00
-6.270905137062072754e-01,1.835443019866943359e+00,6.153900027275085449e-01
8.570313453674316406e-01,2.937316821771673858e-06,7.266371250152587891e-01
-2.458081245422363281e-01,-9.862574338912963867e-01,1.193828582763671875e+00
5.120931863784790039e-01,-7.071647644042968750e-01,1.543675422668457031e+00
2.762994468212127686e-01,-1.535269618034362793e+00,2.228484153747558594e-01
2.940931320190429688e-01,1.312847614288330078e+00,6.550968885421752930e-01
-1.123619079589843750e+00,1.650926589965820312e+00,5.169848799705505371e-01
-3.124381899833679199e-01,1.170214772224426270e+00,1.022647857666015625e+00
-2.129794210195541382e-01,1.290394425392150879e+00,2.049670219421386719e-01
-1.205160260200500488e+00,6.242014169692993164e-01,5.627822875976562500e-01
4.166748002171516418e-02,-1.827590465545654297e+00,9.638691544532775879e-01
1.104592904448509216e-01,-8.157553076744079590e-01,2.026815414428710938e-01
1.088263988494873047e+00,-7.623506188392639160e-01,1.117882251739501953e+00
3.504803478717803955e-01,5.812520384788513184e-01,2.000570297241210938e-01
-1.046737655997276306e-01,7.470421195030212402e-01,1.235971927642822266e+00
-7.102551460266113281e-01,-3.042339086532592773e-01,8.157217502593994141e-01
-2.762250900268554688e-01,-1.429184436798095703e+00,4.290328919887542725e-01
1.006555795669555664e+00,-1.053893208503723145e+00,2.173919677734375000e-01
6.421685218811035156e-01,2.956390289909904823e-06,1.331160426139831543e+00
7.303836941719055176e-01,-1.699850082397460938e+00,9.357514977455139160e-01
1.090365290641784668e+00,-1.659048080444335938e+00,5.836250185966491699e-01
5.267972946166992188e-01,-1.265805482864379883e+00,1.483428001403808594e+00
4.308433458209037781e-02,1.651671409606933594e+00,3.704345598816871643e-02
1.347604990005493164e+00,-8.901729583740234375e-01,4.105999767780303955e-01
-1.399720668792724609e+00,1.002994775772094727e+00,4.184359610080718994e-01
4.164642095565795898e-02,1.830078125000000000e+00,6.115576028823852539e-01
-9.234641194343566895e-01,9.736550450325012207e-01,1.008903980255126953e+00
8.362293243408203125e-03,-1.489676356315612793e+00,1.253140568733215332e+00
-6.669201850891113281e-01,-5.112593770027160645e-01,2.553659081459045410e-01
-4.043864309787750244e-01,-1.771353036165237427e-01,1.504768371582031250e+00
1.375530958175659180e+00,-1.219253063201904297e+00,1.070135459303855896e-01
8.379333466291427612e-02,1.771493703126907349e-01,1.504804611206054688e+00
4.298901259899139404e-01,1.161356791853904724e-01,2.074980735778808594e-01
4.517486989498138428e-01,7.797560691833496094e-01,9.488574266433715820e-01
1.261182785034179688e+00,-1.123514413833618164e+00,1.156877160072326660e+00
8.596372604370117188e-02,8.960915207862854004e-01,2.028607130050659180e-01
-1.319759130477905273e+00,1.027989864349365234e+00,4.235961660742759705e-02
6.681528091430664062e-01,4.086052477359771729e-01,5.374081134796142578e-01
3.689441978931427002e-01,-1.919906616210937500e+00,2.612777650356292725e-01
-7.456961870193481445e-01,3.707071542739868164e-01,1.255447387695312500e+00
-1.009287357330322266e+00,2.897695600986480713e-01,3.076623380184173584e-01
-1.366316795349121094e+00,1.388580918312072754e+00,6.212234497070312500e-01
2.175192832946777344e-01,1.556273818016052246e+00,3.569595217704772949e-01
8.996416926383972168e-01,-7.197333574295043945e-01,1.446702003479003906e+00
-4.769928753376007080e-01,1.630963802337646484e+00,8.812960386276245117e-01
2.045895308256149292e-01,-5.277113914489746094e-01,1.557942390441894531e+00
7.548542618751525879e-01,-1.518519282341003418e+00,1.240129470825195312e+00
-1.230196952819824219e-01,-1.695024967193603516e+00,6.790245175361633301e-01
-3.988800048828125000e-01,-9.639051556587219238e-01,8.641728162765502930e-01
5.702103972434997559e-01,-3.521884381771087646e-01,1.542524337768554688e+00
1.098983734846115112e-01,-1.161865368485450745e-01,2.088866233825683594e-01
-2.850336432456970215e-01,1.950421810150146484e+00,5.982534885406494141e-01
-6.102132797241210938e-01,-1.160672456026077271e-01,2.034177780151367188e-01
3.043487481772899628e-02,-1.291166663169860840e+00,2.092990875244140625e-01
-4.534867703914642334e-01,1.895560264587402344e+00,2.059646546840667725e-01
9.865899085998535156e-01,-3.880601525306701660e-01,9.852389097213745117e-01
-8.511505722999572754e-01,9.874820709228515625e-03,8.352715969085693359e-01
-1.040034294128417969e+00,1.469002842903137207e+00,7.951556444168090820e-01
-6.957656741142272949e-01,8.167235851287841797e-01,2.112450599670410156e-01
3.726250827312469482e-01,-1.869233608245849609e+00,8.997294306755065918e-01
-5.004058778285980225e-02,5.813530087471008301e-01,2.012329101562500000e-01
7.559231519699096680e-01,-8.158964514732360840e-01,2.039904594421386719e-01
-1.120547413825988770e+00,1.531292557716369629e+00,2.041492462158203125e-01
6.709460020065307617e-01,-1.161330789327621460e-01,2.077860832214355469e-01
-2.895304858684539795e-01,1.160524040460586548e-01,2.020378112792968750e-01
1.006584286689758301e+00,-3.044638633728027344e-01,5.422964096069335938e-01
1.195056676864624023e+00,-1.546563744544982910e+00,2.759838104248046875e-01
9.869194030761718750e-02,1.351102590560913086e+00,9.903151988983154297e-01
4.347190856933593750e-01,1.014246463775634766e+00,2.412118464708328247e-01
7.027142047882080078e-01,-1.806836009025573730e+00,3.306088447570800781e-01
1.053794264793395996e+00,-8.593527078628540039e-01,5.877270698547363281e-01
-2.601370811462402344e-01,-1.432604670524597168e+00,4.772247374057769775e-02
1.326300024986267090e+00,-1.426146984100341797e+00,7.421914339065551758e-01
-3.288307189941406250e-01,-1.194786548614501953e+00,6.497383117675781250e-01
1.162758827209472656e+00,-5.660192370414733887e-01,3.660342395305633545e-01
-1.148863792419433594e+00,6.626740694046020508e-01,8.958986997604370117e-01
-9.931554794311523438e-01,2.905498445034027100e-01,6.438761949539184570e-01
-1.573324203491210938e-01,-1.686567664146423340e+00,2.832498252391815186e-01
-9.849685430526733398e-02,-1.761992573738098145e-01,1.534493923187255859e+00
-9.995284676551818848e-02,-8.903161287307739258e-01,1.521733283996582031e+00
4.512740969657897949e-01,1.774934530258178711e-01,1.493551254272460938e+00
-1.051336169242858887e+00,8.401536345481872559e-01,4.181790351867675781e-01
-8.051505684852600098e-01,1.780510425567626953e+00,3.296221792697906494e-01
-2.923950254917144775e-01,-7.326295971870422363e-01,1.347185611724853516e+00
-1.022727847099304199e+00,1.883845478296279907e-01,1.155558586120605469e+00
-7.184185981750488281e-01,-3.038395047187805176e-01,4.625300467014312744e-01
1.068239212036132812e-01,-1.817299723625183105e+00,1.283825635910034180e-01
7.233315110206604004e-01,1.179528236389160156e-01,1.052821040153503418e+00
3.522348403930664062e-02,1.363526701927185059e+00,-2.949279733002185822e-02
6.827670335769653320e-01,-1.293223261833190918e+00,2.207922935485839844e-01
-5.380569100379943848e-01,1.289728045463562012e+00,2.012219429016113281e-01
1.809711456298828125e-01,1.564659595489501953e+00,7.490534782409667969e-01
-1.103761672973632812e+00,1.056000471115112305e+00,6.413266062736511230e-01
-3.774340748786926270e-01,1.529788017272949219e+00,1.970672607421875000e-01
2.799018919467926025e-01,-1.470626831054687500e+00,1.421785831451416016e+00
-2.109997570514678955e-01,-8.160601854324340820e-01,2.054467201232910156e-01
1.080009460449218750e+00,-1.316438317298889160e+00,1.262765407562255859e+00
-5.334268212318420410e-01,-8.162106275558471680e-01,2.067513465881347656e-01
2.013162970542907715e-01,-2.004367351531982422e+00,6.476562619209289551e-01
-8.562508821487426758e-01,5.824743509292602539e-01,2.152562141418457031e-01
-5.007904022932052612e-02,-5.818052291870117188e-01,2.068314552307128906e-01
5.918996930122375488e-01,-5.814819335937500000e-01,2.029032707214355469e-01
-8.415505886077880859e-01,1.656128048896789551e+00,7.181458473205566406e-01
3.667416572570800781e-01,1.078014254570007324e+00,7.949265837669372559e-01
2.704937756061553955e-01,-5.817047357559204102e-01,2.056689262390136719e-01
-7.710204720497131348e-01,1.160155460238456726e-01,2.003927230834960938e-01
-4.237842559814453125e-01,-9.602689743041992188e-01,4.887884557247161865e-01
-1.067361831665039062e-01,-1.234562993049621582e+00,1.224808812141418457e+00
-5.154754593968391418e-02,1.547402739524841309e+00,2.799320220947265625e-01
-5.360194444656372070e-01,1.801245808601379395e-01,1.411950588226318359e+00
5.622096061706542969e-01,6.242528557777404785e-01,6.924964785575866699e-01
-1.081171035766601562e+00,1.187670707702636719e+00,9.335002899169921875e-01
-4.899633824825286865e-01,5.583201050758361816e-01,1.242256164550781250e+00
8.612923622131347656e-01,2.899169885495211929e-06,4.514819383621215820e-01
6.891256570816040039e-01,4.434003829956054688e-01,2.649731338024139404e-01
7.928234934806823730e-01,-1.284855008125305176e+00,1.400407791137695312e+00
-5.858059525489807129e-01,1.173988819122314453e+00,1.003407001495361328e+00
3.460890054702758789e-01,7.459325790405273438e-01,1.244591236114501953e+00
1.066486358642578125e+00,-7.391457557678222656e-01,1.406930536031723022e-01
1.619243621826171875e-02,-1.491340279579162598e+00,-2.980834804475307465e-02
-1.319562435150146484e+00,8.294664025306701660e-01,2.307281494140625000e-01
-8.996630907058715820e-01,5.707150101661682129e-01,1.114349365234375000e+00
7.038859128952026367e-01,-8.910051584243774414e-01,1.517469406127929688e+00
5.052943229675292969e-01,4.191144108772277832e-01,1.212754368782043457e+00
-6.002073287963867188e-01,-2.440905570983886719e-01,1.186256527900695801e+00
1.134608149528503418e+00,-1.020424962043762207e+00,-1.183509826660156250e-02
-1.068919658660888672e+00,7.906529307365417480e-01,-1.888084411621093750e-02
1.482031345367431641e+00,-1.266126394271850586e+00,6.061352491378784180e-01
-4.627265930175781250e-01,-7.403831481933593750e-01,1.000957012176513672e+00
5.561000108718872070e-01,9.584191441535949707e-01,1.102641582489013672e+00
9.211547672748565674e-02,-1.728524327278137207e+00,1.207481861114501953e+00
1.096392512321472168e+00,-1.294526815414428711e+00,2.280788421630859375e-01
3.300952017307281494e-01,-8.879379630088806152e-01,1.536341667175292969e+00
5.701246261596679688e-01,6.234853863716125488e-01,4.031963944435119629e-01
3.556405603885650635e-01,-1.292194604873657227e+00,2.150292396545410156e-01
-1.077070608735084534e-01,9.593840837478637695e-01,1.096746921539306641e+00
-5.039550736546516418e-02,-1.051331996917724609e+00,1.997961997985839844e-01
9.122963547706604004e-01,-1.658532142639160156e+00,7.630959749221801758e-01
-1.029430270195007324e+00,1.288710355758666992e+00,1.955614089965820312e-01
1.200277566909790039e+00,-7.913146615028381348e-01,8.943939208984375000e-01
4.321023523807525635e-01,-8.154348731040954590e-01,1.999154090881347656e-01
-6.067938804626464844e-01,-5.161133408546447754e-01,9.032423496246337891e-01
-4.546636939048767090e-01,1.052555322647094727e+00,2.081279754638671875e-01
3.821792602539062500e-01,1.075505614280700684e+00,4.931048452854156494e-01
-1.312591582536697388e-01,1.053085684776306152e+00,2.118563652038574219e-01
2.347488328814506531e-02,5.451456308364868164e-01,1.378179550170898438e+00
3.241806104779243469e-02,1.375249028205871582e+00,6.787376403808593750e-01
-4.551693499088287354e-01,1.384095788002014160e+00,9.679250717163085938e-01
6.053137183189392090e-01,-1.536501526832580566e+00,2.286520004272460938e-01
-2.462558001279830933e-01,-1.177172183990478516e+00,9.871196746826171875e-01
-3.706564307212829590e-01,5.814308524131774902e-01,2.021880149841308594e-01
-2.937081754207611084e-01,1.796751976013183594e+00,7.928966879844665527e-01
-3.709504604339599609e-01,-5.818918347358703613e-01,2.078976631164550781e-01
2.698144614696502686e-01,3.483860194683074951e-01,2.024664878845214844e-01
2.999267540872097015e-02,-3.486926257610321045e-01,2.082433700561523438e-01
-6.208724975585937500e-01,-5.149767994880676270e-01,5.420550704002380371e-01
1.363133907318115234e+00,-1.293407917022705078e+00,9.455801248550415039e-01
-2.097582966089248657e-01,3.482863605022430420e-01,2.002205848693847656e-01
-2.097155749797821045e-01,-1.161123365163803101e-01,2.064590454101562500e-01
-7.394838333129882812e-01,-1.008702218532562256e-01,1.023728609085083008e+00
8.292493820190429688e-01,-1.989015936851501465e-01,1.150467753410339355e+00
2.366012521088123322e-02,-1.273264169692993164e+00,1.450918674468994141e+00
-7.829641699790954590e-01,1.289216279983520508e+00,1.984014511108398438e-01
5.186223983764648438e-02,1.831789374351501465e+00,3.685937523841857910e-01
2.724297940731048584e-01,-1.052006483078002930e+00,2.044749259948730469e-01
7.521893382072448730e-01,-3.485457599163055420e-01,2.058434486389160156e-01
2.008764594793319702e-01,-1.826167821884155273e+00,4.090428352355957031e-01
9.134148955345153809e-01,-1.161206811666488647e-01,2.069797515869140625e-01
8.342550396919250488e-01,-5.813134908676147461e-01,2.008175849914550781e-01
-8.519715666770935059e-01,-1.160339713096618652e-01,2.015829086303710938e-01
-6.120672225952148438e-01,5.814915895462036133e-01,2.029099464416503906e-01
7.612183690071105957e-01,-5.323812961578369141e-01,1.509666919708251953e+00
-4.442555010318756104e-01,9.689609408378601074e-01,1.037797927856445312e+00
-1.319562435150146484e+00,8.294659256935119629e-01,6.146270632743835449e-01
3.498254418373107910e-01,-1.161539256572723389e-01,2.088537216186523438e-01
-3.684101402759552002e-01,-4.733753204345703125e-01,1.444472193717956543e+00
1.374624252319335938e+00,-1.018788456916809082e+00,-2.301597595214843750e-02
-3.222420513629913330e-01,-1.291265964508056641e+00,2.298095673322677612e-01
-1.606216430664062500e-01,1.778402477502822876e-01,1.482924938201904297e+00
-1.792579591274261475e-01,1.377819657325744629e+00,9.952759742736816406e-01
9.351911544799804688e-01,-1.954867541790008545e-01,8.545107841491699219e-01
7.604103088378906250e-01,2.011203467845916748e-01,8.086921572685241699e-01
7.600393295288085938e-01,-1.053263425827026367e+00,2.130541801452636719e-01
-2.359008789062500000e-01,-1.437756419181823730e+00,6.629586815834045410e-01
-1.260522246360778809e+00,1.296039104461669922e+00,8.226315379142761230e-01
-9.756054282188415527e-01,6.060215830802917480e-01,5.069069862365722656e-01
8.938669562339782715e-01,-1.766433238983154297e+00,5.090054273605346680e-01
-3.525659143924713135e-01,7.540445327758789062e-01,1.165737271308898926e+00
-6.981000900268554688e-01,1.052133440971374512e+00,2.053213119506835938e-01
7.185794711112976074e-01,-1.785508155822753906e+00,6.818653941154479980e-01
-9.397513866424560547e-01,8.164007663726806641e-01,2.084298133850097656e-01
9.575161933898925781e-01,-5.859206318855285645e-01,1.201006889343261719e+00
3.335309028625488281e-01,1.305126905441284180e+00,4.239797890186309814e-01
1.439284801483154297e+00,-1.088644981384277344e+00,2.906607091426849365e-01
1.125512123107910156e+00,-9.547013640403747559e-01,1.246097683906555176e+00
3.622109591960906982e-01,-2.012621879577636719e+00,4.793972671031951904e-01
-7.719874382019042969e-01,3.483602106571197510e-01,2.018790245056152344e-01
-5.296331644058227539e-01,1.160138845443725586e-01,2.002158164978027344e-01
5.452734231948852539e-01,-1.493473887443542480e+00,1.335121154785156250e+00
1.278919219970703125e+00,-7.414799928665161133e-01,2.318640053272247314e-01
-2.156643569469451904e-01,1.773781895637512207e+00,1.964983940124511719e-01
7.655920982360839844e-01,2.009538263082504272e-01,5.283141732215881348e-01
-4.506380856037139893e-01,1.927599430084228516e+00,4.313128590583801270e-01
-4.210174456238746643e-02,1.167973637580871582e+00,1.034121990203857422e+00
9.319131970405578613e-01,-1.543668746948242188e+00,1.095070719718933105e+00
5.772371292114257812e-01,2.070247083902359009e-01,1.271291375160217285e+00
2.282867394387722015e-02,-7.060560584068298340e-01,1.552228450775146484e+00
1.291017770767211914e+00,-1.574420928955078125e+00,5.346707105636596680e-01
-1.442592144012451172e+00,1.181265234947204590e+00,5.446889996528625488e-01
-1.116424560546875000e+00,4.749717712402343750e-01,3.684118688106536865e-01
-1.098104000091552734e+00,4.764510095119476318e-01,7.003924250602722168e-01
7.031922340393066406e-01,-2.029645144939422607e-01,1.392116069793701172e+00
2.740766704082489014e-01,-1.263310909271240234e+00,1.494299411773681641e+00
-8.039226531982421875e-01,9.983226656913757324e-02,1.083829164505004883e+00
3.516531288623809814e-01,8.156270980834960938e-01,2.015438079833984375e-01
1.246553897857666016e+00,-7.456733584403991699e-01,6.211468577384948730e-01
4.249824583530426025e-02,1.724479675292968750e+00,8.026583790779113770e-01
-8.650907874107360840e-01,1.180255889892578125e+00,9.713602066040039062e-01
5.505638122558593750e-01,-1.761734008789062500e+00,1.042007565498352051e+00
2.175183296203613281e-01,1.556274056434631348e+00,1.253216564655303955e-01
-5.307555794715881348e-01,-3.486575186252593994e-01,2.078442573547363281e-01
-8.465697765350341797e-01,7.726661562919616699e-01,1.038288593292236328e+00
-3.391323089599609375e-01,-1.192941904067993164e+00,4.223458766937255859e-01
1.084385395050048828e+00,-5.736187100410461426e-01,9.042391777038574219e-01
-5.240631103515625000e-01,-7.334363460540771484e-01,4.067727625370025635e-01
1.362795352935791016e+00,-1.309425592422485352e+00,3.112583160400390625e-01
1.035088062286376953e+00,-3.849300742149353027e-01,7.742975950241088867e-01
-2.818995714187622070e-01,1.249313299922505394e-06,1.504918098449707031e+00
8.304855227470397949e-02,-3.509624004364013672e-01,1.561797618865966797e+00
-1.113709926605224609e+00,8.595249652862548828e-01,9.726160764694213867e-01
6.618323326110839844e-01,4.090130031108856201e-01,7.512863278388977051e-01
-9.962102174758911133e-01,1.684700965881347656e+00,3.375253081321716309e-01
7.115840911865234375e-02,-1.589858531951904297e+00,2.068472206592559814e-01
-6.921176910400390625e-01,5.647172331809997559e-01,1.176249980926513672e+00
-2.292481958866119385e-01,5.505052208900451660e-01,1.322834491729736328e+00
-6.285424828529357910e-01,1.775963425636291504e+00,2.053341865539550781e-01
4.007232561707496643e-02,-2.025524616241455078e+00,2.551818788051605225e-01
-7.630481719970703125e-01,-3.016802072525024414e-01,2.509674131870269775e-01
5.103988647460937500e-01,3.484787642955780029e-01,2.042903900146484375e-01
3.293612599372863770e-01,3.556736409664154053e-01,1.488501071929931641e+00
-1.319562435150146484e+00,8.294659256935119629e-01,-2.385620027780532837e-02
-1.461758136749267578e+00,1.177191734313964844e+00,2.904397547245025635e-01
-8.058667182922363281e-01,-9.980077296495437622e-02,6.632623076438903809e-01
-4.806885719299316406e-01,-3.153377175331115723e-01,1.366566181182861328e+00
1.252613544464111328e+00,-9.731198549270629883e-01,1.012165546417236328e+00
1.110602855682373047e+00,-1.559918880462646484e+00,7.818923592567443848e-01
-1.124722242355346680e+00,9.990229606628417969e-01,1.099545285105705261e-01
-9.006576538085937500e-01,9.827358275651931763e-02,6.531122922897338867e-01
5.443388819694519043e-01,-1.820959568023681641e+00,7.922938466072082520e-01
-7.161734104156494141e-01,9.712142944335937500e-01,1.023903369903564453e+00
-9.539890289306640625e-02,-1.467620849609375000e+00,1.073953509330749512e+00
1.248166680335998535e+00,-1.351890683174133301e+00,1.108259201049804688e+00
-3.858047351241111755e-02,3.587327003479003906e-01,1.441256999969482422e+00
4.111678898334503174e-02,-1.895998477935791016e+00,7.187861204147338867e-01
-1.237860202789306641e+00,6.525950431823730469e-01,2.974676489830017090e-01
4.582626223564147949e-01,-1.074913978576660156e+00,1.509447097778320312e+00
1.359822750091552734e+00,-9.166217446327209473e-01,1.662649512290954590e-01
1.359822750091552734e+00,-9.166221618652343750e-01,6.117895245552062988e-01
2.075471132993698120e-01,-1.849750041961669922e+00,1.079201817512512207e+00
-1.214409619569778442e-01,1.975630760192871094e+00,4.818249344825744629e-01
-5.443984270095825195e-01,3.656848967075347900e-01,1.333277225494384766e+00
5.350754261016845703e-01,-1.909104347229003906e+00,3.764813244342803955e-01
1.515573114156723022e-01,7.399722933769226074e-01,1.290596008300781250e+00
-5.198745429515838623e-02,-1.323268532752990723e+00,3.885216712951660156e-01
9.022857248783111572e-02,9.498120546340942383e-01,1.155601501464843750e+00
7.748257517814636230e-01,-1.078734993934631348e+00,1.489907741546630859e+00
5.391016006469726562e-01,3.433227448113029823e-06,1.502931475639343262e+00
-1.436582565307617188e+00,1.367221832275390625e+00,4.275341629981994629e-01
1.995865255594253540e-01,-2.047284126281738281e+00,3.645516932010650635e-01
-7.379689812660217285e-01,1.835309565067291260e-01,1.306129455566406250e+00
-6.245214939117431641e-01,1.856599330902099609e+00,3.810586333274841309e-01
1.439286231994628906e+00,-1.088646531105041504e+00,5.432233810424804688e-01
8.257088661193847656e-01,3.261566007495275699e-06,9.393728375434875488e-01
4.720888137817382812e-01,6.329916715621948242e-01,1.072320818901062012e+00
-3.901962190866470337e-02,-1.082469820976257324e+00,1.470866680145263672e+00
9.552345275878906250e-01,-1.948401182889938354e-01,3.774737417697906494e-01
4.435960054397583008e-01,8.920221328735351562e-01,7.933073043823242188e-01
-1.243808344006538391e-01,1.854007244110107422e+00,7.248879671096801758e-01
-1.319562435150146484e+00,8.294659852981567383e-01,4.222082495689392090e-01
-1.216235876083374023e+00,1.496441841125488281e+00,6.667098999023437500e-01
4.482671916484832764e-01,-5.281994938850402832e-01,1.552850246429443359e+00
1.919451802968978882e-01,1.053538799285888672e+00,2.149267196655273438e-01
-5.299819111824035645e-01,1.373290956507844385e-06,1.472038269042968750e+00
-1.399720668792724609e+00,1.002994656562805176e+00,2.286666780710220337e-01
2.664766013622283936e-01,-7.059035897254943848e-01,1.553437232971191406e+00
1.441439837217330933e-01,1.306533818024036009e-06,1.527628421783447266e+00
-3.464163243770599365e-01,1.788088530302047729e-01,1.452898502349853516e+00
1.897277832031250000e-01,1.161097660660743713e-01,2.056751251220703125e-01
2.047760337591171265e-01,-1.918532371520996094e+00,8.314956426620483398e-01
2.265201210975646973e-01,1.378964900970458984e+00,8.558935523033142090e-01
3.694564402103424072e-01,-1.912866115570068359e+00,7.182746529579162598e-01
-2.199237048625946045e-01,-3.523794114589691162e-01,1.539707660675048828e+00
-2.832499146461486816e-01,1.982022285461425781e+00,3.696435391902923584e-01
5.635014772415161133e-01,-1.638638019561767578e+00,1.191216349601745605e+00
-8.454778790473937988e-01,1.519085407257080078e+00,8.437445163726806641e-01
1.194341659545898438e+00,-1.149737834930419922e+00,1.075320392847061157e-01
3.251455724239349365e-01,-3.511243760585784912e-01,1.559067726135253906e+00
-8.019633889198303223e-01,1.801167488098144531e+00,5.631976127624511719e-01
1.139898300170898438e-01,6.677140593528747559e-01,2.013015747070312500e-01
8.428573608398437500e-02,-8.872539401054382324e-01,1.540534973144531250e+00
-1.268315911293029785e-01,-1.752596378326416016e+00,5.032131671905517578e-01
1.458842456340789795e-01,3.568744957447052002e-01,1.469824314117431641e+00
-6.513573527336120605e-01,1.635585308074951172e+00,8.221510052680969238e-01
-6.720256805419921875e-02,3.390312031115172431e-06,2.056341469287872314e-01
5.079144239425659180e-01,-1.758040189743041992e-01,1.545946121215820312e+00
9.672317504882812500e-01,-9.018244147300720215e-01,1.450892925262451172e+00
1.089092135429382324e+00,-1.665284156799316406e+00,4.004437029361724854e-01
2.159434407949447632e-01,-1.641401290893554688e+00,1.310336232185363770e+00
5.160374045372009277e-01,-8.893732428550720215e-01,1.527497291564941406e+00
2.664491236209869385e-01,1.769155710935592651e-01,1.511637210845947266e+00
-3.832321241497993469e-02,1.362562102258380037e-06,1.518510818481445312e+00
3.258859217166900635e-01,1.268386768060736358e-06,1.535770416259765625e+00
-3.840188980102539062e-01,-7.492972612380981445e-01,1.164526224136352539e+00
6.995385289192199707e-01,-7.095076441764831543e-01,1.525610446929931641e+00
9.023994207382202148e-01,-1.716475963592529297e+00,3.345410227775573730e-01
3.785910308361053467e-01,-1.787086486816406250e+00,1.094320297241210938e+00
1.053861618041992188e+00,-3.837187588214874268e-01,3.718939125537872314e-01
-1.382502555847167969e+00,1.006078124046325684e+00,6.750532388687133789e-01
-4.562452733516693115e-01,1.864499568939208984e+00,6.678695678710937500e-01
1.874166876077651978e-01,1.480214953422546387e+00,-3.616333007812500000e-02
-1.604382246732711792e-01,-7.086989283561706543e-01,1.531814098358154297e+00
5.917495489120483398e-01,5.813350081443786621e-01,2.010822296142578125e-01
-1.146470606327056885e-01,-1.622883677482604980e+00,8.442578315734863281e-01
4.643383026123046875e-01,8.470525741577148438e-01,3.380609154701232910e-01
9.916471838951110840e-01,-7.408259510993957520e-01,1.283963680267333984e+00
-1.293792128562927246e+00,1.145494937896728516e+00,1.744583100080490112e-01
1.174017906188964844e+00,-1.140579342842102051e+00,1.311794877052307129e+00
2.272552438080310822e-02,-5.277463197708129883e-01,1.557610988616943359e+00
-9.418292045593261719e-01,9.761020541191101074e-02,2.435204982757568359e-01
-3.317051231861114502e-01,-1.123629093170166016e+00,8.288481235504150391e-01
-8.831629753112792969e-01,2.958695590496063232e-01,1.141156911849975586e+00
8.320938050746917725e-02,-1.759149879217147827e-01,1.543095111846923828e+00
4.111503437161445618e-02,1.896148681640625000e+00,2.051382362842559814e-01
5.284032821655273438e-01,-1.787044525146484375e+00,2.503056526184082031e-01
1.496035099029541016e+00,-1.262913346290588379e+00,4.153182804584503174e-01
2.461985200643539429e-01,8.906579017639160156e-01,1.209607362747192383e+00
-1.004304289817810059e+00,1.641512393951416016e+00,6.448794603347778320e-01
-5.660732388496398926e-01,-6.282997131347656250e-01,7.566619515419006348e-01
-1.023301124572753906e+00,6.768949031829833984e-01,1.052001476287841797e+00
1.086287498474121094e+00,-9.158179759979248047e-01,1.465585231781005859e-01
7.091562747955322266e-01,-1.853889942169189453e+00,4.980177283287048340e-01
1.882272362709045410e-01,1.260529637336730957e+00,3.817987442016601562e-02
1.356772422790527344e+00,-1.487766385078430176e+00,2.993695139884948730e-01
4.053620696067810059e-01,5.528789162635803223e-01,1.298369407653808594e+00
-9.755247235298156738e-01,6.760354042053222656e-01,1.152371168136596680e-01
5.374889373779296875e-01,6.266494393348693848e-01,9.143413901329040527e-01
-1.264195919036865234e+00,8.375505805015563965e-01,8.163015842437744141e-01
1.304900646209716797e+00,-9.255481362342834473e-01,8.125254511833190918e-01
-3.940779268741607666e-01,-1.865196228027343750e-02,2.034591585397720337e-01
6.710891723632812500e-01,1.161577403545379639e-01,2.093286514282226562e-01
2.195527255535125732e-01,1.551870822906494141e+00,5.837787985801696777e-01
1.078726530075073242e+00,-5.813531279563903809e-01,2.013163566589355469e-01
-1.309780925512313843e-01,-1.282117486000061035e+00,1.588163375854492188e-01
7.374947667121887207e-01,-1.678943634033203125e-02,1.153566122055053711e+00
1.022075772285461426e+00,-1.539876341819763184e+00,2.445421218872070312e-01
-1.199867010116577148e+00,1.570508956909179688e+00,3.470526039600372314e-01
-1.441888809204101562e-01,-1.034482002258300781e+00,1.318575263023376465e+00
-3.407700359821319580e-01,-9.630360603332519531e-01,1.057540535926818848e+00
-2.864351272583007812e-01,1.925598144531250000e+00,2.042739838361740112e-01
-2.190923690795898438e-02,1.483241558074951172e+00,1.284774690866470337e-01
2.787133753299713135e-01,-1.782596707344055176e+00,2.322592735290527344e-01
-9.540267586708068848e-01,1.531219482421875000e+00,2.038192749023437500e-01
9.301669001579284668e-01,-1.294005513191223145e+00,2.251505851745605469e-01
-1.195271849632263184e+00,1.288786768913269043e+00,1.959886550903320312e-01
1.339888572692871094e+00,-1.108105659484863281e+00,9.429975748062133789e-01
-1.175332665443420410e+00,6.192545890808105469e-01,7.390941977500915527e-01
1.278918743133544922e+00,-7.414786219596862793e-01,4.242861866950988770e-01
4.405233561992645264e-01,-1.535884976387023926e+00,2.257456779479980469e-01
9.205913543701171875e-01,-3.923190236091613770e-01,1.135206103324890137e+00
-3.222297728061676025e-01,1.601378321647644043e+00,9.258322715759277344e-01
3.002014011144638062e-02,-1.728803038597106934e+00,1.401472091674804688e-02
-5.410067439079284668e-01,1.529386401176452637e+00,1.951842308044433594e-01
9.471678733825683594e-01,-1.951006203889846802e-01,6.483843922615051270e-01
-2.141488641500473022e-01,1.530182719230651855e+00,1.989464759826660156e-01
5.188821554183959961e-01,-1.292708516120910645e+00,2.179050445556640625e-01
9.191232323646545410e-01,-8.162235021591186523e-01,2.068591117858886719e-01
8.833388984203338623e-02,-1.477757334709167480e+00,1.394746780395507812e+00
-1.266841441392898560e-01,1.758734226226806641e+00,8.571984767913818359e-01
2.294990420341491699e-01,1.178398132324218750e+00,9.808635711669921875e-01
-6.387014389038085938e-01,-3.076944649219512939e-01,1.041289925575256348e+00
1.928790211677551270e-01,-1.291680216789245605e+00,2.121615409851074219e-01
4.629681408405303955e-01,3.639932274818420410e-01,1.359551906585693359e+00
-3.753761351108551025e-01,1.290060520172119141e+00,2.030954360961914062e-01
-5.070861801505088806e-02,1.290736317634582520e+00,2.068357467651367188e-01
-5.338978171348571777e-01,8.169313669204711914e-01,2.131133079528808594e-01
-5.913472175598144531e-01,-1.032576560974121094e-01,1.341976284980773926e+00
-2.928579747676849365e-01,1.052813053131103516e+00,2.099938392639160156e-01
3.029479831457138062e-02,1.053358078002929688e+00,2.137193679809570312e-01
5.936465263366699219e-01,-8.156280517578125000e-01,2.016172409057617188e-01
-1.305526643991470337e-01,8.157886862754821777e-01,2.029867172241210938e-01
-2.117523103952407837e-01,-1.051510572433471680e+00,2.010593414306640625e-01
1.109112501144409180e-01,-1.051657795906066895e+00,2.020010948181152344e-01
-3.720188736915588379e-01,-8.161450624465942383e-01,2.062158584594726562e-01
2.711758315563201904e-01,-8.155865073204040527e-01,2.012996673583984375e-01
-5.021514743566513062e-02,-8.159102201461791992e-01,2.040634155273437500e-01
5.909570455551147461e-01,-3.485750257968902588e-01,2.063794136047363281e-01
4.310235381126403809e-01,-5.816027522087097168e-01,2.042875289916992188e-01
5.101617574691772461e-01,-1.161464825272560120e-01,2.083201408386230469e-01
-2.103985548019409180e-01,-5.818501710891723633e-01,2.073645591735839844e-01
2.700009047985076904e-01,-3.486268818378448486e-01,2.074456214904785156e-01
1.101699769496917725e-01,-5.817666053771972656e-01,2.062988281250000000e-01
-2.102334499359130859e-01,5.813936591148376465e-01,2.017078399658203125e-01
-3.698048293590545654e-01,3.482957482337951660e-01,2.006907463073730469e-01
-1.299871802330017090e-01,-3.487141430377960205e-01,2.087750434875488281e-01
8.440266251564025879e-01,-5.455800294876098633e-01,1.373569011688232422e+00
-5.318867564201354980e-01,-5.819309353828430176e-01,2.084326744079589844e-01
1.404302120208740234e+00,-1.283962011337280273e+00,7.436999082565307617e-01
1.423287391662597656e-01,4.425375163555145264e-01,1.999523937702178955e-01
9.683194160461425781e-01,-1.590177297592163086e+00,9.490322470664978027e-01
9.841262698173522949e-01,-1.237975120544433594e+00,1.359769105911254883e+00
-1.573324203491210938e-01,-1.686567664146423340e+00,1.269192546606063843e-01
-4.069662094116210938e-01,-5.322448611259460449e-01,1.308560252189636230e+00
-2.762250900268554688e-01,-1.429185152053833008e+00,2.762780785560607910e-01
4.228752106428146362e-02,1.750485897064208984e+00,1.527496278285980225e-01
7.109835147857666016e-01,2.354574203491210938e-01,9.578530788421630859e-01
-4.097008705139160156e-01,-9.623252749443054199e-01,7.130746245384216309e-01
-9.894201159477233887e-01,1.720931053161621094e+00,5.149143934249877930e-01
-4.993194341659545898e-02,3.483103811740875244e-01,2.000403404235839844e-01
3.335318565368652344e-01,1.305125117301940918e+00,2.730239927768707275e-01
-5.089221000671386719e-01,-7.351510524749755859e-01,8.462254405021667480e-01
3.741431236267089844e-01,1.076811552047729492e+00,6.435519456863403320e-01
1.259318232536315918e+00,-1.290402770042419434e+00,2.050547599792480469e-01
1.040988445281982422e+00,-5.778269171714782715e-01,1.047113418579101562e+00
5.128244161605834961e-01,8.155668973922729492e-01,2.010693550109863281e-01
8.977947235107421875e-01,-1.966918557882308960e-01,9.982299804687500000e-01
-4.266963005065917969e-01,-9.598438739776611328e-01,3.407638370990753174e-01
4.032424837350845337e-02,-1.994230270385742188e+00,5.921398997306823730e-01
9.570078849792480469e-01,-1.396745204925537109e+00,1.256070256233215332e+00
1.390735626220703125e+00,-1.478811860084533691e+00,6.210772395133972168e-01
7.702411413192749023e-01,-1.410614013671875000e+00,2.267706245183944702e-01
-1.286074817180633545e-01,-1.484717726707458496e+00,-1.495933532714843750e-02
1.439286231994628906e+00,-1.088646531105041504e+00,1.020452827215194702e-01
5.671687126159667969e-01,6.237714886665344238e-01,5.474014282226562500e-01
2.626022323966026306e-02,1.610850691795349121e+00,8.899111747741699219e-01
3.952878415584564209e-01,-1.557182312011718750e+00,1.333353877067565918e+00
-2.423861622810363770e-01,9.674070477485656738e-01,1.047378540039062500e+00
-1.652113348245620728e-01,-9.108150005340576172e-01,1.395573139190673828e+00
-6.184148788452148438e-01,-5.151755809783935547e-01,6.854685544967651367e-01
-8.787676095962524414e-01,1.395579457283020020e+00,9.178729057312011719e-01
-4.035091400146484375e-02,-1.715401291847229004e+00,9.285293221473693848e-01
4.971122741699218750e-02,8.288793563842773438e-01,1.220887899398803711e+00
-1.340896129608154297e+00,1.202881574630737305e+00,7.494538426399230957e-01
-9.016323089599609375e-01,9.825786203145980835e-02,3.806726038455963135e-01
-6.227321624755859375e-01,-5.148266553878784180e-01,3.993255496025085449e-01
4.062522053718566895e-01,-1.406208515167236328e+00,1.436380743980407715e+00
-9.340847730636596680e-01,3.483783006668090820e-01,2.023644447326660156e-01
1.227736949920654297e+00,-1.521784663200378418e+00,7.061173915863037109e-01
-7.126607894897460938e-01,-3.041177988052368164e-01,6.739425659179687500e-01
7.372189164161682129e-01,-1.650246620178222656e+00,1.068357229232788086e+00
-1.057820796966552734e+00,4.797028005123138428e-01,2.396038770675659180e-01
-3.803671300411224365e-01,1.774531483650207520e+00,1.995372772216796875e-01
-5.950892567634582520e-01,1.388218760490417480e+00,9.499554634094238281e-01
7.515190243721008301e-01,-1.502175331115722656e-01,1.257454633712768555e+00
-1.131201624870300293e+00,9.644522666931152344e-01,-2.551849372684955597e-02
-5.633874535560607910e-01,-3.784449696540832520e-01,1.135669231414794922e+00
-7.247103452682495117e-01,1.177103281021118164e+00,9.874691963195800781e-01
7.628102302551269531e-01,2.010432034730911255e-01,6.681329011917114258e-01
7.416806221008300781e-01,-4.038644433021545410e-01,1.458836078643798828e+00
-5.195403844118118286e-02,1.795206427574157715e+00,2.834019660949707031e-01
7.675728797912597656e-01,2.008896768093109131e-01,3.891924917697906494e-01
-1.083093211054801941e-01,-1.345024824142456055e+00,1.138182640075683594e+00
-3.177418112754821777e-01,1.370980262756347656e+00,9.860772490501403809e-01
4.409068822860717773e-02,1.526634693145751953e+00,-2.274627611041069031e-02
6.992916464805603027e-01,3.466916084289550781e-01,4.175466895103454590e-01
7.115840911865234375e-02,-1.589858651161193848e+00,4.923583939671516418e-02
1.137983679771423340e+00,-7.971290946006774902e-01,3.831815719604492188e-02
8.720889091491699219e-01,3.013610694324597716e-06,3.143408000469207764e-01
3.684597611427307129e-01,9.911371469497680664e-01,9.013381004333496094e-01
8.593249320983886719e-01,2.899169885495211929e-06,5.887039303779602051e-01
-4.259414598345756531e-02,1.375459551811218262e+00,1.005564212799072266e+00
3.031924366950988770e-01,1.200566768646240234e+00,8.676295280456542969e-01
-1.057384967803955078e+00,1.358300685882568359e+00,8.732889890670776367e-01
-7.102617621421813965e-01,7.717610001564025879e-01,1.045265674591064453e+00
-1.083859920501708984e+00,4.776006340980529785e-01,8.358414769172668457e-01
-4.484002590179443359e-01,1.171365022659301758e+00,1.016788482666015625e+00
9.232787787914276123e-02,1.164055109024047852e+00,1.054145812988281250e+00
-9.015026092529296875e-01,9.825984388589859009e-02,5.165956020355224609e-01
1.222062110900878906e+00,-7.488491535186767578e-01,7.547303438186645508e-01
-9.840655326843261719e-01,2.909895181655883789e-01,8.481747508049011230e-01
-5.797761678695678711e-01,9.700997471809387207e-01,1.030802726745605469e+00
-3.584968447685241699e-01,5.543628334999084473e-01,1.283043861389160156e+00
-5.652009248733520508e-01,-6.381011009216308594e-01,5.409603714942932129e-01
-9.985723495483398438e-01,2.902871668338775635e-01,5.089013576507568359e-01
-1.770455837249755859e-01,1.169033169746398926e+00,1.028687953948974609e+00
-9.860286712646484375e-01,4.854984283447265625e-01,1.055260777473449707e+00
7.009188532829284668e-01,3.312096595764160156e-01,6.428556442260742188e-01
-6.512712240219116211e-01,-3.917328119277954102e-01,9.298152923583984375e-01
4.119209200143814087e-02,1.886570453643798828e+00,4.902384877204895020e-01
-1.104121685028076172e+00,4.759649932384490967e-01,5.670741200447082520e-01
-4.038024693727493286e-02,-1.303924560546875000e+00,1.317312240600585938e+00
-8.639397621154785156e-01,9.886516630649566650e-02,9.336779713630676270e-01
1.153111934661865234e+00,-5.669543147087097168e-01,5.631678700447082520e-01
-1.061402916908264160e+00,5.857106447219848633e-01,9.597201347351074219e-01
5.112447738647460938e-01,8.409742712974548340e-01,1.144368767738342285e+00
1.908065825700759888e-01,8.156836032867431641e-01,2.020249366760253906e-01
6.564529538154602051e-01,-1.271318197250366211e+00,1.459407329559326172e+00
-1.297305226325988770e-01,1.160488128662109375e-01,2.032513618469238281e-01
7.256428599357604980e-01,-1.734245777130126953e+00,8.087174892425537109e-01
6.334881186485290527e-01,-5.294469594955444336e-01,1.539983749389648438e+00
1.044635295867919922e+00,-3.843143880367279053e-01,6.389386057853698730e-01
-9.802155494689941406e-01,2.911762595176696777e-01,1.054086327552795410e+00
-4.148260354995727539e-01,3.632229566574096680e-01,1.371471881866455078e+00
1.050951361656188965e+00,-9.188307523727416992e-01,1.346231937408447266e+00
8.320944309234619141e-01,-8.939635157585144043e-01,1.499243736267089844e+00
4.420887231826782227e-01,9.127721786499023438e-01,4.488754272460937500e-01
-8.735179901123046875e-01,1.940894126892089844e-01,1.020536899566650391e+00
2.025236040353775024e-01,-1.974411010742187500e+00,2.580047547817230225e-01
-1.237860202789306641e+00,6.525949239730834961e-01,4.264959692955017090e-01
-1.237860202789306641e+00,6.525947451591491699e-01,1.687325984239578247e-01
-7.963185310363769531e-01,-9.995526820421218872e-02,8.737370371818542480e-01
7.522192001342773438e-01,3.485591411590576172e-01,2.061252593994140625e-01
1.220460891723632812e+00,-6.636244058609008789e-01,1.485256850719451904e-01
-1.065352559089660645e+00,9.771085977554321289e-01,9.876461029052734375e-01
-1.021525561809539795e-01,5.474522113800048828e-01,1.354319095611572266e+00
-4.942672550678253174e-01,1.921684980392456055e+00,5.601763725280761719e-01
1.993201076984405518e-01,-2.053897380828857422e+00,5.299853682518005371e-01
6.474487185478210449e-01,-1.077175378799438477e+00,1.497900009155273438e+00
-1.372600078582763672e+00,1.007851958274841309e+00,5.480804443359375000e-01
-1.319562435150146484e+00,8.294659852981567383e-01,1.033850088715553284e-01
5.473861098289489746e-01,-1.791983127593994141e+00,9.158944487571716309e-01
-6.665868759155273438e-01,-1.020450741052627563e-01,1.180335164070129395e+00
8.989121913909912109e-01,-1.736892700195312500e+00,6.315755844116210938e-01
-1.231089353561401367e+00,1.195585131645202637e+00,8.930773735046386719e-01
4.001066386699676514e-01,-1.264529466629028320e+00,1.488999366760253906e+00
1.439285278320312500e+00,-1.088646173477172852e+00,4.167361259460449219e-01
-2.826386094093322754e-01,-5.317842960357666016e-01,1.515947818756103516e+00
-1.463559627532958984e+00,1.176808714866638184e+00,4.162838757038116455e-01
-1.626708954572677612e-01,3.600253462791442871e-01,1.420961380004882812e+00
9.525113105773925781e-01,-1.949280500411987305e-01,5.124741792678833008e-01
4.220100492238998413e-02,-1.761375904083251953e+00,1.096864581108093262e+00
1.496004581451416016e+00,-1.262920379638671875e+00,2.896734476089477539e-01
1.487643420696258545e-01,-1.263835906982421875e+00,1.492021083831787109e+00
3.332267701625823975e-01,-1.073581695556640625e+00,1.516252994537353516e+00
-1.726779192686080933e-01,-1.140191078186035156e+00,1.175993919372558594e+00
1.481910645961761475e-01,5.433061718940734863e-01,1.397076606750488281e+00
1.290245056152343750e+00,-1.577671527862548828e+00,4.099291861057281494e-01
4.136634618043899536e-02,-1.864989280700683594e+00,8.396026492118835449e-01
3.944549560546875000e-01,1.073510408401489258e+00,3.432873487472534180e-01
-4.079194664955139160e-01,-3.571795821189880371e-01,1.465224742889404297e+00
-4.635879397392272949e-02,1.914088129997253418e+00,5.856337547302246094e-01
4.392232298851013184e-01,9.522337913513183594e-01,1.060534834861755371e+00
6.553101539611816406e-01,2.045078575611114502e-01,1.110256433486938477e+00
-2.812388539314270020e-01,-1.766278296709060669e-01,1.520446777343750000e+00
-3.373014628887176514e-01,1.880248069763183594e+00,6.990284919738769531e-01
2.058016210794448853e-01,-1.893069744110107422e+00,9.524084329605102539e-01
-4.049662053585052490e-01,1.468658410885836929e-06,1.494148731231689453e+00
-6.237294077873229980e-01,2.068758010864257812e-02,1.394390583038330078e+00
-2.349722236394882202e-01,7.514184117317199707e-01,1.202233314514160156e+00
7.019935250282287598e-01,3.209705352783203125e-01,8.699627518653869629e-01
2.069749385118484497e-01,-8.873131871223449707e-01,1.540149688720703125e+00
4.119422659277915955e-02,-1.886351585388183594e+00,2.055334448814392090e-01
-9.829986095428466797e-02,-3.515097796916961670e-01,1.553247928619384766e+00
-1.677379608154296875e-01,-2.310374379158020020e-01,2.086675912141799927e-01
3.888100981712341309e-01,-7.062184214591979980e-01,1.550985813140869141e+00
-1.237860202789306641e+00,6.525950431823730469e-01,4.016326740384101868e-02
-3.812057524919509888e-02,1.773232668638229370e-01,1.499373912811279297e+00
1.349260091781616211e+00,-8.998727798461914062e-01,-3.330444172024726868e-02
1.446053981781005859e-01,-7.060301303863525391e-01,1.552483558654785156e+00
4.467953443527221680e-01,-3.512811958789825439e-01,1.556570529937744141e+00
2.122018784284591675e-01,-1.734255313873291016e+00,1.225909709930419922e+00
-8.178992271423339844e-01,-9.960716217756271362e-02,3.171618580818176270e-01
3.261721730232238770e-01,-5.278906822204589844e-01,1.556073188781738281e+00
-1.597457826137542725e-01,1.330375653196824715e-06,1.512019157409667969e+00
-8.104138374328613281e-01,-9.972795099020004272e-02,5.243114829063415527e-01
1.359822750091552734e+00,-9.166219234466552734e-01,2.931176722049713135e-01
3.852769434452056885e-01,-1.754047721624374390e-01,1.558336257934570312e+00
-7.949590682983398438e-01,1.776920914649963379e+00,2.092208862304687500e-01
2.039222717285156250e-01,-3.509639799594879150e-01,1.561555862426757812e+00
3.389534950256347656e-01,-1.987694144248962402e+00,3.565774559974670410e-01
9.994311332702636719e-01,-1.934160888195037842e-01,2.412988245487213135e-01
-9.951413273811340332e-01,1.690402507781982422e+00,2.171182185411453247e-01
-5.637894272804260254e-01,-6.540112495422363281e-01,3.268096745014190674e-01
1.142647027969360352e+00,-1.402955532073974609e+00,1.130116581916809082e+00
-6.623862385749816895e-01,1.544754028320312500e+00,8.984847664833068848e-01
-4.688431024551391602e-01,1.722695350646972656e+00,8.060659766197204590e-01
-8.485735058784484863e-01,-1.135015487670898438e-02,5.962701439857482910e-01
5.115806311368942261e-02,6.494545936584472656e-01,1.329678058624267578e+00
5.711097717285156250e-01,-1.918417453765869141e+00,4.934265017509460449e-01
-4.995116963982582092e-02,-1.161848232150077820e-01,2.076730728149414062e-01
-8.027545213699340820e-01,1.796047687530517578e+00,4.459759294986724854e-01
1.410005569458007812e+00,-1.094378948211669922e+00,6.737796068191528320e-01
-1.268323510885238647e-01,-1.752594947814941406e+00,3.860424757003784180e-01
6.371546983718872070e-01,-1.777506768703460693e-01,1.485417366027832031e+00
7.682106494903564453e-01,-1.425349235534667969e+00,1.309028148651123047e+00
-6.211665868759155273e-01,1.884231090545654297e+00,4.940487444400787354e-01
-1.235423803329467773e+00,1.409612178802490234e+00,7.416474819183349609e-01
3.636368215084075928e-01,-1.992990970611572266e+00,5.938270688056945801e-01
-1.017418503761291504e+00,5.813545584678649902e-01,2.013030052185058594e-01
-1.308553665876388550e-01,-1.586154937744140625e+00,6.405779719352722168e-01
-7.738440632820129395e-01,6.268177032470703125e-01,1.122850179672241211e+00
-1.205352663993835449e+00,8.138580322265625000e-01,-3.285583481192588806e-02
-1.165757775306701660e+00,5.571813583374023438e-01,4.772524833679199219e-01
2.980818748474121094e-01,1.089172720909118652e+00,9.561691284179687500e-01
1.901736408472061157e-01,5.813032984733581543e-01,2.005276679992675781e-01
8.340826034545898438e-01,-1.540805816650390625e+00,1.155589103698730469e+00
2.254973948001861572e-01,1.404339790344238281e+00,6.624346971511840820e-01
-4.515405297279357910e-01,1.917453289031982422e+00,3.184713721275329590e-01
-3.515791893005371094e-01,-1.190712690353393555e+00,2.714639306068420410e-01
-4.497444033622741699e-01,-1.160866692662239075e-01,2.046365737915039062e-01
-2.984976172447204590e-01,1.711901187896728516e+00,8.659817576408386230e-01
-2.829963266849517822e-01,1.986517906188964844e+00,4.814054667949676514e-01
-1.330986022949218750e-01,-4.603163897991180420e-01,2.079830914735794067e-01
2.690029144287109375e-02,1.132185310125350952e-01,2.044879049062728882e-01
-1.213114932179450989e-01,1.981013774871826172e+00,3.692379593849182129e-01
-3.469786047935485840e-01,-8.530507087707519531e-01,1.147258281707763672e+00
-1.022590637207031250e+00,7.779253125190734863e-01,1.451580822467803955e-01
3.483004570007324219e-01,6.449936032295227051e-01,1.322095036506652832e+00
-2.247133255004882812e-01,-7.673395276069641113e-01,1.427633762359619141e+00
4.007133468985557556e-02,-2.025731086730957031e+00,3.658532500267028809e-01
-1.336516588926315308e-01,-1.470490932464599609e+00,9.673885703086853027e-01
4.434520304203033447e-01,8.940081596374511719e-01,6.554611325263977051e-01
-6.414256691932678223e-01,1.717386722564697266e+00,7.493793964385986328e-01
-9.258522987365722656e-01,1.706487655639648438e+00,6.048706173896789551e-01
-4.209548979997634888e-02,-1.549486994743347168e+00,1.122664928436279297e+00
-8.967671394348144531e-01,9.833652526140213013e-02,7.907112240791320801e-01
-1.221391081809997559e+00,9.903594851493835449e-01,9.061102867126464844e-01
-2.136804163455963135e-01,-1.294630050659179688e+00,2.286682128906250000e-01
-7.696810960769653320e-01,1.525878815300529823e-06,1.058443069458007812e+00
1.338283658027648926e+00,-1.375783443450927734e+00,8.795750141143798828e-01
1.180290699005126953e+00,-5.643192529678344727e-01,2.350018322467803955e-01
1.317196488380432129e+00,-1.160520315170288086e+00,1.072155952453613281e+00
1.365808486938476562e+00,-9.967503547668457031e-01,6.871139407157897949e-01
-1.158871531486511230e+00,5.125455856323242188e-01,2.211776673793792725e-01
-2.689094543457031250e-01,-1.205518126487731934e+00,8.858144879341125488e-01
-8.932226300239562988e-01,1.891393214464187622e-01,1.132160186767578125e+00
1.019718289375305176e+00,-3.997750282287597656e-01,8.835740685462951660e-01
-1.363703131675720215e+00,1.290155053138732910e+00,2.036294937133789062e-01
3.728866577148437500e-04,-1.606100916862487793e+00,-2.984405495226383209e-02
1.371784210205078125e-01,-3.452241122722625732e-01,2.079128921031951904e-01
1.278919219970703125e+00,-7.414799332618713379e-01,1.038940399885177612e-01
-1.195931196212768555e+00,1.588315486907958984e+00,4.694162011146545410e-01
8.374633789062500000e-01,-1.624675750732421875e+00,1.042003631591796875e+00
-7.359504699707031250e-01,1.009277477860450745e-01,1.239394187927246094e+00
-9.837079644203186035e-01,7.733051776885986328e-01,1.033361434936523438e+00
1.048443794250488281e+00,-1.569053292274475098e+00,8.667559623718261719e-01
1.102997541427612305e+00,-1.597171783447265625e+00,2.828631401062011719e-01
2.528721094131469727e-01,7.250447273254394531e-01,1.314875483512878418e+00
2.195526808500289917e-01,1.551870346069335938e+00,4.618185460567474365e-01
5.201634168624877930e-01,1.800436675548553467e-01,1.414415836334228516e+00
-1.087818145751953125e-01,1.155294656753540039e+00,2.095574885606765747e-01
-1.399720668792724609e+00,1.002994656562805176e+00,1.024615466594696045e-01
-1.268323510885238647e-01,-1.752594947814941406e+00,2.109643518924713135e-01
-6.243201494216918945e-01,1.858262538909912109e+00,2.656909227371215820e-01
2.401412837207317352e-02,7.427262067794799805e-01,1.269289493560791016e+00
-5.014896392822265625e-02,-6.836305856704711914e-01,2.060998529195785522e-01
9.429836869239807129e-01,-1.478856086730957031e+00,1.172720432281494141e+00
1.005250334739685059e+00,-2.947897911071777344e-01,3.777337670326232910e-01
2.396102845668792725e-01,1.432127594947814941e+00,7.585916519165039062e-01
1.084231853485107422e+00,-3.817590773105621338e-01,2.382598817348480225e-01
-7.105041146278381348e-01,-1.935087293386459351e-01,9.966201782226562500e-01
1.686868667602539062e-01,-1.800990104675292969e+00,2.055621296167373657e-01
-1.358447223901748657e-01,-1.379769802093505859e+00,1.047591209411621094e+00
-5.626330375671386719e-01,-7.290682792663574219e-01,2.603833079338073730e-01
2.241210937500000000e-01,1.326545953750610352e+00,5.847958326339721680e-01
1.296534538269042969e-01,1.576435565948486328e+00,8.337960839271545410e-01
