2.239800453186035156e+00,6.169441342353820801e-01,1.396661400794982910e-01
-2.743000984191894531e+00,6.858955323696136475e-02,7.933614850044250488e-01
7.776512205600738525e-02,-6.559203267097473145e-01,1.939088344573974609e+00
-5.188512206077575684e-01,1.159790039062500000e+00,4.312200844287872314e-01
1.917310118675231934e+00,-1.407354831695556641e+00,9.666411876678466797e-01
-1.046060562133789062e+00,-8.359376192092895508e-01,3.809518814086914062e-01
1.018366336822509766e+00,1.037503719329833984e+00,1.549148201942443848e+00
-1.345946669578552246e+00,6.456211209297180176e-01,2.018520832061767578e+00
6.901037693023681641e-01,-3.582196235656738281e-01,4.057092666625976562e-01
-2.037732124328613281e+00,1.354255676269531250e+00,9.131957888603210449e-01
1.973872542381286621e+00,1.296997083954920527e-06,1.359020709991455078e+00
-1.870217204093933105e+00,-5.432605743408203125e-01,1.642430424690246582e+00
2.735030174255371094e+00,-5.527601242065429688e-01,4.123004078865051270e-01
-9.158355742692947388e-02,6.536183953285217285e-01,1.956809997558593750e+00
-1.473551273345947266e+00,3.598612546920776367e-01,4.397416114807128906e-01
9.389858841896057129e-01,8.338626623153686523e-01,3.626031875610351562e-01
8.036862015724182129e-01,-1.167913913726806641e+00,1.232623577117919922e+00
1.394124150276184082e+00,-1.162546157836914062e+00,5.735198780894279480e-02
-3.145637512207031250e-01,1.077170744538307190e-01,4.173187017440795898e-01
9.042809605598449707e-01,1.220703097715158947e-06,1.744007110595703125e+00
-2.092534542083740234e+00,-7.165954709053039551e-01,4.754659831523895264e-01
-1.443317532539367676e-01,-1.028559207916259766e+00,8.411642313003540039e-01
-9.335973262786865234e-01,-3.226447105407714844e-01,2.000303268432617188e+00
-1.439780235290527344e+00,1.354687690734863281e+00,4.035064578056335449e-02
-1.080800652503967285e+00,1.233366966247558594e+00,1.228403091430664062e+00
1.787208795547485352e+00,-3.576923608779907227e-01,3.949408531188964844e-01
2.411184310913085938e-01,1.016723155975341797e+00,9.790609478950500488e-01
1.692851662635803223e+00,7.824716567993164062e-01,9.074471592903137207e-01
2.735769271850585938e+00,2.751784920692443848e-01,8.453582525253295898e-01
-9.499102830886840820e-01,-8.420805931091308594e-01,1.304554581642150879e+00
2.406508922576904297e+00,-7.481998205184936523e-01,1.227056980133056641e+00
1.500908732414245605e+00,-7.280148863792419434e-01,1.382794380187988281e+00
6.115251779556274414e-01,-1.181733608245849609e+00,3.651416003704071045e-01
-2.517449378967285156e+00,8.028128147125244141e-01,4.875616431236267090e-01
-1.474077224731445312e+00,-3.296856880187988281e-01,8.849157691001892090e-01
-2.115997314453125000e+00,1.137413024902343750e+00,1.670063614845275879e+00
2.363328695297241211e+00,-1.326761722564697266e+00,3.835842907428741455e-01
-2.561649799346923828e+00,6.480942964553833008e-01,1.201863646507263184e+00
1.264138579368591309e+00,-8.078503608703613281e-01,6.766383051872253418e-01
3.599816858768463135e-01,3.584514856338500977e-01,4.102611541748046875e-01
-2.374969005584716797e+00,-5.238108038902282715e-01,1.137264370918273926e+00
-3.362381756305694580e-01,1.043297767639160156e+00,1.387851476669311523e+00
1.273385643959045410e+00,1.192382052540779114e-01,4.004635810852050781e-01
-3.112114667892456055e-01,1.268386768060736358e-06,2.014329910278320312e+00
7.338184714317321777e-01,-6.834625005722045898e-01,1.726542472839355469e+00
-9.616193771362304688e-01,-1.195917874574661255e-01,4.223899841308593750e-01
-1.555178046226501465e+00,-5.663259625434875488e-01,1.516628265380859375e-02
-9.617318511009216309e-01,7.654509544372558594e-01,7.461926341056823730e-01
5.939634442329406738e-01,6.610864400863647461e-01,1.899184703826904297e+00
-2.177998065948486328e+00,2.332393527030944824e-01,4.628237783908843994e-01
1.350328087806701660e+00,3.602279722690582275e-01,1.417821884155273438e+00
-3.811852931976318359e-01,-5.979470610618591309e-01,4.067745208740234375e-01
2.260346412658691406e+00,5.627133846282958984e-01,1.196839332580566406e+00
-7.208148241043090820e-01,8.210803866386413574e-01,1.947738647460937500e+00
-1.562621474266052246e+00,8.730397224426269531e-01,9.620116949081420898e-01
1.597723960876464844e+00,6.940804719924926758e-01,1.553421020507812500e-01
-2.435473680496215820e+00,-2.522730827331542969e-01,1.752782821655273438e+00
-3.452317118644714355e-01,-8.839955329895019531e-01,1.496710419654846191e+00
2.394849300384521484e+00,2.288818222950794734e-06,3.900454640388488770e-01
8.681726455688476562e-02,1.034827709197998047e+00,3.673846423625946045e-01
3.013912141323089600e-01,1.201629629576927982e-06,1.946481227874755859e+00
-1.254861593246459961e+00,1.321653366088867188e+00,6.226217746734619141e-01
2.413419336080551147e-01,-1.011152267456054688e+00,1.394254088401794434e+00
-1.922087669372558594e+00,8.445863127708435059e-01,4.573330879211425781e-01
1.045316219329833984e+00,8.797159194946289062e-01,9.446404576301574707e-01
1.352719664573669434e+00,-1.315114974975585938e+00,1.088910460472106934e+00
2.680179119110107422e+00,-2.787685394287109375e-01,1.006965160369873047e+00
-1.490438103675842285e+00,1.156059265136718750e+00,1.616002798080444336e+00
-1.811873435974121094e+00,-7.446827888488769531e-01,1.064785122871398926e+00
-2.621808528900146484e+00,-4.091067314147949219e-01,5.216828584671020508e-01
1.532544732093811035e+00,-1.371259212493896484e+00,5.592689514160156250e-01
2.068255543708801270e-01,8.866725564002990723e-01,1.544091224670410156e+00
2.059695482254028320e+00,-8.371583223342895508e-01,3.917627334594726562e-01
1.957070827484130859e-01,-5.982172489166259766e-01,4.100399017333984375e-01
-1.732072830200195312e+00,-1.199549660086631775e-01,4.449625015258789062e-01
-5.473745465278625488e-01,5.988758802413940430e-01,4.183349609375000000e-01
1.408976554870605469e+00,-1.793019622564315796e-01,1.437281608581542969e+00
2.436405658721923828e+00,-1.203134536743164062e+00,9.336758255958557129e-01
1.834130525588989258e+00,2.635827064514160156e-01,9.043974280357360840e-01
-1.015915393829345703e+00,1.042360663414001465e+00,1.383752822875976562e-01
-9.281205534934997559e-01,3.207485377788543701e-01,2.029606819152832031e+00
-1.577238678932189941e+00,-8.157258033752441406e-01,5.405606031417846680e-01
-7.363538146018981934e-01,-9.355602264404296875e-01,7.913531064987182617e-01
1.898729324340820312e+00,-1.344885587692260742e+00,1.535031050443649292e-01
-5.470687150955200195e-01,-6.567440032958984375e-01,1.932709693908691406e+00
-1.332837224006652832e+00,1.659393319641822018e-06,2.025804996490478516e+00
2.155553579330444336e+00,7.124152183532714844e-01,6.372271776199340820e-01
-1.394002079963684082e+00,-6.920266151428222656e-01,1.502761602401733398e+00
4.257893562316894531e-01,-1.137197494506835938e+00,8.943319320678710938e-01
3.091735765337944031e-02,-1.075003743171691895e+00,3.619546890258789062e-01
9.809129238128662109e-01,-1.256778717041015625e+00,7.547460794448852539e-01
-3.314329385757446289e-01,1.128421783447265625e+00,8.947396874427795410e-01
1.652776956558227539e+00,-9.296631813049316406e-01,9.571779966354370117e-01
1.872346162796020508e+00,1.191501989960670471e-01,3.950195312500000000e-01
1.190328001976013184e+00,-3.579595088958740234e-01,4.004411697387695312e-01
1.129986569285392761e-01,-1.194643154740333557e-01,4.122581481933593750e-01
1.785975813865661621e+00,5.506790876388549805e-01,1.320950031280517578e+00
1.985412955284118652e+00,-5.476188063621520996e-01,1.352519512176513672e+00
6.416247487068176270e-01,8.953461647033691406e-01,1.285192847251892090e+00
8.561514019966125488e-01,3.581885099411010742e-01,4.051170349121093750e-01
-2.005721807479858398e+00,-3.783717155456542969e-01,8.223972320556640625e-01
-9.630163311958312988e-01,3.591687977313995361e-01,4.254441261291503906e-01
-2.331547260284423828e+00,1.150672793388366699e+00,1.231404662132263184e+00
-1.597331166267395020e+00,1.333205819129943848e+00,1.189683914184570312e+00
9.822694063186645508e-01,5.166983604431152344e-01,1.671408653259277344e+00
6.362625956535339355e-01,9.463739395141601562e-01,7.200130820274353027e-01
2.772252798080444336e+00,3.571736812591552734e-01,3.842253684997558594e-01
-1.363861680030822754e+00,-8.284144401550292969e-01,9.616168141365051270e-01
-1.730626106262207031e+00,1.298786401748657227e+00,3.991436660289764404e-01
-1.361120104789733887e+00,-4.902685582637786865e-01,1.943955898284912109e+00
-2.270805835723876953e+00,1.291478633880615234e+00,5.203483700752258301e-01
-5.151168629527091980e-02,5.984497070312500000e-01,4.130086898803710938e-01
-8.398807048797607422e-01,1.060610532760620117e+00,1.582499504089355469e+00
-9.913654327392578125e-01,-6.837950944900512695e-01,1.723992347717285156e+00
2.784051418304443359e+00,-1.358923316001892090e-01,5.940126180648803711e-01
2.646075248718261719e+00,-8.523873686790466309e-01,7.253814339637756348e-01
-2.223200321197509766e+00,-2.310528457164764404e-01,4.584852457046508789e-01
-1.481925010681152344e+00,8.429858088493347168e-01,4.431929588317871094e-01
1.623059034347534180e+00,-8.376094102859497070e-01,3.957324028015136719e-01
1.892432689666748047e+00,-1.117950439453125000e+00,1.289587497711181641e+00
2.452666044235229492e+00,1.296997083954920527e-06,1.248496055603027344e+00
1.105246424674987793e+00,-9.094069600105285645e-01,1.404211521148681641e+00
9.426025152206420898e-01,-8.370739817619323730e-01,3.909592628479003906e-01
2.050070285797119141e+00,-1.020105838775634766e+00,8.188886642456054688e-01
1.434053778648376465e+00,3.776161968708038330e-01,8.068032264709472656e-01
-2.702089786529541016e+00,4.867624938488006592e-01,7.072015404701232910e-01
-2.528161525726318359e+00,9.505200982093811035e-01,9.044393897056579590e-01
-1.150512456893920898e+00,1.000347018241882324e+00,1.890314579010009766e+00
-8.888822793960571289e-01,1.237711429595947266e+00,8.210632205009460449e-01
-4.801723659038543701e-01,4.834020435810089111e-01,2.014857769012451172e+00
1.397303700447082520e+00,7.439779639244079590e-01,1.259623050689697266e+00
-2.631780624389648438e+00,-7.038154453039169312e-02,1.170611858367919922e+00
5.909132957458496094e-01,-3.295285403728485107e-01,1.893640041351318359e+00
2.392008304595947266e+00,3.692015111446380615e-01,6.328635215759277344e-01
1.162609100341796875e+00,-1.305173397064208984e+00,3.627679347991943359e-01
1.067721247673034668e+00,-5.285807847976684570e-01,1.548859596252441406e+00
-1.915177822113037109e+00,-7.424932718276977539e-01,9.254486113786697388e-02
4.426779150962829590e-01,8.353931307792663574e-01,3.761377334594726562e-01
-5.354018211364746094e-01,-9.735350608825683594e-01,3.776168823242187500e-01
1.273080110549926758e+00,5.954265594482421875e-01,3.756504058837890625e-01
-1.321548461914062500e+00,-5.370100736618041992e-01,3.351537883281707764e-01
5.960515737533569336e-01,-1.328944206237792969e+00,1.527924180030822754e+00
2.226452827453613281e+00,-3.574972450733184814e-01,3.908901214599609375e-01
-5.355382561683654785e-01,-9.720053672790527344e-01,1.127693176269531250e+00
5.622532367706298828e-01,-7.418093681335449219e-01,3.981741368770599365e-01
-7.008757591247558594e-01,1.354217488369613420e-06,2.023125171661376953e+00
2.443093776702880859e+00,-8.921263217926025391e-01,3.932861387729644775e-01
-7.055398225784301758e-01,1.189355373382568359e+00,1.157977581024169922e+00
1.914027214050292969e+00,4.311692714691162109e-01,6.181029975414276123e-02
1.906766295433044434e+00,-1.438110351562500000e+00,5.636802315711975098e-01
-8.860955834388732910e-01,1.255776882171630859e+00,4.274657964706420898e-01
-2.635929584503173828e+00,-3.523045778274536133e-01,9.166929125785827637e-01
2.378698587417602539e+00,-3.705455660820007324e-01,1.257998943328857422e+00
-9.044700115919113159e-02,-3.234290182590484619e-01,1.988365650177001953e+00
4.248660802841186523e-01,-8.320673108100891113e-01,1.880135536193847656e+00
2.458708137273788452e-01,4.890794754028320312e-01,1.956279754638671875e+00
1.918537259101867676e+00,7.547559738159179688e-01,3.351351916790008545e-01
-2.512180328369140625e+00,7.230838388204574585e-02,4.805517494678497314e-01
-2.075415372848510742e+00,-6.125268936157226562e-01,1.328678846359252930e+00
-7.813954353332519531e-01,9.080500602722167969e-01,4.622083902359008789e-01
-1.680658221244812012e+00,1.197698116302490234e+00,8.506864905357360840e-01
-2.314259052276611328e+00,-5.881099700927734375e-01,7.298372983932495117e-01
2.517932415008544922e+00,5.808979868888854980e-01,8.941149711608886719e-01
-1.173900127410888672e+00,6.598388552665710449e-01,4.312301576137542725e-01
1.533171772956848145e+00,-1.111632227897644043e+00,1.321868896484375000e+00
4.468088150024414062e-01,2.841949481080519035e-06,4.090106189250946045e-01
-1.358012914657592773e+00,-8.548884391784667969e-01,1.831179708242416382e-01
-3.733627125620841980e-02,-8.647886514663696289e-01,1.678810596466064453e+00
-4.792802035808563232e-01,-3.219473958015441895e-01,2.011145591735839844e+00
7.067063450813293457e-01,3.297860622406005859e-01,1.889575004577636719e+00
-1.822282075881958008e+00,3.603327870368957520e-01,4.495072364807128906e-01
1.527718782424926758e+00,-1.191945075988769531e-01,3.977618217468261719e-01
-1.215247750282287598e+00,1.197417452931404114e-01,4.316759109497070312e-01
-1.217060565948486328e+00,9.002292156219482422e-01,9.486303329467773438e-01
-7.952581644058227539e-01,-5.976884961128234863e-01,4.036569595336914062e-01
-7.116102576255798340e-01,1.195803135633468628e-01,4.216418266296386719e-01
1.254955649375915527e+00,8.528332710266113281e-01,6.717227101325988770e-01
-2.992094457149505615e-01,8.377767205238342285e-01,3.971343040466308594e-01
9.383242726325988770e-01,-1.192874386906623840e-01,4.035186767578125000e-01
-1.336894184350967407e-01,-3.586472272872924805e-01,4.141211509704589844e-01
-1.343410015106201172e+00,1.013079762458801270e+00,3.980071842670440674e-02
1.841080784797668457e+00,-1.101984024047851562e+00,5.467267036437988281e-01
-1.860144495964050293e+00,1.275056362152099609e+00,1.400267958641052246e+00
-1.443023085594177246e-01,-1.029876232147216797e+00,1.181429743766784668e+00
-1.455638855695724487e-01,3.221639990806579590e-01,2.007669448852539062e+00
1.691344857215881348e+00,-3.619920313358306885e-01,1.390546321868896484e+00
-2.655821323394775391e+00,3.506981432437896729e-01,1.013828873634338379e+00
8.222216367721557617e-01,-1.033402442932128906e+00,1.542526483535766602e+00
4.794960841536521912e-02,1.047626018524169922e+00,7.041149735450744629e-01
1.691744446754455566e+00,1.811329573392868042e-01,1.380476951599121094e+00
-1.242464900016784668e+00,-3.708033561706542969e-01,6.466044187545776367e-01
4.814324155449867249e-02,1.023718357086181641e+00,1.251314401626586914e+00
-3.775762915611267090e-01,8.235272169113159180e-01,1.932679653167724609e+00
1.058281660079956055e+00,8.038015365600585938e-01,1.316105484962463379e+00
-2.366651058197021484e+00,-4.429512023925781250e-01,1.459558844566345215e+00
2.213521242141723633e+00,-1.134098291397094727e+00,1.207102298736572266e+00
-9.953489303588867188e-01,6.466674804687500000e-01,2.010449409484863281e+00
2.459049969911575317e-01,-3.263812661170959473e-01,1.942404747009277344e+00
2.187885046005249023e+00,3.817725777626037598e-01,8.927569389343261719e-01
-1.177842020988464355e+00,-8.712202906608581543e-01,6.924948692321777344e-01
2.570006847381591797e+00,2.858751714229583740e-01,1.136911034584045410e+00
-1.468313038349151611e-01,9.252314567565917969e-01,1.628203988075256348e+00
-2.153702020645141602e+00,-3.715887069702148438e-01,1.867476940155029297e+00
-1.275861263275146484e+00,3.208147287368774414e-01,2.028589725494384766e+00
2.377267032861709595e-01,-1.100842475891113281e+00,6.321071982383728027e-01
2.326853275299072266e+00,-1.414321422576904297e+00,7.157530188560485840e-01
-1.254862308502197266e+00,1.321654319763183594e+00,2.983074784278869629e-01
6.550550460815429688e-01,7.675600051879882812e-01,1.604962110519409180e+00
2.696515083312988281e+00,-5.577526092529296875e-01,8.584899902343750000e-01
1.309096932411193848e+00,-6.647200584411621094e-01,3.988674879074096680e-01
1.517169117927551270e+00,6.240062713623046875e-01,6.283310055732727051e-01
-2.173574924468994141e+00,5.466198921203613281e-01,4.656654298305511475e-01
-2.043194293975830078e+00,-7.116918563842773438e-01,8.565036058425903320e-01
1.186780571937561035e+00,1.296997083954920527e-06,1.557704448699951172e+00
1.665874242782592773e+00,-1.345580458641052246e+00,1.135754585266113281e+00
1.369388699531555176e+00,-1.017721176147460938e+00,3.269128203392028809e-01
1.532544493675231934e+00,-1.371259212493896484e+00,2.344647198915481567e-01
2.211226224899291992e+00,1.837498098611831665e-01,1.299278736114501953e+00
2.479417324066162109e+00,5.858886837959289551e-01,4.370110929012298584e-01
-5.333600640296936035e-01,9.964947700500488281e-01,1.614969611167907715e+00
2.519775867462158203e+00,-1.181154727935791016e+00,6.001952886581420898e-01
-1.597042798995971680e+00,-7.380752563476562500e-01,1.278467535972595215e+00
2.160177707672119141e+00,6.989307403564453125e-01,9.380346536636352539e-01
-2.328718185424804688e+00,1.312362670898437500e+00,8.486328125000000000e-01
-9.409313797950744629e-01,-9.002804756164550781e-01,1.009101510047912598e+00
-1.656657695770263672e+00,1.135764241218566895e+00,1.589483618736267090e-01
-7.528938055038452148e-01,-7.993555068969726562e-01,1.526139140129089355e+00
2.421436309814453125e+00,-5.934042334556579590e-01,3.910372853279113770e-01
8.467906713485717773e-01,-3.394293785095214844e-01,1.740188121795654297e+00
6.469111442565917969e-01,1.211166363646043465e-06,1.895230770111083984e+00
-2.345500469207763672e+00,-5.015511512756347656e-01,4.312045276165008545e-01
1.914026260375976562e+00,4.311695098876953125e-01,3.586898744106292725e-01
-2.315983772277832031e-01,-9.372486472129821777e-01,3.740588426589965820e-01
2.182938098907470703e+00,-1.091970086097717285e+00,4.781479835510253906e-01
2.047216415405273438e+00,-1.191174313426017761e-01,3.929991722106933594e-01
-1.650656342506408691e+00,6.010947823524475098e-01,4.458556175231933594e-01
-1.385303020477294922e+00,-1.197658702731132507e-01,4.331979751586914062e-01
2.548660755157470703e+00,-8.714590072631835938e-01,1.002276301383972168e+00
-1.040518641471862793e+00,1.468658410885836929e-06,2.030369758605957031e+00
-1.233043909072875977e+00,9.933633804321289062e-01,4.148818850517272949e-01
-6.290242075920104980e-01,-3.588086366653442383e-01,4.178414344787597656e-01
1.189604520797729492e+00,-1.172942161560058594e+00,1.314152836799621582e+00
6.902303695678710938e-01,5.967317223548889160e-01,3.917717933654785156e-01
3.599252104759216309e-01,-3.583953380584716797e-01,4.090995788574218750e-01
1.918538212776184082e+00,7.547559738159179688e-01,4.524902254343032837e-02
-2.552934646606445312e+00,3.590043485164642334e-01,4.776748418807983398e-01
2.717247486114501953e+00,2.174377414121408947e-06,9.463515877723693848e-01
-1.167251229286193848e+00,1.258573412895202637e+00,2.729225158691406250e-02
-2.615833878517150879e-01,-6.554278135299682617e-01,1.942857265472412109e+00
-1.867446541786193848e+00,1.104343295097351074e+00,5.628776550292968750e-01
1.646955013275146484e+00,-1.067305564880371094e+00,1.482824683189392090e-01
-1.763797521591186523e+00,-3.856440782546997070e-01,9.727697372436523438e-01
-2.210727691650390625e+00,1.017992973327636719e+00,4.694030582904815674e-01
4.390618503093719482e-01,-9.544429779052734375e-01,1.624167799949645996e+00
-2.449296474456787109e+00,1.121649861335754395e+00,6.600248813629150391e-01
2.126487717032432556e-02,1.219213004333141726e-06,1.988031864166259766e+00
-2.057628631591796875e+00,1.299128532409667969e+00,1.199030756950378418e+00
-1.259356021881103516e+00,1.301318645477294922e+00,1.020741343498229980e+00
1.596483707427978516e+00,1.741714179515838623e-01,3.976174890995025635e-01
-2.399058818817138672e+00,9.690661430358886719e-01,1.434210896492004395e+00
2.373980432748794556e-01,-1.108995914459228516e+00,1.098632931709289551e+00
-3.388949036598205566e-01,-9.962553977966308594e-01,6.438154578208923340e-01
6.118319630622863770e-01,-1.178815841674804688e+00,6.923669576644897461e-01
1.778967857360839844e+00,-7.304723858833312988e-01,1.363831520080566406e+00
-1.802978992462158203e+00,-7.753992080688476562e-01,6.938319206237792969e-01
1.991091132164001465e+00,3.664368391036987305e-01,1.321615219116210938e+00
7.976058125495910645e-01,-1.212037563323974609e+00,9.552764892578125000e-01
6.360645890235900879e-01,9.482588768005371094e-01,9.949111938476562500e-01
1.403295516967773438e+00,-1.102565288543701172e+00,9.223034381866455078e-01
2.782748699188232422e+00,1.359344422817230225e-01,5.465835332870483398e-01
-1.100542068481445312e+00,1.128033161163330078e+00,1.530035376548767090e+00
-1.439780235290527344e+00,1.354687690734863281e+00,8.204403519630432129e-01
1.718918919563293457e+00,-1.404553413391113281e+00,7.582610845565795898e-01
-1.036426544189453125e+00,-4.814299643039703369e-01,5.067440867424011230e-01
3.610943555831909180e-01,-1.075326561927795410e+00,3.641381263732910156e-01
-2.635842800140380859e+00,6.372607946395874023e-01,9.234279990196228027e-01
-7.042202353477478027e-01,1.200222492218017578e+00,6.255151033401489258e-01
-4.630825817584991455e-01,-1.195294335484504700e-01,4.183058738708496094e-01
-1.428854465484619141e-01,1.088435173034667969e+00,5.008420944213867188e-01
-4.384899735450744629e-01,1.145475625991821289e+00,1.149025917053222656e+00
1.347237110137939453e+00,-1.338155746459960938e+00,7.539092898368835449e-01
1.689245700836181641e+00,7.957167625427246094e-01,4.729159474372863770e-01
6.894549131393432617e-01,1.193367913365364075e-01,4.066295623779296875e-01
-1.830910921096801758e+00,1.365031719207763672e+00,7.008489966392517090e-01
1.927999854087829590e+00,7.239570617675781250e-01,1.073462247848510742e+00
-2.160572707653045654e-01,3.587454855442047119e-01,4.164443016052246094e-01
-2.578408241271972656e+00,-3.569480776786804199e-01,1.188615441322326660e+00
2.588184356689453125e+00,-5.717918276786804199e-01,1.139345884323120117e+00
-2.026558399200439453e+00,-5.632704496383666992e-01,2.567513883113861084e-01
-1.802977085113525391e+00,-7.753996849060058594e-01,3.324255347251892090e-01
-1.649111747741699219e+00,-5.339159965515136719e-01,1.788040876388549805e+00
2.760692119598388672e+00,-4.110724627971649170e-01,6.480050683021545410e-01
1.918537259101867676e+00,7.547559738159179688e-01,7.728071212768554688e-01
-5.138412490487098694e-02,1.195180863142013550e-01,4.144568443298339844e-01
2.204973936080932617e+00,-1.832302361726760864e-01,1.315398216247558594e+00
-2.686962604522705078e+00,-2.086206823587417603e-01,7.060070633888244629e-01
4.873495399951934814e-01,-1.143140435218811035e+00,1.160953521728515625e+00
2.157004117965698242e+00,-7.393219470977783203e-01,1.295557498931884766e+00
1.965379953384399414e+00,-5.968236327171325684e-01,3.929667472839355469e-01
1.288643002510070801e+00,-5.414499044418334961e-01,1.416141510009765625e+00
1.531053900718688965e+00,4.995837211608886719e-01,3.076388537883758545e-01
-1.185662865638732910e+00,-6.270835995674133301e-01,7.678256034851074219e-01
-1.908528804779052734e+00,1.200543344020843506e-01,4.510726928710937500e-01
-1.644810438156127930e+00,1.199186071753501892e-01,4.426379203796386719e-01
8.577294945716857910e-01,-5.976707935333251953e-01,4.034361839294433594e-01
2.135608673095703125e+00,1.191117838025093079e-01,3.926262855529785156e-01
8.598116636276245117e-01,-1.075806736946105957e+00,3.674364089965820312e-01
-8.808583021163940430e-01,5.992140173912048340e-01,4.226160049438476562e-01
2.781710624694824219e-01,-8.366264104843139648e-01,3.870739936828613281e-01
1.704253196716308594e+00,-5.970168113708496094e-01,3.953819274902343750e-01
6.224039793014526367e-01,-1.078232765197753906e+00,1.385106921195983887e+00
1.630172967910766602e+00,7.567439079284667969e-01,1.161119461059570312e+00
-6.292304992675781250e-01,3.589264452457427979e-01,4.202780723571777344e-01
2.779363989830017090e-01,5.977104306221008301e-01,4.039363861083984375e-01
1.443991303443908691e+00,-3.578465580940246582e-01,3.981246948242187500e-01
1.256103754043579102e+00,8.472070693969726562e-01,3.919412195682525635e-01
-1.427672952413558960e-01,1.093366622924804688e+00,1.100975871086120605e+00
-1.577240228652954102e+00,-8.157253265380859375e-01,8.267504572868347168e-01
1.190243482589721680e+00,3.579339385032653809e-01,3.999133110046386719e-01
2.008498191833496094e+00,-1.145326018333435059e+00,2.627007961273193359e-01
-1.577238678932189941e+00,-8.157258033752441406e-01,4.420287907123565674e-02
1.021755099296569824e+00,1.192804127931594849e-01,4.030675888061523438e-01
-1.997554898262023926e+00,-1.201009377837181091e-01,4.539976119995117188e-01
1.022073030471801758e+00,5.959667563438415527e-01,3.823814392089843750e-01
-1.832805156707763672e+00,1.359201908111572266e+00,1.105211138725280762e+00
-1.168143630027770996e+00,-7.673439979553222656e-01,1.401199340820312500e+00
-1.468806266784667969e+00,1.240883350372314453e+00,1.382567167282104492e+00
-2.110205888748168945e+00,-5.054473876953125000e-01,1.588506698608398438e+00
2.120564222335815430e+00,-1.408532142639160156e+00,4.398150444030761719e-01
-5.521965622901916504e-01,-7.844972610473632812e-01,1.671997547149658203e+00
-1.764274358749389648e+00,9.090223312377929688e-01,8.214535117149353027e-01
8.562697172164916992e-01,7.863245010375976562e-01,1.459082245826721191e+00
2.497897624969482422e+00,-3.575496971607208252e-01,3.919806480407714844e-01
-7.364039421081542969e-01,-9.351496696472167969e-01,5.174516439437866211e-01
6.074658036231994629e-01,3.583126068115234375e-01,4.076952934265136719e-01
-2.158048897981643677e-01,-1.194838434457778931e-01,4.157066345214843750e-01
4.369893670082092285e-01,9.829797744750976562e-01,5.783685445785522461e-01
-5.148559436202049255e-02,-5.981468558311462402e-01,4.092545509338378906e-01
3.084777854382991791e-02,3.586339056491851807e-01,4.137511253356933594e-01
1.951547265052795410e-01,1.194311380386352539e-01,4.117965698242187500e-01
2.162281274795532227e+00,-1.381994247436523438e+00,9.770627021789550781e-01
-1.151652932167053223e+00,-8.553314208984375000e-01,1.164947152137756348e+00
-2.625695705413818359e+00,7.834258675575256348e-01,7.265795469284057617e-01
-1.839806795120239258e+00,-6.482481956481933594e-01,1.384552836418151855e+00
4.446915984153747559e-01,8.769302368164062500e-01,1.428097367286682129e+00
-6.741685867309570312e-01,1.095011711120605469e+00,1.406784057617187500e+00
2.617676258087158203e+00,5.679706931114196777e-01,6.723150610923767090e-01
8.387427330017089844e-01,9.135150909423828125e-01,5.890229940414428711e-01
-1.915324330329895020e+00,6.017796993255615234e-01,4.543542861938476562e-01
1.203787565231323242e+00,5.327869057655334473e-01,1.505481243133544922e+00
8.388652801513671875e-01,9.126210212707519531e-01,1.145054697990417480e+00
2.759636402130126953e+00,-2.765631675720214844e-01,3.992044031620025635e-01
-3.384459614753723145e-01,-1.004210472106933594e+00,9.818734526634216309e-01
-5.989451408386230469e-01,-7.368460893630981445e-01,3.916281163692474365e-01
-1.202651500701904297e+00,-2.804166078567504883e-01,4.268746972084045410e-01
-2.705180168151855469e+00,-6.919891387224197388e-02,5.080899000167846680e-01
1.470479965209960938e+00,8.202185630798339844e-01,8.228754997253417969e-01
-9.409643411636352539e-01,-9.000658988952636719e-01,6.608154177665710449e-01
4.365412294864654541e-01,9.891486167907714844e-01,1.123024225234985352e+00
-1.120651841163635254e+00,-4.894764125347137451e-01,1.952135086059570312e+00
-2.458867073059082031e+00,9.652491807937622070e-01,1.134328842163085938e+00
-5.480017066001892090e-01,8.385119438171386719e-01,4.036617279052734375e-01
-2.990428209304809570e-01,5.987034440040588379e-01,4.161434173583984375e-01
-1.216655850410461426e+00,3.595149219036102295e-01,4.325466156005859375e-01
3.088714554905891418e-02,-8.364775776863098145e-01,3.857369422912597656e-01
-7.834305167198181152e-01,-6.618394851684570312e-01,1.893392086029052734e+00
-5.151473730802536011e-02,8.370242118835449219e-01,3.904919624328613281e-01
-3.808740079402923584e-01,-3.587211668491363525e-01,4.162254333496093750e-01
-2.720820903778076172e+00,2.069828957319259644e-01,5.549699068069458008e-01
-9.619852900505065918e-01,1.196372210979461670e-01,4.252128601074218750e-01
-7.114770412445068359e-01,-1.195578798651695251e-01,4.202523231506347656e-01
1.130752563476562500e-01,-3.585124909877777100e-01,4.115624427795410156e-01
1.505755901336669922e+00,5.484371185302734375e-01,1.344076633453369141e+00
6.902795433998107910e-01,8.346152901649475098e-01,3.692526817321777344e-01
9.392412900924682617e-01,-3.580854237079620361e-01,4.030437469482421875e-01
1.189158916473388672e+00,-1.192445084452629089e-01,4.008383750915527344e-01
6.894137263298034668e-01,-1.193296536803245544e-01,4.061870574951171875e-01
1.785465359687805176e+00,-1.191562265157699585e-01,3.953990936279296875e-01
4.188397824764251709e-01,-4.935246407985687256e-01,1.910438537597656250e+00
2.155554533004760742e+00,7.124152183532714844e-01,3.409585356712341309e-01
4.374702274799346924e-01,9.763684272766113281e-01,8.505023121833801270e-01
-1.886921048164367676e+00,1.192656993865966797e+00,1.636151075363159180e+00
4.727470278739929199e-01,1.636316627264022827e-01,1.923576354980468750e+00
1.042503595352172852e+00,1.722713261842727661e-01,1.655429363250732422e+00
2.662487983703613281e+00,-8.491742014884948730e-01,4.732125699520111084e-01
-5.420341491699218750e-01,-8.988709449768066406e-01,1.353465437889099121e+00
1.179221868515014648e+00,-1.141152858734130859e+00,8.149504661560058594e-01
-1.380916357040405273e+00,9.901567101478576660e-01,1.942373275756835938e+00
1.256691455841064453e+00,8.443307876586914062e-01,1.098827838897705078e+00
-1.622445583343505859e+00,-6.384730339050292969e-01,1.527185320854187012e+00
-1.358012676239013672e+00,-8.548884391784667969e-01,4.628573358058929443e-01
2.495655775070190430e+00,3.572288453578948975e-01,3.853478431701660156e-01
1.960366815328598022e-01,-8.404187560081481934e-01,1.828701972961425781e+00
1.309349536895751953e+00,3.676882088184356689e-01,6.015701293945312500e-01
1.986653089523315430e+00,5.330266952514648438e-01,9.527046084403991699e-01
-7.608237862586975098e-01,4.826401472091674805e-01,2.022643566131591797e+00
1.636293292045593262e+00,-1.255826592445373535e+00,1.199626922607421875e-02
4.778226837515830994e-02,-1.068500995635986328e+00,9.698324203491210938e-01
2.305905818939208984e+00,4.551716744899749756e-01,2.943511903285980225e-01
-5.334133505821228027e-01,1.605046838521957397e-01,2.020563602447509766e+00
-2.015552997589111328e+00,1.228558063507080078e+00,4.348058998584747314e-01
-5.186101198196411133e-01,1.162520408630371094e+00,7.591616511344909668e-01
-2.050811767578125000e+00,1.318017005920410156e+00,6.467552185058593750e-01
-1.507323980331420898e+00,1.042361259460449219e+00,3.288653492927551270e-01
2.020742893218994141e+00,-9.263663291931152344e-01,1.299841403961181641e+00
-9.029787182807922363e-01,1.146320819854736328e+00,1.377786517143249512e+00
7.972317337989807129e-01,-1.214752197265625000e+00,5.598706007003784180e-01
-2.393040657043457031e+00,1.135515689849853516e+00,9.934418797492980957e-01
-3.316313922405242920e-01,1.124906063079833984e+00,6.300195455551147461e-01
9.828439354896545410e-01,-1.245473384857177734e+00,1.087838530540466309e+00
-2.051163911819458008e+00,-6.871619224548339844e-01,1.085266947746276855e+00
1.718919992446899414e+00,-1.404553413391113281e+00,3.653411865234375000e-01
1.039084792137145996e+00,-1.717063337564468384e-01,1.672959327697753906e+00
1.551809310913085938e+00,1.373290956507844385e-06,1.395349025726318359e+00
-7.391328811645507812e-01,-9.126710891723632812e-01,1.213116765022277832e+00
-1.439780235290527344e+00,1.354687690734863281e+00,4.284847974777221680e-01
-1.373867869377136230e+00,-7.831401824951171875e-01,1.259571194648742676e+00
1.829722046852111816e+00,-1.812469810247421265e-01,1.376935482025146484e+00
1.949246525764465332e+00,-1.314198017120361328e+00,1.189101815223693848e+00
7.880015373229980469e-01,6.783332824707031250e-01,1.766118049621582031e+00
1.956109553575515747e-01,8.362222313880920410e-01,3.833703994750976562e-01
-1.462855488061904907e-01,-9.477643966674804688e-01,1.408279538154602051e+00
1.381711244583129883e+00,-9.181616902351379395e-01,1.350341796875000000e+00
2.587355375289916992e+00,-1.191222742199897766e-01,3.932714462280273438e-01
1.654015421867370605e+00,-9.185635447502136230e-01,1.347867488861083984e+00
2.586436986923217773e+00,1.190796270966529846e-01,3.906455039978027344e-01
-7.047692537307739258e-01,-3.222907185554504395e-01,2.005819797515869141e+00
1.818166494369506836e+00,-1.081483840942382812e+00,9.419901967048645020e-01
-2.490848064422607422e+00,-5.106871128082275391e-01,8.456164598464965820e-01
-1.390431523323059082e+00,6.004185080528259277e-01,4.375000000000000000e-01
8.387176394462585449e-01,9.136910438537597656e-01,8.651946783065795898e-01
-1.584801912307739258e+00,-7.860693931579589844e-01,1.048500895500183105e+00
7.664039731025695801e-02,3.238825500011444092e-01,1.981184005737304688e+00
1.634240388870239258e+00,3.823823332786560059e-01,9.053349494934082031e-01
2.623844623565673828e+00,-1.410563439130783081e-01,1.173195481300354004e+00
-3.405740559101104736e-01,-9.664764404296875000e-01,1.265269756317138672e+00
1.595366954803466797e+00,-1.058089375495910645e+00,4.050390422344207764e-01
-1.543362617492675781e+00,-2.753778696060180664e-01,4.384728968143463135e-01
2.107403039932250977e+00,-1.443230628967285156e+00,7.029790878295898438e-01
-1.330527186393737793e+00,-5.745505690574645996e-01,1.170678138732910156e-01
1.495285511016845703e+00,7.159790992736816406e-01,4.031613171100616455e-01
2.436728477478027344e-01,9.533314704895019531e-01,1.337205648422241211e+00
-2.678181648254394531e+00,-6.963390111923217773e-02,9.551084637641906738e-01
-3.648032993078231812e-02,8.449590802192687988e-01,1.800825119018554688e+00
-1.625572204589843750e+00,1.387877464294433594e+00,6.255613565444946289e-01
-2.076701879501342773e+00,1.246284484863281250e+00,1.422938823699951172e+00
1.081484079360961914e+00,-6.679372787475585938e-01,4.009319841861724854e-01
2.445492267608642578e+00,-1.045055508613586426e+00,1.087000370025634766e+00
1.076213836669921875e+00,7.095226645469665527e-01,1.525481224060058594e+00
9.391226172447204590e-01,-7.015864253044128418e-01,1.586723327636718750e+00
-1.416068673133850098e+00,-5.921826362609863281e-01,1.758394479751586914e+00
1.918538212776184082e+00,7.547559738159179688e-01,5.533543229103088379e-01
-8.786724805831909180e-01,-3.588849604129791260e-01,4.194688796997070312e-01
1.194949865341186523e+00,-3.528902828693389893e-01,1.531607627868652344e+00
2.750853061676025391e+00,4.120266139507293701e-01,6.011859178543090820e-01
-1.148972034454345703e+00,-8.696351051330566406e-01,9.489303231239318848e-01
1.365251779556274414e+00,-8.930225372314453125e-01,8.849945068359375000e-01
2.460722208023071289e+00,5.116133689880371094e-01,1.134582400321960449e+00
-2.649508953094482422e+00,6.352654695510864258e-01,5.200664997100830078e-01
1.541749954223632812e+00,-1.337449073791503906e+00,9.595312476158142090e-01
1.689245820045471191e+00,7.957167625427246094e-01,6.884441971778869629e-01
-1.625572323799133301e+00,1.387877464294433594e+00,2.348330616950988770e-01
4.514578282833099365e-01,7.837576866149902344e-01,1.670022845268249512e+00
-9.647476077079772949e-01,9.454350471496582031e-01,3.216866850852966309e-01
-1.577239394187927246e+00,-8.157258033752441406e-01,3.273867666721343994e-01
2.552821159362792969e+00,-1.020428419113159180e+00,8.502318859100341797e-01
1.044553995132446289e+00,8.841786384582519531e-01,6.642735004425048828e-01
-5.360939502716064453e-01,-9.657464027404785156e-01,7.165887355804443359e-01
1.255443811416625977e+00,8.504400253295898438e-01,8.838644027709960938e-01
-2.555849075317382812e+00,7.959355115890502930e-01,1.050245642662048340e+00
-1.441702097654342651e-01,-1.035246849060058594e+00,5.720052719116210938e-01
-1.859302043914794922e+00,-5.809392929077148438e-01,9.411106705665588379e-01
2.409032106399536133e+00,6.479048728942871094e-01,7.273550033569335938e-01
1.975446224212646484e+00,-1.237777233123779297e+00,8.578167557716369629e-01
2.533266067504882812e+00,-1.177598357200622559e+00,3.912487626075744629e-01
-2.642413616180419922e+00,2.107756733894348145e-01,1.168976068496704102e+00
-1.194999456405639648e+00,-6.240539550781250000e-01,4.770951867103576660e-01
-1.809800863265991211e+00,-5.686253309249877930e-01,4.366016387939453125e-02
6.146482229232788086e-01,-8.537999391555786133e-01,1.746387958526611328e+00
3.624883294105529785e-01,6.584085226058959961e-01,1.919876098632812500e+00
-1.185368657112121582e+00,-6.754393577575683594e-01,1.647966265678405762e+00
7.723623514175415039e-01,-1.666496843099594116e-01,1.829875469207763672e+00
2.409289926290512085e-01,1.021423339843750000e+00,5.067825317382812500e-01
1.249479651451110840e+00,-1.280321002006530762e+00,1.487631797790527344e-01
2.260781288146972656e+00,-9.354400634765625000e-01,1.244015216827392578e+00
4.876224324107170105e-02,-9.468665122985839844e-01,1.479018092155456543e+00
-1.676858663558959961e+00,1.210816383361816406e+00,1.543592691421508789e+00
-7.361801266670227051e-01,-9.369864463806152344e-01,9.985845685005187988e-01
9.058436155319213867e-01,3.390632569789886475e-01,1.745778083801269531e+00
-5.984394550323486328e-01,6.502563357353210449e-01,1.982765674591064453e+00
1.004785776138305664e+00,-1.117008686065673828e+00,1.388315677642822266e+00
2.628750324249267578e+00,4.238664507865905762e-01,9.704372882843017578e-01
-1.183661818504333496e+00,8.162398934364318848e-01,1.977502346038818359e+00
-9.955930709838867188e-01,1.026503086090087891e+00,1.756722450256347656e+00
1.472529530525207520e+00,8.116040229797363281e-01,1.040053963661193848e+00
-1.272753357887268066e+00,1.240692138671875000e+00,1.303328394889831543e+00
4.782459139823913574e-02,-1.063143253326416016e+00,7.022793292999267578e-01
-2.310121059417724609e+00,-5.995731353759765625e-01,9.582421779632568359e-01
1.119840025901794434e+00,3.492538332939147949e-01,1.587883949279785156e+00
-1.429369002580642700e-01,1.086344718933105469e+00,7.662746906280517578e-01
4.733836352825164795e-01,-1.638519763946533203e-01,1.916741371154785156e+00
1.265472412109375000e+00,1.774844080209732056e-01,1.493675231933593750e+00
-5.355826616287231445e-01,-9.715027809143066406e-01,9.208044409751892090e-01
1.232473850250244141e+00,7.264334559440612793e-01,1.395014286041259766e+00
-1.442041695117950439e-01,1.033841133117675781e+00,1.318716287612915039e+00
4.804717749357223511e-02,-1.035655498504638672e+00,1.248815774917602539e+00
4.257224202156066895e-01,-1.138120651245117188e+00,5.634559392929077148e-01
4.786771535873413086e-02,1.057941913604736328e+00,1.039293646812438965e+00
2.309712409973144531e+00,3.714000284671783447e-01,1.244702339172363281e+00
5.402609705924987793e-01,-6.659958362579345703e-01,1.861312866210937500e+00
-7.045136690139770508e-01,1.197801113128662109e+00,9.556283354759216309e-01
2.414625287055969238e-01,1.008176803588867188e+00,7.768066525459289551e-01
-1.633282303810119629e+00,1.361259937286376953e+00,9.598312377929687500e-01
1.166140913963317871e+00,-1.287873744964599609e+00,9.531973004341125488e-01
-2.995434403419494629e-01,1.076846837997436523e+00,3.745846748352050781e-01
1.343113631010055542e-01,6.557704210281372070e-01,1.940272331237792969e+00
-1.226122617721557617e+00,-3.231696188449859619e-01,1.992153644561767578e+00
-8.908684849739074707e-01,1.224830627441406250e+00,1.088885784149169922e+00
-3.713309466838836670e-01,-4.872930943965911865e-01,1.974769115447998047e+00
-1.070428490638732910e+00,1.288706779479980469e+00,7.527191042900085449e-01
4.747730791568756104e-01,4.923148155212402344e-01,1.922905921936035156e+00
3.056545853614807129e-01,-6.587838530540466309e-01,1.917007446289062500e+00
9.819713234901428223e-01,-1.250582218170166016e+00,4.289740025997161865e-01
-1.074119806289672852e+00,1.269009590148925781e+00,9.533337354660034180e-01
1.347236752510070801e+00,-1.338155746459960938e+00,4.929341077804565430e-01
2.081165790557861328e+00,5.542495250701904297e-01,1.284131526947021484e+00
2.377384901046752930e-01,-1.100553035736083984e+00,8.314544558525085449e-01
2.305900812149047852e+00,-5.557044744491577148e-01,1.269131660461425781e+00
2.756304264068603516e+00,-2.738561332225799561e-01,7.924240231513977051e-01
-1.825662970542907715e+00,1.381188869476318359e+00,8.988543748855590820e-01
1.158072471618652344e+00,-7.208639383316040039e-01,1.437972068786621094e+00
1.484630823135375977e+00,-3.608085513114929199e-01,1.408891201019287109e+00
2.799219608306884766e+00,1.983642505365423858e-06,4.027270376682281494e-01
3.587871491909027100e-01,3.265171051025390625e-01,1.940297126770019531e+00
2.129315853118896484e+00,-3.656747639179229736e-01,1.333480834960937500e+00
-1.070428252220153809e+00,1.288706302642822266e+00,2.335440069437026978e-01
-1.070428252220153809e+00,1.288706302642822266e+00,4.921562075614929199e-01
1.326195448637008667e-01,-1.622969210147857666e-01,1.965914249420166016e+00
1.532003879547119141e+00,6.323246955871582031e-01,8.327293395996093750e-01
-1.027640342712402344e+00,8.927538394927978516e-01,8.825945854187011719e-01
-1.103951454162597656e+00,4.821812808513641357e-01,2.027360916137695312e+00
2.782407760620117188e+00,2.136230477844947018e-06,7.376525998115539551e-01
-1.156248927116394043e+00,1.601321250200271606e-01,2.032056331634521484e+00
-2.576151192188262939e-01,4.847020208835601807e-01,2.001483917236328125e+00
-7.157610654830932617e-01,1.078751325607299805e+00,3.876080513000488281e-01
-2.278509616851806641e+00,1.272111892700195312e+00,1.078153967857360840e+00
2.450292855501174927e-01,-9.196119308471679688e-01,1.630556702613830566e+00
1.885173022747039795e-01,1.623100936412811279e-01,1.964823246002197266e+00
-1.470661163330078125e+00,1.233604431152343750e+00,9.729864001274108887e-01
2.698914051055908203e+00,-6.989974975585937500e-01,6.136401295661926270e-01
1.904382944107055664e+00,-3.633494377136230469e-01,1.369515419006347656e+00
-3.674733936786651611e-01,3.217608928680419922e-01,2.013970375061035156e+00
-6.462176442146301270e-01,3.212537169456481934e-01,2.021790504455566406e+00
-8.143465518951416016e-01,-1.604586690664291382e-01,2.021913051605224609e+00
-2.555607318878173828e+00,9.446865916252136230e-01,6.398568749427795410e-01
-8.132678270339965820e-01,1.602461785078048706e-01,2.028507709503173828e+00
-3.408468663692474365e-01,9.616789817810058594e-01,1.620537996292114258e+00
-2.578197956085205078e+00,-2.138819396495819092e-01,4.739745855331420898e-01
-5.897187590599060059e-01,-1.606122404336929321e-01,2.017190456390380859e+00
-2.007451653480529785e-01,-1.609088927507400513e-01,2.008491039276123047e+00
1.708398342132568359e+00,5.694714784622192383e-01,5.415010452270507812e-02
-1.297544717788696289e+00,1.128512859344482422e+00,1.611217975616455078e+00
-1.750339508056640625e+00,1.115851521492004395e+00,3.349722325801849365e-01
-9.635758996009826660e-01,-7.534909248352050781e-01,1.544269800186157227e+00
-1.891391277313232422e+00,-4.701561927795410156e-01,1.821584701538085938e+00
1.162608981132507324e+00,-1.305173397064208984e+00,5.572216510772705078e-01
6.357883810997009277e-01,9.508852958679199219e-01,5.151681303977966309e-01
1.905438661575317383e+00,1.818699240684509277e-01,1.357610225677490234e+00
1.718918681144714355e+00,-1.404553413391113281e+00,1.054174751043319702e-01
1.566665887832641602e+00,3.643849194049835205e-01,1.353414058685302734e+00
1.559502482414245605e+00,-5.436112880706787109e-01,1.393851280212402344e+00
7.212404608726501465e-01,-5.044214725494384766e-01,1.798010349273681641e+00
1.758383274078369141e+00,1.296997083954920527e-06,1.382479190826416016e+00
4.324775934219360352e-01,-1.045108318328857422e+00,1.388872981071472168e+00
1.618656277656555176e+00,-1.805343925952911377e-01,1.399049282073974609e+00
1.489932417869567871e+00,1.811425536870956421e-01,1.380181789398193359e+00
8.348890542984008789e-01,1.674169301986694336e-01,1.806045055389404297e+00
-1.491988658905029297e+00,1.170765638351440430e+00,3.900054842233657837e-02
-1.343410015106201172e+00,1.013079762458801270e+00,2.309661805629730225e-01
1.906766057014465332e+00,-1.438110351562500000e+00,3.669726550579071045e-01
2.230966329574584961e+00,-5.966244935989379883e-01,3.905029296875000000e-01
-8.280348777770996094e-01,-4.887890517711639404e-01,1.959250926971435547e+00
6.121286153793334961e-01,-1.175981521606445312e+00,8.909629583358764648e-01
-5.187100172042846680e-01,1.161391735076904297e+00,9.583737254142761230e-01
1.718918561935424805e+00,-1.404553413391113281e+00,5.611746311187744141e-01
1.593473196029663086e+00,3.033313751220703125e-01,7.369985580444335938e-01
1.722828626632690430e+00,-1.391829967498779297e+00,9.592282176017761230e-01
2.594571113586425781e+00,-1.010848402976989746e+00,6.365095376968383789e-01
-1.439779877662658691e+00,1.354687690734863281e+00,2.341583222150802612e-01
1.772504329681396484e+00,3.646633028984069824e-01,1.349095821380615234e+00
-1.736657619476318359e+00,7.685610651969909668e-01,4.505204558372497559e-01
1.532543420791625977e+00,-1.371258735656738281e+00,7.556866407394409180e-01
-1.358012795448303223e+00,-8.548884391784667969e-01,7.444286942481994629e-01
-1.178294181823730469e+00,-9.380061924457550049e-02,4.282229542732238770e-01
7.967142462730407715e-01,-1.218507289886474609e+00,7.560082674026489258e-01
1.347236871719360352e+00,-1.338155746459960938e+00,2.985421717166900635e-01
-1.254861593246459961e+00,1.321653366088867188e+00,8.189373612403869629e-01
-1.439781785011291504e+00,1.354687690734863281e+00,6.237641572952270508e-01
7.761073708534240723e-01,5.016760826110839844e-01,1.826332092285156250e+00
2.665845870971679688e+00,1.397026777267456055e-01,1.059519648551940918e+00
4.431857168674468994e-01,-5.980138778686523438e-01,4.075717926025390625e-01
1.190461754798889160e+00,-1.070657730102539062e+00,3.321771621704101562e-01
2.036187887191772461e+00,5.672425031661987305e-01,2.652931213378906250e-02
2.290326118469238281e+00,-1.241646528244018555e+00,1.076246976852416992e+00
2.456344842910766602e+00,-1.855684816837310791e-01,1.242846012115478516e+00
1.769330501556396484e+00,-5.455474257469177246e-01,1.373878479003906250e+00
-1.298215150833129883e+00,1.125477313995361328e+00,9.836599230766296387e-01
-9.507531523704528809e-01,8.184511661529541016e-01,1.963886260986328125e+00
-1.241232872009277344e+00,-7.991265654563903809e-01,3.327834904193878174e-01
9.283265471458435059e-01,6.935210824012756348e-01,1.648952960968017578e+00
4.924230650067329407e-02,8.872609138488769531e-01,1.637955546379089355e+00
2.203371286392211914e+00,1.296997083954920527e-06,1.316588401794433594e+00
-1.866052597761154175e-01,-7.203664779663085938e-01,3.961440920829772949e-01
7.624993324279785156e-01,-8.084090352058410645e-01,3.925631642341613770e-01
2.552611589431762695e+00,-3.739423751831054688e-01,1.205359458923339844e+00
-2.040288925170898438e+00,-7.242246270179748535e-01,6.492910385131835938e-01
2.627346992492675781e+00,-7.106283307075500488e-01,9.275283813476562500e-01
1.256037712097167969e+00,-1.761611700057983398e-01,1.534727096557617188e+00
-3.167997002601623535e-01,6.523893475532531738e-01,1.966325283050537109e+00
-2.114532232284545898e+00,-4.921326637268066406e-01,7.326232790946960449e-01
-3.811614811420440674e-01,-8.362024426460266113e-01,3.833127021789550781e-01
-5.237612128257751465e-01,1.104522228240966797e+00,1.307844042778015137e+00
-1.157464861869812012e+00,-1.603004783391952515e-01,2.026831626892089844e+00
9.576725363731384277e-01,-8.929117918014526367e-01,1.505733966827392578e+00
-3.487228229641914368e-02,4.859724938869476318e-01,1.988429546356201172e+00
1.858649253845214844e+00,-1.179709553718566895e+00,9.499786049127578735e-02
-5.981695652008056641e-01,-4.880630671977996826e-01,1.966763973236083984e+00
2.336990118026733398e+00,-1.078760027885437012e+00,3.876919746398925781e-01
-7.952535748481750488e-01,-8.358904123306274414e-01,3.805136680603027344e-01
2.102569490671157837e-02,-4.882696568965911865e-01,1.964713096618652344e+00
1.336955070495605469e+00,1.316070552093151491e-06,1.461647510528564453e+00
-1.163075566291809082e+00,1.027838706970214844e+00,3.892517089843750000e-02
2.237834215164184570e+00,-8.369734287261962891e-01,3.901162147521972656e-01
-2.710458755493164062e+00,2.074841856956481934e-01,8.991653323173522949e-01
4.587650299072265625e-01,-2.108429223299026489e-01,4.084762334823608398e-01
-1.999759316444396973e+00,3.605729937553405762e-01,4.544773101806640625e-01
2.049217224121093750e+00,-3.575757443904876709e-01,3.925151824951171875e-01
2.224282741546630859e+00,-1.190912202000617981e-01,3.913760185241699219e-01
9.244419932365417480e-01,-5.185917615890502930e-01,1.651889801025390625e+00
1.172542691230773926e+00,-1.256516456604003906e+00,1.159684419631958008e+00
1.883650183677673340e+00,-8.373406529426574707e-01,3.933629989624023438e-01
-1.362504601478576660e+00,8.156829476356506348e-01,1.980921268463134766e+00
-7.601962685585021973e-01,-7.392187118530273438e-01,1.689891576766967773e+00
2.184764385223388672e+00,-1.239251136779785156e+00,3.845400810241699219e-01
2.378216028213500977e+00,1.853314936161041260e-01,1.250208854675292969e+00
-1.169269800186157227e+00,6.460580825805664062e-01,2.015168190002441406e+00
5.312694907188415527e-01,3.281338810920715332e-01,1.915151596069335938e+00
-1.646951198577880859e+00,3.600961863994598389e-01,4.445967674255371094e-01
-2.624641418457031250e+00,-2.116352468729019165e-01,1.070287108421325684e+00
-1.117154598236083984e+00,1.039397716522216797e+00,9.226525425910949707e-01
-1.471714615821838379e+00,1.198465004563331604e-01,4.382205009460449219e-01
2.607076644897460938e+00,-1.007978677749633789e+00,4.320919811725616455e-01
-8.871075510978698730e-01,1.083609461784362793e+00,4.208421707153320312e-01
-2.676992893218994141e+00,6.965308636426925659e-02,1.056383371353149414e+00
1.532323241233825684e+00,-5.971457958221435547e-01,3.969454765319824219e-01
1.369388103485107422e+00,-1.017720222473144531e+00,1.464837640523910522e-01
-5.488640666007995605e-01,8.223422169685363770e-01,1.939969062805175781e+00
1.689246773719787598e+00,7.957167625427246094e-01,2.584390342235565186e-01
-8.245395421981811523e-01,6.481813192367553711e-01,1.998786926269531250e+00
-2.066335231065750122e-01,8.247117996215820312e-01,1.925404548645019531e+00
-2.036019563674926758e+00,-7.337689399719238281e-01,2.648119926452636719e-01
-3.467109426856040955e-02,1.612765341997146606e-01,1.997148036956787109e+00
1.614810705184936523e+00,-3.577707111835479736e-01,3.965396881103515625e-01
1.901645660400390625e-01,-4.905048608779907227e-01,1.941637039184570312e+00
4.461903572082519531e-01,2.112484276294708252e-01,4.092617630958557129e-01
-2.603947639465332031e+00,4.978778660297393799e-01,1.133056044578552246e+00
1.036150455474853516e+00,-9.692242145538330078e-01,4.443762004375457764e-01
-2.723850727081298828e+00,3.452067375183105469e-01,7.994192242622375488e-01
-2.559743523597717285e-01,1.607608795166015625e-01,2.012689113616943359e+00
-9.846391677856445312e-01,-1.603438556194305420e-01,2.025493621826171875e+00
-3.484508693218231201e-01,-8.269824981689453125e-01,1.656687021255493164e+00
-9.831878542900085449e-01,1.601074635982513428e-01,2.032825946807861328e+00
-9.186217933893203735e-02,-6.556080579757690430e-01,1.941458702087402344e+00
6.482375860214233398e-01,8.324441909790039062e-01,1.442597031593322754e+00
1.047442555427551270e+00,8.672609329223632812e-01,1.159335613250732422e+00
1.370492935180664062e+00,-1.240425109863281250e+00,1.239570617675781250e+00
-8.698242902755737305e-01,1.535415663056483027e-06,2.026783466339111328e+00
7.688353955745697021e-02,-3.249087333679199219e-01,1.965500354766845703e+00
-1.507324337959289551e+00,1.042361259460449219e+00,1.473583877086639404e-01
-2.066767692565917969e+00,-5.587164759635925293e-01,4.205047488212585449e-01
-2.027429193258285522e-01,-4.868573546409606934e-01,1.979213237762451172e+00
1.357785582542419434e+00,-1.192197203636169434e-01,3.993062973022460938e-01
-3.775899708271026611e-01,3.107161521911621094e-01,4.181692302227020264e-01
1.055006980895996094e+00,9.661596417427062988e-01,1.401065468788146973e+00
8.161951899528503418e-01,-8.768823742866516113e-01,1.604347705841064453e+00
1.043097972869873047e+00,1.258850033991620876e-06,1.649609565734863281e+00
1.563372492790222168e+00,-1.258034706115722656e+00,1.245979547500610352e+00
4.879327490925788879e-02,9.430232048034667969e-01,1.479957103729248047e+00
2.722923278808593750e+00,4.635396003723144531e-01,7.581216096878051758e-01
1.759307622909545898e+00,-1.273083686828613281e+00,1.254367947578430176e+00
-2.566938698291778564e-01,-3.222583830356597900e-01,2.006399154663085938e+00
-3.472930938005447388e-02,-1.615473926067352295e-01,1.988746166229248047e+00
-4.225803017616271973e-01,-1.607350707054138184e-01,2.013501644134521484e+00
8.474380970001220703e-01,8.504137992858886719e-01,1.299727916717529297e+00
-9.620774388313293457e-01,-5.976181626319885254e-01,4.028143882751464844e-01
-5.470327138900756836e-01,-8.426208496093750000e-01,1.510366320610046387e+00
1.022856473922729492e+00,3.581009507179260254e-01,4.033885002136230469e-01
-4.776304960250854492e-01,1.249313299922505394e-06,2.018085956573486328e+00
-7.955555319786071777e-01,3.589953482151031494e-01,4.217462539672851562e-01
-7.136560082435607910e-01,5.989950895309448242e-01,4.198021888732910156e-01
