-9.270748496055603027e-01,-7.287853956222534180e-01,1.376866817474365234e+00
2.152743339538574219e+00,1.112226963043212891e+00,2.551092505455017090e-01
3.027221560478210449e-02,8.198237419128417969e-01,2.386898994445800781e-01
9.688425064086914062e-01,-7.816675305366516113e-01,9.943429231643676758e-01
-1.810439229011535645e+00,3.415319025516510010e-01,6.078672409057617188e-02
-2.102298021316528320e+00,-1.175370216369628906e+00,4.554318189620971680e-01
2.065111160278320312e+00,-2.776284217834472656e-01,2.826458811759948730e-01
1.161584734916687012e+00,5.750478506088256836e-01,1.069651126861572266e+00
-1.498317271471023560e-01,-8.010492324829101562e-01,2.492199689149856567e-01
-1.620677113533020020e-01,3.586904108524322510e-01,1.441648006439208984e+00
-2.260496616363525391e+00,-7.636401802301406860e-02,1.047415733337402344e+00
1.059644103050231934e+00,1.251139760017395020e+00,-1.419019699096679688e-02
-1.238374710083007812e+00,3.926234245300292969e-01,1.099117994308471680e+00
-1.113853931427001953e+00,-1.251141428947448730e+00,-2.500732429325580597e-02
6.729601621627807617e-01,-1.164816245436668396e-01,2.294249534606933594e-01
-6.953022480010986328e-01,1.168399378657341003e-01,2.515621185302734375e-01
5.157537385821342468e-02,-5.976800918579101562e-01,1.340519666671752930e+00
3.585424721240997314e-01,1.155145049095153809e+00,1.099646091461181641e+00
2.060428380966186523e+00,3.931181728839874268e-01,9.081597328186035156e-01
1.405030488967895508e+00,3.481913805007934570e-01,1.985116004943847656e-01
1.541228652000427246e+00,1.339356899261474609e+00,8.261700272560119629e-01
-1.258301377296447754e+00,-1.306088924407958984e+00,8.211825489997863770e-01
-1.527903676033020020e+00,-5.872057676315307617e-01,2.738013267517089844e-01
-5.547212362289428711e-01,7.560529708862304688e-01,8.120226860046386719e-01
5.942486524581909180e-01,1.335144020231382456e-06,1.300791263580322266e+00
1.519183635711669922e+00,-1.933266818523406982e-01,1.002179145812988281e+00
-5.259082913398742676e-01,-1.080394268035888672e+00,8.369024395942687988e-01
1.334375858306884766e+00,-4.638085365295410156e-01,2.681201100349426270e-01
-1.541349053382873535e+00,-3.704457283020019531e-01,1.259558200836181641e+00
-2.308687210083007812e+00,-3.787225186824798584e-01,3.986361622810363770e-01
-1.202246785163879395e+00,5.853891372680664062e-01,4.073324501514434814e-01
-2.140378475189208984e+00,-8.703439235687255859e-01,1.090907931327819824e+00
2.369903564453125000e+00,4.489661455154418945e-01,2.386221289634704590e-01
-7.813579440116882324e-01,1.449584942747605965e-06,1.451628684997558594e+00
7.553185820579528809e-01,5.829230546951293945e-01,2.207794189453125000e-01
-5.021972581744194031e-02,-1.168094202876091003e-01,2.464194297790527344e-01
-8.584792613983154297e-01,-5.839903950691223145e-01,2.340354919433593750e-01
4.494140446186065674e-01,-8.118934631347656250e-01,5.254988074302673340e-01
8.008170127868652344e-01,1.188725948333740234e+00,6.280654668807983398e-01
-1.929658174514770508e+00,3.380532264709472656e-01,6.649309992790222168e-01
2.025255203247070312e+00,9.739301800727844238e-01,8.288128376007080078e-01
4.061973392963409424e-01,5.540182590484619141e-01,1.286620140075683594e+00
1.583163380622863770e+00,1.049002528190612793e+00,1.838803291320800781e-01
-1.505768060684204102e+00,-9.431329965591430664e-01,1.196692466735839844e+00
-5.522769689559936523e-01,7.835693359375000000e-01,2.508337199687957764e-01
-1.551796793937683105e+00,-1.306607365608215332e+00,2.955212593078613281e-01
-1.184688329696655273e+00,-1.167306676506996155e-01,2.447924613952636719e-01
-1.850814223289489746e+00,-1.303782939910888672e+00,9.112374782562255859e-01
2.090161800384521484e+00,-1.995009928941726685e-01,8.106098175048828125e-01
-6.196473836898803711e-01,-1.057079434394836426e+00,2.391734123229980469e-01
4.907781630754470825e-02,-9.077215194702148438e-01,8.579632639884948730e-01
-2.844174206256866455e-01,-1.786242276430130005e-01,1.458514690399169922e+00
2.710778713226318359e-01,3.500171899795532227e-01,2.361874580383300781e-01
-1.069813519716262817e-01,7.635119557380676270e-01,1.108896732330322266e+00
8.469533920288085938e-01,-6.334720253944396973e-01,2.290649414062500000e-01
-1.866785883903503418e+00,-1.174286603927612305e-01,2.881026268005371094e-01
5.166094899177551270e-01,1.054864883422851562e+00,2.239890098571777344e-01
5.453382730484008789e-01,-5.654878616333007812e-01,1.168321132659912109e+00
-1.771120071411132812e+00,5.552101135253906250e-02,1.171769261360168457e+00
2.407158464193344116e-01,1.026700019836425781e+00,6.400518417358398438e-01
1.081337809562683105e+00,1.430511474609375000e-06,1.106484413146972656e+00
-4.189053177833557129e-01,-7.320753335952758789e-01,1.351499080657958984e+00
1.606817007064819336e+00,7.793852686882019043e-01,9.864320755004882812e-01
-2.111083865165710449e-01,3.505280613899230957e-01,2.465629577636718750e-01
1.824630379676818848e+00,5.799646377563476562e-01,1.841211318969726562e-01
1.685324072837829590e+00,-3.373012542724609375e-01,-2.662849426269531250e-02
-7.909391522407531738e-01,4.860305786132812500e-01,1.222742319107055664e+00
-2.307841777801513672e+00,7.560096681118011475e-02,5.550964474678039551e-01
2.341335773468017578e+00,1.501626521348953247e-01,6.037937998771667480e-01
-1.245986580848693848e+00,1.831054646572738420e-06,1.361288070678710938e+00
1.164457321166992188e+00,8.156729936599731445e-01,2.020516395568847656e-01
-4.530898928642272949e-01,-3.507269620895385742e-01,2.506885528564453125e-01
1.819385647773742676e+00,1.157798767089843750e-01,1.858453750610351562e-01
1.470332294702529907e-01,1.325607286162266973e-06,1.417945861816406250e+00
-9.310985207557678223e-01,-9.640250205993652344e-01,6.538866758346557617e-01
1.825261116027832031e+00,1.364255785942077637e+00,4.532638490200042725e-01
1.020062804222106934e+00,1.027569770812988281e+00,9.906341433525085449e-01
-2.333345413208007812e+00,-5.285252332687377930e-01,8.214114308357238770e-01
-1.500489830970764160e+00,2.101688385009765625e-01,6.666439771652221680e-01
1.342324137687683105e+00,1.358805656433105469e+00,4.264755249023437500e-01
1.322595834732055664e+00,-5.215096473693847656e-01,7.079281210899353027e-01
-1.317489624023437500e+00,3.415888845920562744e-01,6.199264526367187500e-02
-1.887430787086486816e+00,-8.293578624725341797e-01,3.228702545166015625e-01
-9.847167134284973145e-01,6.164503097534179688e-01,8.367016315460205078e-01
2.289216041564941406e+00,7.655806541442871094e-01,5.645376443862915039e-01
-9.150181412696838379e-01,-1.068268775939941406e+00,1.118405103683471680e+00
8.056187033653259277e-01,3.759437203407287598e-01,1.174309253692626953e+00
9.234986305236816406e-01,-3.921316564083099365e-01,1.134663701057434082e+00
-1.474220752716064453e-01,9.007539749145507812e-01,7.216762900352478027e-01
1.801006436347961426e+00,-3.852548599243164062e-01,5.806487798690795898e-01
1.661834836006164551e+00,1.933623254299163818e-01,1.001061916351318359e+00
-1.073280692100524902e+00,-1.273487567901611328e+00,4.284997582435607910e-01
-1.194335579872131348e+00,-8.220545053482055664e-01,2.583336830139160156e-01
1.077614665031433105e+00,-1.162719354033470154e-01,2.163391113281250000e-01
1.913626044988632202e-01,-5.849381685256958008e-01,2.455530166625976562e-01
2.362769126892089844e+00,2.365112322877394035e-06,2.378741353750228882e-01
7.526092529296875000e-01,7.633349299430847168e-01,1.110293865203857422e+00
-1.046161293983459473e+00,-3.615460991859436035e-01,1.397489070892333984e+00
8.711465001106262207e-01,-6.783795356750488281e-01,6.117785573005676270e-01
-2.270554542541503906e+00,-8.470304608345031738e-01,5.683364868164062500e-01
1.004571199417114258e+00,2.898387908935546875e-01,2.141165137290954590e-01
-3.354676663875579834e-01,-1.056971073150634766e+00,5.041621327400207520e-01
-6.573387980461120605e-01,-3.578704893589019775e-01,1.454480171203613281e+00
1.166637420654296875e+00,1.285442829132080078e+00,7.555289864540100098e-01
-1.636914730072021484e+00,4.329532980918884277e-01,3.957208096981048584e-01
1.487044930458068848e+00,-1.160211563110351562e-01,2.008023262023925781e-01
-4.239481985569000244e-01,5.563412308692932129e-01,1.262685775756835938e+00
-8.605804443359375000e-01,5.854196548461914062e-01,2.517418861389160156e-01
-1.696751236915588379e+00,3.471174240112304688e-01,9.668722152709960938e-01
8.374525308609008789e-01,9.228773117065429688e-01,3.828817605972290039e-01
-1.520341515541076660e+00,1.169821545481681824e-01,2.604041099548339844e-01
-2.105093002319335938e+00,2.367654740810394287e-01,3.058679103851318359e-01
-4.703922271728515625e-01,1.789211481809616089e-01,1.449317932128906250e+00
3.363444507122039795e-01,-3.632182180881500244e-01,1.371665954589843750e+00
4.514411687850952148e-01,-7.839941978454589844e-01,8.776649236679077148e-01
-1.827957868576049805e+00,-1.374121189117431641e+00,5.671069025993347168e-01
-1.492005437612533569e-01,-8.272008895874023438e-01,1.150588512420654297e+00
4.883325472474098206e-02,-9.380698204040527344e-01,5.134481787681579590e-01
4.321346879005432129e-01,-3.501024842262268066e-01,2.376599311828613281e-01
-2.396301746368408203e+00,-2.226798236370086670e-01,7.012383937835693359e-01
-1.565903663635253906e+00,-9.732305407524108887e-01,2.831857204437255859e-01
2.492447346448898315e-01,8.150782585144042969e-01,1.153446912765502930e+00
6.191977858543395996e-01,1.108720779418945312e+00,9.012524485588073730e-01
-7.631130814552307129e-01,7.151970863342285156e-01,5.362179279327392578e-01
-1.040800571441650391e+00,2.528815269470214844e-01,1.350587606430053711e+00
-5.379643440246582031e-01,-9.446949958801269531e-01,1.132802367210388184e+00
9.826843738555908203e-01,1.246418476104736328e+00,3.643038868904113770e-01
-5.563098192214965820e-01,-7.381958961486816406e-01,2.526644766330718994e-01
-1.271559238433837891e+00,-7.396229505538940430e-01,1.293249607086181641e+00
2.315072536468505859e+00,4.542831778526306152e-01,7.161208987236022949e-01
-7.069579362869262695e-01,-1.177661895751953125e+00,5.622848272323608398e-01
-2.157380580902099609e+00,-1.029332518577575684e+00,8.094583153724670410e-01
8.635848760604858398e-02,5.469531416893005371e-01,1.359458923339843750e+00
1.342120051383972168e+00,1.359665870666503906e+00,1.044140607118606567e-01
1.404385089874267578e+00,1.097987651824951172e+00,6.495434641838073730e-01
2.289113044738769531e+00,7.655972838401794434e-01,2.448229938745498657e-01
-9.046568870544433594e-01,-1.024482131004333496e+00,5.520507693290710449e-02
-1.472211599349975586e+00,-1.227533817291259766e+00,1.041917443275451660e+00
-1.437357544898986816e+00,4.958496093750000000e-01,7.879232764244079590e-01
1.329412937164306641e+00,9.779347181320190430e-01,9.825515747070312500e-01
-1.489387989044189453e+00,1.873524487018585205e-01,1.187539577484130859e+00
1.027955174446105957e+00,9.813637733459472656e-01,6.537179350852966309e-01
-1.971127033233642578e+00,-4.059729278087615967e-01,3.148928880691528320e-01
-1.076690673828125000e+00,2.603357732295989990e-01,2.351290881633758545e-01
2.227794170379638672e+00,-1.538221687078475952e-01,5.112026929855346680e-01
1.093674421310424805e+00,-5.965676307678222656e-01,4.054510295391082764e-01
2.084146976470947266e+00,3.486021459102630615e-01,2.069830894470214844e-01
1.813707351684570312e+00,1.206394910812377930e+00,8.378381729125976562e-01
1.898673057556152344e+00,1.449584942747605965e-06,9.342947006225585938e-01
-1.969375848770141602e+00,2.009329795837402344e-01,9.968243241310119629e-01
-8.932465314865112305e-01,-1.209412574768066406e+00,8.250954747200012207e-01
1.862136363983154297e+00,1.178908705711364746e+00,2.118664532899856567e-01
2.526731491088867188e-01,-7.299585342407226562e-01,1.097515225410461426e+00
1.628061532974243164e+00,-1.579742431640625000e-01,6.742562651634216309e-01
1.366647362709045410e+00,1.916743218898773193e-01,1.053444862365722656e+00
1.176884412765502930e+00,-3.887524306774139404e-01,9.758753776550292969e-01
-1.431078791618347168e+00,-1.388813495635986328e+00,5.551620125770568848e-01
2.541518211364746094e-01,-8.742948770523071289e-01,2.733953893184661865e-01
-1.244521856307983398e+00,3.677493333816528320e-01,6.027798652648925781e-01
-3.474132418632507324e-01,8.453211784362792969e-01,4.533773660659790039e-01
1.824294209480285645e+00,5.851617455482482910e-01,9.653406143188476562e-01
2.410537600517272949e-01,1.018321037292480469e+00,3.070886135101318359e-01
-1.354273557662963867e+00,-3.511260151863098145e-01,2.591609954833984375e-01
-1.308070182800292969e+00,-1.080882072448730469e+00,6.490222215652465820e-01
2.088844299316406250e+00,1.126889348030090332e+00,5.960257053375244141e-01
-1.371152400970458984e+00,-1.196450948715209961e+00,1.036358624696731567e-01
-2.247840762138366699e-01,-5.397861003875732422e-01,1.433378219604492188e+00
-1.020673751831054688e+00,-3.501705229282379150e-01,2.393565177917480469e-01
5.927087068557739258e-01,3.496080338954925537e-01,2.277359962463378906e-01
2.010981082916259766e+00,8.173586726188659668e-01,2.169370651245117188e-01
-5.338198542594909668e-01,3.506706953048706055e-01,2.494606971740722656e-01
-8.569521903991699219e-01,-1.167125403881072998e-01,2.436828613281250000e-01
8.355636596679687500e-01,-3.495753407478332520e-01,2.270493507385253906e-01
1.240144014358520508e+00,1.161255985498428345e-01,2.072758674621582031e-01
-3.718791007995605469e-01,1.167912185192108154e-01,2.486572265625000000e-01
2.709567248821258545e-01,-1.166608110070228577e-01,2.399950027465820312e-01
4.325637817382812500e-01,5.836817026138305664e-01,2.300381660461425781e-01
1.801729679107666016e+00,-3.825979232788085938e-01,2.756472826004028320e-01
1.104077100753784180e-01,1.167252510786056519e-01,2.423129081726074219e-01
-1.695324182510375977e+00,-3.521068096160888672e-01,2.794079780578613281e-01
4.314630031585693359e-01,1.165606677532196045e-01,2.338743209838867188e-01
4.887412860989570618e-02,9.330000877380371094e-01,9.230804443359375000e-01
1.590841054916381836e+00,1.157138824462890625e+00,4.453667998313903809e-01
-1.543900966644287109e+00,-8.790966123342514038e-02,1.269360661506652832e+00
1.873382091522216797e+00,-1.652460098266601562e-01,9.237426519393920898e-02
9.145119786262512207e-01,1.042719841003417969e+00,1.408596038818359375e-01
1.565286397933959961e+00,-4.217934608459472656e-01,7.998458743095397949e-01
1.876256942749023438e+00,-1.193991079926490784e-01,4.104642868041992188e-01
-1.628042817115783691e+00,-1.379343986511230469e+00,7.580242753028869629e-01
1.195942640304565430e+00,1.075587034225463867e+00,3.659310340881347656e-01
-1.837495326995849609e+00,-1.097326278686523438e+00,3.294110000133514404e-01
4.903883934020996094e-01,1.093758463859558105e+00,5.567359924316406250e-01
-2.291907310485839844e+00,-3.800769448280334473e-01,1.043723464012145996e+00
1.556193232536315918e+00,-4.600124359130859375e-01,4.944245815277099609e-01
3.366665542125701904e-01,1.818776726722717285e-01,1.357649803161621094e+00
-3.729813992977142334e-01,5.850779414176940918e-01,2.473635673522949219e-01
-2.124146938323974609e+00,-7.119796872138977051e-01,3.624063134193420410e-01
-2.250677108764648438e+00,7.652156800031661987e-02,8.307606577873229980e-01
-8.918331861495971680e-01,-1.218568801879882812e+00,2.351147383451461792e-01
2.216845989227294922e+00,1.541753411293029785e-01,8.370037674903869629e-01
2.313034050166606903e-02,-3.584277629852294922e-01,1.446057319641113281e+00
7.961800694465637207e-01,-1.858685314655303955e-01,1.233570098876953125e+00
-2.253800868988037109e+00,-7.647167146205902100e-02,3.491128385066986084e-01
-1.135223865509033203e+00,-1.170466780662536621e+00,1.021366119384765625e+00
-3.526837527751922607e-01,7.519540786743164062e-01,1.023183226585388184e+00
-1.083300471305847168e+00,-9.325540065765380859e-01,1.261789798736572266e+00
-7.688687443733215332e-01,6.677918434143066406e-01,9.704754352569580078e-01
-2.923391759395599365e-01,-5.852824449539184570e-01,2.498979568481445312e-01
-1.001932501792907715e+00,5.048413276672363281e-01,1.074520826339721680e+00
-1.677012920379638672e+00,4.245190620422363281e-01,6.505678892135620117e-01
6.581398844718933105e-01,-7.382283210754394531e-01,3.929748535156250000e-01
1.323507308959960938e+00,1.111315011978149414e+00,4.006164520978927612e-02
2.109172344207763672e+00,2.288818222950794734e-06,1.965713500976562500e-01
1.449578523635864258e+00,5.795587897300720215e-01,1.023110866546630859e+00
-1.892557382583618164e+00,1.190497204661369324e-01,3.887157440185546875e-01
-1.788821935653686523e+00,-5.891195535659790039e-01,2.975387573242187500e-01
-1.453835070133209229e-01,-9.850845336914062500e-01,7.116979956626892090e-01
6.645787954330444336e-01,-6.769518852233886719e-01,9.673049449920654297e-01
-6.668417453765869141e-01,-7.245810627937316895e-01,1.409294605255126953e+00
-3.108900487422943115e-01,-9.721960425376892090e-01,1.017851829528808594e+00
7.482519149780273438e-01,1.248411983251571655e-01,2.254797369241714478e-01
1.095263242721557617e+00,-5.872573852539062500e-01,8.427315950393676758e-01
1.572910785675048828e+00,5.804101228713989258e-01,1.896362304687500000e-01
-1.125052452087402344e+00,-1.052185893058776855e+00,1.736630201339721680e-01
-9.443196058273315430e-01,-8.203696012496948242e-01,2.434740066528320312e-01
-9.986587613821029663e-02,1.332759779870684724e-06,1.459858417510986328e+00
2.466956973075866699e-01,-8.782839775085449219e-01,6.559550166130065918e-01
-1.606619477272033691e+00,-1.171339377760887146e-01,2.698264122009277344e-01
5.954784750938415527e-01,8.181455731391906738e-01,2.238445281982421875e-01
2.100556373596191406e+00,6.349923610687255859e-01,8.640753030776977539e-01
1.106622293591499329e-01,5.843659043312072754e-01,2.384953498840332031e-01
1.079708576202392578e+00,5.818821787834167480e-01,2.078695297241210938e-01
-1.106434941291809082e+00,-5.851806402206420898e-01,2.487645149230957031e-01
5.138073563575744629e-01,-5.842725038528442383e-01,2.374210357666015625e-01
1.105435192584991455e-01,-3.504858613014221191e-01,2.456259727478027344e-01
1.660664081573486328e+00,8.135979175567626953e-01,1.837134361267089844e-01
1.717257380485534668e+00,1.409968376159667969e+00,2.350360006093978882e-01
-5.333505272865295410e-01,-1.168283373117446899e-01,2.507576942443847656e-01
1.411272287368774414e+00,8.146436810493469238e-01,1.929302215576171875e-01
1.653332471847534180e+00,3.477475643157958984e-01,1.893286705017089844e-01
1.569205880165100098e+00,1.159292981028556824e-01,1.951012611389160156e-01
1.817424297332763672e+00,-3.249526023864746094e-01,8.183187842369079590e-01
1.325114130973815918e+00,5.811482071876525879e-01,1.987967491149902344e-01
-1.437283635139465332e+00,4.961819648742675781e-01,2.677071988582611084e-01
-7.765396237373352051e-01,-3.504144251346588135e-01,2.443447113037109375e-01
-3.759484887123107910e-01,-1.058947324752807617e+00,2.519674301147460938e-01
-1.595774173736572266e+00,2.614010870456695557e-01,-2.248443476855754852e-02
-7.773220539093017578e-01,3.507676124572753906e-01,2.516479492187500000e-01
4.865401983261108398e-02,9.603004455566406250e-01,4.442147612571716309e-01
5.954723954200744629e-01,-3.677915930747985840e-01,1.300743103027343750e+00
-1.226096868515014648e+00,-1.083532571792602539e+00,4.203319549560546875e-01
-2.121592611074447632e-01,8.205463290214538574e-01,2.450571060180664062e-01
-2.111651599407196045e-01,-3.506224751472473145e-01,2.485156059265136719e-01
-1.318299293518066406e+00,-1.351861238479614258e+00,3.387136757373809814e-01
1.629219293594360352e+00,1.016184329986572266e+00,9.435355663299560547e-01
-1.309008747339248657e-01,5.848673582077026367e-01,2.448415756225585938e-01
3.530529737472534180e-01,8.188739418983459473e-01,2.302122116088867188e-01
-5.880118608474731445e-01,3.813333511352539062e-01,1.391232013702392578e+00
-2.914018332958221436e-01,-1.168024986982345581e-01,2.485852241516113281e-01
3.013519197702407837e-02,3.503507673740386963e-01,2.425193786621093750e-01
-1.305093318223953247e-01,1.167454496026039124e-01,2.464904785156250000e-01
-1.267388105392456055e+00,1.167404130101203918e-01,2.454051971435546875e-01
1.453488707542419434e+00,-3.400895893573760986e-01,3.097724914550781250e-02
-1.211389303207397461e+00,5.366082191467285156e-01,8.518423438072204590e-01
-5.036315694451332092e-02,-5.851064920425415039e-01,2.477245330810546875e-01
-2.134490489959716797e+00,2.353437691926956177e-01,5.762023925781250000e-01
-8.157325387001037598e-01,2.818298339843750000e-01,1.416938185691833496e+00
9.408871531486511230e-01,1.210703492164611816e+00,8.158459663391113281e-01
2.972911000251770020e-01,9.828761219978332520e-01,9.521608352661132812e-01
1.030123472213745117e+00,7.695702910423278809e-01,1.062179088592529297e+00
-1.450354158878326416e-01,-9.994416236877441406e-01,3.746279776096343994e-01
2.230588912963867188e+00,9.337311387062072754e-01,4.116268754005432129e-01
-9.794518947601318359e-01,6.505846977233886719e-01,4.725021123886108398e-01
2.091684579849243164e+00,5.827025175094604492e-01,2.180352210998535156e-01
6.569367051124572754e-01,-7.496600151062011719e-01,6.728804111480712891e-01
9.416109919548034668e-01,1.888174414634704590e-01,1.142115116119384766e+00
-7.155236005783081055e-01,-1.107111454010009766e+00,9.705651402473449707e-01
-1.914445638656616211e+00,-1.317814946174621582e+00,3.580851554870605469e-01
1.079182744026184082e+00,-3.492003977298736572e-01,2.193112373352050781e-01
-1.458856940269470215e+00,3.985562324523925781e-01,1.028594374656677246e+00
-1.264649629592895508e+00,2.524390220642089844e-01,1.279247999191284180e+00
1.919800043106079102e+00,7.883001565933227539e-01,9.176464080810546875e-01
-1.322305560111999512e+00,-3.660674691200256348e-01,1.327411651611328125e+00
6.740394234657287598e-01,5.633373260498046875e-01,1.190473079681396484e+00
1.163453698158264160e+00,1.301037788391113281e+00,2.337762415409088135e-01
1.380165576934814453e+00,1.199771881103515625e+00,9.071013927459716797e-01
1.556375265121459961e+00,-4.592447280883789062e-01,1.956295669078826904e-01
1.524349331855773926e+00,1.401353836059570312e+00,5.562790036201477051e-01
5.443179011344909668e-01,7.516649961471557617e-01,1.200322628021240234e+00
1.297789335250854492e+00,-1.917301565408706665e-01,1.051713943481445312e+00
-2.068479061126708984e+00,-1.215512633323669434e+00,7.152578830718994141e-01
2.373343467712402344e+00,4.486327171325683594e-01,4.976772964000701904e-01
5.329400300979614258e-01,3.687374889850616455e-01,1.285977363586425781e+00
-1.436816692352294922e+00,4.982891082763671875e-01,5.639663338661193848e-01
4.639935195446014404e-01,-1.824962645769119263e-01,1.338349819183349609e+00
-2.252678871154785156e+00,-6.932114362716674805e-01,9.491348266601562500e-01
1.354488492012023926e+00,-3.652920722961425781e-01,4.980261027812957764e-01
-7.403425574302673340e-01,-9.027132987976074219e-01,1.215101242065429688e+00
-9.110639691352844238e-01,-1.795159429311752319e-01,1.430681705474853516e+00
4.304028153419494629e-01,1.073684215545654297e+00,7.697131037712097168e-01
-7.886826395988464355e-01,-5.405289530754089355e-01,1.425693035125732422e+00
2.065141439437866211e+00,-2.775287628173828125e-01,5.956386923789978027e-01
-5.524353384971618652e-01,7.817707061767578125e-01,5.287440419197082520e-01
-7.364704012870788574e-01,-9.346022605895996094e-01,3.813455104827880859e-01
2.113694697618484497e-01,3.637795150279998779e-01,1.362772941589355469e+00
1.395519256591796875e+00,-3.912432491779327393e-01,9.372863769531250000e-01
-2.367538928985595703e+00,-5.246526002883911133e-01,6.039224267005920410e-01
-4.730448126792907715e-01,-5.390416383743286133e-01,1.441070079803466797e+00
2.587906122207641602e-01,-5.781574249267578125e-01,1.271480679512023926e+00
-5.315716266632080078e-01,-1.786300241947174072e-01,1.458319187164306641e+00
-5.611652135848999023e-01,6.835165023803710938e-01,1.036814212799072266e+00
2.315505966544151306e-02,1.794942170381546021e-01,1.432476520538330078e+00
7.722964286804199219e-01,9.776015281677246094e-01,9.846253395080566406e-01
8.829757571220397949e-01,5.707558989524841309e-01,1.113930225372314453e+00
9.196639657020568848e-01,8.167037963867187500e-01,2.110986709594726562e-01
8.734278082847595215e-01,-6.618256568908691406e-01,8.288021683692932129e-01
-3.485859930515289307e-01,8.245501518249511719e-01,8.012371659278869629e-01
1.091240644454956055e+00,-6.108155250549316406e-01,6.213983297348022461e-01
-7.652757763862609863e-01,6.973829269409179688e-01,7.509976029396057129e-01
-1.203644514083862305e+00,5.779342651367187500e-01,6.264013648033142090e-01
1.243046402931213379e+00,7.737579345703125000e-01,1.029857158660888672e+00
7.303819060325622559e-01,1.856790482997894287e-01,1.239545822143554688e+00
2.377893924713134766e+00,1.489842981100082397e-01,3.916851580142974854e-01
-1.642257690429687500e+00,4.325218200683593750e-01,1.564010530710220337e-01
-1.189978361129760742e+00,-5.485399365425109863e-01,1.343058586120605469e+00
5.032100528478622437e-02,-7.533993721008300781e-01,1.164043307304382324e+00
-1.642380356788635254e+00,-1.329842567443847656e+00,9.651792645454406738e-01
1.039559841156005859e+00,-5.779653787612915039e-01,1.047364830970764160e+00
-1.319763660430908203e+00,-1.027962207794189453e+00,1.139692068099975586e+00
2.193280220031738281e+00,9.410346746444702148e-01,6.344798207283020020e-01
1.108630537986755371e+00,1.044967651367187500e+00,5.624542012810707092e-02
4.958695769309997559e-01,9.711219072341918945e-01,1.024508953094482422e+00
1.084533929824829102e+00,3.806549608707427979e-01,1.101284503936767578e+00
1.736739516258239746e+00,1.346546649932861328e+00,6.995773315429687500e-01
-1.041267395019531250e+00,1.487731879024067894e-06,1.412152290344238281e+00
-1.651962250471115112e-01,5.479528903961181641e-01,1.349111557006835938e+00
-1.403594493865966797e+00,-5.544376373291015625e-01,1.282202243804931641e+00
1.739545106887817383e+00,3.878303170204162598e-01,9.900979995727539062e-01
1.974252700805664062e+00,1.955639272928237915e-01,9.327673912048339844e-01
-5.225727558135986328e-01,-1.117928028106689453e+00,4.343112111091613770e-01
-1.120288848876953125e+00,-1.022674560546875000e+00,7.193549871444702148e-01
1.216782331466674805e+00,1.039814472198486328e+00,7.195582389831542969e-01
-6.160303950309753418e-01,5.852565765380859375e-01,2.495455741882324219e-01
2.479395866394042969e-01,-8.474087715148925781e-01,8.671322464942932129e-01
-1.481773853302001953e-01,8.695397377014160156e-01,9.329777359962463379e-01
4.496212005615234375e-01,-8.090400695800781250e-01,3.184115588665008545e-01
-1.369671344757080078e+00,-1.062038540840148926e+00,2.731466293334960938e-01
1.440637826919555664e+00,1.411438006471144035e-06,1.032145500183105469e+00
4.863044619560241699e-02,9.630560874938964844e-01,7.141190767288208008e-01
-1.472689658403396606e-01,9.070777893066406250e-01,5.162072777748107910e-01
-2.318576812744140625e+00,-6.835888624191284180e-01,4.535656571388244629e-01
-1.890950441360473633e+00,-1.180250167846679688e+00,1.070250391960144043e+00
1.516379714012145996e+00,3.857352733612060547e-01,1.022567749023437500e+00
-3.366373777389526367e-01,-1.036258697509765625e+00,7.737691998481750488e-01
-2.400328636169433594e+00,-2.224851250648498535e-01,4.930407702922821045e-01
8.676891922950744629e-01,1.316070552093151491e-06,1.188737869262695312e+00
1.298503994941711426e+00,3.834683597087860107e-01,1.057694435119628906e+00
4.961328580975532532e-02,-8.412227630615234375e-01,2.475405782461166382e-01
1.010428786277770996e+00,-1.892053335905075073e-01,1.130046367645263672e+00
-2.341782093048095703e+00,-2.253171056509017944e-01,9.226247668266296387e-01
-7.105472683906555176e-01,-1.148100852966308594e+00,7.636187672615051270e-01
-1.564198255538940430e+00,-7.503114342689514160e-01,1.210753440856933594e+00
1.151777744293212891e+00,1.903286278247833252e-01,1.095220088958740234e+00
2.246338367462158203e+00,-1.532243341207504272e-01,2.968490421772003174e-01
1.344430208206176758e+00,1.349952697753906250e+00,6.869909763336181641e-01
-2.038780212402343750e+00,2.399729043245315552e-01,8.121090531349182129e-01
-8.917100429534912109e-01,-1.219370841979980469e+00,4.953970313072204590e-01
2.269778251647949219e+00,2.212524350397870876e-06,7.196685671806335449e-01
-1.070582389831542969e+00,-1.287887096405029297e+00,7.528274655342102051e-01
-1.620657563209533691e+00,-1.404841899871826172e+00,4.933764636516571045e-01
-1.073182821273803711e+00,-1.274010658264160156e+00,1.695098876953125000e-01
-3.743458390235900879e-01,-8.212503790855407715e-01,2.512912750244140625e-01
1.163529992103576660e+00,-5.827642083168029785e-01,2.188086509704589844e-01
-9.383695721626281738e-01,1.167002245783805847e-01,2.429294586181640625e-01
8.284344077110290527e-01,-5.793907642364501953e-01,1.024869441986083984e+00
1.163180828094482422e+00,1.302374362945556641e+00,4.925294518470764160e-01
-2.138812541961669922e+00,7.832439243793487549e-02,1.017936110496520996e+00
-5.232993364334106445e-01,-1.109763145446777344e+00,6.331234574317932129e-01
-2.244702816009521484e+00,-8.516598939895629883e-01,7.898632884025573730e-01
-1.131262302398681641e+00,-1.051073789596557617e+00,-2.477661147713661194e-02
-1.436743736267089844e+00,4.986257553100585938e-01,4.611450061202049255e-02
-2.087535381317138672e+00,-1.044178605079650879e+00,9.935570955276489258e-01
9.823789596557617188e-01,1.248207092285156250e+00,5.594070553779602051e-01
2.721655070781707764e-01,-1.807113289833068848e-01,1.393889427185058594e+00
-8.915225267410278320e-01,-1.220582008361816406e+00,4.050140455365180969e-02
9.825646877288818359e-01,1.247119903564453125e+00,1.698150634765625000e-01
1.664794921875000000e+00,1.411438006471144035e-06,9.872832298278808594e-01
-1.178666830062866211e+00,-1.813599616289138794e-01,1.373440265655517578e+00
6.164903640747070312e-01,1.134494781494140625e+00,6.976386904716491699e-01
-4.085685610771179199e-01,-3.577480316162109375e-01,1.456417560577392578e+00
-1.134156227111816406e+00,5.249114036560058594e-01,2.371713221073150635e-01
-1.527428030967712402e-01,-6.806030273437500000e-01,1.323499917984008789e+00
-1.459670066833496094e-01,-9.609804153442382812e-01,9.190612435340881348e-01
3.995042443275451660e-01,1.344680754300497938e-06,1.354615688323974609e+00
-2.199170589447021484e+00,-1.020449876785278320e+00,5.254852175712585449e-01
-9.853970408439636230e-01,-5.437696576118469238e-01,1.392264366149902344e+00
6.168076992034912109e-01,1.131474971771240234e+00,3.682955801486968994e-01
-2.229310572147369385e-01,1.786922067403793335e-01,1.456841945648193359e+00
-1.448123455047607422e+00,-8.237578868865966797e-01,2.734184265136718750e-01
-8.489603400230407715e-01,-3.593452274799346924e-01,1.431594848632812500e+00
2.341695785522460938e+00,6.037384271621704102e-01,3.454681336879730225e-01
-4.076279401779174805e-01,1.459121676816721447e-06,1.457962989807128906e+00
-1.820069789886474609e+00,1.364011764526367188e-01,2.142944335937500000e-01
8.472061157226562500e-02,-1.791097670793533325e-01,1.443994998931884766e+00
-1.440798044204711914e+00,-1.350709438323974609e+00,7.552308440208435059e-01
1.942091584205627441e+00,1.335071563720703125e+00,3.071939051151275635e-01
-1.942048788070678711e+00,2.952766418457031250e-01,4.356695413589477539e-01
2.214980125427246094e+00,7.776451706886291504e-01,7.375573515892028809e-01
-2.362007141113281250e+00,-7.472866028547286987e-02,8.112862706184387207e-01
1.137639641761779785e+00,1.191269874572753906e+00,9.151043891906738281e-01
-6.577664613723754883e-01,1.791453361511230469e-01,1.442225456237792969e+00
-1.252539515495300293e+00,-1.332160949707031250e+00,5.564836263656616211e-01
5.297412276268005371e-01,1.833590120077133179e-01,1.311566829681396484e+00
-7.186459302902221680e-01,-1.787253469228744507e-01,1.455219745635986328e+00
-1.389792084693908691e+00,-1.832499057054519653e-01,1.314831733703613281e+00
-6.255635023117065430e-01,5.639151930809020996e-01,1.184497833251953125e+00
-3.480907976627349854e-01,3.591568768024444580e-01,1.434508323669433594e+00
-5.935014486312866211e-01,1.277923502129851840e-06,1.456806659698486328e+00
-2.320177078247070312e+00,-6.833554506301879883e-01,7.195518612861633301e-01
-1.617814600467681885e-01,-3.580631315708160400e-01,1.451583385467529297e+00
1.753183126449584961e+00,-1.955385208129882812e-01,9.335565567016601562e-01
-3.476824164390563965e-01,-8.405866622924804688e-01,1.220472574234008789e+00
1.591151952743530273e+00,1.286350011825561523e+00,1.823983192443847656e-01
2.329788170754909515e-02,3.610213100910186768e-01,1.405704021453857422e+00
1.897052764892578125e+00,9.990276694297790527e-01,2.089901715517044067e-01
-1.252743244171142578e+00,-1.331243515014648438e+00,1.689233332872390747e-01
2.334785938262939453e+00,2.288818222950794734e-06,4.994824230670928955e-01
1.868088364601135254e+00,-3.406027555465698242e-01,4.160737991333007812e-02
-1.968955397605895996e+00,-5.912897586822509766e-01,3.243942260742187500e-01
1.259283065795898438e+00,3.471374384389491752e-06,1.069737553596496582e+00
-1.708178877830505371e+00,-8.263785839080810547e-01,2.965588569641113281e-01
-7.975745201110839844e-01,-1.010602116584777832e+00,2.287841737270355225e-01
-7.626766562461853027e-01,7.187933921813964844e-01,3.245709240436553955e-01
1.967805743217468262e+00,1.260063171386718750e+00,5.817251205444335938e-01
-1.730186223983764648e+00,-1.311228036880493164e+00,3.213195800781250000e-01
1.251194119453430176e+00,1.050792098045349121e+00,1.961450576782226562e-01
8.348043560981750488e-01,3.492577970027923584e-01,2.204833030700683594e-01
1.906196236610412598e+00,3.475508093833923340e-01,1.852526664733886719e-01
-1.649869441986083984e+00,4.319075345993041992e-01,-2.230560220777988434e-02
-9.987182170152664185e-02,-1.786588877439498901e-01,1.458199977874755859e+00
1.861057639122009277e+00,9.921703934669494629e-01,8.949489593505859375e-01
2.467497438192367554e-01,-8.769454956054687500e-01,4.506962597370147705e-01
1.244067668914794922e+00,-5.581347346305847168e-01,4.898005425930023193e-01
1.736257314682006836e+00,-1.158722639083862305e-01,1.915783882141113281e-01
4.574694335460662842e-01,-7.009863853454589844e-01,1.032602787017822266e+00
2.134530067443847656e+00,2.555847004259703681e-06,8.509661555290222168e-01
8.729205727577209473e-01,-6.655035018920898438e-01,3.990972936153411865e-01
-2.035862445831298828e+00,-7.998310029506683350e-02,3.098718225955963135e-01
-1.086399674415588379e+00,3.754481077194213867e-01,1.181971549987792969e+00
9.960381984710693359e-01,1.162782460451126099e-01,2.167382240295410156e-01
6.419128775596618652e-01,8.926153182983398438e-01,1.074059724807739258e+00
-2.085093498229980469e+00,-8.802458643913269043e-01,3.672271668910980225e-01
8.945907652378082275e-02,7.545536160469055176e-01,1.178061008453369141e+00
1.832791090011596680e+00,8.147337436676025391e-01,1.937408447265625000e-01
-2.379846572875976562e+00,-7.444114238023757935e-02,5.985693335533142090e-01
-9.718627929687500000e-01,-1.004013061523437500e+00,2.346029579639434814e-01
7.601855397224426270e-01,1.053465962409973145e+00,2.144370079040527344e-01
2.123764514923095703e+00,1.118876695632934570e+00,4.237386882305145264e-01
8.173382282257080078e-01,1.068840026855468750e+00,5.071029663085937500e-01
4.306383728981018066e-01,1.070437908172607422e+00,3.710623085498809814e-01
1.968081474304199219e+00,1.154598951339721680e+00,7.854644656181335449e-01
-1.436398267745971680e+00,-1.169705539941787720e-01,2.597265243530273438e-01
-1.357941150665283203e+00,-5.863884687423706055e-01,2.637047767639160156e-01
-1.523774981498718262e+00,-3.516148924827575684e-01,2.692241668701171875e-01
-9.363153576850891113e-01,3.687863051891326904e-01,1.285203933715820312e+00
1.914860963821411133e+00,-1.970795392990112305e-01,8.857412338256835938e-01
2.337059497833251953e+00,6.043404936790466309e-01,5.561814904212951660e-01
-1.309713363647460938e+00,5.362401604652404785e-01,1.499627679586410522e-01
2.184323787689208984e+00,-1.552233099937438965e-01,6.785125732421875000e-01
-1.589952468872070312e+00,4.367444813251495361e-01,8.257772922515869141e-01
2.015442132949829102e+00,-1.172687858343124390e-01,2.782535552978515625e-01
1.652009248733520508e+00,1.197797179222106934e+00,8.817524909973144531e-01
1.991172313690185547e+00,-3.232317268848419189e-01,4.251187145709991455e-01
8.050057291984558105e-01,1.158330440521240234e+00,8.971667289733886719e-01
1.990085124969482422e+00,1.157933026552200317e-01,1.866831779479980469e-01
-2.155397415161132812e+00,-5.486790537834167480e-01,3.585827648639678955e-01
-1.186645030975341797e+00,-3.506468832492828369e-01,2.492098808288574219e-01
-1.612006902694702148e+00,-1.155853509902954102e+00,1.095997333526611328e+00
-2.227437734603881836e+00,1.446552276611328125e-01,3.697524964809417725e-01
1.159311175346374512e+00,3.486317992210388184e-01,2.076001167297363281e-01
1.416600346565246582e+00,1.049898505210876465e+00,1.900339126586914062e-01
-7.794314622879028320e-01,-8.192597031593322754e-01,2.336730957031250000e-01
-2.002939224243164062e+00,-2.417069971561431885e-01,3.122509717941284180e-01
2.270731925964355469e+00,6.129367947578430176e-01,7.255418300628662109e-01
1.322478055953979492e+00,-1.161194220185279846e-01,2.068929672241210938e-01
1.554911494255065918e+00,1.327556371688842773e+00,4.124703407287597656e-01
-6.162063479423522949e-01,-5.854241251945495605e-01,2.516207695007324219e-01
1.404096007347106934e+00,1.160273328423500061e-01,2.012100219726562500e-01
-5.493186712265014648e-01,-8.168916702270507812e-01,1.299678206443786621e+00
2.404715061187744141e+00,2.965420186519622803e-01,2.874066233634948730e-01
-2.277674674987792969e+00,-5.348303914070129395e-01,9.950509667396545410e-01
-9.401092529296875000e-01,3.506253659725189209e-01,2.488155364990234375e-01
-1.238782167434692383e+00,3.904566764831542969e-01,1.956661939620971680e-01
-1.996692657470703125e+00,-1.233206033706665039e+00,9.012628197669982910e-01
-2.376243591308593750e+00,-3.732686042785644531e-01,7.584444880485534668e-01
9.154513478279113770e-01,-1.163797155022621155e-01,2.230491638183593750e-01
-1.018989562988281250e+00,-1.165718063712120056e-01,2.349615097045898438e-01
2.223145961761474609e+00,9.351869821548461914e-01,2.496881037950515747e-01
7.573556303977966309e-01,8.174418210983276367e-01,2.176351547241210938e-01
9.171572923660278320e-01,5.823749303817749023e-01,2.139782905578613281e-01
-3.741099536418914795e-01,8.207324147224426270e-01,2.467174530029296875e-01
-6.953649520874023438e-01,-1.168503835797309875e-01,2.522130012512207031e-01
6.738522052764892578e-01,-3.497834801673889160e-01,2.313022613525390625e-01
-6.149729490280151367e-01,-3.507936894893646240e-01,2.521419525146484375e-01
-4.540577530860900879e-01,-5.853895545005798340e-01,2.513504028320312500e-01
6.754205226898193359e-01,-5.839278101921081543e-01,2.331700325012207031e-01
1.916653364896774292e-01,8.193560838699340820e-01,2.344503402709960938e-01
-5.333030819892883301e-01,1.168178841471672058e-01,2.501072883605957031e-01
1.000232219696044922e+00,-5.832313299179077148e-01,2.246251106262207031e-01
5.937814116477966309e-01,5.833306908607482910e-01,2.258028984069824219e-01
-2.069909572601318359e+00,7.943454384803771973e-02,3.077465891838073730e-01
3.525058031082153320e-01,-5.846109390258789062e-01,2.416644096374511719e-01
-3.722350895404815674e-01,3.505847156047821045e-01,2.480101585388183594e-01
5.119549632072448730e-01,-1.165547519922256470e-01,2.336583137512207031e-01
2.715673744678497314e-01,5.840134620666503906e-01,2.342681884765625000e-01
2.302467346191406250e+00,3.031402826309204102e-01,7.696455121040344238e-01
-5.025817826390266418e-02,-3.505855202674865723e-01,2.470703125000000000e-01
2.712911963462829590e-01,-3.502930104732513428e-01,2.418894767761230469e-01
4.317944347858428955e-01,3.498269617557525635e-01,2.319645881652832031e-01
1.104370057582855225e-01,-1.167559847235679626e-01,2.442150115966796875e-01
2.708856165409088135e-01,1.166301146149635315e-01,2.380957603454589844e-01
-1.575111389160156250e+00,2.624006867408752441e-01,1.074474811553955078e+00
1.219704270362854004e+00,1.249811172485351562e+00,-2.161645889282226562e-02
2.543927729129791260e-01,6.873178482055664062e-01,1.249867796897888184e+00
-1.992653965950012207e+00,-1.074520349502563477e+00,3.586349487304687500e-01
-8.377566337585449219e-01,5.741616487503051758e-01,1.078845500946044922e+00
2.302226543426513672e+00,7.634661197662353516e-01,4.031109511852264404e-01
2.379543781280517578e+00,2.981662154197692871e-01,5.476797223091125488e-01
-2.395147800445556641e+00,-3.717425167560577393e-01,5.464690923690795898e-01
1.894899249076843262e+00,3.898439705371856689e-01,9.588918685913085938e-01
-2.220207214355468750e+00,-2.311979234218597412e-01,3.519494533538818359e-01
-1.429820537567138672e+00,8.974773436784744263e-02,1.295901298522949219e+00
-1.741319656372070312e+00,1.723737716674804688e-01,1.072025418281555176e+00
-2.358288764953613281e+00,-5.257005095481872559e-01,4.478439092636108398e-01
-1.112890243530273438e+00,9.485416114330291748e-02,2.366442829370498657e-01
5.922595262527465820e-01,1.164887100458145142e-01,2.296476364135742188e-01
-9.343968629837036133e-01,-1.179966568946838379e+00,9.728403091430664062e-01
1.670894145965576172e+00,5.824392437934875488e-01,9.934215545654296875e-01
2.260710954666137695e+00,1.163526922464370728e-01,2.214083671569824219e-01
1.814526319503784180e+00,1.942789405584335327e-01,9.726319313049316406e-01
-8.847624063491821289e-01,-9.328497648239135742e-01,1.259987831115722656e+00
-1.833021998405456543e+00,-1.358536720275878906e+00,7.683997750282287598e-01
1.758587360382080078e+00,7.825293540954589844e-01,9.621725082397460938e-01
-2.229572772979736328e+00,1.380786895751953125e-01,6.917043924331665039e-01
4.945445805788040161e-02,-8.610153198242187500e-01,1.003757953643798828e+00
1.801571369171142578e+00,-3.831787109375000000e-01,4.280160367488861084e-01
-1.464369654655456543e+00,3.379069566726684570e-01,-1.417016983032226562e-02
1.754825115203857422e+00,1.050355195999145508e+00,1.931557655334472656e-01
6.838011145591735840e-01,-5.714959502220153809e-01,1.106345176696777344e+00
-1.549876689910888672e+00,-5.582578778266906738e-01,1.242797374725341797e+00
1.325810790061950684e+00,-5.057587623596191406e-01,8.586126565933227539e-01
-1.494842648506164551e+00,-1.138799667358398438e+00,3.102838099002838135e-01
-1.416582703590393066e+00,-7.451867461204528809e-01,1.250297546386718750e+00
-2.371053695678710938e+00,-7.458255439996719360e-02,4.438328444957733154e-01
-9.068108201026916504e-01,-1.121483802795410156e+00,7.035803198814392090e-01
7.318130135536193848e-01,-3.718913495540618896e-01,1.237214088439941406e+00
1.556549787521362305e+00,-4.585094451904296875e-01,3.449249267578125000e-01
1.555879831314086914e+00,-4.613289833068847656e-01,4.655090346932411194e-02
1.512963414192199707e+00,1.925349831581115723e-01,1.026738643646240234e+00
1.459554672241210938e+00,7.771227955818176270e-01,1.003886699676513672e+00
-9.819025993347167969e-01,6.346926689147949219e-01,6.895638704299926758e-01
2.404800415039062500e+00,1.481170654296875000e-01,2.358404546976089478e-01
2.100414037704467773e+00,7.998382449150085449e-01,8.286252021789550781e-01
-1.437207937240600586e+00,4.965248107910156250e-01,4.157012701034545898e-01
1.318718791007995605e+00,-3.472463190555572510e-01,1.789364814758300781e-01
1.184110641479492188e+00,9.742974638938903809e-01,1.004927635192871094e+00
9.495511054992675781e-01,1.160805463790893555e+00,5.564208701252937317e-02
1.154221057891845703e+00,-1.907323449850082397e-01,1.082693576812744141e+00
4.861291870474815369e-02,9.653897285461425781e-01,2.425497323274612427e-01
-1.247636675834655762e+00,-1.087969779968261719e+00,5.667907744646072388e-02
1.475355029106140137e+00,9.803887009620666504e-01,9.674463272094726562e-01
-1.130455255508422852e+00,-7.344445586204528809e-01,1.333183765411376953e+00
-1.111634969711303711e+00,-1.068851947784423828e+00,1.124466657638549805e+00
-1.079282641410827637e+00,-1.241465091705322266e+00,8.913744688034057617e-01
-1.267698287963867188e+00,-1.263569355010986328e+00,9.605373740196228027e-01
1.305136203765869141e+00,5.776429772377014160e-01,1.042890548706054688e+00
-1.224463343620300293e+00,-9.381234049797058105e-01,1.227532386779785156e+00
6.590549349784851074e-01,-7.295074462890625000e-01,8.167498707771301270e-01
1.722697854042053223e+00,1.392257690429687500e+00,5.624078512191772461e-01
-1.340940475463867188e+00,-1.165918231010437012e+00,1.044583797454833984e+00
1.942982673645019531e+00,-3.263417482376098633e-01,6.564453244209289551e-01
-9.846944808959960938e-01,-6.812676787376403809e-01,2.433117628097534180e-01
4.498881399631500244e-01,-8.053750991821289062e-01,7.346774339675903320e-01
6.604955792427062988e-01,-1.842622905969619751e-01,1.283401489257812500e+00
2.168642044067382812e+00,4.684818983078002930e-01,8.489633202552795410e-01
6.673107743263244629e-01,3.721288740634918213e-01,1.233446121215820312e+00
2.265827178955078125e+00,3.497257232666015625e-01,2.302207946777343750e-01
-9.790878295898437500e-01,6.529388427734375000e-01,3.294335901737213135e-01
3.544314503669738770e-01,1.055483698844909668e+00,2.282466888427734375e-01
2.146055221557617188e+00,-1.564568728208541870e-01,1.951901167631149292e-01
-3.474002778530120850e-01,8.455462455749511719e-01,6.599773764610290527e-01
1.967960834503173828e+00,6.521775722503662109e-01,2.039382904767990112e-01
-1.449861526489257812e+00,-1.315166950225830078e+00,8.925921320915222168e-01
7.281188964843750000e-01,1.373290956507844385e-06,1.254424095153808594e+00
-1.691496491432189941e+00,1.171450763940811157e-01,2.705526351928710938e-01
1.961122035980224609e+00,-3.251712322235107422e-01,1.469210833311080933e-01
9.456756114959716797e-01,3.790636360645294189e-01,1.125937461853027344e+00
4.891959950327873230e-02,-9.272036552429199219e-01,7.183602452278137207e-01
4.114877283573150635e-01,-5.612341165542602539e-01,1.212207317352294922e+00
-9.128675460815429688e-01,1.798713058233261108e-01,1.419656276702880859e+00
8.909081816673278809e-01,7.669182419776916504e-01,1.082617282867431641e+00
6.574230194091796875e-01,-7.450337409973144531e-01,2.527832090854644775e-01
-5.528594255447387695e-01,7.770104408264160156e-01,6.688900589942932129e-01
6.578298211097717285e-01,-7.411804199218750000e-01,5.330276489257812500e-01
1.021190285682678223e+00,5.728648304939270020e-01,1.092181682586669922e+00
-1.890752792358398438e+00,2.471332848072052002e-01,2.623934745788574219e-01
-5.277795195579528809e-01,-1.059316635131835938e+00,9.751287698745727539e-01
-1.246843576431274414e+00,-1.256769537925720215e+00,1.726627349853515625e-02
1.653563976287841797e+00,-3.450185954570770264e-01,8.759618997573852539e-01
-5.791064500808715820e-01,4.815735816955566406e-01,1.294636368751525879e+00
-1.182009935379028320e+00,-3.635594546794891357e-01,1.366282939910888672e+00
2.022702693939208984e+00,1.055552244186401367e+00,2.287421226501464844e-01
-5.523614883422851562e-01,7.826113700866699219e-01,3.895803689956665039e-01
4.318198263645172119e-01,1.054157733917236328e+00,9.069996476173400879e-01
-3.877044469118118286e-02,-5.403014421463012695e-01,1.428166866302490234e+00
-8.029437065124511719e-01,3.871650695800781250e-01,1.317842483520507812e+00
1.354911208152770996e+00,1.305903911590576172e+00,8.242504596710205078e-01
-1.450713574886322021e-01,-9.979705810546875000e-01,5.755801200866699219e-01
5.377284288406372070e-01,5.575962066650390625e-01,1.249680995941162109e+00
1.531920433044433594e+00,1.373548507690429688e+00,6.897677183151245117e-01
-1.392562866210937500e+00,2.705176174640655518e-01,1.512216180562973022e-01
2.412112057209014893e-01,1.014420509338378906e+00,7.759972810745239258e-01
4.768569469451904297e-01,-4.340486526489257812e-01,1.302380204200744629e+00
1.196267127990722656e+00,-5.627697110176086426e-01,7.553381323814392090e-01
-1.473362743854522705e-01,9.042620658874511719e-01,3.805703520774841309e-01
8.374359011650085449e-01,9.229979515075683594e-01,2.465539425611495972e-01
1.986408829689025879e+00,5.894853472709655762e-01,9.207472801208496094e-01
4.882984235882759094e-02,-9.384789466857910156e-01,3.783358633518218994e-01
-3.683056533336639404e-01,4.751844406127929688e-01,1.368298411369323730e+00
9.956766963005065918e-01,1.170354843139648438e+00,6.995605230331420898e-01
1.590903162956237793e+00,1.156908512115478516e+00,3.106417655944824219e-01
4.861875250935554504e-02,9.646229743957519531e-01,5.786279439926147461e-01
8.027485609054565430e-01,1.174707889556884766e+00,7.617357969284057617e-01
2.626411318778991699e-01,-4.826083183288574219e-01,1.365677595138549805e+00
-3.357756435871124268e-01,-1.051521301269531250e+00,6.378893852233886719e-01
4.029470682144165039e-01,3.667052686214447021e-01,1.317544460296630859e+00
-1.182047963142395020e+00,1.818801909685134888e-01,1.357298851013183594e+00
1.948944687843322754e+00,1.315079689025878906e+00,4.419953823089599609e-01
2.412199974060058594e-01,1.014203071594238281e+00,4.405933916568756104e-01
1.766565799713134766e+00,1.290117621421813965e+00,2.034368515014648438e-01
2.002841472625732422e+00,4.845591485500335693e-01,2.017868012189865112e-01
-1.013615131378173828e+00,-4.832717776298522949e-01,2.413864135742187500e-01
4.124912917613983154e-01,7.492316365242004395e-01,1.219106674194335938e+00
-1.042390704154968262e+00,-1.802157163619995117e-01,1.408987998962402344e+00
8.615076541900634766e-01,1.196699142456054688e+00,1.484286487102508545e-01
6.160927414894104004e-01,1.138278484344482422e+00,5.650562644004821777e-01
2.271909236907958984e+00,5.840377211570739746e-01,2.345781326293945312e-01
2.770819067955017090e-01,5.511638522148132324e-01,1.316024303436279297e+00
2.096871882677078247e-01,-3.608857691287994385e-01,1.407811641693115234e+00
-1.360562443733215332e+00,-9.382286667823791504e-01,1.226881027221679688e+00
-2.943440079689025879e-01,-7.375131249427795410e-01,1.309506416320800781e+00
-1.623068928718566895e+00,-1.396521568298339844e+00,6.245980858802795410e-01
-5.224232673645019531e-01,-1.119626045227050781e+00,3.028311133384704590e-01
-3.589090704917907715e-01,6.416730880737304688e-01,1.186710000038146973e+00
-1.583029747009277344e+00,-7.909945249557495117e-01,2.808190882205963135e-01
-2.183762550354003906e+00,-8.625739812850952148e-01,9.679691791534423828e-01
-1.428591132164001465e+00,-1.398565769195556641e+00,4.251547157764434814e-01
-9.102277159690856934e-01,1.583099333402060438e-06,1.432958126068115234e+00
2.101191729307174683e-01,1.809089183807373047e-01,1.387853622436523438e+00
-1.571789741516113281e+00,8.746009320020675659e-02,1.199617743492126465e+00
-8.918547034263610840e-01,-1.218433856964111328e+00,3.651187121868133545e-01
1.717378377914428711e+00,1.409573078155517578e+00,3.650137186050415039e-01
-1.072926640510559082e+00,-1.275377750396728516e+00,5.583732724189758301e-01
1.162796854972839355e+00,1.304255485534667969e+00,6.223946809768676758e-01
-1.247990965843200684e+00,-1.090256690979003906e+00,2.381863296031951904e-01
-1.623100996017456055e+00,-1.396400928497314453e+00,3.641189634799957275e-01
-1.073535561561584473e+00,-1.272132873535156250e+00,2.989361584186553955e-01
6.163017749786376953e-01,1.136275768280029297e+00,2.369720339775085449e-01
1.342042565345764160e+00,1.359985351562500000e+00,5.558025836944580078e-01
-2.204256534576416016e+00,-8.589036464691162109e-01,4.126513600349426270e-01
1.163563489913940430e+00,1.300499916076660156e+00,3.630657792091369629e-01
-1.250130772590637207e+00,-1.343064308166503906e+00,6.852902173995971680e-01
8.524138927459716797e-01,1.066551089286804199e+00,3.040490150451660156e-01
-2.187411785125732422e+00,-3.885129392147064209e-01,3.551016151905059814e-01
2.723951637744903564e-01,1.344680754300497938e-06,1.386855602264404297e+00
1.163071990013122559e+00,1.302907466888427734e+00,1.047164872288703918e-01
1.342414379119873047e+00,1.358422756195068359e+00,2.974737584590911865e-01
-7.953625917434692383e-01,-7.259292602539062500e-01,1.398900508880615234e+00
5.108602344989776611e-02,6.582269668579101562e-01,1.254649877548217773e+00
1.240462779998779297e+00,-5.584843158721923828e-01,3.611617982387542725e-01
-2.096356391906738281e+00,-1.191832542419433594e+00,5.919862389564514160e-01
-6.610015034675598145e-01,-5.393293499946594238e-01,1.438072681427001953e+00
9.058582782745361328e-01,9.732120037078857422e-01,1.011611461639404297e+00
-1.505748867988586426e+00,-1.096034049987792969e+00,1.135374069213867188e+00
3.019792139530181885e-01,1.166113376617431641e+00,9.859127998352050781e-01
2.146054744720458984e+00,9.502804875373840332e-01,7.525122165679931641e-01
4.975080490112304688e-02,8.241705894470214844e-01,1.080181837081909180e+00
-3.353338837623596191e-01,-1.059349536895751953e+00,3.713699281215667725e-01
-5.423676967620849609e-01,-7.271355986595153809e-01,1.389574527740478516e+00
-3.918548673391342163e-02,5.460807085037231445e-01,1.368569850921630859e+00
-2.214122772216796875e+00,-6.988409757614135742e-01,1.068742036819458008e+00
-6.348366737365722656e-01,7.208909392356872559e-01,9.020947217941284180e-01
-1.492106914520263672e+00,4.446434974670410156e-01,9.034713506698608398e-01
-1.718076109886169434e+00,-1.067165017127990723e+00,3.082456588745117188e-01
1.649147868156433105e+00,9.429903030395507812e-01,1.826562434434890747e-01
1.311680436134338379e+00,-3.683427274227142334e-01,6.151022911071777344e-01
-7.233323454856872559e-01,-1.042801856994628906e+00,4.413505494594573975e-01
-3.488452136516571045e-01,-5.394384860992431641e-01,1.436956405639648438e+00
-5.325599312782287598e-01,-3.577370345592498779e-01,1.456555843353271484e+00
2.355377189815044403e-02,1.351237301605578978e-06,1.448569297790527344e+00
