-7.719393968582153320e-01,-3.483385145664215088e-01,2.014303207397460938e-01
1.272731781005859375e+00,1.651268005371093750e+00,4.656738042831420898e-01
5.728567242622375488e-01,1.770035177469253540e-01,1.508651733398437500e+00
2.044392377138137817e-01,-1.926849365234375000e+00,4.867555201053619385e-01
-4.166030883789062500e-01,1.399346590042114258e+00,4.661468416452407837e-02
6.723293662071228027e-01,-5.812554359436035156e-01,2.000670433044433594e-01
4.407527670264244080e-02,1.528678894042968750e+00,1.401287078857421875e+00
-1.159553527832031250e+00,-1.640831232070922852e+00,5.138235092163085938e-01
-1.485082358121871948e-01,-8.558330535888671875e-01,1.145251154899597168e+00
-5.704426765441894531e-01,5.190479755401611328e-01,1.054653644561767578e+00
4.310473501682281494e-01,5.816355943679809570e-01,2.046947479248046875e-01
9.987878203392028809e-01,1.115366697311401367e+00,1.302799224853515625e+00
2.009830772876739502e-01,2.012668609619140625e+00,5.344030857086181641e-01
-1.057226181030273438e+00,-2.874505817890167236e-01,1.108683466911315918e+00
-1.312441974878311157e-01,-1.052970409393310547e+00,2.110681533813476562e-01
-6.125027537345886230e-01,5.819050073623657227e-01,2.080345153808593750e-01
6.838641166687011719e-01,-8.186020255088806152e-01,1.113924860954284668e+00
1.214649200439453125e+00,9.402151107788085938e-01,4.059478640556335449e-02
-1.233040928840637207e+00,-1.018649816513061523e+00,-2.399682998657226562e-02
-3.928080797195434570e-01,-1.604406595230102539e+00,9.143428802490234375e-01
2.140235900878906250e-02,-1.131301969289779663e-01,2.043280005455017090e-01
8.202939033508300781e-01,2.822876012942288071e-06,7.309826612472534180e-01
-2.206558138132095337e-01,1.373290956507844385e-06,1.511095523834228516e+00
5.842317342758178711e-01,1.441401004791259766e+00,2.246408015489578247e-01
2.282821573317050934e-02,7.060464024543762207e-01,1.552303791046142578e+00
-4.629986584186553955e-01,-1.775287151336669922e+00,2.025866508483886719e-01
-3.897509574890136719e-01,1.199763417243957520e+00,8.717260360717773438e-01
-9.971737861633300781e-01,-8.765418529510498047e-01,6.495095491409301758e-01
7.291504740715026855e-01,1.708783149719238281e+00,9.341740012168884277e-01
4.018008708953857422e-01,-1.467499732971191406e+00,-2.305175736546516418e-02
1.108070850372314453e+00,7.636231184005737305e-01,7.027713060379028320e-01
4.276785850524902344e-01,-1.286692976951599121e+00,6.420469284057617188e-01
2.670635282993316650e-01,-3.728590011596679688e-01,1.465575695037841797e+00
9.955191016197204590e-01,3.485303521156311035e-01,2.055225372314453125e-01
-7.828979492187500000e-01,1.001710891723632812e-01,6.657217144966125488e-01
3.024597093462944031e-02,1.051670074462890625e+00,2.021594047546386719e-01
4.582658410072326660e-01,1.074922442436218262e+00,1.509404182434082031e+00
-7.830429077148437500e-01,-1.289341807365417480e+00,1.991362571716308594e-01
8.745360970497131348e-01,5.653007626533508301e-01,1.170186996459960938e+00
-1.243349015712738037e-01,1.855952739715576172e+00,9.588326811790466309e-01
-2.398099899291992188e-01,1.908684849739074707e+00,2.178539931774139404e-01
-8.731400966644287109e-01,-1.339751243591308594e+00,9.363975524902343750e-01
-5.841364860534667969e-01,-4.249653816223144531e-01,1.305878758430480957e+00
1.240055561065673828e+00,1.321647644042968750e+00,8.991064429283142090e-01
-1.238932609558105469e-01,4.597178399562835693e-01,2.077145278453826904e-01
9.373305737972259521e-02,-1.375661015510559082e+00,1.004663944244384766e+00
-2.904040515422821045e-01,-5.814079046249389648e-01,2.019066810607910156e-01
5.160878300666809082e-01,-1.061520576477050781e-01,2.073117047548294067e-01
7.087203264236450195e-01,1.857044696807861328e+00,4.397128224372863770e-01
1.125079318881034851e-01,1.535094141960144043e+00,2.220478057861328125e-01
1.901812702417373657e-01,-5.813268423080444336e-01,2.008213996887207031e-01
-5.097686499357223511e-02,-1.530263543128967285e+00,1.992993354797363281e-01
4.346060156822204590e-01,-1.053033232688903809e+00,2.114377021789550781e-01
-5.511263012886047363e-01,7.965197563171386719e-01,6.667928695678710938e-01
6.074347496032714844e-01,-6.198667883872985840e-01,6.876313686370849609e-01
-4.497999548912048340e-01,1.161010041832923889e-01,2.055296897888183594e-01
6.118817329406738281e-01,-2.059077471494674683e-01,1.190993070602416992e+00
-6.958627104759216309e-01,-8.168381452560424805e-01,2.122583389282226562e-01
-6.130847930908203125e-01,1.029069423675537109e-01,1.263703227043151855e+00
-2.856336236000061035e-01,-1.939789772033691406e+00,5.995129346847534180e-01
5.456447005271911621e-01,1.494489908218383789e+00,1.331267833709716797e+00
-3.433194160461425781e-01,1.640727639198303223e+00,5.806789994239807129e-01
-1.305841922760009766e+00,-1.210332870483398438e+00,4.281426966190338135e-01
-7.753062844276428223e-01,-7.692633867263793945e-01,1.064544200897216797e+00
1.145658254623413086e+00,1.388204097747802734e+00,1.031484976410865784e-01
-2.337058931589126587e-01,1.117179274559020996e+00,1.293559074401855469e+00
-1.121978759765625000e+00,-6.657191514968872070e-01,2.377584725618362427e-01
-4.484036266803741455e-01,-1.171372413635253906e+00,1.016748905181884766e+00
1.275580406188964844e+00,1.120696902275085449e+00,4.940492212772369385e-01
-4.594192504882812500e-01,1.171400070190429688e+00,4.147189259529113770e-01
-3.650965690612792969e-01,5.356249213218688965e-01,1.470871686935424805e+00
8.371554613113403320e-01,8.158180713653564453e-01,2.032833099365234375e-01
4.207923635840415955e-02,-1.776510238647460938e+00,8.540690541267395020e-01
2.875895500183105469e-01,-9.508023858070373535e-01,1.149516105651855469e+00
-9.187860488891601562e-01,-2.941468954086303711e-01,6.518476605415344238e-01
7.006138563156127930e-01,7.105984091758728027e-01,1.517194271087646484e+00
9.429397583007812500e-01,3.908727169036865234e-01,7.862594723701477051e-01
1.436994969844818115e-01,1.758562773466110229e-01,1.545335769653320312e+00
4.343542456626892090e-01,1.052423357963562012e+00,2.072610855102539062e-01
-7.999818921089172363e-01,-1.814005374908447266e+00,5.030595064163208008e-01
-1.566265225410461426e-01,-5.199289321899414062e-01,1.357150435447692871e+00
-2.914327979087829590e-01,8.160026073455810547e-01,2.048802375793457031e-01
2.957575917243957520e-01,1.743008494377136230e+00,1.158940792083740234e+00
-8.397800326347351074e-01,8.378553390502929688e-02,2.027188092470169067e-01
-1.214034631848335266e-01,-1.977190971374511719e+00,2.577279508113861084e-01
8.029141426086425781e-01,1.997504532337188721e-01,1.084426999092102051e+00
3.847875595092773438e-01,-1.517894506454467773e+00,3.481561243534088135e-01
8.501663058996200562e-02,1.071876764297485352e+00,1.524981021881103516e+00
8.695917129516601562e-01,3.147125198665889911e-06,2.463922053575515747e-01
9.373916387557983398e-01,1.511605262756347656e+00,1.165764093399047852e+00
3.872088491916656494e-01,5.281195044517517090e-01,1.553702354431152344e+00
-2.292480468750000000e-01,1.439169406890869141e+00,1.131750822067260742e+00
-1.297214031219482422e-01,1.633073806762695312e+00,-2.230956964194774628e-02
3.618890345096588135e-01,1.784971594810485840e+00,2.418847084045410156e-01
4.747538566589355469e-01,-5.594091415405273438e-01,1.230995178222656250e+00
-1.008226752281188965e+00,-5.951561927795410156e-01,8.623156547546386719e-01
7.006500959396362305e-01,-3.337531089782714844e-01,8.682971000671386719e-01
-1.036680936813354492e+00,-1.530554175376892090e+00,2.006835937500000000e-01
-1.186864852905273438e+00,-1.235622048377990723e+00,8.369140625000000000e-01
-8.180174827575683594e-01,-9.960540384054183960e-02,9.406655430793762207e-01
3.741020858287811279e-01,1.848898887634277344e+00,8.444241285324096680e-01
-3.753564357757568359e-01,-1.289983749389648438e+00,2.027173042297363281e-01
-1.209948286414146423e-01,1.994143009185791016e+00,6.486446857452392578e-01
1.153062820434570312e+00,7.577902078628540039e-01,3.679827749729156494e-01
1.096995353698730469e+00,9.593356847763061523e-01,9.778047204017639160e-01
3.163208067417144775e-01,-1.661973714828491211e+00,6.959915161132812500e-01
2.123480886220932007e-01,-1.730598926544189453e+00,1.534478664398193359e-01
1.899853497743606567e-01,3.486757576465606689e-01,2.077512741088867188e-01
1.102690100669860840e+00,1.598675251007080078e+00,7.763220071792602539e-01
-7.606263756752014160e-01,-1.639260768890380859e+00,7.821316719055175781e-01
6.967889070510864258e-01,-3.705053329467773438e-01,4.902633428573608398e-01
-6.504077911376953125e-01,5.125923752784729004e-01,5.395451188087463379e-01
-3.492374420166015625e-01,8.129854202270507812e-01,1.297458887100219727e+00
6.715429425239562988e-01,3.485850393772125244e-01,2.065305709838867188e-01
3.674412369728088379e-01,-1.183813691139221191e+00,9.531979560852050781e-01
-7.138010859489440918e-01,1.944067329168319702e-01,9.687604904174804688e-01
-9.951875805854797363e-01,-9.763882160186767578e-01,9.920687675476074219e-01
5.422754287719726562e-01,-8.369508981704711914e-01,4.064233303070068359e-01
-9.404612779617309570e-01,-9.033288955688476562e-01,4.272460937500000000e-02
-1.019361495971679688e+00,-1.271225929260253906e+00,5.178626775741577148e-01
-4.709020853042602539e-01,-1.791150420904159546e-01,1.443297863006591797e+00
8.473001122474670410e-01,1.293496727943420410e+00,2.223033905029296875e-01
-4.342364370822906494e-01,-7.588680982589721680e-01,1.144772052764892578e+00
2.286971919238567352e-02,-1.772825568914413452e-01,1.501074790954589844e+00
7.232432365417480469e-01,1.276381015777587891e+00,1.437352657318115234e+00
-9.824737161397933960e-02,3.513165116310119629e-01,1.555947303771972656e+00
8.919081687927246094e-01,1.968818306922912598e-01,5.176098346710205078e-01
-7.948274016380310059e-01,-1.776627063751220703e+00,2.080359458923339844e-01
-1.006090641021728516e+00,-4.838788509368896484e-01,4.422665238380432129e-01
9.034383893013000488e-01,1.710401058197021484e+00,2.752673327922821045e-01
-3.433184623718261719e-01,1.640727758407592773e+00,2.755511403083801270e-01
1.948858648538589478e-01,-1.305117130279541016e+00,2.871909141540527344e-01
4.045520722866058350e-02,1.977953433990478516e+00,2.576220631599426270e-01
7.108817100524902344e-01,4.058479964733123779e-01,1.392585515975952148e+00
-1.095831245183944702e-01,-1.169072866439819336e+00,1.028482913970947266e+00
-1.318988054990768433e-01,1.291139602661132812e+00,2.091412544250488281e-01
-6.229547262191772461e-01,-1.529195666313171387e+00,1.942782402038574219e-01
2.742474377155303955e-01,1.292117476463317871e+00,2.146005630493164062e-01
-5.423402786254882812e-01,9.429574608802795410e-01,2.622973620891571045e-01
8.816985785961151123e-02,-7.436808347702026367e-01,1.261951446533203125e+00
-8.543481826782226562e-01,-9.902021288871765137e-02,4.520512223243713379e-01
1.907980293035507202e-01,8.156485557556152344e-01,2.017168998718261719e-01
-5.357134938240051270e-01,-1.052453517913818359e+00,2.075119018554687500e-01
2.832456827163696289e-01,-1.093770503997802734e+00,4.904904365539550781e-01
3.012206964194774628e-02,-8.157540559768676758e-01,2.027587890625000000e-01
-4.453463554382324219e-01,9.571201801300048828e-01,1.007818579673767090e+00
-4.499661028385162354e-01,-3.483093678951263428e-01,2.007088661193847656e-01
3.498739600181579590e-01,-3.483868241310119629e-01,2.021932601928710938e-01
8.948672413825988770e-01,1.760586261749267578e+00,6.287322640419006348e-01
-2.895480394363403320e-01,-1.160594448447227478e-01,2.024760246276855469e-01
-6.099763512611389160e-01,-1.160221248865127563e-01,2.006211280822753906e-01
-1.073876976966857910e+00,-1.270304679870605469e+00,1.049841269850730896e-01
-1.298281848430633545e-01,-3.482891023159027100e-01,1.999926567077636719e-01
5.318560600280761719e-01,-8.383028507232666016e-01,8.448868989944458008e-01
3.498367369174957275e-01,1.161578074097633362e-01,2.090930938720703125e-01
-1.028976321220397949e+00,-1.509868144989013672e+00,7.866010665893554688e-01
-1.298046857118606567e-01,1.161153763532638550e-01,2.073826789855957031e-01
-1.183946132659912109e+00,-8.492691516876220703e-01,4.322881996631622314e-01
-7.266497611999511719e-01,3.034403622150421143e-01,3.221774101257324219e-01
-8.804321289062500000e-01,-4.940229654312133789e-01,1.144043445587158203e+00
-4.676165580749511719e-01,1.778654009103775024e-01,1.482066631317138672e+00
1.335989952087402344e+00,1.299634814262390137e+00,2.980947792530059814e-01
4.971823692321777344e-01,-2.096048891544342041e-01,1.437661290168762207e+00
-1.253679275512695312e+00,-1.416342258453369141e+00,6.336436271667480469e-01
1.007411479949951172e+00,1.101640224456787109e+00,1.077630594372749329e-01
-1.336317062377929688e+00,-1.395973682403564453e+00,2.344464063644409180e-01
-5.948827862739562988e-01,-1.387737751007080078e+00,9.520392417907714844e-01
-8.581495285034179688e-02,1.704197049140930176e+00,1.245475530624389648e+00
2.741345167160034180e-01,1.263566732406616211e+00,1.493213653564453125e+00
-4.633062183856964111e-01,-1.785038471221923828e+00,7.372810244560241699e-01
-1.613647490739822388e-01,8.896089196205139160e-01,1.526057243347167969e+00
-3.067711293697357178e-01,1.565326690673828125e+00,8.281621932983398438e-01
2.684774696826934814e-01,8.876157402992248535e-01,1.538315773010253906e+00
-1.245186805725097656e+00,-1.030669689178466797e+00,2.349765002727508545e-01
-1.330945491790771484e-01,-1.493569374084472656e+00,9.633504748344421387e-01
-1.024816855788230896e-01,1.272673368453979492e+00,1.453522682189941406e+00
8.827986717224121094e-01,7.928192615509033203e-01,1.291491627693176270e+00
5.558333396911621094e-01,-6.248704791069030762e-01,9.850315451622009277e-01
1.131935119628906250e+00,1.346456527709960938e+00,1.191062092781066895e+00
-5.501928329467773438e-01,7.304769754409790039e-01,9.140902757644653320e-01
3.261735439300537109e-01,1.268386768060736358e-06,1.530945777893066406e+00
2.665594518184661865e-01,-1.255896210670471191e+00,1.239109039306640625e-02
1.042529582977294922e+00,5.776773095130920410e-01,5.069504976272583008e-01
5.586864948272705078e-01,1.684447765350341797e+00,1.119065880775451660e+00
4.653310775756835938e-01,-1.279319643974304199e+00,3.415695130825042725e-01
3.516763150691986084e-01,-8.156813383102416992e-01,2.020244598388671875e-01
-7.560163736343383789e-01,-1.880192458629608154e-01,1.166884422302246094e+00
-6.120443344116210938e-01,-5.814697742462158203e-01,2.026400566101074219e-01
-3.724772632122039795e-01,-8.171518445014953613e-01,2.151041030883789062e-01
-1.224630832672119141e+00,-1.034351229667663574e+00,6.940243244171142578e-01
7.598894834518432617e-01,1.053055882453918457e+00,2.116308212280273438e-01
6.129860877990722656e-01,3.128051730527658947e-06,1.337270379066467285e+00
-3.887777328491210938e-01,1.405260682106018066e+00,6.479748487472534180e-01
5.127419829368591309e-01,8.154346942901611328e-01,1.999034881591796875e-01
1.078595519065856934e+00,5.812824964523315430e-01,2.004442214965820312e-01
7.534149289131164551e-01,5.814535617828369141e-01,2.025785446166992188e-01
1.101684570312500000e-01,5.817588567733764648e-01,2.062034606933593750e-01
9.800649881362915039e-01,5.887669324874877930e-01,9.281868934631347656e-01
7.520516514778137207e-01,-3.484817743301391602e-01,2.045207023620605469e-01
-3.702403306961059570e-01,3.487060070037841797e-01,2.091722488403320312e-01
2.696737647056579590e-01,-1.161083951592445374e-01,2.057132720947265625e-01
-5.821566581726074219e-01,7.268573045730590820e-01,4.031237661838531494e-01
3.584021031856536865e-01,1.535798311233520508e+00,2.253575325012207031e-01
-2.957299649715423584e-01,-1.529800415039062500e+00,1.971507072448730469e-01
-8.549773693084716797e-01,-5.816081166267395020e-01,2.045254707336425781e-01
1.919183284044265747e-01,-1.053390145301818848e+00,2.139096260070800781e-01
-2.117141634225845337e-01,1.051322579383850098e+00,1.997737884521484375e-01
5.375523567199707031e-01,1.885537624359130859e+00,6.083099246025085449e-01
-1.192388162016868591e-01,2.066758632659912109e+00,4.179562330245971680e-01
-5.795677304267883301e-01,-9.697511196136474609e-01,1.032948970794677734e+00
4.772186279296875000e-01,-1.060059666633605957e+00,7.075251340866088867e-01
-5.020995810627937317e-02,8.158233165740966797e-01,2.032980918884277344e-01
-1.152556180953979492e+00,-7.932978868484497070e-01,4.426956176757812500e-03
2.146277427673339844e-01,-1.556938767433166504e+00,9.018144011497497559e-01
-6.455059051513671875e-01,5.129882097244262695e-01,8.258348107337951660e-01
4.307836890220642090e-01,-5.812794566154479980e-01,2.002830505371093750e-01
-5.004119873046875000e-02,-5.813632607460021973e-01,2.013597488403320312e-01
-5.070068314671516418e-02,-1.290501952171325684e+00,2.055692672729492188e-01
1.098965406417846680e-01,1.161846816539764404e-01,2.087717056274414062e-01
1.098599210381507874e-01,-3.483177423477172852e-01,2.008056640625000000e-01
-4.254436492919921875e-01,1.397467255592346191e+00,3.447866737842559814e-01
1.237132072448730469e+00,1.128224134445190430e+00,7.606896758079528809e-01
-1.084152221679687500e+00,-6.700028777122497559e-01,5.707751512527465820e-01
-7.796270847320556641e-01,-1.052137494087219238e+00,2.053670883178710938e-01
-4.517374336719512939e-01,-1.915245532989501953e+00,4.323629736900329590e-01
1.276257872581481934e+00,1.542321085929870605e+00,2.560348510742187500e-01
4.086494445800781250e-02,-1.927205085754394531e+00,6.571475267410278320e-01
1.189898610115051270e+00,1.171499729156494141e+00,-2.472076378762722015e-02
5.905255079269409180e-01,1.161476895213127136e-01,2.084827423095703125e-01
1.334842681884765625e+00,1.493547797203063965e+00,6.272659301757812500e-01
-3.709259033203125000e-01,5.818532705307006836e-01,2.074227333068847656e-01
4.303124845027923584e-01,3.486261665821075439e-01,2.071423530578613281e-01
-8.926185369491577148e-01,-3.513784408569335938e-01,9.592871069908142090e-01
1.242618560791015625e-01,-1.514311075210571289e+00,5.044433474540710449e-02
3.435899317264556885e-01,-7.405456900596618652e-01,1.286154747009277344e+00
-3.622762262821197510e-01,-5.820412635803222656e-01,1.271702289581298828e+00
-7.239031791687011719e-01,-1.175791025161743164e+00,9.941687583923339844e-01
8.610214293003082275e-02,-5.453316569328308105e-01,1.376207351684570312e+00
-2.158969044685363770e-01,-1.775700330734252930e+00,2.042918205261230469e-01
-7.148871421813964844e-01,3.040094971656799316e-01,7.443200349807739258e-01
2.805949449539184570e-01,1.474267840385437012e+00,1.407975196838378906e+00
2.041166275739669800e-01,-1.934873580932617188e+00,2.600344717502593994e-01
8.423268198966979980e-01,1.083879709243774414e+00,1.463648796081542969e+00
-1.124115943908691406e+00,-8.580055832862854004e-01,8.362368345260620117e-01
-2.943229675292968750e-01,1.785857200622558594e+00,3.617034852504730225e-02
-5.342769622802734375e-01,3.127451539039611816e-01,1.280625700950622559e+00
-3.507488965988159180e-01,-3.619025349617004395e-01,1.392150878906250000e+00
9.917969703674316406e-01,7.786926031112670898e-01,1.059617400169372559e+00
-9.927954077720642090e-01,-1.702917575836181641e+00,3.363684117794036865e-01
-4.504518508911132812e-01,1.173006296157836914e+00,6.378930807113647461e-01
1.597767621278762817e-01,-1.166100263595581055e+00,1.043670177459716797e+00
-3.308255076408386230e-01,1.139190673828125000e+00,1.093853712081909180e+00
4.084270447492599487e-02,1.929962158203125000e+00,8.289790153503417969e-01
7.649394273757934570e-01,1.449082851409912109e+00,1.303454875946044922e+00
1.074979543685913086e+00,8.102237582206726074e-01,1.539211273193359375e-01
7.505660057067871094e-01,-2.014378309249877930e-01,6.694445610046386719e-01
4.653301239013671875e-01,-1.279321670532226562e+00,1.199185177683830261e-01
-5.148324966430664062e-01,9.469741582870483398e-01,4.820211827754974365e-01
1.077191829681396484e+00,1.561473846435546875e+00,1.001468539237976074e+00
-3.095698356628417969e-01,-9.680666923522949219e-01,1.043259620666503906e+00
6.032538414001464844e-01,-4.127976894378662109e-01,1.048044443130493164e+00
1.275580406188964844e+00,1.120696902275085449e+00,1.697250306606292725e-01
5.378079414367675781e-01,-8.375300168991088867e-01,6.247088313102722168e-01
8.783349990844726562e-01,1.973193734884262085e-01,8.625216484069824219e-01
-9.192318916320800781e-01,-2.941252589225769043e-01,3.799685537815093994e-01
7.350584268569946289e-01,-6.382465362548828125e-03,1.069888472557067871e+00
5.782055258750915527e-01,8.895724415779113770e-01,1.526282310485839844e+00
3.009896278381347656e-01,-1.766110301017761230e+00,3.553777933120727539e-01
-1.281463623046875000e+00,-1.201280117034912109e+00,1.069500744342803955e-01
1.439236402511596680e-01,5.276609063148498535e-01,1.558420658111572266e+00
-3.169621229171752930e-01,-1.381890535354614258e+00,9.775075912475585938e-01
6.110706329345703125e-01,-6.195142865180969238e-01,4.720889031887054443e-01
6.907057762145996094e-01,2.033672332763671875e-01,1.321683883666992188e+00
6.124270558357238770e-01,1.789366245269775391e+00,2.597208023071289062e-01
-8.480148315429687500e-01,-9.912212193012237549e-02,7.277981638908386230e-01
9.079055786132812500e-01,3.931337594985961914e-01,9.981305003166198730e-01
4.883274063467979431e-02,-9.381618499755859375e-01,1.129612684249877930e+00
-6.250274181365966797e-01,-1.852418422698974609e+00,3.236407339572906494e-01
9.620766639709472656e-01,3.896378874778747559e-01,4.449931383132934570e-01
2.644874453544616699e-01,3.510411381721496582e-01,1.560255050659179688e+00
1.079778313636779785e+00,1.710906982421875000e+00,3.970190286636352539e-01
8.244075775146484375e-01,3.185272134942351840e-06,4.541946351528167725e-01
5.936343073844909668e-01,-8.156115412712097168e-01,2.014718055725097656e-01
1.020965814590454102e+00,1.538203716278076172e+00,2.366747856140136719e-01
-7.193984985351562500e-01,3.037914633750915527e-01,5.325742959976196289e-01
-1.210119202733039856e-01,-1.993370056152343750e+00,4.801235795021057129e-01
-9.556555747985839844e-01,-1.082524061203002930e+00,6.574357748031616211e-01
1.134985312819480896e-01,1.782494187355041504e+00,2.318420410156250000e-01
-6.536746025085449219e-01,-1.022531315684318542e-01,1.328924536705017090e+00
1.185638427734375000e+00,9.449298381805419922e-01,6.306833028793334961e-01
7.707656621932983398e-01,1.536977410316467285e+00,2.309079170227050781e-01
9.105904102325439453e-01,1.668529987335205078e+00,8.228904604911804199e-01
1.119933128356933594e+00,1.151168465614318848e+00,1.116504192352294922e+00
-7.884640693664550781e-01,1.000810787081718445e-01,4.568972587585449219e-01
4.941439628601074219e-01,-1.057309389114379883e+00,4.113836586475372314e-01
4.301835596561431885e-01,-9.751874804496765137e-01,9.994640350341796875e-01
-6.276901364326477051e-01,-1.830488204956054688e+00,6.159802079200744629e-01
-2.943229079246520996e-01,1.785857200622558594e+00,4.423284828662872314e-01
-1.007685542106628418e+00,-1.184118866920471191e+00,9.516296386718750000e-01
-2.147393226623535156e-01,1.672419190406799316e+00,9.841201305389404297e-01
-6.897780299186706543e-01,-5.628088712692260742e-01,1.195933818817138672e+00
-7.847228646278381348e-01,-9.717427492141723633e-01,1.020662784576416016e+00
7.561101913452148438e-01,-2.012586891651153564e-01,3.899084329605102539e-01
9.036297798156738281e-01,1.965040862560272217e-01,3.128851354122161865e-01
-1.260590553283691406e-01,1.461103796958923340e+00,1.309520483016967773e+00
-1.001783847808837891e+00,-1.654957294464111328e+00,6.432610750198364258e-01
1.214649677276611328e+00,9.402151107788085938e-01,3.006622195243835449e-01
4.142562672495841980e-02,1.857581138610839844e+00,1.076719999313354492e+00
3.674777150154113770e-01,1.940111637115478516e+00,3.731182813644409180e-01
-9.945807456970214844e-01,-4.848079979419708252e-01,6.450631618499755859e-01
2.066605687141418457e-01,1.871787071228027344e+00,9.563773870468139648e-01
8.001339435577392578e-01,3.733843863010406494e-01,1.213968753814697266e+00
-3.860976919531822205e-02,-3.590097725391387939e-01,1.437118053436279297e+00
5.268215537071228027e-01,1.265858650207519531e+00,1.483209133148193359e+00
7.431892752647399902e-01,1.606914043426513672e+00,1.139840245246887207e+00
-1.026074886322021484e+00,-4.822655618190765381e-01,2.408837825059890747e-01
1.029364109039306641e+00,5.789538621902465820e-01,7.095648050308227539e-01
-9.876908063888549805e-01,-7.764363884925842285e-01,1.009202480316162109e+00
3.847870826721191406e-01,-1.517894983291625977e+00,5.748534798622131348e-01
-8.517922759056091309e-01,-1.160095781087875366e-01,2.000679969787597656e-01
-1.245186805725097656e+00,-1.030669689178466797e+00,4.951748549938201904e-01
1.292571067810058594e+00,1.309597730636596680e+00,6.926623582839965820e-01
9.310734272003173828e-01,1.296094775199890137e+00,1.351430892944335938e+00
1.372219562530517578e+00,1.483693838119506836e+00,4.280474781990051270e-01
4.561233520507812500e-01,-4.222926199436187744e-01,1.372963070869445801e+00
-1.290127277374267578e+00,-1.213672757148742676e+00,6.249862313270568848e-01
-2.855641245841979980e-01,7.155143618583679199e-01,1.479243278503417969e+00
-4.969310760498046875e-01,9.495879411697387695e-01,7.773901224136352539e-01
4.033641889691352844e-02,-1.992843151092529297e+00,3.682720959186553955e-01
-4.565114974975585938e-01,7.410870194435119629e-01,1.151766061782836914e+00
1.335989952087402344e+00,1.299634814262390137e+00,1.046551465988159180e-01
7.231182456016540527e-01,1.752557277679443359e+00,7.459461688995361328e-01
7.689729332923889160e-01,8.938599228858947754e-01,1.499875545501708984e+00
2.606078982353210449e-02,-1.598633050918579102e+00,9.362530708312988281e-01
2.038833945989608765e-01,1.940692901611328125e+00,7.130470275878906250e-01
6.785340309143066406e-01,-4.079393744468688965e-01,6.782168149948120117e-01
-4.524559974670410156e-01,5.285730361938476562e-01,1.299531102180480957e+00
6.346423029899597168e-01,5.304108858108520508e-01,1.530031681060791016e+00
-3.201212882995605469e-01,1.395667076110839844e+00,9.174871444702148438e-01
-3.423605263233184814e-01,3.532444536685943604e-01,1.526127338409423828e+00
-1.183946132659912109e+00,-8.492689132690429688e-01,2.362365722656250000e-01
3.079956024885177612e-02,-1.773638367652893066e+00,1.959190368652343750e-01
1.019294261932373047e+00,9.503664374351501465e-01,1.152205944061279297e+00
-1.192865014076232910e+00,-1.602195739746093750e+00,2.835693359375000000e-01
5.121061801910400391e-01,7.071827054023742676e-01,1.543537139892578125e+00
5.496805310249328613e-01,1.770145416259765625e+00,9.197347760200500488e-01
5.088119506835937500e-01,3.520433306694030762e-01,1.544670581817626953e+00
-5.308408737182617188e-01,1.411438006471144035e-06,1.463077545166015625e+00
-2.837127745151519775e-01,-1.781816482543945312e-01,1.472243785858154297e+00
6.472190618515014648e-01,1.076794505119323730e+00,1.499846935272216797e+00
1.335989952087402344e+00,1.299634933471679688e+00,4.921951293945312500e-01
-3.541998863220214844e-01,9.704293608665466309e-01,1.174670338630676270e+00
-1.333702087402343750e+00,-1.396618366241455078e+00,4.292098879814147949e-01
8.603148907423019409e-02,1.262595295906066895e+00,1.497448444366455078e+00
2.665914893150329590e-01,-1.770103275775909424e-01,1.508702278137207031e+00
-1.176626533269882202e-01,-1.868242025375366211e+00,7.392711639404296875e-01
3.824864029884338379e-01,-1.434427857398986816e+00,7.485666275024414062e-01
-1.523090302944183350e-01,-6.986413002014160156e-01,1.246977686882019043e+00
2.090036273002624512e-01,-1.813604831695556641e+00,6.723875403404235840e-01
8.359008282423019409e-02,1.270771008421434090e-06,1.523595809936523438e+00
-2.809723615646362305e-01,1.764607131481170654e-01,1.525634765625000000e+00
5.114326477050781250e-01,1.344680754300497938e-06,1.505421161651611328e+00
-1.592050194740295410e-01,5.280799269676208496e-01,1.554054260253906250e+00
2.734445035457611084e-01,-5.439286231994628906e-01,1.390638351440429688e+00
3.856568932533264160e-01,1.755777150392532349e-01,1.552967548370361328e+00
-1.007530167698860168e-01,1.074872612953186035e+00,1.509662151336669922e+00
8.880732655525207520e-01,1.800370693206787109e+00,4.467736780643463135e-01
2.710488736629486084e-01,1.073286771774291992e+00,1.517761230468750000e+00
3.275799453258514404e-01,7.060394287109375000e-01,1.552395820617675781e+00
4.018000364303588867e-01,-1.467502593994140625e+00,1.614025831222534180e-01
8.426497876644134521e-02,8.870344161987304688e-01,1.541884899139404297e+00
7.678241729736328125e-01,6.043146848678588867e-01,1.383571147918701172e+00
6.902160644531250000e-01,-1.925535202026367188e-01,1.026170730590820312e+00
1.133526563644409180e-01,-1.546623229980468750e+00,2.762889862060546875e-01
-3.784896805882453918e-02,1.760591417551040649e-01,1.538586616516113281e+00
8.303588628768920898e-02,3.509092330932617188e-01,1.562385559082031250e+00
-7.185711860656738281e-01,-3.038313090801239014e-01,1.316701173782348633e+00
1.080268502235412598e+00,1.708502292633056641e+00,5.782207846641540527e-01
3.033132851123809814e-01,-1.398072123527526855e+00,9.069890975952148438e-01
3.671450614929199219e-01,1.944679260253906250e+00,5.995565652847290039e-01
-2.850768268108367920e-01,-1.949655055999755859e+00,3.720275759696960449e-01
-1.254798471927642822e-01,1.808591842651367188e+00,9.352050721645355225e-02
-3.741361796855926514e-01,1.285798907279968262e+00,1.793007850646972656e-01
-2.952064573764801025e-01,-1.770224094390869141e+00,7.969390749931335449e-01
-6.103453636169433594e-01,3.090660274028778076e-01,1.118850588798522949e+00
2.170741856098175049e-01,1.613372802734375000e+00,1.317190170288085938e+00
5.387486219406127930e-01,-3.727593123912811279e-01,1.223795413970947266e+00
5.347036123275756836e-01,1.912638664245605469e+00,4.332610964775085449e-01
-8.939123153686523438e-01,-7.654474973678588867e-01,1.428298950195312500e-01
7.485883831977844238e-01,-1.223521232604980469e-01,2.083801180124282837e-01
-6.629666686058044434e-01,-1.539957523345947266e+00,8.992745876312255859e-01
9.140197187662124634e-02,1.715134143829345703e+00,1.252352237701416016e+00
-1.272148936986923218e-01,-1.736768245697021484e+00,8.607906699180603027e-01
2.029930055141448975e-01,1.962788105010986328e+00,3.146475255489349365e-01
-9.848728179931640625e-01,-1.034878611564636230e+00,1.450039595365524292e-01
3.996006026864051819e-02,2.039409160614013672e+00,5.867953300476074219e-01
4.167776107788085938e-01,-1.261282444000244141e+00,8.102738857269287109e-01
-2.074502557516098022e-01,1.482318997383117676e+00,-2.623319625854492188e-02
9.189274311065673828e-01,1.619711875915527344e+00,1.017091631889343262e+00
-2.564053535461425781e-01,-9.404643774032592773e-01,2.129058837890625000e-01
-2.009776979684829712e-01,1.314950942993164062e+00,5.760559067130088806e-02
-6.112793087959289551e-01,3.486865460872650146e-01,2.085838317871093750e-01
-6.839051246643066406e-01,1.017657071352005005e-01,1.104822635650634766e+00
-4.541389346122741699e-01,-1.888228416442871094e+00,6.070407032966613770e-01
-3.433184623718261719e-01,1.640728235244750977e+00,-2.849059924483299255e-02
-8.705120682716369629e-01,-1.530083179473876953e+00,1.984562873840332031e-01
4.941564798355102539e-01,-7.754240036010742188e-01,1.016991615295410156e+00
1.012840867042541504e+00,1.293893456459045410e+00,2.245287895202636719e-01
3.771644532680511475e-01,1.806727886199951172e+00,1.030104041099548340e+00
-8.838012218475341797e-01,-2.787642478942871094e-01,1.115544557571411133e+00
6.827020049095153809e-01,1.293102502822875977e+00,2.200913429260253906e-01
-6.459599137306213379e-01,3.885319530963897705e-01,9.792561531066894531e-01
-5.112243443727493286e-02,1.534630894660949707e+00,2.198452949523925781e-01
-6.195783615112304688e-01,-1.289603710174560547e+00,2.005724906921386719e-01
-4.591488540172576904e-01,-1.529501438140869141e+00,1.957163810729980469e-01
4.372131228446960449e-01,1.292515635490417480e+00,2.167911529541015625e-01
-1.205449253320693970e-01,2.012727260589599609e+00,2.559045255184173584e-01
1.116531342267990112e-01,1.291728138923645020e+00,2.124152183532714844e-01
5.967761278152465820e-01,1.052735924720764160e+00,2.094411849975585938e-01
3.888953626155853271e-01,1.645200252532958984e+00,1.248911738395690918e+00
-2.129556238651275635e-01,-1.290238022804260254e+00,2.041440010070800781e-01
9.155721664428710938e-01,5.813686847686767578e-01,2.015142440795898438e-01
-9.340115189552307129e-01,-3.483511209487915039e-01,2.017993927001953125e-01
-3.737179338932037354e-01,-1.052663803100585938e+00,2.089366912841796875e-01
-1.071318149566650391e+00,-1.017425179481506348e+00,-3.237342834472656250e-02
2.724530100822448730e-01,1.052095651626586914e+00,2.050876617431640625e-01
6.745742559432983398e-01,8.156262040138244629e-01,2.015891075134277344e-01
8.331438899040222168e-01,3.485631346702575684e-01,2.061214447021484375e-01
-3.732978701591491699e-01,1.051480174064636230e+00,2.008323669433593750e-01
3.028991632163524628e-02,-1.053178429603576660e+00,2.124886512756347656e-01
-5.339399576187133789e-01,-8.169959187507629395e-01,2.136831283569335938e-01
5.907281637191772461e-01,-3.484398424625396729e-01,2.035875320434570312e-01
-4.526277184486389160e-01,8.161123394966125488e-01,2.058701515197753906e-01
7.516449093818664551e-01,1.161388754844665527e-01,2.080740928649902344e-01
5.919601321220397949e-01,5.815413594245910645e-01,2.036380767822265625e-01
3.516100943088531494e-01,8.155269622802734375e-01,2.006616592407226562e-01
1.908157318830490112e-01,-8.157250881195068359e-01,2.023916244506835938e-01
-1.305554211139678955e-01,-8.158041834831237793e-01,2.031254768371582031e-01
-6.106418967247009277e-01,-3.483231365680694580e-01,2.010693550109863281e-01
-4.509844779968261719e-01,-5.814275145530700684e-01,2.022728919982910156e-01
-6.103131175041198730e-01,1.160862818360328674e-01,2.046008110046386719e-01
1.066213250160217285e+00,7.965320944786071777e-01,8.541479110717773438e-01
2.704968154430389404e-01,5.817109346389770508e-01,2.057480812072753906e-01
-4.495515227317810059e-01,-1.160368099808692932e-01,2.015500068664550781e-01
2.999236993491649628e-02,3.486884534358978271e-01,2.081570625305175781e-01
-2.897418141365051270e-01,-3.482882678508758545e-01,2.003502845764160156e-01
-2.897081077098846436e-01,1.161236613988876343e-01,2.064571380615234375e-01
-1.233074516057968140e-01,1.898471355438232422e+00,7.763871550559997559e-01
2.129205316305160522e-01,-1.716417312622070312e+00,8.045112490653991699e-01
3.974468261003494263e-02,2.066259384155273438e+00,4.178897142410278320e-01
1.053321242332458496e+00,1.019316315650939941e+00,-1.942014694213867188e-02
-9.472216367721557617e-01,-1.289087653160095215e+00,1.976933479309082031e-01
9.271492958068847656e-01,9.869388937950134277e-01,1.359511256217956543e+00
2.794747352600097656e-01,-1.771782398223876953e+00,5.111612081527709961e-01
4.466481208801269531e-01,-1.065028071403503418e+00,8.600544333457946777e-01
3.282191455364227295e-01,-1.144657135009765625e+00,1.467980891466140747e-01
-9.866836071014404297e-01,-1.735527992248535156e+00,5.134906172752380371e-01
1.168384075164794922e+00,1.141683220863342285e+00,9.715704321861267090e-01
1.059441447257995605e+00,1.250900149345397949e+00,-1.552629470825195312e-02
-3.433184623718261719e-01,1.640727758407592773e+00,4.279040396213531494e-01
-3.433184623718261719e-01,1.640727758407592773e+00,1.234695389866828918e-01
-1.095992088317871094e+00,-1.057390213012695312e+00,9.125443696975708008e-01
1.147569656372070312e+00,9.511165618896484375e-01,8.349719047546386719e-01
-2.311615943908691406e-01,1.901655793190002441e+00,5.170996189117431641e-01
-5.643894672393798828e-01,-6.472525596618652344e-01,1.188446640968322754e+00
-1.297329664230346680e-01,-1.160511821508407593e-01,2.034020423889160156e-01
-8.438979983329772949e-01,-1.529315948486328125e+00,8.421694636344909668e-01
-2.103884816169738770e-01,5.818220973014831543e-01,2.070150375366210938e-01
2.161362469196319580e-01,-1.636609554290771484e+00,3.717651218175888062e-02
-4.254436492919921875e-01,1.397467136383056641e+00,4.943397343158721924e-01
-6.191592216491699219e-01,7.226660251617431641e-01,2.580969035625457764e-01
-4.749183654785156250e-01,1.168624281883239746e+00,2.664282023906707764e-01
6.958493590354919434e-01,-3.794412612915039062e-01,3.414825499057769775e-01
4.653301239013671875e-01,-1.279321670532226562e+00,4.897274672985076904e-01
4.841346740722656250e-01,-1.058935999870300293e+00,5.591189265251159668e-01
-1.223686337471008301e+00,-1.319420933723449707e+00,3.670711517333984375e-01
4.065043628215789795e-01,1.402744770050048828e+00,1.437269806861877441e+00
-9.244771003723144531e-01,-4.904671311378479004e-01,9.965806603431701660e-01
-5.070257186889648438e-01,9.481138586997985840e-01,6.290798783302307129e-01
-5.359281897544860840e-01,-1.613062739372253418e+00,8.815217018127441406e-01
7.132509946823120117e-01,1.824162006378173828e+00,6.180233359336853027e-01
1.202850341796875000e+00,1.330184698104858398e+00,1.040264248847961426e+00
2.486197352409362793e-01,-8.305201530456542969e-01,1.221513986587524414e+00
-7.753047943115234375e-01,1.002931743860244751e-01,8.766964673995971680e-01
6.027522087097167969e-01,-6.203209757804870605e-01,8.325817584991455078e-01
9.390478134155273438e-01,8.991423845291137695e-01,1.438903808593750000e-01
5.449408888816833496e-01,1.815237045288085938e+00,7.341576814651489258e-01
-6.561837196350097656e-01,5.121259689331054688e-01,3.264746069908142090e-01
3.970316946506500244e-01,1.533167839050292969e+00,1.339236259460449219e+00
-4.526028335094451904e-01,-1.905521392822265625e+00,2.623583972454071045e-01
-2.470726966857910156e-01,9.860720634460449219e-01,1.350116252899169922e+00
-2.943229675292968750e-01,1.785856246948242188e+00,2.678933739662170410e-01
9.238573908805847168e-01,1.053375124931335449e+00,2.138323783874511719e-01
1.220078945159912109e+00,1.523803472518920898e+00,7.070538401603698730e-01
6.133685111999511719e-01,-6.192914247512817383e-01,3.291488587856292725e-01
-6.480860710144042969e-01,5.127798914909362793e-01,6.822811961174011230e-01
-5.007751286029815674e-02,5.817871093750000000e-01,2.066092491149902344e-01
-2.879498898983001709e-01,-1.898786067962646484e+00,2.053533941507339478e-01
-4.548816680908203125e-01,3.165860772132873535e-01,1.447953581809997559e+00
-5.699194073677062988e-01,-7.640734910964965820e-01,1.104570388793945312e+00
-8.643398880958557129e-01,-1.179230093955993652e+00,9.765954017639160156e-01
-1.156035900115966797e+00,-8.533445000648498535e-01,6.985993981361389160e-01
-6.423364281654357910e-01,-1.709867000579833984e+00,7.504458427429199219e-01
-2.577509880065917969e-01,1.894186377525329590e+00,3.592440783977508545e-01
-2.523483335971832275e-01,-1.600588798522949219e+00,9.288153648376464844e-01
-5.797567367553710938e-01,7.271284461021423340e-01,5.472561717033386230e-01
-6.285198926925659180e-01,-1.775903582572937012e+00,2.050895690917968750e-01
-7.353928685188293457e-01,-1.390386819839477539e+00,9.404749870300292969e-01
-1.121979713439941406e+00,-6.657191514968872070e-01,4.350732266902923584e-01
1.173385620117187500e+00,1.140704274177551270e+00,6.356703042984008789e-01
7.482752799987792969e-01,-2.015117853879928589e-01,8.102650046348571777e-01
-2.100073248147964478e-01,3.486996889114379883e-01,2.087655067443847656e-01
8.166027069091796875e-01,2.994537226186366752e-06,8.707661032676696777e-01
-1.256037056446075439e-01,1.803405761718750000e+00,1.088346362113952637e+00
-1.602050811052322388e-01,7.076694369316101074e-01,1.539759635925292969e+00
7.540564537048339844e-01,-2.013250440359115601e-01,5.292916893959045410e-01
-4.554951488971710205e-01,-1.385083794593811035e+00,9.636006355285644531e-01
-3.008195459842681885e-01,-7.537392377853393555e-01,1.184309959411621094e+00
8.861250877380371094e-01,1.970683485269546509e-01,7.235713005065917969e-01
-5.406176447868347168e-01,1.816696673631668091e-01,1.364013671875000000e+00
-1.027137756347656250e+00,-1.404967665672302246e+00,8.769459724426269531e-01
1.133728861808776855e+00,1.446639060974121094e+00,2.278033345937728882e-01
-8.090589046478271484e-01,-1.755170345306396484e+00,6.277362108230590820e-01
8.225026130676269531e-01,2.765655381153919734e-06,5.922341942787170410e-01
1.120970726013183594e+00,7.619511485099792480e-01,5.021047592163085938e-01
9.522061347961425781e-01,3.902745842933654785e-01,6.488552689552307129e-01
-5.854885578155517578e-01,-1.173350095748901367e+00,1.006661415100097656e+00
1.214649677276611328e+00,9.402151107788085938e-01,4.964344799518585205e-01
-8.524141311645507812e-01,-9.905118495225906372e-02,5.894427299499511719e-01
-7.101082801818847656e-01,3.042405545711517334e-01,8.867992758750915527e-01
-9.179644584655761719e-01,-2.941867411136627197e-01,7.887838482856750488e-01
-7.975814938545227051e-01,-4.313044548034667969e-01,1.233014225959777832e+00
-9.404609203338623047e-01,-9.033279418945312500e-01,1.794924885034561157e-01
-4.265060275793075562e-02,-1.377240896224975586e+00,9.977884292602539062e-01
-1.081611588597297668e-01,-9.634304642677307129e-01,1.071848869323730469e+00
-1.690406799316406250e-01,1.299285650253295898e+00,1.337536811828613281e+00
-1.113500595092773438e+00,-1.653769373893737793e+00,3.816235363483428955e-01
2.666064500808715820e-01,-1.481412291526794434e+00,-3.052711486816406250e-02
-9.902944564819335938e-01,-4.851541817188262939e-01,7.810257077217102051e-01
-3.124954104423522949e-01,-1.170429706573486328e+00,1.021544456481933594e+00
-3.248804807662963867e-01,1.244509220123291016e+00,1.008231759071350098e+00
6.366047263145446777e-01,3.550055623054504395e-01,1.498790264129638672e+00
2.473464012145996094e-01,-1.549431085586547852e+00,6.641973853111267090e-01
2.088488787412643433e-01,1.817477703094482422e+00,1.085963368415832520e+00
-9.195952415466308594e-01,-2.941080331802368164e-01,5.155981183052062988e-01
2.527908235788345337e-02,-1.168666839599609375e+00,1.030561447143554688e+00
1.093312978744506836e+00,1.644608497619628906e+00,2.803793251514434814e-01
-4.442385733127593994e-01,-9.689236879348754883e-01,1.038026332855224609e+00
-1.077047824859619141e+00,-6.708077788352966309e-01,7.050909399986267090e-01
3.620538115501403809e-01,-1.078182458877563477e+00,3.836960792541503906e-01
1.041841983795166016e+00,5.777439475059509277e-01,3.736163377761840820e-01
-2.517809867858886719e-01,1.208587050437927246e+00,1.199035882949829102e+00
3.196125030517578125e-01,-1.532849073410034180e+00,8.107426166534423828e-01
2.936535477638244629e-01,-1.162794470787048340e+00,1.060563564300537109e+00
4.042278230190277100e-02,-1.982088088989257812e+00,5.372611880302429199e-01
-8.723660707473754883e-01,-1.845836639404296875e-01,8.560889959335327148e-01
-1.183945655822753906e+00,-8.492688536643981934e-01,5.634956359863281250e-01
-4.047602713108062744e-01,1.449584942747605965e-06,1.496949672698974609e+00
-6.219319105148315430e-01,-1.877912521362304688e+00,4.946587979793548584e-01
-9.674138426780700684e-01,-3.810386955738067627e-01,1.095419406890869141e+00
-7.067632675170898438e-02,3.631114850577432662e-06,2.057351619005203247e-01
9.135015606880187988e-01,1.161317601799964905e-01,2.076635360717773438e-01
1.275580406188964844e+00,1.120697140693664551e+00,3.640661537647247314e-01
1.214649200439453125e+00,9.402151107788085938e-01,1.705444306135177612e-01
-1.245186805725097656e+00,-1.030669689178466797e+00,3.648956120014190674e-01
-1.245186805725097656e+00,-1.030669808387756348e+00,1.052886918187141418e-01
-1.305840969085693359e+00,-1.210332512855529785e+00,2.339712530374526978e-01
-4.886033535003662109e-01,-5.567707419395446777e-01,1.258234977722167969e+00
6.675001382827758789e-01,1.392364424646075349e-06,1.219891071319580078e+00
-4.778793156147003174e-01,-3.633483052253723145e-01,1.369646549224853516e+00
1.515046656131744385e-01,1.467159032821655273e+00,1.434940814971923828e+00
-2.249616980552673340e-01,-3.604518771171569824e-01,1.414620399475097656e+00
-1.138607501983642578e+00,-1.444704532623291016e+00,7.820043563842773438e-01
-1.203343749046325684e+00,-1.554777145385742188e+00,5.970599055290222168e-01
3.996330201625823975e-01,-5.450655221939086914e-01,1.378945827484130859e+00
-5.985867381095886230e-01,-1.801154166460037231e-01,1.412168025970458984e+00
2.053922265768051147e-01,1.903256416320800781e+00,8.339947462081909180e-01
-1.794259548187255859e-01,-1.379101514816284180e+00,9.896826744079589844e-01
3.920786976814270020e-01,-3.568166196346282959e-01,1.470900535583496094e+00
4.000827074050903320e-01,1.264446496963500977e+00,1.489377975463867188e+00
-1.241814047098159790e-01,-1.862308502197265625e+00,2.065533399581909180e-01
-4.946977198123931885e-01,5.637150406837463379e-01,1.186620235443115234e+00
1.153062820434570312e+00,7.577915787696838379e-01,2.369644045829772949e-01
-9.834585189819335938e-01,-7.741302251815795898e-01,5.555236712098121643e-02
-7.945809364318847656e-01,9.998264908790588379e-02,3.183581531047821045e-01
-2.639826834201812744e-01,-1.878116607666015625e+00,7.061672210693359375e-01
-5.666143894195556641e-01,6.221861839294433594e-01,9.741598367691040039e-01
7.167533636093139648e-01,1.798749923706054688e+00,3.276983499526977539e-01
9.381041526794433594e-01,5.878031849861145020e-01,1.065192222595214844e+00
9.556623697280883789e-01,1.404631614685058594e+00,2.281445264816284180e-01
4.537908732891082764e-01,8.887144923210144043e-01,1.531576156616210938e+00
2.553530633449554443e-01,-6.634478569030761719e-01,1.327783346176147461e+00
8.471481502056121826e-02,-3.580038249492645264e-01,1.452688694000244141e+00
-1.605201661586761475e-01,-1.777279376983642578e-01,1.486409187316894531e+00
3.721263408660888672e-01,1.876103401184082031e+00,7.234647870063781738e-01
-4.254436492919921875e-01,1.397467613220214844e+00,1.955731213092803955e-01
-3.003711104393005371e-01,1.678710937500000000e+00,6.904134750366210938e-01
-1.240506693720817566e-01,1.867679595947265625e+00,2.063375860452651978e-01
1.086308360099792480e+00,8.829917907714843750e-01,5.511291325092315674e-02
4.104186967015266418e-02,1.905242443084716797e+00,9.493981599807739258e-01
1.038641929626464844e-01,-6.686963438987731934e-01,2.015975862741470337e-01
3.892306387424468994e-01,-1.772048473358154297e-01,1.502489089965820312e+00
5.098441839218139648e-01,5.286816954612731934e-01,1.547866344451904297e+00
-8.532400131225585938e-01,-2.706766128540039062e-02,2.845050096511840820e-01
-3.832199051976203918e-02,8.876161575317382812e-01,1.538349628448486328e+00
-4.024505615234375000e-02,-7.468640804290771484e-01,1.237392902374267578e+00
2.054701149463653564e-01,7.057906985282897949e-01,1.554271221160888672e+00
-3.832000494003295898e-02,1.322031039308058098e-06,1.518959522247314453e+00
-8.046174645423889160e-01,-1.783959865570068359e+00,3.294042944908142090e-01
1.447625756263732910e-01,-1.771572232246398926e-01,1.504981040954589844e+00
-2.195824384689331055e-01,3.518284559249877930e-01,1.548055648803710938e+00
-5.704016685485839844e-01,7.281885147094726562e-01,7.654038667678833008e-01
2.653536796569824219e-01,5.278342366218566895e-01,1.556613445281982422e+00
3.858911097049713135e-01,3.511833548545837402e-01,1.558069705963134766e+00
-3.787002339959144592e-02,5.277507901191711426e-01,1.557594776153564453e+00
-1.591366529464721680e-01,1.761963963508605957e-01,1.533921241760253906e+00
2.047961354255676270e-01,1.277923502129851840e-06,1.527844429016113281e+00
-6.237100362777709961e-01,1.876750737428665161e-01,1.177640438079833984e+00
-9.307250976562500000e-01,-6.873795986175537109e-01,1.068295836448669434e+00
2.645845115184783936e-01,1.756777912378311157e-01,1.550037860870361328e+00
-1.813583374023437500e-01,2.314762324094772339e-01,2.090640217065811157e-01
4.065296053886413574e-02,1.953502178192138672e+00,7.106878757476806641e-01
-3.924423083662986755e-02,-5.468991398811340332e-01,1.360127925872802734e+00
-1.217642948031425476e-01,-1.962271690368652344e+00,5.960748195648193359e-01
-1.183946132659912109e+00,-8.492689132690429688e-01,1.058535724878311157e-01
2.275540530681610107e-01,-1.353283882141113281e+00,9.884071350097656250e-01
-9.924766421318054199e-01,-1.704617023468017578e+00,2.165368646383285522e-01
-1.751171797513961792e-01,1.534251928329467773e+00,1.180440902709960938e+00
-3.523688316345214844e-01,1.413000106811523438e+00,8.038996458053588867e-01
-3.591788411140441895e-01,6.368751525878906250e-01,1.408286452293395996e+00
1.275580406188964844e+00,1.120696902275085449e+00,4.039947316050529480e-02
2.220924645662307739e-01,1.488845348358154297e+00,2.216830402612686157e-01
1.109415054321289062e+00,1.050657272338867188e+00,1.052731633186340332e+00
-5.483675003051757812e-01,8.275527954101562500e-01,4.557514786720275879e-01
-6.902098059654235840e-01,1.277923502129851840e-06,1.165154933929443359e+00
8.269613385200500488e-01,1.527648925781250000e+00,1.205492019653320312e+00
1.134595036506652832e+00,1.442397117614746094e+00,1.122152686119079590e+00
9.281976222991943359e-01,8.242818117141723633e-01,2.780098915100097656e-01
-6.038830280303955078e-01,1.258850033991620876e-06,1.359843730926513672e+00
-1.918624788522720337e-01,1.885507822036743164e+00,6.813974380493164062e-01
-3.944579958915710449e-01,-1.189231872558593750e-02,2.036563009023666382e-01
4.018000364303588867e-01,-1.467502117156982422e+00,4.698240458965301514e-01
3.653607368469238281e-01,-1.078238248825073242e+00,1.022655606269836426e+00
1.368770122528076172e+00,1.484603404998779297e+00,2.987329065799713135e-01
-2.943227589130401611e-01,1.785857677459716797e+00,5.591419935226440430e-01
4.075260162353515625e-01,-6.392512917518615723e-01,1.310322880744934082e+00
1.115692108869552612e-01,-1.290754199028015137e+00,2.069950103759765625e-01
5.406901240348815918e-01,1.855683803558349609e+00,3.228457570075988770e-01
-3.664218187332153320e-01,1.485153794288635254e+00,-1.291704177856445312e-02
-2.943247258663177490e-01,1.785851478576660156e+00,1.519570946693420410e-01
7.687185406684875488e-01,1.421657085418701172e+00,2.263223230838775635e-01
-7.571649551391601562e-01,-1.005857810378074646e-01,1.092007756233215332e+00
9.708681106567382812e-01,3.890705406665802002e-01,3.099169731140136719e-01
3.653334379196166992e-01,1.969628334045410156e+00,4.835296571254730225e-01
-1.163026690483093262e+00,-1.001186013221740723e+00,8.394799232482910156e-01
2.130863964557647705e-01,1.712325096130371094e+00,1.231015324592590332e+00
9.506803154945373535e-01,1.433806419372558594e+00,1.247761845588684082e+00
2.710113488137722015e-02,-1.864710927009582520e+00,7.510924339294433594e-01
-1.196559891104698181e-01,2.049546241760253906e+00,5.301766991615295410e-01
4.877982139587402344e-01,-6.314676403999328613e-01,1.144319772720336914e+00
4.258680343627929688e-02,-2.242579162120819092e-01,2.025445550680160522e-01
5.228655934333801270e-01,1.536274552345275879e+00,2.275714874267578125e-01
6.988635659217834473e-02,-1.675375938415527344e+00,1.562420576810836792e-01
2.041216939687728882e-01,-1.934757709503173828e+00,3.728344738483428955e-01
-2.839625477790832520e-01,-1.969419956207275391e+00,4.830471575260162354e-01
2.006522268056869507e-01,2.020873069763183594e+00,4.220626652240753174e-01
-3.000128567218780518e-01,-1.685071945190429688e+00,8.703750371932983398e-01
1.988067626953125000e-01,-1.807350397109985352e+00,3.326964378356933594e-01
8.111958503723144531e-01,8.020994663238525391e-01,1.451677680015563965e+00
-5.029235780239105225e-02,1.737800121307373047e+00,5.049657821655273438e-02
-1.211290732026100159e-01,-1.988538742065429688e+00,3.686840832233428955e-01
4.041885212063789368e-02,-1.982481956481933594e+00,2.573898136615753174e-01
-1.129554733633995056e-01,-1.598933815956115723e+00,9.351015090942382812e-01
7.327805757522583008e-01,1.862888932228088379e-01,1.220625877380371094e+00
-6.792974472045898438e-02,1.473459243774414062e+00,1.402026176452636719e+00
1.560638397932052612e-01,-9.509825706481933594e-01,1.148412227630615234e+00
1.283993840217590332e+00,1.603944301605224609e+00,3.461926281452178955e-01
-8.610582351684570312e-02,-1.151609420776367188e+00,2.088891565799713135e-01
-1.297604292631149292e-01,1.498025774955749512e+00,4.765176773071289062e-02
-1.203992247581481934e+00,-1.531031966209411621e+00,2.029204368591308594e-01
1.154387950897216797e+00,1.541122436523437500e+00,8.513265848159790039e-01
-1.417431831359863281e-01,1.690411329269409180e+00,1.154885172843933105e+00
3.009901046752929688e-01,-1.766109466552734375e+00,2.015808075666427612e-01
2.402243316173553467e-01,-1.038862228393554688e+00,1.111712336540222168e+00
-9.164336919784545898e-01,-1.658984184265136719e+00,7.073278427124023438e-01
-2.815541028976440430e-01,5.297431349754333496e-01,1.536994934082031250e+00
-2.100009173154830933e-01,1.727202057838439941e+00,7.518291473388671875e-03
-7.830631136894226074e-01,1.525878815300529823e-06,9.551415443420410156e-01
-1.233425855636596680e+00,-9.958324432373046875e-01,5.950231552124023438e-01
-1.295276880264282227e+00,-1.305589079856872559e+00,2.898526191711425781e-01
1.213315367698669434e+00,1.195708990097045898e+00,8.924231529235839844e-01
4.126186296343803406e-02,-1.877922534942626953e+00,2.058721929788589478e-01
-9.976210594177246094e-01,-6.798032522201538086e-01,5.116375684738159180e-01
-9.701275229454040527e-01,-9.897212982177734375e-01,-3.344634920358657837e-02
-5.590096712112426758e-01,3.754997253417968750e-01,1.181185245513916016e+00
1.212139606475830078e+00,1.017992854118347168e+00,-2.847290039062500000e-02
-6.513624191284179688e-01,-1.635528564453125000e+00,8.221597075462341309e-01
-1.019401192665100098e+00,-5.824875235557556152e-01,2.153353691101074219e-01
6.830087304115295410e-01,1.507772803306579590e+00,1.280883312225341797e+00
-2.261154055595397949e-01,9.024683833122253418e-01,1.446954250335693359e+00
