1.002386093139648438e+00,2.937316821771673858e-06,4.411048889160156250e-01
-1.693807363510131836e+00,1.786993026733398438e+00,7.100411653518676758e-01
4.852592647075653076e-01,-2.383074283599853516e+00,3.931970000267028809e-01
-9.546484947204589844e-01,-9.740379452705383301e-02,9.198754429817199707e-01
1.586732864379882812e-01,1.803629994392395020e+00,4.900146275758743286e-02
1.488575637340545654e-01,9.070690870285034180e-01,1.418618679046630859e+00
1.634135723114013672e+00,-1.414642930030822754e+00,8.442716598510742188e-01
-1.306365877389907837e-01,-1.048093199729919434e+00,1.776671409606933594e-01
2.122170925140380859e-01,-5.473864078521728516e-01,1.355042934417724609e+00
-1.235276818275451660e+00,7.948206663131713867e-01,1.789331436157226562e-02
-5.321603417396545410e-01,2.180610179901123047e+00,1.107489585876464844e+00
-4.972259327769279480e-02,5.776647925376892090e-01,1.555457115173339844e-01
-9.532806277275085449e-01,1.120189785957336426e+00,1.278177738189697266e+00
9.168499708175659180e-01,-1.045385599136352539e+00,1.591167449951171875e-01
2.324171364307403564e-01,-1.583463907241821289e+00,9.937777519226074219e-01
-7.986611723899841309e-01,1.785196065902709961e+00,2.427959442138671875e-01
1.334628820419311523e+00,-2.098161220550537109e+00,2.606008946895599365e-01
1.037297844886779785e+00,-7.749302387237548828e-01,1.020821571350097656e+00
7.011737823486328125e-01,2.030299007892608643e-01,1.246759653091430664e+00
-3.439605534076690674e-01,1.775414943695068359e-01,1.492219924926757812e+00
-5.433210134506225586e-01,-8.844056129455566406e-01,9.341068863868713379e-01
4.244261384010314941e-01,1.155972480773925781e+00,6.273401975631713867e-01
-6.085397005081176758e-01,-3.471238315105438232e-01,1.762781143188476562e-01
2.680773735046386719e-01,-3.461432456970214844e-01,1.560997962951660156e-01
-1.253415644168853760e-01,-1.814238548278808594e+00,3.237585425376892090e-01
1.672619819641113281e+00,-1.222394704818725586e+00,9.843536466360092163e-02
4.294341802597045898e-02,1.669024944305419922e+00,1.054674863815307617e+00
-1.479295611381530762e+00,8.928127288818359375e-01,7.698566913604736328e-01
-2.633635699748992920e-01,2.334331035614013672e+00,3.958001732826232910e-01
9.439851045608520508e-01,-1.807844519615173340e+00,9.416646957397460938e-01
6.714401245117187500e-01,5.804867744445800781e-01,1.905455589294433594e-01
-2.933134436607360840e-01,1.286544799804687500e+00,1.834530830383300781e-01
6.884112358093261719e-01,-1.770060181617736816e+00,1.814036369323730469e-01
-6.870324611663818359e-01,3.462283909320831299e-01,1.578512191772460938e-01
-1.141018390655517578e+00,1.750919461250305176e+00,1.132438659667968750e+00
-1.044709563255310059e+00,2.272608280181884766e+00,6.817892193794250488e-01
1.420122146606445312e+00,-7.231786847114562988e-01,4.765540957450866699e-01
-1.629965662956237793e+00,1.300412416458129883e+00,2.609286308288574219e-01
-1.047641277313232422e+00,4.805245995521545410e-01,1.250320434570312500e+00
-3.638960123062133789e-01,1.303923964500427246e+00,1.317327499389648438e+00
6.668626070022583008e-01,6.552186012268066406e-01,8.264260888099670410e-01
-5.416534543037414551e-01,-3.638452887535095215e-01,1.361901283264160156e+00
-1.163511276245117188e+00,2.823099493980407715e-01,4.949148595333099365e-01
-3.167749643325805664e-01,-1.388100147247314453e+00,6.648751497268676758e-01
-5.367445349693298340e-01,7.195969223976135254e-01,1.447742462158203125e+00
1.942755877971649170e-01,-2.179072856903076172e+00,8.438599705696105957e-01
1.056395530700683594e+00,-1.915798485279083252e-01,9.722854495048522949e-01
6.343310475349426270e-01,-1.168874263763427734e+00,1.029494285583496094e+00
-1.557118535041809082e+00,1.359740376472473145e+00,1.074056625366210938e+00
2.074194252490997314e-01,1.354217488369613420e-06,1.457749843597412109e+00
1.179601430892944336e+00,-1.526561379432678223e+00,1.818833351135253906e-01
-1.032697558403015137e+00,1.292800426483154297e+00,2.183995246887207031e-01
9.633065462112426758e-01,-2.281420230865478516e+00,6.781927347183227539e-01
-1.391331553459167480e+00,1.786864638328552246e+00,2.495737075805664062e-01
4.335833787918090820e-01,-1.281786680221557617e+00,1.569199562072753906e-01
4.755435883998870850e-02,-1.096868991851806641e+00,1.100037932395935059e+00
1.907769739627838135e-01,1.047125577926635742e+00,1.710104942321777344e-01
-1.411972045898437500e-01,1.876286387443542480e+00,6.123766899108886719e-01
-7.457733154296875000e-01,-5.048935413360595703e-01,6.717886328697204590e-01
7.484084963798522949e-01,-5.775898694992065430e-01,1.547188758850097656e-01
5.068417191505432129e-01,1.153907403349876404e-01,1.614141464233398438e-01
-5.296707153320312500e-01,8.104635477066040039e-01,1.560068130493164062e-01
-2.082443237304687500e-01,1.152975782752037048e-01,1.558885574340820312e-01
-5.396302938461303711e-01,-9.259271621704101562e-01,4.484874010086059570e-01
-2.310217171907424927e-01,-7.387854456901550293e-01,1.299705982208251953e+00
6.597055196762084961e-01,-3.678910732269287109e-01,1.299174785614013672e+00
1.589936256408691406e+00,-1.806145787239074707e+00,5.468008518218994141e-01
-7.278169989585876465e-01,2.281830310821533203e+00,2.979626357555389404e-01
1.132341146469116211e+00,-1.380225777626037598e+00,9.847683906555175781e-01
2.694647014141082764e-01,-8.104414939880371094e-01,1.558704376220703125e-01
1.178189754486083984e+00,-3.756959438323974609e-01,2.344757020473480225e-01
-2.089413404464721680e-01,-5.778210163116455078e-01,1.574544906616210938e-01
2.333883196115493774e-01,1.208535194396972656e+00,1.080069661140441895e+00
-9.398422241210937500e-01,-9.764251857995986938e-02,3.782873451709747314e-01
-6.529039144515991211e-01,1.743759274482727051e+00,1.156426906585693359e+00
1.345638394355773926e+00,-8.786644935607910156e-01,5.535705387592315674e-02
-7.738461494445800781e-01,1.003166362643241882e-01,1.375960469245910645e+00
2.246289253234863281e-01,-2.021808862686157227e+00,1.273355036973953247e-01
2.924828529357910156e-01,1.539073348045349121e+00,4.295220971107482910e-01
3.959316909313201904e-01,5.400165915489196777e-01,1.431012630462646484e+00
-9.990600496530532837e-02,5.354115962982177734e-01,1.478489875793457031e+00
-5.560398101806640625e-01,2.420595645904541016e+00,7.018402218818664551e-01
-1.264770030975341797e+00,8.374667167663574219e-01,1.146647453308105469e+00
8.779717683792114258e-01,-2.291087388992309570e+00,2.494177818298339844e-01
9.193615913391113281e-01,1.959969252347946167e-01,8.567411899566650391e-01
1.404792308807373047e+00,-9.810321331024169922e-01,9.634985923767089844e-01
-9.561396837234497070e-01,2.181114196777343750e+00,1.106126308441162109e+00
-1.381400108337402344e+00,6.363384723663330078e-01,4.158712625503540039e-01
5.460275411605834961e-01,-7.540257573127746582e-01,1.182105064392089844e+00
1.346464157104492188e+00,-2.054690837860107422e+00,7.797824144363403320e-01
-2.996048033237457275e-01,1.783942103385925293e+00,2.377257347106933594e-01
5.970350503921508789e-01,-2.031289577484130859e+00,9.155478477478027344e-01
-1.262051314115524292e-01,-1.778519630432128906e+00,7.355211973190307617e-01
-1.361622333526611328e+00,1.983884215354919434e+00,8.417318463325500488e-01
-2.526259422302246094e-01,-1.434200286865234375e+00,2.007135003805160522e-01
-1.890856921672821045e-01,2.255379676818847656e+00,9.054312705993652344e-01
4.457163214683532715e-01,8.628172874450683594e-01,1.146627187728881836e+00
-1.614526361227035522e-01,-1.787605583667755127e-01,1.454377651214599609e+00
-1.085826396942138672e+00,2.860671281814575195e-01,9.008506536483764648e-01
7.878627777099609375e-01,4.008798897266387939e-01,5.272477865219116211e-01
-1.094318866729736328e+00,2.048125743865966797e+00,2.601428031921386719e-01
1.590043544769287109e+00,-1.059131860733032227e+00,5.902137756347656250e-01
-1.580833911895751953e+00,1.765017509460449219e+00,1.085172176361083984e+00
3.915489092469215393e-02,-2.139466285705566406e+00,4.659924209117889404e-01
-1.675967693328857422e+00,1.312258601188659668e+00,6.486146450042724609e-01
5.802407264709472656e-01,8.320309519767761230e-01,4.761015176773071289e-01
1.217720031738281250e+00,-3.731450140476226807e-01,6.203687787055969238e-01
2.987792901694774628e-02,-1.720616579055786133e+00,-1.919889450073242188e-02
-3.128700256347656250e-01,-1.171833157539367676e+00,1.014375209808349609e+00
1.692106246948242188e+00,-1.399360060691833496e+00,4.649271965026855469e-01
6.472973227500915527e-01,-1.582647085189819336e+00,9.968800544738769531e-01
-1.552969455718994141e+00,9.755482077598571777e-01,9.965758770704269409e-02
-6.845626831054687500e-01,-5.098352432250976562e-01,1.035934329032897949e+00
4.002898931503295898e-02,2.030964851379394531e+00,3.101470768451690674e-01
-1.432250380516052246e+00,2.055301666259765625e+00,4.935316443443298340e-01
-2.262156605720520020e-01,9.028685092926025391e-01,1.444493770599365234e+00
-1.019307613372802734e+00,4.828118085861206055e-01,1.745858788490295410e-01
1.041963815689086914e+00,-1.896130561828613281e+00,2.093646228313446045e-01
-9.392321705818176270e-01,9.112939834594726562e-01,1.792578101158142090e-01
-2.493107616901397705e-01,1.964314579963684082e+00,1.116175651550292969e+00
8.827114105224609375e-01,-1.971778571605682373e-01,1.780868470668792725e-01
-5.427493453025817871e-01,1.534312725067138672e+00,2.183604240417480469e-01
-5.105712637305259705e-02,1.532686233520507812e+00,2.106981277465820312e-01
4.897097945213317871e-01,-2.340728759765625000e+00,7.659881711006164551e-01
2.179344147443771362e-01,1.592022895812988281e+00,7.621877789497375488e-01
1.357423305511474609e+00,-1.294718861579895020e+00,6.847919821739196777e-01
2.417312562465667725e-02,1.300762176513671875e+00,1.331114768981933594e+00
1.451649785041809082e+00,-1.781958222389221191e+00,2.296786308288574219e-01
1.885970979928970337e-01,3.461281061172485352e-01,1.550850868225097656e-01
-1.182437896728515625e+00,1.336705803871154785e+00,1.174437522888183594e+00
4.309463500976562500e-01,8.132521510124206543e-01,1.806473731994628906e-01
-5.619123578071594238e-01,-6.751360893249511719e-01,1.847589015960693359e-01
2.974700927734375000e-02,-1.153276339173316956e-01,1.563444137573242188e-01
1.372563600540161133e+00,-1.604584217071533203e+00,9.136695861816406250e-01
1.936227381229400635e-01,-1.529235243797302246e+00,1.944580078125000000e-01
-8.596560359001159668e-01,7.262343168258666992e-01,1.396535396575927734e+00
7.796760201454162598e-01,-1.342153072357177734e+00,1.661819368600845337e-01
-1.291187763214111328e+00,6.465554833412170410e-01,8.741064071655273438e-01
-7.532212138175964355e-01,-1.873241066932678223e-01,1.188450336456298828e+00
2.697662413120269775e-01,1.498970031738281250e+00,5.207395553588867188e-02
-6.151861548423767090e-01,1.103945016860961914e+00,1.361160278320312500e+00
-1.376006126403808594e+00,1.195418238639831543e+00,6.155862212181091309e-01
3.194824233651161194e-02,-1.598422646522521973e+00,5.199437141418457031e-01
-1.701576232910156250e+00,1.674500107765197754e+00,4.086791872978210449e-01
-1.552969455718994141e+00,9.755485057830810547e-01,4.686915576457977295e-01
8.296822905540466309e-01,1.157464757561683655e-01,1.837077140808105469e-01
1.315806508064270020e+00,-7.039937973022460938e-01,8.367738127708435059e-01
-9.164479374885559082e-01,1.535582065582275391e+00,1.175413131713867188e+00
5.209293961524963379e-01,1.239776565853389911e-06,1.403389453887939453e+00
-1.277059555053710938e+00,1.055014729499816895e+00,2.250409126281738281e-01
-5.950949192047119141e-01,3.579394817352294922e-01,1.453342914581298828e+00
2.089906334877014160e-01,-1.899930715560913086e+00,7.083091735839843750e-01
-1.121275275945663452e-01,-1.587218880653381348e+00,9.795389175415039062e-01
1.586728096008300781e-01,1.803630471229553223e+00,5.203494429588317871e-01
-5.532400608062744141e-01,2.034556627273559570e+00,2.418942451477050781e-01
-4.047474861145019531e-01,-1.181190133094787598e+00,3.436968922615051270e-01
5.218452811241149902e-01,-2.034969806671142578e+00,2.006527632474899292e-01
-3.816131502389907837e-02,1.775123029947280884e-01,1.493510246276855469e+00
-1.210458040237426758e+00,1.539253830909729004e+00,2.416024208068847656e-01
6.856325268745422363e-01,4.766507148742675781e-01,1.072444319725036621e+00
2.491178810596466064e-01,-8.181691169738769531e-01,1.223959922790527344e+00
1.384824991226196289e+00,-1.180188655853271484e+00,1.740667670965194702e-01
-1.159903705120086670e-01,2.201193809509277344e+00,6.218158006668090820e-01
-8.064073920249938965e-01,-3.586177825927734375e-01,4.175595045089721680e-01
8.771633505821228027e-01,1.335144020231382456e-06,1.125283718109130859e+00
-1.302236914634704590e-01,1.044779181480407715e+00,1.549711227416992188e-01
-1.012927412986755371e+00,1.158782541751861572e-01,1.919174194335937500e-01
-7.016329765319824219e-01,1.290212869644165039e+00,2.039623260498046875e-01
3.599099516868591309e-01,-1.775207519531250000e+00,2.022819519042968750e-01
7.930197715759277344e-01,-6.018713116645812988e-01,1.162046432495117188e+00
-1.728045642375946045e-01,1.513988614082336426e+00,1.257301807403564453e+00
1.304363369941711426e+00,-6.370024681091308594e-01,2.254312038421630859e-01
1.516751408576965332e+00,-1.429262638092041016e+00,2.320483326911926270e-01
3.030792251229286194e-02,-1.285784482955932617e+00,1.792478561401367188e-01
-7.270442843437194824e-01,2.286845684051513672e+00,8.886468410491943359e-01
4.446958899497985840e-01,-1.796985626220703125e+00,9.780478477478027344e-01
-9.428839683532714844e-01,9.759311378002166748e-02,1.128842592239379883e+00
4.343261718750000000e-01,-1.372678995132446289e+00,1.017669200897216797e+00
4.251613914966583252e-01,1.145840167999267578e+00,3.010888695716857910e-01
2.754092216491699219e-01,1.316503405570983887e+00,8.105360269546508789e-01
5.922887921333312988e-01,-1.044820189476013184e+00,1.552305221557617188e-01
1.079917907714843750e+00,-8.139455914497375488e-01,1.867861747741699219e-01
8.488829135894775391e-01,-1.375704646110534668e+00,1.004471778869628906e+00
-3.466250598430633545e-01,-8.593120574951171875e-01,1.789596527814865112e-01
-4.468011260032653809e-01,-1.153269708156585693e-01,1.574902534484863281e-01
-3.682876527309417725e-01,5.777155160903930664e-01,1.561670303344726562e-01
5.867345929145812988e-01,-3.460843861103057861e-01,1.548886299133300781e-01
8.347558379173278809e-01,-9.703263640403747559e-01,1.029360294342041016e+00
4.281304776668548584e-01,-5.776992440223693848e-01,1.559362411499023438e-01
1.093972772359848022e-01,-5.776864886283874512e-01,1.557583808898925781e-01
-1.388534069061279297e+00,1.146829843521118164e+00,1.142104625701904297e+00
-1.553604125976562500e+00,1.157669186592102051e+00,8.471419811248779297e-01
1.947335749864578247e-01,1.304098129272460938e+00,2.814459800720214844e-01
1.137694239616394043e+00,-2.218770980834960938e+00,4.162655472755432129e-01
1.041148543357849121e+00,-2.052185297012329102e+00,8.529572486877441406e-01
4.151115193963050842e-02,1.846966743469238281e+00,8.425500392913818359e-01
-1.060831546783447266e+00,9.569305181503295898e-02,7.026212811470031738e-01
4.352235198020935059e-01,1.007296085357666016e+00,9.141471385955810547e-01
-7.613363265991210938e-01,1.314410328865051270e+00,1.271610260009765625e+00
2.459893226623535156e-01,-2.290002107620239258e+00,3.054257035255432129e-01
-5.050215125083923340e-01,1.520038247108459473e+00,1.234371662139892578e+00
-1.205206394195556641e+00,4.678044021129608154e-01,6.876821517944335938e-01
1.505951881408691406e+00,-8.928735256195068359e-01,2.855230569839477539e-01
9.402575492858886719e-01,-3.768947422504425049e-01,1.159623622894287109e+00
-1.301657795906066895e+00,1.968701601028442383e+00,1.103029727935791016e+00
2.070642113685607910e-01,3.563697040081024170e-01,1.477596759796142578e+00
-1.341275453567504883e+00,1.547404408454895020e+00,1.130556583404541016e+00
-3.698390126228332520e-01,-9.505378603935241699e-01,1.151186466217041016e+00
1.019708156585693359e+00,2.632141104186302982e-06,7.073944211006164551e-01
-1.338595986366271973e+00,5.780346393585205078e-01,1.602258682250976562e-01
3.980199992656707764e-01,-3.622236251831054688e-01,1.387116432189941406e+00
-2.194532752037048340e-01,2.039916515350341797e+00,2.609753608703613281e-01
-8.015346527099609375e-01,1.959415078163146973e+00,1.130853176116943359e+00
-1.706098556518554688e+00,1.487282872200012207e+00,8.990637063980102539e-01
-7.688348293304443359e-01,-1.156866401433944702e-01,1.799840927124023438e-01
-8.529968857765197754e-01,3.610495328903198242e-01,1.405103206634521484e+00
-1.216657400131225586e+00,8.374187350273132324e-01,3.939914703369140625e-01
1.693623065948486328e+00,-1.583453059196472168e+00,6.550289988517761230e-01
9.605316072702407837e-02,-1.802412271499633789e+00,9.598746299743652344e-01
7.810409665107727051e-01,-2.026097774505615234e+00,2.117772102355957031e-01
-5.308979749679565430e-01,1.583099333402060438e-06,1.462482929229736328e+00
2.319534309208393097e-02,-3.594362437725067139e-01,1.430428981781005859e+00
1.087816476821899414e+00,-1.284401178359985352e+00,1.715421676635742188e-01
1.574638366699218750e+00,-1.811252713203430176e+00,8.054701089859008789e-01
-8.748904466629028320e-01,1.537778615951538086e+00,2.346615791320800781e-01
-3.793194591999053955e-01,1.737834334373474121e+00,1.176286220550537109e+00
-1.372512340545654297e+00,1.298489093780517578e+00,2.501611709594726562e-01
-8.484258651733398438e-01,-2.975499927997589111e-01,7.978022694587707520e-01
-8.719964623451232910e-01,2.347444534301757812e+00,5.068005323410034180e-01
5.185760259628295898e-01,-1.523671865463256836e+00,1.682791709899902344e-01
-1.134842514991760254e+00,1.785072922706604004e+00,2.422947883605957031e-01
-1.467129945755004883e+00,1.541876435279846191e+00,2.539424896240234375e-01
2.552383393049240112e-02,-1.373571753501892090e+00,1.013762474060058594e+00
-4.348831176757812500e-01,-1.175792455673217773e+00,7.889285087585449219e-01
1.243910312652587891e+00,-1.824468970298767090e+00,8.859438896179199219e-01
-5.627584457397460938e-02,-1.950789332389831543e+00,4.995361343026161194e-02
-5.581392049789428711e-01,2.403308391571044922e+00,4.439196586608886719e-01
-6.143647432327270508e-01,1.048067808151245117e+00,1.774587631225585938e-01
5.143384933471679688e-01,6.288940310478210449e-01,1.214220285415649414e+00
2.363162040710449219e-01,-2.286946773529052734e+00,5.581530928611755371e-01
-4.987274110317230225e-02,-8.103426694869995117e-01,1.549062728881835938e-01
1.097793579101562500e-01,8.107351660728454590e-01,1.583576202392578125e-01
1.334136009216308594e+00,-2.096731901168823242e+00,5.116910934448242188e-01
-1.945571899414062500e-01,-1.677392244338989258e+00,1.262286305427551270e-01
1.538409709930419922e+00,-1.019348621368408203e+00,-1.919794082641601562e-02
-8.055776953697204590e-01,2.035074472427368164e+00,2.437210083007812500e-01
1.220207691192626953e+00,-8.547247052192687988e-01,5.468649864196777344e-01
2.390304580330848694e-02,-7.392865419387817383e-01,1.295828819274902344e+00
3.488531410694122314e-01,5.785528421401977539e-01,1.666264533996582031e-01
7.951560020446777344e-01,-2.344383239746093750e+00,5.056725740432739258e-01
-5.485122799873352051e-01,1.784819006919860840e+00,2.412557601928710938e-01
1.169764995574951172e+00,-1.052043795585632324e+00,2.047033309936523438e-01
2.949098050594329834e-01,-1.167768478393554688e+00,1.035159587860107422e+00
9.946618676185607910e-01,-5.799832940101623535e-01,1.843929290771484375e-01
-6.532039642333984375e-01,-7.188104987144470215e-01,7.555468678474426270e-01
-2.095431536436080933e-01,8.104265928268432617e-01,1.557054519653320312e-01
1.903555244207382202e-01,-1.044812679290771484e+00,1.551685333251953125e-01
8.315270543098449707e-01,-8.103329539299011230e-01,1.548509597778320312e-01
-3.467414677143096924e-01,5.361847877502441406e-01,1.470508575439453125e+00
-4.919528961181640625e-01,-7.370729446411132812e-01,1.145527124404907227e+00
5.883721709251403809e-01,3.470505774021148682e-01,1.748614311218261719e-01
-7.685891389846801758e-01,5.776447057723999023e-01,1.553726196289062500e-01
-1.290228217840194702e-01,-3.461272418498992920e-01,1.553001403808593750e-01
-2.961131334304809570e-01,1.531781792640686035e+00,2.064719200134277344e-01
-6.065678000450134277e-01,1.153738349676132202e-01,1.603832244873046875e-01
-1.144013047218322754e+00,6.050552129745483398e-01,4.949569702148437500e-01
4.267617762088775635e-01,-1.152905821800231934e-01,1.550545692443847656e-01
-2.879580557346343994e-01,3.461443781852722168e-01,1.560287475585937500e-01
-1.228335380554199219e+00,2.183758735656738281e+00,5.321581959724426270e-01
1.090893521904945374e-01,1.153311952948570251e-01,1.558213233947753906e-01
-1.614872932434082031e+00,1.894776701927185059e+00,4.835174381732940674e-01
-5.502991676330566406e-01,-9.417954683303833008e-01,6.978616118431091309e-01
-1.460559487342834473e+00,7.928442955017089844e-01,2.306957989931106567e-01
7.617274522781372070e-01,-2.289288997650146484e+00,8.138132095336914062e-01
1.698650836944580078e+00,-1.581952810287475586e+00,2.837905883789062500e-01
4.214390516281127930e-01,-9.553645849227905273e-01,1.121439456939697266e+00
-5.052032321691513062e-02,1.285942077636718750e+00,1.800670623779296875e-01
9.807783365249633789e-01,-1.172890424728393555e+00,1.008982181549072266e+00
1.267683267593383789e+00,-1.179539561271667480e+00,9.750061035156250000e-01
-3.714767396450042725e-01,1.046351909637451172e+00,1.657114028930664062e-01
-1.315109968185424805e+00,1.019731879234313965e+00,-1.658058166503906250e-02
8.024978637695312500e-01,3.999359309673309326e-01,8.044906258583068848e-01
-1.172438979148864746e+00,6.004953384399414062e-01,1.082988262176513672e+00
9.013910293579101562e-01,1.965763270854949951e-01,5.849751234054565430e-01
6.790151596069335938e-01,6.129258871078491211e-01,4.670681655406951904e-01
5.095962285995483398e-01,-8.104329705238342285e-01,1.557383537292480469e-01
-1.945571899414062500e-01,-1.677392721176147461e+00,5.154975652694702148e-01
-3.528584241867065430e-01,-5.456441044807434082e-01,1.372957706451416016e+00
-4.147050082683563232e-01,2.332077503204345703e+00,9.271036982536315918e-01
2.889800965785980225e-01,-2.088890314102172852e+00,4.352688789367675781e-01
2.173402309417724609e-01,1.115968108177185059e+00,1.299748897552490234e+00
-3.677150011062622070e-01,-3.463275134563446045e-01,1.599974632263183594e-01
-6.062316894531250000e-02,1.710405826568603516e+00,4.949981719255447388e-02
1.478813648223876953e+00,-8.972838521003723145e-01,7.245941162109375000e-01
9.297546148300170898e-01,-1.525420069694519043e+00,1.765060424804687500e-01
1.172355175018310547e+00,-5.803803801536560059e-01,1.014662742614746094e+00
3.614712059497833252e-01,-2.022808074951171875e+00,9.299026131629943848e-01
1.586732864379882812e-01,1.803629517555236816e+00,2.843603491783142090e-01
7.124299407005310059e-01,-1.830129623413085938e+00,9.724685549736022949e-01
-1.060244739055633545e-01,-9.443976283073425293e-01,1.188961505889892578e+00
3.960670530796051025e-02,-2.083358764648437500e+00,6.924002170562744141e-01
-1.419304966926574707e+00,9.787364006042480469e-01,9.776263236999511719e-01
-1.026940867304801941e-01,1.095579504966735840e+00,1.403892517089843750e+00
9.996719360351562500e-01,-1.586248993873596191e+00,9.832167625427246094e-01
1.169337272644042969e+00,-3.762669265270233154e-01,8.889382481575012207e-01
5.797443389892578125e-01,4.143107831478118896e-01,1.272777199745178223e+00
-4.962646216154098511e-02,3.461788892745971680e-01,1.559810638427734375e-01
-1.288734436035156250e+00,1.022872328758239746e+00,7.516052126884460449e-01
6.668966412544250488e-01,-1.154322624206542969e-01,1.642904281616210938e-01
-2.943844795227050781e-01,-1.425324320793151855e+00,4.278741478919982910e-01
6.475468873977661133e-01,-2.300959110260009766e+00,2.433227449655532837e-01
-9.472193717956542969e-01,-9.752349555492401123e-02,6.481264829635620117e-01
-2.082311958074569702e-01,-1.152904555201530457e-01,1.554455757141113281e-01
3.915473818778991699e-02,-2.139465808868408203e+00,1.953597962856292725e-01
-1.077634572982788086e+00,9.276763796806335449e-01,1.291799068450927734e+00
-6.298170089721679688e-01,-7.214593887329101562e-01,4.001300036907196045e-01
-4.752825796604156494e-01,2.294743537902832031e+00,2.609839439392089844e-01
8.582420349121093750e-01,-1.851793676614761353e-01,1.255007266998291016e+00
1.425581216812133789e+00,-1.387979269027709961e+00,9.509749412536621094e-01
-1.014863550662994385e-01,-5.438823699951171875e-01,1.391133785247802734e+00
1.109252929687500000e+00,-1.898762881755828857e-01,4.991915822029113770e-01
4.696117937564849854e-01,-5.533500909805297852e-01,1.293479919433593750e+00
1.131305217742919922e+00,-1.891656070947647095e-01,7.606216073036193848e-01
-5.237563848495483398e-01,1.958226561546325684e+00,1.134412765502929688e+00
-7.376813888549804688e-01,9.134899973869323730e-01,1.379104137420654297e+00
-1.053714752197265625e+00,9.580783545970916748e-02,4.373864531517028809e-01
-4.276576042175292969e-01,-1.177086710929870605e+00,5.655193924903869629e-01
-1.251995563507080078e+00,4.640274941921234131e-01,3.599227964878082275e-01
2.324707061052322388e-02,7.189984917640686035e-01,1.452368736267089844e+00
3.938876390457153320e-01,1.793249249458312988e-01,1.436717510223388672e+00
-1.263684481382369995e-01,1.771739482879638672e+00,1.155616402626037598e+00
-1.323979854583740234e+00,1.997129201889038086e+00,3.086575269699096680e-01
-2.629251778125762939e-01,2.342093467712402344e+00,7.097936868667602539e-01
-7.247443199157714844e-01,5.399756431579589844e-01,1.431370258331298828e+00
-5.627584457397460938e-02,-1.950789332389831543e+00,5.304595828056335449e-01
8.160914182662963867e-01,-2.039317846298217773e+00,8.915095329284667969e-01
1.185954213142395020e+00,-9.758140444755554199e-01,9.955954551696777344e-01
-5.036804080009460449e-02,-1.512000679969787598e+00,1.133785247802734375e-01
2.723820507526397705e-01,7.215474247932434082e-01,1.432733058929443359e+00
1.285114049911499023e+00,-5.242986679077148438e-01,4.764218032360076904e-01
-1.083973407745361328e+00,1.962622642517089844e+00,1.121248722076416016e+00
-4.091480076313018799e-01,-1.792208850383758545e-01,1.440065860748291016e+00
-3.568930029869079590e-01,1.098618030548095703e+00,1.388365745544433594e+00
-8.141946792602539062e-01,-2.992060482501983643e-01,1.012562870979309082e+00
4.415553808212280273e-02,1.518697738647460938e+00,1.211232900619506836e+00
1.672619819641113281e+00,-1.222394943237304688e+00,3.411434888839721680e-01
-1.737340927124023438e+00,1.478505849838256836e+00,5.240617394447326660e-01
5.860986709594726562e-01,8.312713503837585449e-01,6.924501061439514160e-01
1.236930847167968750e+00,-1.801725387573242188e+00,2.147613465785980225e-01
7.595882415771484375e-01,2.899169885495211929e-06,1.306575536727905273e+00
1.637027740478515625e+00,-1.230561494827270508e+00,7.127694487571716309e-01
-2.219482362270355225e-01,3.556190133094787598e-01,1.489316463470458984e+00
-1.068386316299438477e+00,2.165462970733642578e+00,9.226133227348327637e-01
-9.695007205009460449e-01,1.326128005981445312e+00,1.220549583435058594e+00
7.804999351501464844e-01,4.013550579547882080e-01,2.504925429821014404e-01
5.601954460144042969e-01,8.346302509307861328e-01,9.144598245620727539e-01
-7.274727821350097656e-01,-5.063709020614624023e-01,2.529245018959045410e-01
1.488811254501342773e+00,-1.184931278228759766e+00,9.474620819091796875e-01
-1.460558295249938965e+00,7.928414344787597656e-01,5.831176638603210449e-01
-9.291695356369018555e-01,1.746340870857238770e+00,1.147782325744628906e+00
2.858100831508636475e-01,1.346596360206604004e+00,5.187835693359375000e-01
-1.164523959159851074e+00,1.130939483642578125e+00,1.223280906677246094e+00
-1.134106636047363281e+00,2.837323248386383057e-01,2.360363751649856567e-01
-1.236172467470169067e-01,1.885687351226806641e+00,1.488543599843978882e-01
-7.432580590248107910e-01,2.180759429931640625e+00,1.107077598571777344e+00
-1.056667208671569824e+00,2.218494892120361328e+00,4.147543311119079590e-01
-1.357571959495544434e+00,1.756783366203308105e+00,1.112782955169677734e+00
-3.237833976745605469e-01,2.190661668777465820e+00,1.080323696136474609e+00
-1.127579212188720703e+00,1.542593955993652344e+00,1.148805141448974609e+00
-1.025347232818603516e+00,2.889921963214874268e-01,1.114630699157714844e+00
-1.345448017120361328e+00,6.404100060462951660e-01,6.731394529342651367e-01
-1.456181526184082031e+00,1.178376793861389160e+00,1.020703092217445374e-01
1.084130287170410156e+00,-1.906863301992416382e-01,2.378930598497390747e-01
-5.438545346260070801e-01,-8.783955574035644531e-01,2.470074445009231567e-01
4.391753971576690674e-01,-1.582163214683532715e+00,9.987244606018066406e-01
6.272822618484497070e-01,-9.650765657424926758e-01,1.061690330505371094e+00
8.179092407226562500e-01,1.909408867359161377e-01,1.076192855834960938e+00
6.403700113296508789e-01,-1.373572945594787598e+00,1.013758182525634766e+00
4.042320325970649719e-02,-1.982071876525878906e+00,8.776594400405883789e-01
-1.789083778858184814e-01,-1.375123381614685059e+00,1.007019996643066406e+00
2.295597791671752930e-01,-1.372069716453552246e+00,1.020293712615966797e+00
-1.161779761314392090e-01,2.193387508392333984e+00,4.072277843952178955e-01
-1.074293136596679688e+00,6.711195111274719238e-01,1.317763686180114746e+00
1.011550426483154297e+00,3.051757630601059645e-06,9.110983014106750488e-01
4.061027616262435913e-02,1.958812236785888672e+00,6.530531048774719238e-01
8.879480361938476562e-01,1.970096379518508911e-01,3.816760182380676270e-01
1.297249794006347656e+00,-5.529778003692626953e-01,6.777285337448120117e-01
-1.708464622497558594e+00,1.486618280410766602e+00,2.819463908672332764e-01
-7.073872685432434082e-01,1.524522781372070312e+00,1.217343330383300781e+00
1.384387016296386719e-01,-1.808964610099792480e+00,1.277935802936553955e-01
-5.694875717163085938e-01,-5.191251039505004883e-01,1.202173948287963867e+00
-2.870190441608428955e-01,-3.603294193744659424e-01,1.416465759277343750e+00
-1.567401647567749023e+00,1.560178756713867188e+00,1.082104682922363281e+00
-1.143881231546401978e-01,2.011393785476684570e+00,9.751586914062500000e-01
-1.656878948211669922e+00,1.688625454902648926e+00,9.161906242370605469e-01
-1.022625446319580078e+00,9.630855172872543335e-02,9.095321297645568848e-01
1.609021067619323730e+00,-1.620268702507019043e+00,8.541741371154785156e-01
9.872817993164062500e-01,2.593994167909841053e-06,2.416619807481765747e-01
1.142910718917846680e+00,-2.196847438812255859e+00,6.952816843986511230e-01
3.324313163757324219e-01,-1.795896440744400024e-01,1.428629398345947266e+00
1.631184577941894531e+00,-1.792374968528747559e+00,3.532693386077880859e-01
1.339639186859130859e+00,-1.108154654502868652e+00,7.471586465835571289e-01
8.954262733459472656e-01,-3.939434587955474854e-01,1.779937744140625000e-01
1.590043544769287109e+00,-1.059131860733032227e+00,2.215637117624282837e-01
-5.601460933685302734e-01,1.306703925132751465e+00,1.305208206176757812e+00
-1.147625923156738281e+00,4.724527895450592041e-01,8.932928442955017090e-01
-7.717010378837585449e-01,8.111344575881958008e-01,1.619334220886230469e-01
-1.636203765869140625e+00,1.140111923217773438e+00,4.033029079437255859e-01
-4.777580201625823975e-01,9.048427939414978027e-01,1.432329654693603516e+00
5.865795612335205078e-01,-1.812436282634735107e-01,1.377105236053466797e+00
-1.144502639770507812e+00,2.832289934158325195e-01,6.934426426887512207e-01
-5.994822382926940918e-01,-1.803852766752243042e-01,1.403806209564208984e+00
1.553678035736083984e+00,-1.066251397132873535e+00,7.815295457839965820e-01
-1.691932678222656250e-01,1.300455808639526367e+00,1.332437038421630859e+00
-9.196941256523132324e-01,5.428948998451232910e-01,1.401268005371093750e+00
1.505951881408691406e+00,-8.928735256195068359e-01,5.336222648620605469e-01
-1.468111038208007812e+00,8.077744841575622559e-01,3.872009366750717163e-02
1.472832560539245605e+00,-1.257478117942810059e+00,2.122163772583007812e-02
-3.726121485233306885e-01,-1.049548983573913574e+00,1.876058578491210938e-01
-2.866073548793792725e-01,7.181282043457031250e-01,1.459076881408691406e+00
8.462707698345184326e-02,-1.789118796586990356e-01,1.450132369995117188e+00
-9.416317939758300781e-01,2.930419743061065674e-01,1.764862090349197388e-01
4.687929153442382812e-02,1.497862219810485840e+00,4.989654570817947388e-02
-9.831285476684570312e-02,2.118177175521850586e+00,7.930974960327148438e-01
1.249327182769775391e+00,-7.776673436164855957e-01,9.996914863586425781e-01
4.572289884090423584e-01,3.594811856746673584e-01,1.429471015930175781e+00
-8.082185983657836914e-01,-3.437128067016601562e-01,1.951000988483428955e-01
-2.218855172395706177e-01,1.363754222438728902e-06,1.480507850646972656e+00
-8.912510275840759277e-01,2.244709014892578125e+00,7.910287380218505859e-01
1.463243067264556885e-01,5.364623069763183594e-01,1.467655181884765625e+00
-1.572122931480407715e+00,1.032151103019714355e+00,6.489405632019042969e-01
-1.101092338562011719e+00,8.144505023956298828e-01,1.912403106689453125e-01
-1.301986694335937500e+00,8.320329189300537109e-01,7.459444999694824219e-01
-3.905960172414779663e-02,9.047015905380249023e-01,1.433222293853759766e+00
-1.719983100891113281e+00,1.483382821083068848e+00,7.104496359825134277e-01
-8.415784835815429688e-01,-2.978816926479339600e-01,5.910955667495727539e-01
5.850694179534912109e-01,1.807770431041717529e-01,1.391582012176513672e+00
2.090914845466613770e-01,-3.598605990409851074e-01,1.423696517944335938e+00
6.407604217529296875e-01,-2.350213527679443359e+00,6.080224514007568359e-01
-4.068933725357055664e-01,3.562772572040557861e-01,1.479106426239013672e+00
2.292053215205669403e-02,3.551736474037170410e-01,1.496315956115722656e+00
-1.680034160614013672e+00,1.311255931854248047e+00,4.640737771987915039e-01
2.345443703234195709e-02,1.327991412836126983e-06,1.471979618072509766e+00
1.454724073410034180e-01,1.780259609222412109e-01,1.478035449981689453e+00
-4.062564671039581299e-01,2.427172183990478516e+00,5.946947932243347168e-01
-1.552968978881835938e+00,9.755481481552124023e-01,2.838598489761352539e-01
-1.483186483383178711e+00,1.879449367523193359e+00,9.323913455009460449e-01
1.590043544769287109e+00,-1.059132099151611328e+00,4.054379165172576904e-01
-7.093348503112792969e-01,2.401645660400390625e+00,6.027132868766784668e-01
1.672619819641113281e+00,-1.222394704818725586e+00,5.240058898925781250e-01
8.226251006126403809e-01,-7.661752104759216309e-01,1.088350296020507812e+00
-5.338925123214721680e-01,5.374835133552551270e-01,1.457137584686279297e+00
-1.624732971191406250e+00,1.324887037277221680e+00,8.422831296920776367e-01
9.547465443611145020e-01,-5.735577344894409180e-01,1.085042953491210938e+00
3.170328140258789062e-01,8.661450743675231934e-01,1.333166122436523438e+00
-2.342720031738281250e-01,-1.438102126121520996e+00,8.181812763214111328e-01
1.355242013931274414e+00,-1.535727858543395996e+00,2.250375747680664062e-01
-8.964653611183166504e-01,2.216887474060058594e+00,3.037310838699340820e-01
1.676104068756103516e+00,-1.403578281402587891e+00,6.512686014175415039e-01
4.814949035644531250e-01,1.059365153312683105e+00,4.857049584388732910e-01
1.710586071014404297e+00,-1.578391432762145996e+00,4.675221145153045654e-01
-1.742148399353027344e+00,1.661677360534667969e+00,5.903767347335815430e-01
1.199642658233642578e+00,-3.743116259574890137e-01,4.274847209453582764e-01
-5.936660766601562500e-01,1.786345392465591431e-01,1.458102703094482422e+00
-1.092201173305511475e-01,-1.165202498435974121e+00,1.048252105712890625e+00
1.375494480133056641e+00,-7.289636731147766113e-01,6.708739995956420898e-01
8.980254828929901123e-02,-9.453260302543640137e-01,1.183205604553222656e+00
-6.060876846313476562e-01,-7.241470217704772949e-01,9.790061712265014648e-01
9.595326185226440430e-01,-2.299905300140380859e+00,4.062978923320770264e-01
2.273475974798202515e-01,1.358430862426757812e+00,9.875054955482482910e-01
-1.566738247871398926e+00,1.790795207023620605e+00,2.655196189880371094e-01
4.054237157106399536e-02,1.967158794403076172e+00,1.464450061321258545e-01
-1.460560917854309082e+00,7.928466796875000000e-01,4.067068397998809814e-01
-1.436028361320495605e+00,2.042258262634277344e+00,6.686208844184875488e-01
3.566451072692871094e-01,1.300599932670593262e+00,3.472506701946258545e-01
-1.183145999908447266e+00,6.698989868164062500e-01,1.397628784179687500e-01
1.262487173080444336e+00,-1.293649673461914062e+00,2.231860160827636719e-01
1.575401276350021362e-01,1.338379740715026855e+00,1.167166233062744141e+00
-4.903602600097656250e-02,1.858390331268310547e+00,1.026586413383483887e+00
9.725699424743652344e-01,-1.942816823720932007e-01,1.123747229576110840e+00
-1.360237598419189453e+00,8.235269188880920410e-01,9.318812489509582520e-01
-9.483003616333007812e-01,2.927197515964508057e-01,1.268545985221862793e+00
1.328597068786621094e-01,1.344412684440612793e+00,1.260195821523666382e-01
-7.593712806701660156e-01,-5.037959814071655273e-01,8.816854953765869141e-01
3.602779209613800049e-01,-2.039234638214111328e+00,2.551403641700744629e-01
-7.330913543701171875e-01,-5.059177279472351074e-01,4.624101221561431885e-01
4.023086279630661011e-02,2.005946159362792969e+00,4.787933230400085449e-01
-1.108013868331909180e+00,1.052274584770202637e+00,2.062854766845703125e-01
-1.230723500251770020e+00,2.174389839172363281e+00,7.013117671012878418e-01
3.005802929401397705e-01,1.190224170684814453e+00,9.204578399658203125e-01
-1.491300582885742188e+00,1.172665357589721680e+00,1.010118007659912109e+00
-1.201105356216430664e+00,1.295076370239257812e+00,2.311058044433593750e-01
4.536825418472290039e-01,-2.292596817016601562e+00,2.541909217834472656e-01
-1.472995758056640625e+00,1.914631366729736328e+00,3.304446339607238770e-01
-1.042629361152648926e+00,1.539336085319519043e+00,2.420001029968261719e-01
-9.663230776786804199e-01,1.785220623016357422e+00,2.429175376892089844e-01
-8.808865547180175781e-01,-9.859248995780944824e-02,1.070366501808166504e+00
-1.581429004669189453e+00,1.906544327735900879e+00,7.440995573997497559e-01
-3.863819837570190430e-01,2.037270545959472656e+00,2.515511512756347656e-01
1.505952358245849609e+00,-8.928738236427307129e-01,1.002413928508758545e-01
-8.100979924201965332e-01,2.021789441641885787e-06,1.247547149658203125e+00
8.543795347213745117e-01,-1.770588397979736328e+00,1.835379600524902344e-01
1.451994538307189941e+00,-1.312992215156555176e+00,3.311777114868164062e-01
-7.083163261413574219e-01,1.536123037338256836e+00,2.268543243408203125e-01
-8.941274285316467285e-01,2.229361534118652344e+00,9.602206349372863770e-01
-1.636203765869140625e+00,1.140111923217773438e+00,2.203967273235321045e-01
5.743994712829589844e-01,8.327890038490295410e-01,2.604165673255920410e-01
7.645141482353210449e-01,-1.524511098861694336e+00,1.722583770751953125e-01
5.231549143791198730e-01,-1.769293665885925293e+00,1.782884597778320312e-01
-8.665657043457031250e-01,1.291502475738525391e+00,2.111544609069824219e-01
-5.681484341621398926e-01,2.320870399475097656e+00,9.868809580802917480e-01
-1.401525735855102539e+00,1.347441196441650391e+00,1.127655029296875000e+00
-3.220380842685699463e-01,-1.294888019561767578e+00,8.046922087669372559e-01
3.414081633090972900e-01,-2.299067497253417969e+00,8.243539333343505859e-01
8.698073774576187134e-02,1.096639633178710938e+00,1.398495674133300781e+00
-8.490313291549682617e-01,1.156336218118667603e-01,1.767282485961914062e-01
1.137172341346740723e+00,-2.220962524414062500e+00,2.519927918910980225e-01
1.094416618347167969e+00,-3.811019361019134521e-01,1.035029172897338867e+00
-5.376628041267395020e-01,1.288783192634582520e+00,1.959490776062011719e-01
1.243481755256652832e+00,-8.133717179298400879e-01,1.817135810852050781e-01
-7.773739695549011230e-01,1.049097061157226562e+00,1.845445632934570312e-01
3.554821610450744629e-01,-1.523284912109375000e+00,1.664867401123046875e-01
1.913549751043319702e-01,-1.281472921371459961e+00,1.551671028137207031e-01
2.137983292341232300e-01,1.694641113281250000e+00,6.280682086944580078e-01
5.958017110824584961e-01,-1.282350420951843262e+00,1.600832939147949219e-01
3.523394763469696045e-01,1.049254775047302246e+00,1.855888366699218750e-01
-1.315170228481292725e-01,-1.287394285202026367e+00,1.882801055908203125e-01
2.137995809316635132e-01,1.694638729095458984e+00,3.905087113380432129e-01
7.538659572601318359e-01,-1.044707775115966797e+00,1.544628143310546875e-01
2.137985527515411377e-01,1.694641113281250000e+00,1.544949263334274292e-01
-4.434616118669509888e-02,-1.830986857414245605e+00,8.641180992126464844e-01
1.158429861068725586e+00,-5.802099108695983887e-01,1.871709823608398438e-01
5.095986723899841309e-01,5.794861316680908203e-01,1.781377792358398438e-01
6.369601488113403320e-01,-2.377788066864013672e+00,4.473168849945068359e-01
6.676110625267028809e-01,1.155558973550796509e-01,1.719632148742675781e-01
9.502670168876647949e-01,-2.028195381164550781e+00,2.192330360412597656e-01
4.312219023704528809e-01,-1.044833660125732422e+00,1.552853584289550781e-01
4.277361929416656494e-01,3.465389907360076904e-01,1.639938354492187500e-01
4.894760549068450928e-01,-2.342954635620117188e+00,5.539053082466125488e-01
-6.072311401367187500e-01,-1.154999956488609314e-01,1.682152748107910156e-01
4.073264896869659424e-01,7.398509979248046875e-01,1.291485309600830078e+00
6.702236533164978027e-01,-8.103657960891723633e-01,1.551432609558105469e-01
-6.080194115638732910e-01,5.776457190513610840e-01,1.552758216857910156e-01
2.699560523033142090e-01,8.119177222251892090e-01,1.689062118530273438e-01
1.399717926979064941e+00,-1.835435152053833008e+00,8.492016792297363281e-01
3.007202036678791046e-02,1.045609831809997559e+00,1.606554985046386719e-01
3.007324226200580597e-02,-1.045648336410522461e+00,1.609191894531250000e-01
1.376558542251586914e+00,-1.020222187042236328e+00,-1.319789886474609375e-02
-3.688790798187255859e-01,-5.786426663398742676e-01,1.676511764526367188e-01
1.889944374561309814e-01,5.776984095573425293e-01,1.558794975280761719e-01
-5.268743634223937988e-01,3.461081683635711670e-01,1.551370620727539062e-01
1.586661338806152344e-01,1.569777846336364746e+00,9.092515110969543457e-01
-4.466454982757568359e-01,1.152869760990142822e-01,1.549935340881347656e-01
-5.627632141113281250e-02,-1.950788497924804688e+00,2.098638862371444702e-01
-3.694421350955963135e-01,8.104919791221618652e-01,1.563010215759277344e-01
5.879901051521301270e-01,-5.776414275169372559e-01,1.553292274475097656e-01
-5.627584457397460938e-02,-1.950788974761962891e+00,3.699795305728912354e-01
-2.635477483272552490e-01,2.331055641174316406e+00,1.033330321311950684e+00
3.472076356410980225e-01,1.152851060032844543e-01,1.549205780029296875e-01
-4.987365752458572388e-02,8.103655576705932617e-01,1.551108360290527344e-01
1.097326651215553284e-01,-8.103903532028198242e-01,1.553125381469726562e-01
-1.264266252517700195e+00,2.042874813079833984e+00,9.532894492149353027e-01
2.686428725719451904e-01,-5.777242183685302734e-01,1.563634872436523438e-01
-2.089028954505920410e-01,5.777149200439453125e-01,1.561398506164550781e-01
-7.091403007507324219e-01,-1.013592481613159180e-01,1.317309737205505371e+00
4.272286891937255859e-01,-3.461278975009918213e-01,1.554946899414062500e-01
4.297422170639038086e-01,1.082780361175537109e+00,7.685315012931823730e-01
-4.971984773874282837e-02,-5.776332020759582520e-01,1.551537513732910156e-01
1.219025135040283203e+00,-1.594013690948486328e+00,9.537682533264160156e-01
2.678008973598480225e-01,-1.153018698096275330e-01,1.556601524353027344e-01
1.091793775558471680e-01,-3.461602330207824707e-01,1.562027931213378906e-01
-6.963806152343750000e-01,-3.791259825229644775e-01,1.125107765197753906e+00
-4.959564283490180969e-02,1.153586730360984802e-01,1.564197540283203125e-01
-6.062316894531250000e-02,1.710405826568603516e+00,2.079574465751647949e-01
3.387250304222106934e-01,-2.336004734039306641e+00,4.483126699924468994e-01
1.121282339096069336e+00,-2.031181573867797852e+00,2.298674583435058594e-01
1.420121669769287109e+00,-7.231780886650085449e-01,2.886227369308471680e-01
-4.081220924854278564e-01,2.406166076660156250e+00,7.540510296821594238e-01
3.434514999389648438e-01,1.081799387931823730e+00,1.026032328605651855e+00
-1.253429353237152100e-01,-1.814236164093017578e+00,9.341888129711151123e-02
7.974773049354553223e-01,-2.330793380737304688e+00,6.670553684234619141e-01
-7.127181887626647949e-01,2.379711627960205078e+00,4.481838941574096680e-01
-2.620118558406829834e-01,2.358260154724121094e+00,5.499342083930969238e-01
-1.945571899414062500e-01,-1.677392125129699707e+00,3.595434427261352539e-01
1.194348931312561035e+00,-2.061359405517578125e+00,8.254675865173339844e-01
7.951898574829101562e-01,-4.004119634628295898e-01,1.230066180229187012e+00
7.480236887931823730e-01,-3.466155230998992920e-01,1.659374237060546875e-01
2.924838066101074219e-01,1.539071917533874512e+00,2.002401649951934814e-01
-1.253434717655181885e-01,-1.814235210418701172e+00,5.553771853446960449e-01
-8.739771842956542969e-01,2.336870193481445312e+00,6.681120395660400391e-01
9.226663112640380859e-01,-1.283571481704711914e+00,1.668920516967773438e-01
6.847591400146484375e-01,6.123692989349365234e-01,6.793140769004821777e-01
-4.103985428810119629e-01,2.380536079406738281e+00,3.927990496158599854e-01
-6.416997909545898438e-01,-3.075498044490814209e-01,1.259348988533020020e+00
2.924828529357910156e-01,1.539072990417480469e+00,5.828747153282165527e-01
-2.935641407966613770e-01,-1.287642478942871094e+00,1.896266937255859375e-01
6.349587440490722656e-01,6.171987652778625488e-01,1.045566678047180176e+00
-5.850249528884887695e-01,2.181883811950683594e+00,2.489681988954544067e-01
-1.088285446166992188e+00,4.772431552410125732e-01,1.105185508728027344e+00
1.092096686363220215e+00,-1.815100073814392090e+00,9.173488616943359375e-01
3.394364714622497559e-01,-2.326213359832763672e+00,6.599121093750000000e-01
1.974456757307052612e-01,-2.100406169891357422e+00,2.515365481376647949e-01
-4.468368291854858398e-01,-9.745908975601196289e-01,1.003155708312988281e+00
1.114456132054328918e-01,-1.978124499320983887e+00,4.101562500000000000e-02
-5.283691287040710449e-01,-1.000697493553161621e+00,8.425183296203613281e-01
1.240782737731933594e+00,-5.584532618522644043e-01,8.148367404937744141e-01
7.236490249633789062e-01,-2.023053467273712158e-01,1.314782738685607910e+00
6.127339005470275879e-01,-2.284778594970703125e+00,8.260030746459960938e-01
1.682714819908142090e-01,-2.024184465408325195e+00,9.368348121643066406e-01
1.277692198753356934e+00,-1.383870244026184082e+00,9.688892364501953125e-01
5.587779283523559570e-01,7.716331481933593750e-01,1.046251296997070312e+00
6.698382496833801270e-01,-5.598270893096923828e-01,1.226684093475341797e+00
-2.099560499191284180e-01,-8.120238780975341797e-01,1.698088645935058594e-01
6.827088594436645508e-01,-7.598606944084167480e-01,1.137062072753906250e+00
-9.391095638275146484e-01,9.213696122169494629e-01,1.330611228942871094e+00
1.043381571769714355e+00,-9.728247523307800293e-01,1.014013767242431641e+00
1.300996780395507812e+00,-2.108995437622070312e+00,6.506051421165466309e-01
1.122894883155822754e+00,-1.175828695297241211e+00,9.939703941345214844e-01
-1.200603246688842773e+00,5.908762216567993164e-01,3.192796707153320312e-01
-6.438412666320800781e-01,-7.198704481124877930e-01,6.132577657699584961e-01
3.145709037780761719e-01,1.308838486671447754e+00,6.530963182449340820e-01
-1.476289629936218262e+00,1.315548181533813477e+00,3.454289436340332031e-01
8.579944968223571777e-01,-1.584976315498352051e+00,9.880428314208984375e-01
9.896979928016662598e-01,-1.377707839012145996e+00,9.957404136657714844e-01
4.213870465755462646e-01,1.197816848754882812e+00,4.927255213260650635e-01
4.121171534061431885e-01,-7.485524415969848633e-01,1.224346637725830078e+00
-8.671030998229980469e-01,1.836087554693222046e-01,1.303749084472656250e+00
-8.166090250015258789e-01,1.114111423492431641e+00,1.309219360351562500e+00
-9.416667819023132324e-01,1.959980726242065430e+00,1.129161357879638672e+00
8.042464256286621094e-01,3.998224139213562012e-01,9.445992708206176758e-01
-1.357007026672363281e+00,1.010644435882568359e+00,1.134130477905273438e+00
8.412482738494873047e-01,-1.171210646629333496e+00,1.017549037933349609e+00
2.355329841375350952e-01,-1.799945950508117676e+00,9.681277275085449219e-01
-9.414889216423034668e-01,1.050142645835876465e+00,1.916794776916503906e-01
6.751966476440429688e-01,6.132963299751281738e-01,3.259625136852264404e-01
-1.582050800323486328e+00,1.151622414588928223e+00,5.310208201408386230e-01
7.950600385665893555e-01,-2.344943046569824219e+00,3.473217785358428955e-01
-1.242715358734130859e+00,4.647762477397918701e-01,5.537440180778503418e-01
7.931642532348632812e-01,4.005380570888519287e-01,6.659187078475952148e-01
-6.623055338859558105e-01,1.958917140960693359e+00,1.132348060607910156e+00
-1.259592533111572266e+00,2.061200141906738281e+00,7.754552960395812988e-01
7.841787338256835938e-01,4.011176824569702148e-01,3.887615799903869629e-01
2.585296519100666046e-02,-1.585858702659606934e+00,9.847073554992675781e-01
-5.647258758544921875e-01,2.349057197570800781e+00,8.194195628166198730e-01
-3.860586583614349365e-01,1.958743572235107422e+00,1.132864952087402344e+00
-1.192222237586975098e+00,7.287392616271972656e-01,1.189779520034790039e+00
-7.904099822044372559e-01,1.744760870933532715e+00,1.153060913085937500e+00
1.540640830993652344e+00,-1.341523647308349609e+00,1.056146249175071716e-01
-7.507419586181640625e-02,-1.706842303276062012e+00,9.238970875740051270e-01
1.596812725067138672e+00,-1.239789128303527832e+00,8.434185385704040527e-01
-5.160917639732360840e-01,1.742368459701538086e+00,1.161088943481445312e+00
-1.223872065544128418e+00,9.376702904701232910e-01,1.230318069458007812e+00
2.876409888267517090e-01,-9.509725570678710938e-01,1.148468017578125000e+00
1.923453509807586670e-01,-2.226978778839111328e+00,6.726983785629272461e-01
4.979872107505798340e-01,-1.168092846870422363e+00,1.033498764038085938e+00
-1.965093612670898438e-01,2.147478580474853516e+00,1.057596206665039062e+00
9.103655815124511719e-01,1.962872296571731567e-01,7.207028269767761230e-01
5.273983478546142578e-01,-3.649059832096099854e-01,1.345487594604492188e+00
1.593325734138488770e-01,-1.162858724594116211e+00,1.060227870941162109e+00
-5.662235021591186523e-01,-6.266164779663085938e-01,1.119089007377624512e+00
-9.509258270263671875e-01,-9.746375679969787598e-02,7.836947441101074219e-01
-3.820948600769042969e-01,-1.185246825218200684e+00,1.956246942281723022e-01
-1.588480472564697266e+00,1.150255680084228516e+00,7.166656255722045898e-01
-6.914472579956054688e-02,2.109473466873168945e+00,2.965017557144165039e-01
-7.280571460723876953e-01,7.223824858665466309e-01,1.426264762878417969e+00
-9.435262680053710938e-01,-9.758300334215164185e-02,5.130357146263122559e-01
-4.849107265472412109e-01,-5.525630712509155273e-01,1.301627159118652344e+00
-9.361639022827148438e-01,-9.770162403583526611e-02,2.437481582164764404e-01
-1.703499794006347656e+00,1.673891305923461914e+00,7.822334170341491699e-01
-3.712959289550781250e-01,1.516541600227355957e+00,1.247623920440673828e+00
1.011041164398193359e+00,2.937316821771673858e-06,5.741589069366455078e-01
1.107304930686950684e+00,-1.774806976318359375e+00,2.006649971008300781e-01
-1.057267189025878906e+00,9.575050324201583862e-02,5.698011517524719238e-01
1.586732864379882812e-01,1.803629755973815918e+00,6.782853603363037109e-01
5.848495364189147949e-01,-1.796779870986938477e+00,9.787378311157226562e-01
6.759948730468750000e-01,3.769715726375579834e-01,1.158403396606445312e+00
-1.110011935234069824e+00,1.957931518554687500e-01,3.734854161739349365e-01
-1.253028273582458496e+00,2.086931228637695312e+00,3.729068040847778320e-01
9.509913325309753418e-01,9.895420074462890625e-02,5.123458504676818848e-01
1.096701145172119141e+00,-1.902810186147689819e-01,3.686395287513732910e-01
-3.062725067138671875e-02,2.097979068756103516e+00,5.396105647087097168e-01
1.121798992156982422e+00,-1.894718855619430542e-01,6.296777129173278809e-01
-2.368322759866714478e-01,-9.452405571937561035e-01,1.183770656585693359e+00
3.398704528808593750e-01,-5.500605702400207520e-01,1.327444553375244141e+00
-9.312594532966613770e-01,5.784747004508972168e-01,1.656808853149414062e-01
-6.061037778854370117e-01,9.081023931503295898e-01,1.412271022796630859e+00
-1.225262641906738281e+00,4.661858379840850830e-01,2.328521609306335449e-01
-8.032110929489135742e-01,-3.849396705627441406e-01,7.134448289871215820e-01
1.579449653625488281e+00,-1.809646844863891602e+00,6.759719848632812500e-01
-3.596952855587005615e-01,-7.407246232032775879e-01,1.284753322601318359e+00
1.569013953208923340e+00,-1.892528057098388672e+00,4.525430202484130859e-01
1.227229595184326172e+00,-3.725309967994689941e-01,7.493562102317810059e-01
-1.912393122911453247e-01,-1.675500154495239258e+00,6.446738243103027344e-01
1.518327295780181885e-01,-7.413170337677001953e-01,1.280219078063964844e+00
1.421854496002197266e+00,-9.065408110618591309e-01,8.598086237907409668e-01
6.497364640235900879e-01,1.354217488369613420e-06,1.373712062835693359e+00
-7.223827838897705078e-01,3.591176867485046387e-01,1.435042381286621094e+00
-1.200830817222595215e+00,5.858335494995117188e-01,9.584341049194335938e-01
3.944343626499176025e-01,1.287460349885805044e-06,1.426255226135253906e+00
-6.575834751129150391e-01,1.735687192194745876e-06,1.440974235534667969e+00
