-8.348559141159057617e-01,-2.545603752136230469e+00,5.360748171806335449e-01
4.537743330001831055e-01,2.682635784149169922e+00,4.161840677261352539e-01
8.855047225952148438e-01,-1.970881074666976929e-01,2.458804249763488770e-01
-9.389495849609375000e-01,-5.542618632316589355e-01,1.284049987792968750e+00
-4.590945243835449219e-01,1.062810897827148438e+00,2.783651351928710938e-01
1.711223125457763672e+00,1.394320487976074219e+00,4.632531702518463135e-01
2.236121296882629395e-01,-1.451109886169433594e+00,8.449088931083679199e-01
-1.625046730041503906e+00,-1.324808835983276367e+00,2.839685082435607910e-01
1.485928297042846680e-01,3.635008633136749268e-01,1.367144107818603516e+00
-4.090498983860015869e-01,-2.465753555297851562e-01,2.111889570951461792e-01
5.844748020172119141e-01,1.600843667984008789e+00,9.278602600097656250e-01
1.179033517837524414e+00,5.836858153343200684e-01,9.805693626403808594e-01
-8.686006069183349609e-01,-1.572393894195556641e+00,1.035774707794189453e+00
5.135894417762756348e-01,8.167832493782043457e-01,2.118062973022460938e-01
1.662874221801757812e-01,1.801623463630676270e+00,4.894714429974555969e-02
4.802862405776977539e-01,-5.659279227256774902e-01,1.163771629333496094e+00
1.295701861381530762e+00,2.241128921508789062e+00,2.530004680156707764e-01
-7.229672074317932129e-01,3.935958445072174072e-01,9.007778167724609375e-01
-4.581742882728576660e-01,-1.294139266014099121e+00,2.258701324462890625e-01
-9.359931945800781250e-02,-2.116770744323730469e+00,2.975277602672576904e-01
2.714199721813201904e-01,-8.163213133811950684e-01,2.077856063842773438e-01
-1.660149812698364258e+00,-1.890582561492919922e+00,9.396207928657531738e-01
-1.248504757881164551e+00,-5.744047164916992188e-01,1.152606010437011719e-01
-1.416596621274948120e-01,1.139194011688232422e+00,1.025349140167236328e+00
-2.303066998720169067e-01,-9.191957116127014160e-01,1.344030857086181641e+00
1.344924449920654297e+00,7.329260110855102539e-01,2.291888445615768433e-01
9.371182322502136230e-01,1.537501692771911621e+00,2.333445549011230469e-01
-1.057611465454101562e+00,-1.797311663627624512e+00,2.919449806213378906e-01
-3.295149207115173340e-01,-2.229435205459594727e+00,9.755578041076660156e-01
-1.364151954650878906e+00,-1.009364008903503418e+00,9.361243844032287598e-01
1.886862069368362427e-01,-1.490245342254638672e+00,1.102447509765625000e-02
-3.504267930984497070e-01,-1.808789372444152832e-01,1.388680458068847656e+00
3.992698714137077332e-02,2.043641567230224609e+00,6.979942321777343750e-01
1.900076270103454590e-01,1.162812784314155579e-01,2.163171768188476562e-01
-7.735365033149719238e-01,3.490592539310455322e-01,2.163262367248535156e-01
1.260226726531982422e+00,1.848399639129638672e+00,8.057508468627929688e-01
7.408836483955383301e-01,4.902315139770507812e-02,1.239658474922180176e+00
-1.112542152404785156e+00,-2.847752273082733154e-01,6.972277760505676270e-01
4.928201138973236084e-01,9.651497602462768555e-01,1.061258792877197266e+00
-1.682617306709289551e+00,-2.059571743011474609e+00,3.309183120727539062e-01
-1.120821714401245117e+00,-2.224114418029785156e+00,9.899435043334960938e-01
1.283027172088623047e+00,1.193818807601928711e+00,9.020767211914062500e-01
8.412739634513854980e-01,2.304016828536987305e+00,7.740111351013183594e-01
6.724100112915039062e-01,-6.135669350624084473e-01,6.094689965248107910e-01
1.389039874076843262e+00,1.256066203117370605e+00,1.331996917724609375e-02
1.820728302001953125e+00,1.916660666465759277e+00,6.532482504844665527e-01
-1.303845196962356567e-01,5.825608968734741211e-01,2.162699699401855469e-01
-3.130673170089721680e-01,-1.555844068527221680e+00,1.098547458648681641e+00
-1.081980705261230469e+00,-1.227069854736328125e+00,2.360647469758987427e-01
7.003890872001647949e-01,2.035300970077514648e+00,2.445249557495117188e-01
8.342904448509216309e-01,3.490428328514099121e-01,2.160372734069824219e-01
3.042114153504371643e-02,1.290520906448364258e+00,2.056541442871093750e-01
-3.559432923793792725e-01,5.504142045974731445e-01,1.323767185211181641e+00
-6.957272291183471680e-01,-8.166784644126892090e-01,2.108459472656250000e-01
9.659906625747680664e-01,9.879112243652343750e-03,7.576071023941040039e-01
-1.015285372734069824e+00,-1.161479949951171875e-01,2.086582183837890625e-01
2.100208997726440430e-01,-1.808242052793502808e-01,1.390482425689697266e+00
-5.167965888977050781e-01,-1.821409821510314941e+00,2.706597745418548584e-01
-5.476956963539123535e-01,8.351321220397949219e-01,7.321000695228576660e-01
-2.726345062255859375e-01,1.429948449134826660e+00,5.825216770172119141e-01
4.407403469085693359e-01,-9.991183280944824219e-01,8.522152900695800781e-01
2.000024318695068359e-01,2.289510965347290039e+00,2.444238662719726562e-01
-7.005512714385986328e-01,-1.137862086296081543e+00,1.187907695770263672e+00
-8.154177665710449219e-01,-9.964723140001296997e-02,1.152598500251770020e+00
9.590072184801101685e-02,1.604343891143798828e+00,9.145960807800292969e-01
-3.944744765758514404e-01,-2.559801578521728516e+00,3.278484940528869629e-01
1.454158902168273926e+00,1.785040974617004395e+00,2.421712875366210938e-01
-2.110119611024856567e-01,-8.161078691482543945e-01,2.058658599853515625e-01
4.308340251445770264e-01,-3.490484654903411865e-01,2.158689498901367188e-01
7.427504062652587891e-01,5.656843185424804688e-01,1.166245460510253906e+00
5.182027816772460938e-01,1.291018605232238770e+00,2.084631919860839844e-01
8.989639282226562500e-01,2.484055995941162109e+00,3.379086256027221680e-01
4.143432527780532837e-02,-1.856547355651855469e+00,6.663014292716979980e-01
9.229131937026977539e-01,1.052298665046691895e+00,2.064585685729980469e-01
3.483176231384277344e-01,-1.302230834960937500e+00,4.230392277240753174e-01
-1.404891490936279297e+00,-8.170064091682434082e-01,4.789186120033264160e-01
1.170979022979736328e+00,3.761569857597351074e-01,5.599883794784545898e-01
1.561611890792846680e-01,-1.139712572097778320e+00,1.178457260131835938e+00
-1.169497609138488770e+00,-2.316405057907104492e+00,3.295278549194335938e-01
5.003509297966957092e-02,7.887129783630371094e-01,1.228834629058837891e+00
4.583949148654937744e-01,2.051358938217163086e+00,8.554458618164062500e-01
-1.651933193206787109e+00,-1.502501845359802246e+00,7.196062803268432617e-01
-9.327502250671386719e-01,9.775684028863906860e-02,5.817403793334960938e-01
-7.470124363899230957e-01,-1.999832391738891602e+00,1.009774684906005859e+00
8.513816595077514648e-01,1.185319662094116211e+00,9.454908370971679688e-01
-1.409452438354492188e+00,-2.134006023406982422e+00,6.562475562095642090e-01
-1.296956658363342285e+00,-1.579137206077575684e+00,1.010206222534179688e+00
-7.075361609458923340e-01,-2.413302898406982422e+00,9.181309342384338379e-01
3.306517004966735840e-01,2.447181224822998047e+00,7.463476657867431641e-01
1.447454929351806641e+00,9.023803472518920898e-01,6.022842526435852051e-01
-3.912521153688430786e-02,-5.452415943145751953e-01,1.377223014831542969e+00
-1.142225265502929688e-01,-1.697193861007690430e+00,2.063513100147247314e-01
-5.416027903556823730e-01,1.820008754730224609e-01,1.353744506835937500e+00
-1.566119194030761719e-01,1.686747074127197266e+00,2.832797169685363770e-01
-1.416578054428100586e+00,-1.034611940383911133e+00,8.533143997192382812e-02
1.490469455718994141e+00,2.148209571838378906e+00,6.003769040107727051e-01
-5.429387688636779785e-01,-5.465911030769348145e-01,1.363217830657958984e+00
3.001220710575580597e-02,-3.489184379577636719e-01,2.129101753234863281e-01
-2.100027352571487427e-01,1.162713617086410522e-01,2.163243293762207031e-01
-1.195717811584472656e+00,-6.573678255081176758e-01,9.550687670707702637e-01
-6.383371353149414062e-01,7.204945087432861328e-01,3.284179568290710449e-01
-7.512028217315673828e-01,-2.130228519439697266e+00,3.075369298458099365e-01
1.601914882659912109e+00,1.415153622627258301e+00,8.325514793395996094e-01
-1.030889630317687988e+00,-9.454999566078186035e-01,1.182141304016113281e+00
7.078226208686828613e-01,-2.655138969421386719e-01,1.030247211456298828e+00
1.825695991516113281e+00,1.727438211441040039e+00,2.798248231410980225e-01
8.817840218544006348e-01,1.827127456665039062e+00,8.770427703857421875e-01
-4.023909568786621094e-01,-2.470701694488525391e+00,6.918142437934875488e-01
-5.078277364373207092e-02,-1.292601943016052246e+00,2.172918319702148438e-01
-7.933782935142517090e-01,-1.540670871734619141e+00,2.482848167419433594e-01
-1.759647846221923828e+00,-1.656147718429565430e+00,4.042004346847534180e-01
-1.545724391937255859e+00,-1.159344434738159180e+00,5.970095396041870117e-01
-1.635519415140151978e-01,1.810850501060485840e-01,1.382265567779541016e+00
1.531335353851318359e+00,1.070625782012939453e+00,2.858493030071258545e-01
2.304762154817581177e-01,1.183415412902832031e+00,9.552364349365234375e-01
6.806249618530273438e-01,-6.127698421478271484e-01,2.551785111427307129e-01
-1.382677555084228516e+00,-1.578593730926513672e+00,2.870016396045684814e-01
1.696963310241699219e+00,2.050091266632080078e+00,2.684203982353210449e-01
4.868611097335815430e-01,2.962899208068847656e-01,1.329704761505126953e+00
-1.269878298044204712e-01,1.746165752410888672e+00,6.216452121734619141e-01
-1.249444186687469482e-01,-1.830746173858642578e+00,1.022945284843444824e+00
-3.447808623313903809e-01,8.919644355773925781e-01,1.139996051788330078e+00
2.708849906921386719e-01,5.825453996658325195e-01,2.160825729370117188e-01
2.725903391838073730e-01,1.052626132965087891e+00,2.087168693542480469e-01
5.911669731140136719e-01,1.162738204002380371e-01,2.163090705871582031e-01
-7.725372314453125000e-01,-3.486083149909973145e-01,2.070040702819824219e-01
9.090933203697204590e-01,7.825720310211181641e-01,9.618387222290039062e-01
-4.512133598327636719e-01,-5.817220211029052734e-01,2.059197425842285156e-01
-1.434464454650878906e-01,-2.131645679473876953e+00,7.146803140640258789e-01
-4.256818592548370361e-01,-2.208543300628662109e+00,3.002319335937500000e-01
4.442602396011352539e-01,1.782866835594177246e+00,2.333397865295410156e-01
-1.186418056488037109e+00,-4.693213999271392822e-01,4.289611577987670898e-01
-1.034659147262573242e+00,-2.318088531494140625e+00,6.752306818962097168e-01
1.006702542304992676e+00,3.053116798400878906e-01,1.038481235504150391e+00
1.038133263587951660e+00,2.034693002700805664e+00,2.423796653747558594e-01
-4.189836382865905762e-01,4.225592613220214844e-01,2.163177430629730225e-01
1.103766560554504395e+00,2.361355781555175781e+00,5.640142560005187988e-01
-1.022922396659851074e+00,-8.174471259117126465e-01,2.176890373229980469e-01
-1.069741770625114441e-01,-1.328441262245178223e+00,1.210457324981689453e+00
1.169149398803710938e+00,3.762750029563903809e-01,2.348400801420211792e-01
-2.049083709716796875e-01,1.444344401359558105e+00,8.998968601226806641e-01
-5.307693481445312500e-01,1.162628605961799622e-01,2.156600952148437500e-01
5.266230702400207520e-01,-1.822796761989593506e-01,1.345053672790527344e+00
-1.987123489379882812e-02,1.961016774177551270e+00,3.719189465045928955e-01
-3.639516830444335938e-01,1.188498377799987793e+00,7.974526882171630859e-01
-7.259488105773925781e-01,5.064941048622131348e-01,6.034475564956665039e-01
2.135142534971237183e-01,-7.334221601486206055e-01,1.341074943542480469e+00
1.508898377418518066e+00,1.458104133605957031e+00,2.308471649885177612e-01
-5.276127457618713379e-01,-1.781263828277587891e+00,1.030745983123779297e+00
1.226534605026245117e+00,9.920492172241210938e-01,1.104302927851676941e-01
-3.189386427402496338e-01,1.349775314331054688e+00,2.902990579605102539e-01
3.963104262948036194e-02,2.080364704132080078e+00,8.860168606042861938e-02
4.577822685241699219e-01,-1.063218951225280762e+00,2.663934230804443359e-01
2.191720157861709595e-01,-1.561264991760253906e+00,5.218325853347778320e-01
-1.329882025718688965e+00,-2.056581974029541016e+00,3.202829360961914062e-01
-1.005525588989257812e+00,-2.899520397186279297e-01,9.812438488006591797e-01
-9.328017830848693848e-01,1.792907710296276491e-06,8.690347671508789062e-01
6.160859465599060059e-01,2.529260158538818359e+00,6.866189241409301758e-01
1.003886699676513672e+00,2.975463758048135787e-06,4.409947097301483154e-01
1.179496169090270996e+00,1.294281601905822754e+00,2.266769409179687500e-01
5.374816656112670898e-01,2.288903713226318359e+00,2.424998283386230469e-01
2.760043144226074219e-01,1.533631443977355957e+00,2.151408195495605469e-01
-1.326457023620605469e+00,-2.006205320358276367e+00,9.906859397888183594e-01
1.087092280387878418e+00,1.610786437988281250e+00,8.901410102844238281e-01
5.380200147628784180e-01,4.081435203552246094e-01,2.161221206188201904e-01
-5.655920505523681641e-01,6.336946487426757812e-01,9.724023342132568359e-01
4.545540809631347656e-01,-1.063743710517883301e+00,5.616577267646789551e-01
1.047091960906982422e+00,2.063897132873535156e+00,8.178930282592773438e-01
1.139919757843017578e+00,1.748681902885437012e+00,2.457900941371917725e-01
3.436639308929443359e-01,5.561996102333068848e-01,1.264135360717773438e+00
2.569961547851562500e-02,-1.576466679573059082e+00,1.020335674285888672e+00
6.044483184814453125e-01,-6.201567649841308594e-01,9.048680067062377930e-01
7.999138832092285156e-01,-4.001069664955139160e-01,4.569448828697204590e-01
-1.092823147773742676e+00,-1.786678552627563477e+00,1.012596130371093750e+00
-1.516632676124572754e+00,-1.388215661048889160e+00,9.499492645263671875e-01
-5.521537661552429199e-01,-9.238812923431396484e-01,1.315196037292480469e+00
1.303677201271057129e+00,6.329956054687500000e-01,5.695114135742187500e-01
-1.066311717033386230e+00,-1.363491773605346680e+00,1.057703971862792969e+00
3.678164482116699219e-01,-8.595641851425170898e-01,1.093433260917663574e+00
8.920669555664062500e-02,-1.821944952011108398e+00,3.666131496429443359e-01
-1.312988251447677612e-01,1.053407073020935059e+00,2.140560150146484375e-01
1.109805256128311157e-01,-1.052315950393676758e+00,2.065062522888183594e-01
-2.918878197669982910e-01,8.172763586044311523e-01,2.161254882812500000e-01
3.017700091004371643e-02,8.172510862350463867e-01,2.159748077392578125e-01
-5.085763335227966309e-01,-1.342891693115234375e+00,1.147492885589599609e+00
3.002624399960041046e-02,3.490829467773437500e-01,2.163109779357910156e-01
-1.304379940032958984e+00,-6.450615525245666504e-01,6.780285239219665527e-01
-6.960052251815795898e-01,1.895598918199539185e-01,1.119127750396728516e+00
3.088474869728088379e-01,1.820155858993530273e+00,9.004116058349609375e-01
1.328023076057434082e+00,7.755322456359863281e-01,8.445441722869873047e-01
-8.636135458946228027e-01,-1.054911971092224121e+00,2.243118286132812500e-01
5.959835052490234375e-01,-8.299899697303771973e-01,4.030432105064392090e-01
6.298114061355590820e-01,2.552114486694335938e+00,2.533264160156250000e-01
-1.665383338928222656e+00,-1.877005219459533691e+00,6.689405441284179688e-01
2.810971140861511230e-01,2.031906604766845703e+00,2.324361801147460938e-01
1.858788281679153442e-01,2.387476444244384766e+00,4.942419230937957764e-01
9.984289407730102539e-01,5.821800231933593750e-01,2.116007804870605469e-01
1.575258851051330566e+00,1.865958213806152344e+00,7.469086647033691406e-01
-7.415238022804260254e-01,-7.357443571090698242e-01,1.323171615600585938e+00
-3.943008184432983398e-02,5.494913458824157715e-01,1.333397865295410156e+00
8.640480041503906250e-01,3.509521320665953681e-06,1.003229975700378418e+00
-7.349260449409484863e-01,-3.653572499752044678e-01,1.338455200195312500e+00
7.640109062194824219e-01,-4.024237394332885742e-01,7.391747832298278809e-01
1.387542843818664551e+00,1.622095584869384766e+00,8.472480773925781250e-01
1.106524616479873657e-01,-1.737795948982238770e+00,5.050659179687500000e-02
7.777343392372131348e-01,1.785126924514770508e+00,2.425289154052734375e-01
2.227435261011123657e-01,9.549128413200378418e-01,1.124193668365478516e+00
7.525267004966735840e-01,2.063574075698852539e+00,8.188662528991699219e-01
6.049401760101318359e-01,1.535553097724914551e+00,2.241878509521484375e-01
2.381454408168792725e-02,1.350045181425230112e-06,1.387123107910156250e+00
1.142298698425292969e+00,3.780077993869781494e-01,8.266174197196960449e-01
-1.069977998733520508e+00,-2.055045366287231445e+00,3.148126602172851562e-01
-5.912802219390869141e-01,-2.632524967193603516e+00,5.343294143676757812e-01
-1.501349091529846191e+00,-1.010478019714355469e+00,3.275616466999053955e-01
1.129709243774414062e+00,9.876881837844848633e-01,9.225378036499023438e-01
4.395019412040710449e-01,1.389029145240783691e+00,9.464340209960937500e-01
2.728753685951232910e-01,-1.285655140876770020e+00,1.785507202148437500e-01
-3.793923854827880859e-01,-1.537725210189819336e+00,2.344088554382324219e-01
-1.269888281822204590e-01,1.746163845062255859e+00,3.639800846576690674e-02
-3.646073937416076660e-01,-1.122362732887268066e+00,1.267082691192626953e+00
-3.739826977252960205e-01,-1.053409814834594727e+00,2.140450477600097656e-01
1.753282546997070312e+00,1.565650939941406250e+00,6.476646065711975098e-01
-8.028420805931091309e-01,-1.794539928436279297e+00,2.807097434997558594e-01
-1.313087701797485352e+00,-7.930026054382324219e-01,1.859188079833984375e-03
8.817977905273437500e-01,-1.972077339887619019e-01,5.868542194366455078e-01
2.384918183088302612e-02,-9.205581545829772949e-01,1.335628986358642578e+00
-1.373795747756958008e+00,-1.299699425697326660e+00,2.569413185119628906e-01
-1.131310224533081055e+00,-1.546000599861145020e+00,2.733435630798339844e-01
1.919279396533966064e-01,2.237375736236572266e+00,7.793223261833190918e-01
9.959616065025329590e-01,1.162692606449127197e-01,2.161803245544433594e-01
-2.590226829051971436e-01,-2.411249160766601562e+00,4.920779168605804443e-01
5.533728599548339844e-01,-8.355131149291992188e-01,6.959837079048156738e-01
8.467376232147216797e-01,1.292638182640075684e+00,2.175045013427734375e-01
1.049010634422302246e+00,2.290705442428588867e+00,2.482080459594726562e-01
-9.366223216056823730e-01,-5.818063020706176758e-01,2.069468498229980469e-01
-8.518776893615722656e-01,2.973830103874206543e-01,4.527032375335693359e-01
8.376464843750000000e-01,8.162961602210998535e-01,2.075018882751464844e-01
-2.900163233280181885e-01,-5.456653833389282227e-01,1.372799396514892578e+00
-1.577370882034301758e+00,-1.802948117256164551e+00,3.148331642150878906e-01
-4.059195518493652344e-01,1.180982232093811035e+00,4.926898181438446045e-01
1.355267524719238281e+00,1.295211791992187500e+00,6.850538253784179688e-01
5.963799953460693359e-01,1.052036523818969727e+00,2.046484947204589844e-01
1.273902893066406250e+00,1.539474964141845703e+00,2.426452636718750000e-01
1.904409676790237427e-01,-5.821203589439392090e-01,2.106485366821289062e-01
-1.302404701709747314e-01,-5.819161534309387207e-01,2.082829475402832031e-01
-1.115107536315917969e+00,-2.288231849670410156e-01,4.565161168575286865e-01
-1.097577452659606934e+00,-3.485390841960906982e-01,2.056417465209960938e-01
3.501876890659332275e-01,-1.162743344902992249e-01,2.163224220275878906e-01
-6.914172172546386719e-01,-1.161868795752525330e-01,2.110390663146972656e-01
-9.475617408752441406e-01,9.751806408166885376e-02,3.105096220970153809e-01
-7.042711973190307617e-01,-1.295063734054565430e+00,2.310471534729003906e-01
-5.000701919198036194e-02,-1.163151711225509644e-01,2.157568931579589844e-01
1.472568511962890625e+00,1.082132101058959961e+00,7.931686043739318848e-01
5.446305871009826660e-01,2.307692050933837891e+00,7.640810012817382812e-01
1.082578420639038086e+00,8.159510493278503418e-01,2.044873237609863281e-01
3.012600541114807129e-01,-1.192914247512817383e+00,9.067187309265136719e-01
-6.179345846176147461e-01,-1.054158329963684082e+00,2.191662788391113281e-01
1.463153600692749023e+00,1.023858904838562012e+00,1.169300079345703125e-02
7.546975612640380859e-01,5.824438333511352539e-01,2.148418426513671875e-01
-5.253820419311523438e-01,9.454339146614074707e-01,4.812371730804443359e-01
7.166197299957275391e-01,1.387833833694458008e+00,9.516310691833496094e-01
2.191728502511978149e-01,-1.561263561248779297e+00,2.792150676250457764e-01
-5.579168796539306641e-01,3.747656047344207764e-01,1.192563533782958984e+00
-1.312057524919509888e-01,-1.052659869194030762e+00,2.089395523071289062e-01
-1.193074703216552734e+00,-1.158665657043457031e+00,1.081650733947753906e+00
-9.082509875297546387e-01,-2.313832521438598633e+00,3.213853836059570312e-01
6.724557280540466309e-01,-3.490592539310455322e-01,2.163257598876953125e-01
1.613738059997558594e+00,1.235904932022094727e+00,9.952331334352493286e-02
3.013549745082855225e-02,-8.161221146583557129e-01,2.060065269470214844e-01
-1.366553068161010742e+00,-2.282109260559082031e+00,4.708941578865051270e-01
7.922704815864562988e-01,2.289836883544921875e+00,2.454600334167480469e-01
4.541898965835571289e-01,7.461438179016113281e-01,1.168426156044006348e+00
1.154308319091796875e-01,-1.347823262214660645e+00,1.067321777343750000e+00
-5.240692198276519775e-02,-1.573205351829528809e+00,4.013204574584960938e-01
3.056823648512363434e-02,1.529405474662780762e+00,1.952462196350097656e-01
-7.851960659027099609e-01,-1.355602264404296875e+00,1.092080116271972656e+00
-8.296689391136169434e-01,-2.222854614257812500e+00,9.933385848999023438e-01
-1.404891490936279297e+00,-8.170066475868225098e-01,2.272625714540481567e-01
-3.945710659027099609e-01,-2.001928567886352539e+00,1.003503322601318359e+00
2.738006412982940674e-01,1.290012478828430176e+00,2.028441429138183594e-01
-4.796511828899383545e-01,-2.459307670593261719e+00,9.597511291503906250e-01
5.699877738952636719e-01,1.176579833030700684e+00,9.901561737060546875e-01
1.001326441764831543e+00,1.393890380859375000e+00,9.252266883850097656e-01
-6.930844187736511230e-01,-5.817283391952514648e-01,2.059154510498046875e-01
-1.792126655578613281e+00,-2.023219347000122070e+00,5.356303453445434570e-01
2.716924846172332764e-01,8.171399235725402832e-01,2.150135040283203125e-01
-4.526911973953247070e-01,-8.162291049957275391e-01,2.068939208984375000e-01
-4.342751502990722656e-01,9.587370157241821289e-01,9.344131350517272949e-01
-2.892742455005645752e-01,-1.875328063964843750e+00,2.632968127727508545e-01
2.703326344490051270e-01,3.490553200244903564e-01,2.163023948669433594e-01
-6.836358308792114258e-01,-2.568239212036132812e+00,3.297967314720153809e-01
4.315102994441986084e-01,-5.822600722312927246e-01,2.124271392822265625e-01
-1.066287234425544739e-01,9.497803449630737305e-01,1.155843734741210938e+00
5.911675691604614258e-01,-1.162739843130111694e-01,2.163181304931640625e-01
1.693514823913574219e+00,2.060149192810058594e+00,5.006387233734130859e-01
-1.315572023391723633e+00,-1.800106763839721680e+00,3.033041954040527344e-01
7.013536095619201660e-01,3.270626068115234375e-01,1.250299096107482910e+00
1.467618703842163086e+00,2.036100625991821289e+00,2.473850250244140625e-01
-1.045989990234375000e-01,-1.115901589393615723e+00,1.300076961517333984e+00
1.278558611869812012e+00,2.076769351959228516e+00,7.793350219726562500e-01
-1.182198524475097656e+00,-4.696622490882873535e-01,8.219483494758605957e-01
3.727352917194366455e-01,2.549768686294555664e+00,2.466502189636230469e-01
2.648071199655532837e-02,1.822006344795227051e+00,8.942017555236816406e-01
3.308382034301757812e-01,-1.305652379989624023e+00,6.515073776245117188e-01
-1.318375587463378906e+00,-6.434763669967651367e-01,3.568798601627349854e-01
-1.459814548492431641e+00,-9.922311305999755859e-01,7.290911674499511719e-01
7.047062516212463379e-01,9.788983464241027832e-01,9.766359329223632812e-01
-6.725161075592041016e-01,1.277923502129851840e-06,1.314736843109130859e+00
-5.884719491004943848e-01,-1.564809441566467285e+00,1.064548969268798828e+00
-1.459909915924072266e+00,-1.794586420059204102e+00,9.861035346984863281e-01
8.470634222030639648e-01,-1.977475434541702271e-01,8.650403022766113281e-01
1.281914710998535156e+00,5.544648766517639160e-01,3.585623204708099365e-01
1.613738059997558594e+00,1.235904812812805176e+00,5.916679501533508301e-01
-1.685441583395004272e-01,7.445050477981567383e-01,1.255544185638427734e+00
3.984295427799224854e-01,1.420974740540259518e-06,1.369800567626953125e+00
3.384161293506622314e-01,-5.477066636085510254e-01,1.351720333099365234e+00
1.069825649261474609e+00,1.911472976207733154e-01,6.352456808090209961e-01
5.930480957031250000e-01,1.821967840194702148e+00,8.943309783935546875e-01
-2.100762873888015747e-01,-3.488145768642425537e-01,2.111392021179199219e-01
2.588424645364284515e-02,1.392848730087280273e+00,9.297924041748046875e-01
-1.219497799873352051e+00,-2.218411922454833984e+00,7.507713437080383301e-01
-1.033420324325561523e+00,-2.001536607742309570e+00,1.004671573638916016e+00
-4.186273813247680664e-01,-7.315894961357116699e-01,1.355248928070068359e+00
6.884558200836181641e-01,7.662569284439086914e-01,1.087710857391357422e+00
-2.227632105350494385e-01,-2.307065963745117188e+00,2.999715805053710938e-01
-1.637010127305984497e-01,-3.623115122318267822e-01,1.385753154754638672e+00
-2.648049890995025635e-01,-2.308804512023925781e+00,7.682327032089233398e-01
-2.102267444133758545e-01,3.490648865699768066e-01,2.163157463073730469e-01
-1.685324668884277344e+00,-1.679636955261230469e+00,8.480096459388732910e-01
1.369284510612487793e+00,1.404310464859008789e+00,8.798065185546875000e-01
9.637187123298645020e-01,5.789470672607421875e-01,1.029461383819580078e+00
-1.296927183866500854e-01,1.634301662445068359e+00,8.165907263755798340e-01
-8.206905722618103027e-01,-9.348489642143249512e-01,1.247701644897460938e+00
2.732215821743011475e-01,1.814125329256057739e-01,1.372135162353515625e+00
-8.257684111595153809e-01,1.991877555847167969e-01,8.874435424804687500e-01
-8.080411553382873535e-01,-1.783680081367492676e+00,1.022639274597167969e+00
1.842667579650878906e+00,1.721772670745849609e+00,5.212573409080505371e-01
8.566207438707351685e-02,-3.620069026947021484e-01,1.390661716461181641e+00
-1.563869595527648926e+00,-2.186903953552246094e+00,4.851757586002349854e-01
8.688828945159912109e-01,1.605090498924255371e+00,9.117517471313476562e-01
4.228385910391807556e-02,-1.751120090484619141e+00,8.582205176353454590e-01
-1.486828804016113281e+00,-1.171863198280334473e+00,8.575285077095031738e-01
-7.038021683692932129e-01,-2.437509059906005859e+00,7.023605108261108398e-01
-9.780541658401489258e-01,-1.149299263954162598e+00,1.129487514495849609e+00
-8.929729461669921875e-03,-1.486000895500183105e+00,1.287167370319366455e-01
-1.023995876312255859e+00,-9.628684818744659424e-02,6.399055123329162598e-01
-6.142234802246093750e-01,-2.223581075668334961e+00,9.913740158081054688e-01
-6.253890991210937500e-01,7.219609022140502930e-01,5.433666706085205078e-01
3.437390327453613281e-01,2.583922863006591797e+00,5.725628733634948730e-01
-7.570586204528808594e-01,5.039830207824707031e-01,3.909145891666412354e-01
5.379530191421508789e-01,-3.722088038921356201e-01,1.232326984405517578e+00
1.884726524353027344e+00,1.892977714538574219e+00,4.011462330818176270e-01
-9.156789779663085938e-01,-2.363712072372436523e+00,8.455465435981750488e-01
1.290362119674682617e+00,2.260746955871582031e+00,5.810026526451110840e-01
1.065952777862548828e+00,1.190371513366699219e+00,9.196839332580566406e-01
1.281876564025878906e+00,1.908991932868957520e+00,2.422909438610076904e-01
-1.080465555191040039e+00,-1.574848175048828125e+00,1.026466369628906250e+00
-8.236627578735351562e-01,2.987477481365203857e-01,6.620442271232604980e-01
-1.004021167755126953e+00,-2.456727504730224609e+00,4.460707008838653564e-01
7.602536678314208984e-01,2.548745155334472656e+00,4.834759533405303955e-01
1.470308303833007812e+00,2.213840961456298828e+00,3.682418763637542725e-01
5.134301781654357910e-01,-8.165301084518432617e-01,2.095708847045898438e-01
3.748652637004852295e-01,1.602505922317504883e+00,9.215512275695800781e-01
1.701238036155700684e+00,1.539858818054199219e+00,2.444462776184082031e-01
-6.500671505928039551e-01,-2.312870025634765625e+00,3.183431625366210938e-01
8.739933371543884277e-01,1.885782182216644287e-01,1.149569988250732422e+00
-1.208591461181640625e-01,-1.999757766723632812e+00,8.747933506965637207e-01
-1.013899087905883789e+00,-7.450935244560241699e-01,1.251049995422363281e+00
-1.284732818603515625e+00,-1.372292757034301758e+00,1.019347667694091797e+00
2.330513000488281250e-01,1.392923355102539062e+00,9.294509887695312500e-01
-5.570739507675170898e-01,-2.048655033111572266e+00,2.920737266540527344e-01
1.624927759170532227e+00,1.636285066604614258e+00,7.934231758117675781e-01
-1.051753044128417969e+00,-4.801927804946899414e-01,1.043727993965148926e+00
1.238961219787597656e+00,5.586301684379577637e-01,7.497817873954772949e-01
2.425088435411453247e-01,2.052366971969604492e+00,8.524322509765625000e-01
-8.907337188720703125e-01,-3.358592987060546875e-01,1.208223819732666016e+00
-1.188897132873535156e+00,-8.485467433929443359e-01,1.094336986541748047e+00
-1.194854140281677246e+00,-1.055922627449035645e+00,2.312498092651367188e-01
-1.582937598228454590e+00,-1.535068035125732422e+00,2.918554544448852539e-01
1.048393726348876953e+00,1.918381452560424805e-01,8.385610580444335938e-01
9.170614480972290039e-01,9.852483868598937988e-01,9.375491142272949219e-01
-1.375261306762695312e+00,-8.213328123092651367e-01,8.004952669143676758e-01
1.099257946014404297e+00,1.901990473270416260e-01,4.342059195041656494e-01
2.169909626245498657e-01,-9.302520751953125000e-01,1.275937557220458984e+00
-3.188802897930145264e-01,-1.777560710906982422e+00,1.043150901794433594e+00
1.122354388236999512e+00,7.862315773963928223e-01,9.336242675781250000e-01
-1.817314147949218750e+00,-1.823547720909118652e+00,5.267208814620971680e-01
-2.899534404277801514e-01,3.640081286430358887e-01,1.359223842620849609e+00
-7.724653482437133789e-01,1.162328347563743591e-01,2.138814926147460938e-01
-1.520298004150390625e+00,-1.586225986480712891e+00,9.833045005798339844e-01
-5.434072613716125488e-01,8.834028244018554688e-01,2.468054145574569702e-01
-1.653538495302200317e-01,-7.304129600524902344e-01,1.364275455474853516e+00
5.401214361190795898e-01,5.600776672363281250e-01,1.224091529846191406e+00
-3.058988749980926514e-01,-1.333657383918762207e+00,1.187716960906982422e+00
-1.169728860259056091e-01,-2.160531044006347656e+00,5.182904005050659180e-01
1.210269451141357422e+00,2.357306480407714844e+00,3.901641666889190674e-01
1.447454929351806641e+00,9.023803472518920898e-01,3.511032164096832275e-01
-6.044256687164306641e-01,-1.818723678588867188e-01,1.357665061950683594e+00
-3.919956088066101074e-01,-2.587715625762939453e+00,5.239745974540710449e-01
5.008100867271423340e-01,-7.858644127845764160e-01,9.364385604858398438e-01
-1.696612834930419922e+00,-1.489948987960815430e+00,5.281176567077636719e-01
9.288027882575988770e-01,2.450429916381835938e+00,5.492584109306335449e-01
-5.324680805206298828e-01,5.825669765472412109e-01,2.163128852844238281e-01
1.345539689064025879e+00,9.897977709770202637e-01,9.095559120178222656e-01
-4.774386584758758545e-01,-3.630132675170898438e-01,1.374841213226318359e+00
-4.763047695159912109e-01,1.449584942747605965e-06,1.376815319061279297e+00
-1.215913295745849609e+00,-4.669403433799743652e-01,6.212896704673767090e-01
1.613738059997558594e+00,1.235904812812805176e+00,3.449145555496215820e-01
1.531336784362792969e+00,1.070626616477966309e+00,5.342314243316650391e-01
-1.176863431930541992e+00,-2.385577678680419922e+00,5.098588466644287109e-01
1.507574468851089478e-01,5.527149438858032227e-01,1.300050258636474609e+00
-1.124717712402343750e+00,-7.878282666206359863e-01,5.653533712029457092e-02
-1.009741201996803284e-01,-1.806308478116989136e-01,1.397032737731933594e+00
-1.473946571350097656e-01,1.456568360328674316e+00,2.038442939519882202e-01
4.749431461095809937e-02,1.104240894317626953e+00,1.031196236610412598e+00
3.996047973632812500e-01,-3.636656999588012695e-01,1.364770412445068359e+00
-2.254255563020706177e-01,1.411438006471144035e-06,1.392450809478759766e+00
-1.723547935485839844e+00,-1.667556762695312500e+00,6.545667648315429688e-01
-1.489593029022216797e+00,-9.868980050086975098e-01,5.366862416267395020e-01
1.373816490173339844e+00,7.291797995567321777e-01,4.172485172748565674e-01
1.121908187866210938e+00,2.285113334655761719e+00,7.373643517494201660e-01
-1.604277610778808594e+00,-1.329928398132324219e+00,6.573486328125000000e-01
-4.509015083312988281e-01,7.417222261428833008e-01,1.077624797821044922e+00
2.363082766532897949e-02,-7.308666110038757324e-01,1.360797405242919922e+00
-1.015695184469223022e-01,3.631965219974517822e-01,1.371856689453125000e+00
8.738058209419250488e-01,3.768753111362457275e-01,1.159835815429687500e+00
1.777698040008544922e+00,1.743462085723876953e+00,7.131974697113037109e-01
1.489041149616241455e-01,-5.459217429161071777e-01,1.370140075683593750e+00
-3.513728380203247070e-01,1.813672780990600586e-01,1.373530864715576172e+00
8.573821932077407837e-02,1.812611222267150879e-01,1.377258300781250000e+00
1.447454929351806641e+00,9.023806452751159668e-01,1.636816412210464478e-01
-3.535625338554382324e-01,7.363867759704589844e-01,1.241118907928466797e+00
7.240316867828369141e-01,-1.113104820251464844e-01,1.132506728172302246e+00
-1.621819019317626953e+00,-1.325604081153869629e+00,4.691523611545562744e-01
5.906544327735900879e-01,1.335144020231382456e-06,1.335261821746826172e+00
1.098181158304214478e-01,-1.270500421524047852e+00,9.390592575073242188e-02
-8.852902054786682129e-01,-1.260982036590576172e+00,2.333898842334747314e-01
-7.369709014892578125e-01,-5.490856766700744629e-01,1.337438583374023438e+00
-3.886399269104003906e-01,3.767013367905747145e-06,2.149868756532669067e-01
-1.804109573364257812e+00,-1.828194260597229004e+00,3.437847793102264404e-01
-1.604023694992065430e+00,-2.063319683074951172e+00,6.139996051788330078e-01
-4.996320903301239014e-01,5.693377852439880371e-01,1.128635406494140625e+00
1.959274262189865112e-01,1.781174421310424805e+00,2.264962196350097656e-01
2.102455049753189087e-01,1.354217488369613420e-06,1.382239341735839844e+00
6.920081973075866699e-01,-4.159946441650390625e-01,9.322894215583801270e-01
1.934490948915481567e-01,1.987593531608581543e+00,7.472276687622070312e-02
-1.091898918151855469e+00,-6.691262125968933105e-01,1.107966423034667969e+00
1.677258014678955078e+00,1.403274774551391602e+00,6.511279344558715820e-01
-4.542846605181694031e-02,1.875663399696350098e+00,7.144021987915039062e-01
-1.223287954926490784e-01,-1.938926696777343750e+00,2.596917748451232910e-01
1.564766407012939453e+00,1.247141838073730469e+00,7.852985858917236328e-01
1.785505294799804688e+00,1.556035757064819336e+00,4.609003961086273193e-01
-1.244529724121093750e+00,-1.028141021728515625e+00,4.099941253662109375e-02
-1.555198669433593750e+00,-1.157330751419067383e+00,4.093939065933227539e-01
5.122845172882080078e-01,5.825408697128295898e-01,2.159690856933593750e-01
-1.414124608039855957e+00,-2.117873191833496094e+00,8.310401439666748047e-01
3.963111713528633118e-02,2.080364704132080078e+00,5.267388820648193359e-01
-1.269878298044204712e-01,1.746165752410888672e+00,4.451180994510650635e-01
-1.504680275917053223e+00,-2.057157278060913086e+00,3.223323822021484375e-01
-5.520640611648559570e-01,-2.453328132629394531e+00,8.010499477386474609e-01
-1.093812510371208191e-01,-1.548343420028686523e+00,1.126997947692871094e+00
2.836251854896545410e-01,7.513307929039001465e-01,1.202935218811035156e+00
1.346544981002807617e+00,1.341068267822265625e+00,2.337933331727981567e-01
-1.489153385162353516e+00,-1.161105632781982422e+00,2.421877980232238770e-01
7.628397941589355469e-01,1.464318752288818359e+00,2.245916724205017090e-01
-3.017458915710449219e-01,1.199639201164245605e+00,9.582801461219787598e-01
1.626807570457458496e+00,1.785347104072570801e+00,2.434196472167968750e-01
4.138397052884101868e-02,-1.862829208374023438e+00,2.064788788557052612e-01
3.473797440528869629e-01,-7.487145662307739258e-01,1.223127365112304688e+00
-3.039611876010894775e-01,-2.045502901077270508e+00,2.808494567871093750e-01
1.078128814697265625e-01,2.246334075927734375e+00,3.823815882205963135e-01
-1.397635459899902344e+00,-1.190821766853332520e+00,1.001739501953125000e+00
7.741460800170898438e-01,2.467408657073974609e+00,6.995871067047119141e-01
-9.620135426521301270e-01,-1.544037699699401855e+00,2.641243934631347656e-01
-1.055578708648681641e+00,-9.577781707048416138e-02,3.710632324218750000e-01
3.685513138771057129e-01,2.289015531539916992e+00,2.428641319274902344e-01
4.488867223262786865e-01,2.035954475402832031e+00,2.468552589416503906e-01
2.988476753234863281e-01,2.568127393722534180e+00,3.969064354896545410e-01
8.687976002693176270e-01,2.034863471984863281e+00,2.429647445678710938e-01
9.458373785018920898e-01,1.786203980445861816e+00,2.469015121459960938e-01
1.104842185974121094e+00,1.538481116294860840e+00,2.379760742187500000e-01
-8.412587046623229980e-01,-2.511449813842773438e+00,3.358666896820068359e-01
6.049262881278991699e-01,2.610244274139404297e+00,4.744320511817932129e-01
-6.268815398216247559e-01,-1.538835525512695312e+00,2.396273612976074219e-01
6.105895638465881348e-01,1.783993959426879883e+00,2.379236221313476562e-01
2.734541893005371094e-01,-1.093174219131469727e+00,1.036823391914367676e+00
-6.386035084724426270e-01,3.841091096401214600e-01,1.047819137573242188e+00
-3.216737210750579834e-01,1.301323413848876953e+00,6.751559376716613770e-01
-8.607658743858337402e-01,-2.407361507415771484e+00,6.580125093460083008e-01
1.012496948242187500e+00,1.293454051017761230e+00,2.220740318298339844e-01
-8.978136777877807617e-01,-2.052905797958374023e+00,3.071856498718261719e-01
9.591442942619323730e-01,-3.980827331542968750e-02,5.950831174850463867e-01
1.088091135025024414e+00,1.052963733673095703e+00,2.110037803649902344e-01
-1.028637528419494629e+00,-1.055414199829101562e+00,2.277684211730957031e-01
-2.151003926992416382e-01,-1.536984205245971680e+00,2.309446334838867188e-01
4.401525855064392090e-01,1.534591078758239746e+00,2.196555137634277344e-01
-1.294270038604736328e+00,-8.331597447395324707e-01,9.427818059921264648e-01
-1.209438800811767578e+00,-4.674633443355560303e-01,2.334902882575988770e-01
-3.370015919208526611e-01,1.029778957366943359e+00,1.045847773551940918e+00
-5.180148482322692871e-01,7.860922217369079590e-01,9.346861839294433594e-01
6.820284724235534668e-01,1.291827082633972168e+00,2.129650115966796875e-01
3.963027894496917725e-02,2.080362796783447266e+00,2.523687779903411865e-01
3.385885655879974365e-01,3.656378984451293945e-01,1.334095478057861328e+00
1.162017822265625000e+00,5.820069909095764160e-01,2.094249725341796875e-01
-2.949032485485076904e-01,-1.293518066406250000e+00,2.224321365356445312e-01
-8.588212132453918457e-01,-8.170639872550964355e-01,2.142577171325683594e-01
-9.063782691955566406e-01,-9.818164259195327759e-02,9.964382648468017578e-01
9.969616532325744629e-01,3.490353226661682129e-01,2.159619331359863281e-01
-8.005232810974121094e-01,9.988723695278167725e-02,1.013747692108154297e+00
7.589553594589233398e-01,1.051761031150817871e+00,2.027621269226074219e-01
8.334420323371887207e-01,1.162707135081291199e-01,2.162561416625976562e-01
1.192865371704101562e-01,2.249960422515869141e+00,5.491268634796142578e-01
-1.318725496530532837e-01,1.290886640548706055e+00,2.077264785766601562e-01
-9.345324635505676270e-01,-3.485455214977264404e-01,2.058134078979492188e-01
-2.930981516838073730e-01,1.053676128387451172e+00,2.159032821655273438e-01
6.753305196762084961e-01,8.165403008460998535e-01,2.096581459045410156e-01
4.343130290508270264e-01,1.052323937416076660e+00,2.065787315368652344e-01
3.028747439384460449e-02,1.053095817565917969e+00,2.119197845458984375e-01
-6.119358539581298828e-01,3.490610718727111816e-01,2.163228988647460938e-01
-8.529500961303710938e-01,-1.161674112081527710e-01,2.098517417907714844e-01
2.724810838699340820e-01,-1.052202939987182617e+00,2.058191299438476562e-01
-6.112456917762756348e-01,-3.486676216125488281e-01,2.081894874572753906e-01
-3.713830411434173584e-01,5.825710296630859375e-01,2.163095474243164062e-01
-5.226197242736816406e-01,-1.117399215698242188e+00,1.236511945724487305e+00
-1.307894885540008545e-01,8.172681927680969238e-01,2.160496711730957031e-01
-5.301217436790466309e-01,-2.634041309356689453e+00,3.725027441978454590e-01
-5.305160284042358398e-01,-1.162075176835060120e-01,2.122225761413574219e-01
-1.099740862846374512e+00,-5.816401243209838867e-01,2.049083709716796875e-01
4.304156303405761719e-01,1.162776723504066467e-01,2.163119316101074219e-01
-3.196027278900146484e-01,1.338011741638183594e+00,8.628019690513610840e-01
2.702722251415252686e-01,-3.489770293235778809e-01,2.146835327148437500e-01
1.103207394480705261e-01,5.825625658035278320e-01,2.161579132080078125e-01
-2.906135618686676025e-01,-5.818275213241577148e-01,2.070994377136230469e-01
3.005523607134819031e-02,-5.820049047470092773e-01,2.094659805297851562e-01
1.900079250335693359e-01,-1.162813827395439148e-01,2.163257598876953125e-01
2.999633736908435822e-02,1.162942200899124146e-01,2.163195610046386719e-01
1.436145186424255371e+00,2.085531711578369141e+00,7.530837059020996094e-01
-2.099523842334747314e-01,-1.162432283163070679e-01,2.145810127258300781e-01
2.202820926904678345e-01,-1.533738136291503906e+00,7.086709141731262207e-01
6.751922369003295898e-01,-5.759887695312500000e-01,7.640670537948608398e-01
1.416244268417358398e+00,1.857105016708374023e+00,7.765846252441406250e-01
-4.307670593261718750e-01,2.395155727863311768e-01,2.163250744342803955e-01
3.001770004630088806e-02,1.728658676147460938e+00,1.342153549194335938e-02
1.271080255508422852e+00,4.421396255493164062e-01,8.930607438087463379e-01
7.525042295455932617e-01,-1.162716671824455261e-01,2.163143157958984375e-01
-2.499012947082519531e-01,1.434780359268188477e+00,7.388467192649841309e-01
6.584740877151489258e-01,1.836982369422912598e-01,1.300900936126708984e+00
6.176861524581909180e-01,-3.815115988254547119e-01,1.088138580322265625e+00
-4.812280237674713135e-01,3.658902645111083984e-01,1.330132007598876953e+00
4.636515676975250244e-01,2.588649749755859375e+00,6.748522520065307617e-01
-2.992382049560546875e-01,1.424293160438537598e+00,4.275646805763244629e-01
1.106656432151794434e+00,1.839298605918884277e+00,8.362579345703125000e-01
-5.521230697631835938e-01,-2.452844619750976562e+00,6.450492739677429199e-01
3.096222877502441406e-01,-1.309805870056152344e+00,8.064128160476684570e-01
8.920669555664062500e-02,-1.821945309638977051e+00,5.256330966949462891e-01
4.233626127243041992e-01,-1.170617580413818359e+00,4.298614263534545898e-01
7.601991295814514160e-01,2.549064636230468750e+00,3.320922851562500000e-01
4.372992515563964844e-01,-1.066547870635986328e+00,7.118557691574096680e-01
1.219912648200988770e+00,1.399416446685791016e+00,9.011349678039550781e-01
-1.310255408287048340e+00,-1.789445281028747559e+00,1.003324031829833984e+00
1.344129562377929688e+00,7.330288290977478027e-01,6.746151447296142578e-01
6.657601594924926758e-01,-6.657276153564453125e-01,4.684313833713531494e-01
1.259154319763183594e+00,1.057477355003356934e+00,2.419271469116210938e-01
-5.021047592163085938e-01,9.488327503204345703e-01,6.295568943023681641e-01
3.955444395542144775e-01,2.302022695541381836e+00,7.793960571289062500e-01
9.550694823265075684e-01,-6.937885284423828125e-02,2.811868190765380859e-01
-1.264229774475097656e+00,-1.027259707450866699e+00,1.085821866989135742e+00
1.535003662109375000e+00,1.362220764160156250e+00,1.052282676100730896e-01
1.234827280044555664e+00,1.614676475524902344e+00,8.753948211669921875e-01
1.339024543762207031e+00,1.217677235603332520e+00,1.517721563577651978e-01
1.884331405162811279e-01,2.324091911315917969e+00,6.590119600296020508e-01
6.928572058677673340e-01,2.306288480758666992e+00,7.678699493408203125e-01
1.402227878570556641e+00,9.097310900688171387e-01,7.986399531364440918e-01
-2.304906845092773438e-01,-2.157619476318359375e+00,8.925451636314392090e-01
5.699453353881835938e-01,-8.333663940429687500e-01,5.491659641265869141e-01
6.047810316085815430e-01,2.057640075683593750e+00,8.366346359252929688e-01
1.430088877677917480e+00,1.196153521537780762e+00,8.901491165161132812e-01
-1.805894613265991211e+00,-1.996587276458740234e+00,3.912203907966613770e-01
3.623930215835571289e-01,-9.748178124427795410e-01,1.001755714416503906e+00
6.724361777305603027e-01,3.490487337112426758e-01,2.161130905151367188e-01
4.583038389682769775e-02,-1.310863018035888672e+00,1.191192865371704102e+00
8.986307978630065918e-01,2.062094926834106445e+00,8.232898712158203125e-01
-1.179163455963134766e+00,-2.003858804702758789e+00,9.977154731750488281e-01
1.208921432495117188e+00,2.035254478454589844e+00,2.443699836730957031e-01
-9.746759533882141113e-01,-2.223397970199584961e+00,9.918746948242187500e-01
7.367979288101196289e-01,1.824427485466003418e+00,8.860907554626464844e-01
-7.104005813598632812e-01,5.077493786811828613e-01,7.464024424552917480e-01
4.840534180402755737e-02,9.912581443786621094e-01,1.119718313217163086e+00
-3.787231445312500000e-01,-2.463382482528686523e+00,8.328670859336853027e-01
-8.896735310554504395e-01,-2.000606298446655273e+00,1.007467746734619141e+00
-4.717667996883392334e-01,-2.226237773895263672e+00,9.842019081115722656e-01
7.789893150329589844e-01,-4.014573693275451660e-01,5.976461768150329590e-01
8.582290410995483398e-01,1.390846848487854004e+00,9.384975433349609375e-01
-6.050132513046264648e-01,-1.998430728912353516e+00,1.013983249664306641e+00
-9.253777265548706055e-01,-1.360264897346496582e+00,1.071754455566406250e+00
-4.125342369079589844e-01,1.179797172546386719e+00,3.432913124561309814e-01
-9.496242403984069824e-01,-1.784784674644470215e+00,1.018952369689941406e+00
4.504171609878540039e-01,1.820103764533996582e+00,9.005775451660156250e-01
7.258077859878540039e-01,1.602253198623657227e+00,9.225134849548339844e-01
1.676772981882095337e-01,1.821332931518554688e+00,8.964753150939941406e-01
7.096119523048400879e-01,1.180599689483642578e+00,9.696221351623535156e-01
-2.544549405574798584e-01,-2.004837512969970703e+00,9.947881698608398438e-01
-7.326693534851074219e-01,5.059517025947570801e-01,2.527148425579071045e-01
-8.379794955253601074e-01,-1.143266320228576660e+00,1.160297870635986328e+00
-7.278555035591125488e-01,-1.568634510040283203e+00,1.050024509429931641e+00
-6.458756327629089355e-01,-1.349136590957641602e+00,1.120251655578613281e+00
-4.850168228149414062e-01,9.513278007507324219e-01,7.788148522377014160e-01
9.034590721130371094e-01,-1.965095102787017822e-01,4.486138820648193359e-01
-6.674084067344665527e-01,-1.782497406005859375e+00,1.026613235473632812e+00
2.389360815286636353e-01,1.070878505706787109e+00,1.037839651107788086e+00
-1.987075805664062500e-02,1.961017370223999023e+00,1.305734217166900635e-01
8.669056892395019531e-01,-1.976877599954605103e-01,7.258462309837341309e-01
-1.202829599380493164e+00,-1.296932220458984375e+00,2.415037155151367188e-01
2.355209290981292725e-01,1.604611039161682129e+00,9.135656356811523438e-01
-1.296631455421447754e+00,-1.132646083831787109e+00,1.748412996530532837e-01
9.432614445686340332e-01,2.379607677459716797e+00,7.174589633941650391e-01
-4.503539800643920898e-01,-1.561014771461486816e+00,1.078941822052001953e+00
-9.182748794555664062e-01,9.798986464738845825e-02,7.194863557815551758e-01
-1.153489112854003906e+00,-8.455362319946289062e-01,1.821942031383514404e-01
5.775313973426818848e-01,1.387705206871032715e+00,9.521875381469726562e-01
-8.758261799812316895e-01,-7.398948669433593750e-01,1.291135311126708984e+00
7.966518402099609375e-01,-4.003171026706695557e-01,3.188723623752593994e-01
-1.038503050804138184e+00,-2.300695419311523438e+00,8.417344689369201660e-01
3.568755984306335449e-01,9.599768519401550293e-01,1.093076229095458984e+00
4.565875232219696045e-01,2.655866622924804688e+00,2.726281583309173584e-01
-6.852918267250061035e-01,-9.293355941772460938e-01,1.281593322753906250e+00
-3.980202674865722656e-01,7.173636555671691895e-01,2.162695229053497314e-01
-1.091968536376953125e+00,-2.857704162597656250e-01,8.329623341560363770e-01
3.661640882492065430e-01,1.179700613021850586e+00,9.742178916931152344e-01
-1.009845256805419922e+00,-9.651458263397216797e-02,7.760615348815917969e-01
1.089521646499633789e+00,2.421220302581787109e+00,3.986401259899139404e-01
2.972808852791786194e-02,-1.487358331680297852e+00,-2.569675445556640625e-03
-5.906605720520019531e-01,7.258938550949096680e-01,8.355697393417358398e-01
9.601654112339019775e-02,-1.606279611587524414e+00,9.072527885437011719e-01
2.221951484680175781e-01,-1.555202960968017578e+00,1.252352893352508545e-01
-1.618791580200195312e+00,-1.511812567710876465e+00,8.504086136817932129e-01
-1.404891490936279297e+00,-8.170066475868225098e-01,6.688510179519653320e-01
-1.039788246154785156e+00,-9.603252261877059937e-02,5.048817396163940430e-01
-4.358062520623207092e-02,1.604153513908386230e+00,9.153113365173339844e-01
-9.528527259826660156e-01,9.743244200944900513e-02,4.448058903217315674e-01
-8.475036621093750000e-01,2.975949645042419434e-01,3.159710764884948730e-01
-3.817224502563476562e-01,1.185316085815429688e+00,6.445873975753784180e-01
-1.118482947349548340e+00,-2.507095336914062500e-01,2.948663234710693359e-01
1.192303180694580078e+00,3.747807145118713379e-01,4.280258119106292725e-01
-6.078262329101562500e-01,7.239493131637573242e-01,6.887551546096801758e-01
1.155921936035156250e+00,3.771289288997650146e-01,6.927201747894287109e-01
1.715927720069885254e+00,1.994771957397460938e+00,6.258831620216369629e-01
-1.987075805664062500e-02,1.961017251014709473e+00,5.332406759262084961e-01
-6.360166668891906738e-01,-1.761926174163818359e+00,2.706689536571502686e-01
-6.106812953948974609e-01,-7.331094741821289062e-01,1.343493938446044922e+00
-1.288931846618652344e+00,-6.468107700347900391e-01,8.093940615653991699e-01
-8.088521957397460938e-01,2.994641661643981934e-01,8.029351830482482910e-01
6.472387313842773438e-01,-2.047688364982604980e-01,1.184401988983154297e+00
2.879530191421508789e-01,-9.520037770271301270e-01,1.142124176025390625e+00
-6.857025027275085449e-01,-2.554843425750732422e+00,5.826336741447448730e-01
1.088521480560302734e+00,1.905445754528045654e-01,3.033962845802307129e-01
1.305107235908508301e+00,2.206586360931396484e+00,6.995980739593505859e-01
-1.580481529235839844e+00,-1.335792779922485352e+00,7.860360741615295410e-01
-7.338607907295227051e-01,-1.825092434883117676e-01,1.337829589843750000e+00
-6.207637786865234375e-01,5.149856209754943848e-01,9.737121462821960449e-01
1.247094750404357910e+00,8.157346844673156738e-01,2.025766372680664062e-01
-1.318375587463378906e+00,-6.434763669967651367e-01,5.481771826744079590e-01
1.595509529113769531e+00,1.424826502799987793e+00,4.110644459724426270e-01
-9.992739558219909668e-01,-1.668357849121093750e+00,2.782574295997619629e-01
2.297443747520446777e-01,-1.298933029174804688e+00,9.328829646110534668e-01
-4.225769042968750000e-01,-9.216775298118591309e-01,1.328743934631347656e+00
3.988009691238403320e-01,-1.815619021654129028e-01,1.367320537567138672e+00
1.724851131439208984e+00,1.448860168457031250e+00,3.465792834758758545e-01
8.871352672576904297e-02,-1.118481159210205078e+00,1.286925315856933594e+00
-1.526997089385986328e+00,-1.163325071334838867e+00,7.248081564903259277e-01
-2.335482686758041382e-01,-1.116425395011901855e+00,1.297409057617187500e+00
-6.052179336547851562e-01,-3.640322685241699219e-01,1.359056472778320312e+00
1.083445072174072266e+00,3.818054497241973877e-01,9.693707227706909180e-01
-3.833529651165008545e-01,-1.788463830947875977e+00,2.560677528381347656e-01
-2.286100685596466064e-01,5.489731431007385254e-01,1.338635444641113281e+00
1.359896540641784668e+00,9.621567726135253906e-01,5.594390630722045898e-02
2.732388377189636230e-01,-3.626606762409210205e-01,1.380222320556640625e+00
1.859341144561767578e+00,1.902371764183044434e+00,5.254964828491210938e-01
-1.031518504023551941e-01,-9.188081622123718262e-01,1.346419334411621094e+00
-1.668044567108154297e+00,-1.876069545745849609e+00,7.959873676300048828e-01
-1.318375587463378906e+00,-6.434763073921203613e-01,2.298147529363632202e-01
1.677629351615905762e+00,2.106485366821289062e+00,3.804644644260406494e-01
4.811682701110839844e-01,-1.059417843818664551e+00,4.122042655944824219e-01
5.595594644546508789e-01,-5.802347660064697266e-01,1.016241550445556641e+00
-4.764648973941802979e-01,-1.812309920787811279e-01,1.377660274505615234e+00
-2.916557192802429199e-01,-7.307769060134887695e-01,1.361482620239257812e+00
-1.689452171325683594e+00,-1.491960763931274414e+00,3.442846536636352539e-01
9.810953140258789062e-01,1.940071433782577515e-01,9.846037030220031738e-01
-4.161659181118011475e-01,-5.461292266845703125e-01,1.368020057678222656e+00
-2.226710319519042969e-01,-2.141889810562133789e+00,2.856726050376892090e-01
-3.515676856040954590e-01,-3.627473413944244385e-01,1.379062652587890625e+00
-1.404891490936279297e+00,-8.170065283775329590e-01,3.529165685176849365e-01
4.224224090576171875e-01,3.590213656425476074e-01,2.162225246429443359e-01
-4.387710615992546082e-02,-1.811629772186279297e+00,9.289879798889160156e-01
3.987203836441040039e-01,1.815252006053924561e-01,1.368459701538085938e+00
-1.404891490936279297e+00,-8.170063495635986328e-01,1.018322706222534180e-01
1.447454929351806641e+00,9.023806452751159668e-01,4.764581322669982910e-01
-1.224099397659301758e+00,-2.200366020202636719e+00,9.230034947395324707e-01
-1.644378602504730225e-01,-5.454384684562683105e-01,1.375069618225097656e+00
2.344863861799240112e-02,3.633576035499572754e-01,1.369500637054443359e+00
