-7.896919250488281250e-01,-1.744741678237915039e+00,8.356243968009948730e-01
3.326458334922790527e-01,2.419714450836181641e+00,5.432180762290954590e-01
8.993697166442871094e-01,2.927780087702558376e-06,2.451953142881393433e-01
-8.474820256233215332e-01,7.734986543655395508e-01,1.031865596771240234e+00
8.864202499389648438e-01,-2.041013479232788086e+00,2.590472400188446045e-01
2.353622391819953918e-02,-5.465696454048156738e-01,1.363493919372558594e+00
6.158623695373535156e-01,1.037527799606323242e+00,1.354204535484313965e+00
-8.842444419860839844e-01,-4.937153458595275879e-01,2.466027736663818359e-01
-8.840174674987792969e-01,1.932879328727722168e+00,3.290237486362457275e-01
6.648818850517272949e-01,1.259349703788757324e+00,3.162956237792968750e-02
1.918115168809890747e-01,-1.052805185317993164e+00,2.099041938781738281e-01
-3.073303103446960449e-01,1.713176846504211426e+00,1.258907794952392578e+00
-1.305142194032669067e-01,3.501287996768951416e-01,2.380223274230957031e-01
-1.107138693332672119e-01,-2.419458866119384766e+00,3.369824290275573730e-01
9.015579223632812500e-01,-7.903879880905151367e-01,8.659862875938415527e-01
1.628457605838775635e-01,-1.576985239982604980e+00,1.018362045288085938e+00
-1.602079719305038452e-01,3.545742630958557129e-01,1.505432128906250000e+00
-2.143286019563674927e-01,1.298569321632385254e+00,2.506127357482910156e-01
7.196221351623535156e-01,3.024339548574062064e-06,1.242462754249572754e+00
-6.859259009361267090e-01,-1.487565279006958008e+00,-1.590728759765625000e-03
-7.572813034057617188e-01,-1.883335858583450317e-01,1.157125473022460938e+00
8.596687316894531250e-01,1.618821263313293457e+00,7.511425614356994629e-01
-9.200258255004882812e-01,4.908267855644226074e-01,2.451602071523666382e-01
-4.095519483089447021e-01,2.390075683593750000e+00,8.094466924667358398e-01
-7.131649851799011230e-01,-9.671346545219421387e-01,1.049005031585693359e+00
8.873267173767089844e-01,7.922309041023254395e-01,6.599291563034057617e-01
9.086031913757324219e-01,-1.264007329940795898e+00,5.765485763549804688e-02
-9.237875342369079590e-01,1.257199645042419434e+00,1.960992813110351562e-02
8.773304820060729980e-01,-1.620695471763610840e+00,8.525576591491699219e-01
1.955786049365997314e-01,-1.778004407882690430e+00,2.136368751525878906e-01
3.673116862773895264e-01,1.950498819351196289e+00,1.157562255859375000e+00
3.008514270186424255e-02,-3.497648239135742188e-01,2.304062843322753906e-01
-9.172987937927246094e-01,1.499254465103149414e+00,8.822225928306579590e-01
-7.504399418830871582e-01,-2.135177135467529297e+00,2.525002956390380859e-01
4.716196954250335693e-01,-2.313104391098022461e+00,7.494606971740722656e-01
2.795239090919494629e-01,1.787788510322570801e+00,2.533240318298339844e-01
-1.019325256347656250e-01,1.087456345558166504e+00,1.445385932922363281e+00
7.419567108154296875e-01,-6.249932050704956055e-01,2.260000556707382202e-01
-8.692336082458496094e-01,-1.098001837730407715e+00,4.580725133419036865e-01
2.725714147090911865e-01,8.197848200798034668e-01,2.383675575256347656e-01
-2.575002908706665039e-01,-2.028831005096435547e+00,9.229168891906738281e-01
-3.729119896888732910e-01,-8.181045055389404297e-01,2.235164642333984375e-01
-3.040451109409332275e-01,2.046066999435424805e+00,2.828588485717773438e-01
4.206719994544982910e-01,-9.536250829696655273e-01,1.132142066955566406e+00
-9.112343788146972656e-01,9.810333698987960815e-02,6.519796848297119141e-01
3.931201100349426270e-01,5.361819267272949219e-01,1.470559120178222656e+00
7.356696128845214844e-01,2.091342210769653320e+00,3.387731909751892090e-01
-7.447369694709777832e-01,1.993747353553771973e+00,1.028023242950439453e+00
-1.755273342132568359e-01,-1.159006595611572266e+00,1.079885959625244141e+00
-4.546698033809661865e-01,8.197948336601257324e-01,2.383818626403808594e-01
3.512042164802551270e-01,1.166119202971458435e-01,2.372751235961914062e-01
-4.515824913978576660e-01,-1.165611073374748230e-01,2.340831756591796875e-01
-6.691606640815734863e-01,3.643023073673248291e-01,1.354709148406982422e+00
-9.355292320251464844e-01,1.086130023002624512e+00,5.218194723129272461e-01
-6.217311024665832520e-01,1.298706531524658203e+00,1.340068340301513672e+00
9.002723693847656250e-01,-1.966122835874557495e-01,7.905648350715637207e-01
3.739796951413154602e-02,2.357582569122314453e+00,1.079952120780944824e+00
2.190074175596237183e-01,1.492102026939392090e+00,1.340322017669677734e+00
2.064924538135528564e-01,1.311898245148768183e-06,1.482518196105957031e+00
-3.463163673877716064e-01,-1.787573844194412231e-01,1.454496383666992188e+00
3.685467541217803955e-01,-2.288985252380371094e+00,2.427706718444824219e-01
-2.979199290275573730e-01,-1.722156524658203125e+00,2.124636769294738770e-01
-8.784985542297363281e-01,-4.941792190074920654e-01,7.955548167228698730e-01
7.571383714675903320e-01,5.843277573585510254e-01,2.381815910339355469e-01
7.220950126647949219e-01,2.095874071121215820e+00,8.573580980300903320e-01
6.658042669296264648e-01,-5.564553737640380859e-01,1.261456012725830078e+00
7.819161415100097656e-01,6.029482483863830566e-01,1.092637300491333008e+00
9.380626678466796875e-01,-1.186772942543029785e+00,5.921877622604370117e-01
-6.280671358108520508e-01,1.541746139526367188e+00,2.533240318298339844e-01
8.674893379211425781e-01,1.616759896278381348e+00,2.548983693122863770e-01
-5.594019889831542969e-01,-2.266148328781127930e+00,6.545633077621459961e-01
-3.874589502811431885e-01,-1.582557916641235352e+00,9.972167015075683594e-01
8.345136642456054688e-01,1.207046627998352051e+00,9.558413624763488770e-01
9.483504295349121094e-01,-1.595441699028015137e+00,3.906130790710449219e-01
8.780169486999511719e-01,1.198529720306396484e+00,4.587992727756500244e-01
2.755987346172332764e-01,1.298485517501831055e+00,2.501573562622070312e-01
-8.647985458374023438e-01,-1.723640680313110352e+00,3.977471888065338135e-01
-5.487132668495178223e-01,-5.524043440818786621e-01,1.303265571594238281e+00
-4.105539619922637939e-01,7.174803614616394043e-01,1.464108943939208984e+00
-1.109502390027046204e-01,2.409656524658203125e+00,4.402027726173400879e-01
-2.130792140960693359e-01,-1.290987968444824219e+00,2.083334922790527344e-01
3.743091598153114319e-02,-2.353490829467773438e+00,7.597296237945556641e-01
-6.187644004821777344e-01,-1.356375813484191895e+00,6.984718441963195801e-01
5.727732777595520020e-01,-1.376278042793273926e+00,1.001971721649169922e+00
-7.287518978118896484e-01,2.275773525238037109e+00,5.654270648956298828e-01
6.217840313911437988e-01,1.520266413688659668e+00,1.233497619628906250e+00
9.033117294311523438e-01,1.965142190456390381e-01,6.530822515487670898e-01
5.176666378974914551e-01,-1.807193160057067871e+00,9.438428878784179688e-01
5.215621590614318848e-01,-1.532444834709167480e+00,2.095541954040527344e-01
5.967236161231994629e-01,-1.052642226219177246e+00,2.088003158569335938e-01
-5.329778790473937988e-01,3.501176834106445312e-01,2.380294799804687500e-01
4.316924810409545898e-01,-3.497442305088043213e-01,2.302551269531250000e-01
8.536475300788879395e-01,-2.001914501190185547e+00,6.568239927291870117e-01
-9.099311828613281250e-01,4.916417300701141357e-01,7.227233648300170898e-01
-3.209770023822784424e-01,2.171673059463500977e+00,1.131635665893554688e+00
2.306915260851383209e-02,7.134966254234313965e-01,1.494819641113281250e+00
-8.966045379638671875e-01,-9.833905100822448730e-02,2.453384399414062500e-01
1.683836281299591064e-01,-2.025531768798828125e+00,9.327998161315917969e-01
-8.427517414093017578e-01,1.927962005138397217e-01,1.018741607666015625e+00
-9.457526206970214844e-01,1.492241024971008301e+00,4.585961699485778809e-01
4.917112737894058228e-02,-8.959789276123046875e-01,1.207612991333007812e+00
-6.837043762207031250e-01,9.223143458366394043e-01,1.336488485336303711e+00
3.348184227943420410e-01,-3.615698516368865967e-01,1.397205352783203125e+00
9.105052947998046875e-01,-3.929701447486877441e-01,4.487939476966857910e-01
-8.582016825675964355e-01,1.170856356620788574e+00,1.019370079040527344e+00
1.937552392482757568e-01,2.192024230957031250e+00,3.003283739089965820e-01
-8.775415420532226562e-01,1.934925794601440430e+00,6.874591112136840820e-01
-2.103721946477890015e-01,1.703680992126464844e+00,2.533245682716369629e-01
3.110353350639343262e-01,-7.182660102844238281e-01,2.247601300477981567e-01
-4.240768402814865112e-02,1.939065337181091309e+00,1.191812992095947266e+00
-5.197906494140625000e-02,-2.029860973358154297e+00,2.251706123352050781e-01
2.753225564956665039e-01,1.090208649635314941e+00,1.431325435638427734e+00
5.247283577919006348e-01,1.541748285293579102e+00,2.533240318298339844e-01
9.130163192749023438e-01,-7.889031171798706055e-01,5.198653936386108398e-01
8.539640903472900391e-01,-1.188913702964782715e+00,9.271230697631835938e-01
5.162732005119323730e-01,1.786973923444747925e-01,1.456188678741455078e+00
6.501933932304382324e-01,-2.281761169433593750e+00,4.566100835800170898e-01
-4.176681041717529297e-01,-2.298745155334472656e+00,2.421081513166427612e-01
-7.783535718917846680e-01,-8.181265592575073242e-01,2.236700057983398438e-01
9.214451313018798828e-01,-1.604962348937988281e+00,3.790679946541786194e-02
-8.663477897644042969e-01,-8.956452608108520508e-01,7.332293391227722168e-01
-9.384002685546875000e-01,8.851242065429687500e-01,2.462103217840194702e-01
3.671612590551376343e-02,2.442234039306640625e+00,7.452197074890136719e-01
3.366128802299499512e-01,2.365091323852539062e+00,9.193505644798278809e-01
3.041198663413524628e-02,1.057422041893005371e+00,2.415494918823242188e-01
6.214733123779296875e-01,1.248754978179931641e+00,6.958828568458557129e-01
-8.970074653625488281e-01,-2.952004671096801758e-01,5.175135731697082520e-01
-3.493884503841400146e-01,-8.103590011596679688e-01,1.226461410522460938e+00
7.178027033805847168e-01,1.777392268180847168e+00,1.043711185455322266e+00
9.202723503112792969e-01,-9.880563616752624512e-01,2.475610226392745972e-01
8.387537002563476562e-01,1.985951811075210571e-01,1.007888197898864746e+00
5.178326368331909180e-01,1.057363271713256836e+00,2.410974502563476562e-01
-5.385867357254028320e-01,-1.290994286537170410e+00,2.083334922790527344e-01
-5.815396308898925781e-01,-2.028472900390625000e+00,8.719769120216369629e-01
-8.754172325134277344e-01,-1.301822662353515625e+00,1.821877956390380859e-01
-5.034942552447319031e-02,-8.180994987487792969e-01,2.233939170837402344e-01
-4.789393544197082520e-01,2.312404870986938477e+00,3.168668746948242188e-01
8.245507478713989258e-01,-3.847812712192535400e-01,1.037443161010742188e+00
-2.604863643646240234e-01,-2.385314941406250000e+00,6.508901715278625488e-01
-7.150459885597229004e-01,1.111065387725830078e+00,2.384252846240997314e-01
-6.497182250022888184e-01,1.735251069068908691e+00,1.184940338134765625e+00
-1.052265912294387817e-01,1.489534258842468262e+00,1.350064754486083984e+00
1.587667763233184814e-01,-1.158728480339050293e+00,1.081324100494384766e+00
1.850297003984451294e-01,-2.408513069152832031e+00,4.919874370098114014e-01
-5.973116755485534668e-01,1.633167244108335581e-06,1.421219825744628906e+00
8.474922180175781250e-01,1.835943222045898438e+00,4.722137451171875000e-01
5.311321616172790527e-01,-2.030128717422485352e+00,2.261252403259277344e-01
-9.932052344083786011e-02,1.361966155855043326e-06,1.490117073059082031e+00
1.449391096830368042e-01,3.545625507831573486e-01,1.505650520324707031e+00
-4.350387305021286011e-02,-1.796210169792175293e+00,9.806594848632812500e-01
-7.978372573852539062e-01,-1.960115313529968262e+00,6.235864162445068359e-01
-7.611579895019531250e-01,-5.036517381668090820e-01,1.094717383384704590e+00
6.630263328552246094e-01,4.089358747005462646e-01,1.329553842544555664e+00
6.526102423667907715e-01,2.264214515686035156e+00,6.192677021026611328e-01
-4.184520542621612549e-01,1.093130946159362793e+00,1.416399478912353516e+00
6.915215849876403809e-01,-1.778058171272277832e+00,2.138524055480957031e-01
-8.701543807983398438e-01,-1.510872125625610352e+00,6.052532792091369629e-01
3.062866069376468658e-02,-1.532401084899902344e+00,2.093410491943359375e-01
-7.031313776969909668e-01,-1.755200743675231934e+00,1.211133003234863281e-01
8.924388885498046875e-01,9.925796985626220703e-01,2.486944496631622314e-01
4.509075880050659180e-01,2.045120954513549805e+00,2.794847488403320312e-01
-8.783807754516601562e-01,-6.933079361915588379e-01,5.218015909194946289e-01
1.129949912428855896e-01,1.541741728782653809e+00,2.533240318298339844e-01
-6.379303932189941406e-01,-1.352302074432373047e+00,9.895672202110290527e-01
4.735760390758514404e-01,1.293049931526184082e+00,1.364700317382812500e+00
3.553106486797332764e-01,-1.290995478630065918e+00,2.083334922790527344e-01
-8.885326385498046875e-01,-9.846886247396469116e-02,8.607491850852966309e-01
-1.311941444873809814e-01,8.197965621948242188e-01,2.383756637573242188e-01
1.106576547026634216e-01,5.843415856361389160e-01,2.381939888000488281e-01
5.935510396957397461e-01,3.501048684120178223e-01,2.380089759826660156e-01
-9.211325645446777344e-01,8.876455426216125488e-01,7.266802787780761719e-01
-7.382524013519287109e-01,2.214184284210205078e+00,8.469346165657043457e-01
-6.141259670257568359e-01,-5.834473967552185059e-01,2.271370887756347656e-01
7.550364732742309570e-01,9.557530879974365234e-01,1.119062423706054688e+00
7.450189590454101562e-01,-8.106763362884521484e-01,1.103139638900756836e+00
-9.330983161926269531e-01,6.871107816696166992e-01,5.171377658843994141e-01
-2.918675243854522705e-01,5.843381881713867188e-01,2.382016181945800781e-01
-2.109713703393936157e-01,-5.834342241287231445e-01,2.269845008850097656e-01
2.803981006145477295e-01,-7.427822947502136230e-01,1.268891811370849609e+00
4.330517351627349854e-01,5.843395590782165527e-01,2.381877899169921875e-01
-6.939703226089477539e-01,1.166162267327308655e-01,2.376694679260253906e-01
3.008392266929149628e-02,1.166338250041007996e-01,2.373971939086914062e-01
9.034209251403808594e-01,3.934229612350463867e-01,4.493162333965301514e-01
5.925906300544738770e-01,-1.165538355708122253e-01,2.336893081665039062e-01
-2.909567058086395264e-01,1.166241317987442017e-01,2.375183105468750000e-01
1.904693543910980225e-01,-1.165636330842971802e-01,2.338409423828125000e-01
-1.302838176488876343e-01,-1.165436059236526489e-01,2.339620590209960938e-01
5.829023718833923340e-01,-1.801074594259262085e-01,1.412355899810791016e+00
-9.203186035156250000e-01,2.940728962421417236e-01,4.476635754108428955e-01
-8.137550354003906250e-01,4.994058907032012939e-01,1.085488557815551758e+00
5.194047689437866211e-01,2.200805425643920898e+00,1.052912712097167969e+00
-8.446626067161560059e-01,1.524363040924072266e+00,3.837249800562858582e-02
6.632606387138366699e-01,7.382143139839172363e-01,1.304080963134765625e+00
6.423266530036926270e-01,1.844375610351562500e+00,2.580218315124511719e-01
4.927459359169006348e-01,2.311843395233154297e+00,3.466979861259460449e-01
-6.199752092361450195e-01,1.894043922424316406e+00,2.638418376445770264e-01
8.280837535858154297e-01,1.490900874137878418e+00,1.411485671997070312e-02
-4.683648645877838135e-01,-2.029659748077392578e+00,2.244529724121093750e-01
6.028677225112915039e-01,-2.051133155822753906e+00,8.561096191406250000e-01
7.547247409820556641e-01,-3.497206866741180420e-01,2.301330566406250000e-01
-4.456687867641448975e-01,-1.164227604866027832e+00,1.053244590759277344e+00
-5.777327418327331543e-01,2.241938591003417969e+00,1.059101700782775879e+00
-6.470913290977478027e-01,-1.588445305824279785e+00,4.730257987976074219e-01
-4.066283404827117920e-01,1.781172305345535278e-01,1.474306106567382812e+00
-7.204261422157287598e-01,1.324770689010620117e+00,3.969168663024902344e-01
-9.471945762634277344e-01,1.286565423011779785e+00,7.319671511650085449e-01
-7.473735809326171875e-01,2.155054569244384766e+00,3.059689402580261230e-01
4.112400859594345093e-02,1.894937515258789062e+00,2.618807852268218994e-01
-1.628706306219100952e-01,-3.604736924171447754e-01,1.414229869842529297e+00
9.106979519128799438e-02,1.708897948265075684e+00,1.273251533508300781e+00
-8.466076850891113281e-01,-1.307945966720581055e+00,8.149139285087585449e-01
6.736879348754882812e-01,1.238532423973083496e+00,1.201237201690673828e+00
-4.075648784637451172e-01,2.412444591522216797e+00,5.447883605957031250e-01
2.340756207704544067e-01,2.171128749847412109e+00,1.133103847503662109e+00
-4.532186686992645264e-01,1.951417684555053711e+00,1.154809474945068359e+00
-4.246398806571960449e-02,-1.371213197708129883e+00,1.024058341979980469e+00
-4.321604967117309570e-01,1.497953772544860840e+00,1.318136215209960938e+00
8.537960052490234375e-01,7.965784072875976562e-01,9.429212808609008789e-01
-9.509682655334472656e-01,1.699432373046875000e+00,2.525338828563690186e-01
-8.440027236938476562e-01,1.729483127593994141e+00,5.415846109390258789e-01
4.787254333496093750e-02,-1.262252807617187500e+00,2.083343416452407837e-01
-2.941519021987915039e-01,1.057464599609375000e+00,2.418503761291503906e-01
-8.407626152038574219e-01,-6.975685954093933105e-01,9.430741667747497559e-01
8.752471953630447388e-02,1.284511327743530273e+00,1.401935100555419922e+00
6.815887093544006348e-01,-1.290991783142089844e+00,2.083334922790527344e-01
1.157504245638847351e-01,-2.289065837860107422e+00,2.430205345153808594e-01
8.727965354919433594e-01,1.405917167663574219e+00,6.026774644851684570e-01
8.618927001953125000e-01,-1.831646680831909180e+00,4.711085259914398193e-01
9.332895278930664062e-01,-1.392038226127624512e+00,7.362655401229858398e-01
-6.173306107521057129e-01,-1.053127527236938477e+00,2.121090888977050781e-01
5.966747999191284180e-01,8.197896480560302734e-01,2.383618354797363281e-01
2.808355689048767090e-01,-2.030016183853149414e+00,2.257099151611328125e-01
-4.600051641464233398e-01,-1.532352209091186523e+00,2.091283798217773438e-01
-1.312390118837356567e-01,-1.052929162979125977e+00,2.107853889465332031e-01
3.582469224929809570e-01,1.717802405357360840e+00,1.243413925170898438e+00
-6.150665283203125000e-01,5.843410491943359375e-01,2.382078170776367188e-01
-7.784819602966308594e-01,1.533469796180725098e+00,1.120702743530273438e+00
1.907830834388732910e-01,3.501398265361785889e-01,2.380161285400390625e-01
4.430575370788574219e-01,-1.778035283088684082e+00,2.137451171875000000e-01
-5.145538225769996643e-02,-1.777984619140625000e+00,2.135295867919921875e-01
-2.909561097621917725e-01,-3.497479856014251709e-01,2.305274009704589844e-01
6.736791729927062988e-01,1.166061758995056152e-01,2.371530532836914062e-01
8.781900405883789062e-01,3.950512111186981201e-01,8.638873100280761719e-01
2.976298332214355469e-01,-1.371875405311584473e+00,1.021156787872314453e+00
-4.597573876380920410e-01,1.298611164093017578e+00,2.508401870727539062e-01
2.757864296436309814e-01,-1.532420873641967773e+00,2.094478607177734375e-01
9.081807136535644531e-01,-5.907047986984252930e-01,7.239664793014526367e-01
-8.622347712516784668e-01,-1.053227066993713379e+00,2.127771377563476562e-01
7.770972251892089844e-01,1.427875638008117676e+00,1.043886423110961914e+00
-6.414524912834167480e-01,-1.812442541122436523e+00,3.533339500427246094e-01
-6.983841061592102051e-01,8.197973370552062988e-01,2.383866310119628906e-01
8.632264137268066406e-01,9.973273873329162598e-01,8.053829669952392578e-01
-4.648097157478332520e-01,-1.807158589363098145e+00,9.439697265625000000e-01
4.393543899059295654e-01,-1.582810044288635254e+00,9.962706565856933594e-01
8.946657180786132812e-01,7.912797927856445312e-01,3.842449784278869629e-01
-2.311190813779830933e-01,1.286047220230102539e+00,1.395241737365722656e+00
1.104843094944953918e-01,-5.834268331527709961e-01,2.268638610839843750e-01
-5.324325561523437500e-01,-3.497592508792877197e-01,2.306189537048339844e-01
9.135046005249023438e-01,-9.891561865806579590e-01,7.294027805328369141e-01
3.060973994433879852e-02,1.298531651496887207e+00,2.503848075866699219e-01
5.211837887763977051e-01,1.298444747924804688e+00,2.499289512634277344e-01
-7.226333618164062500e-01,1.011421084403991699e-01,1.242028117179870605e+00
9.092168807983398438e-01,2.896785645134514198e-06,5.158752202987670898e-01
-2.914153933525085449e-01,-5.482978820800781250e-01,1.345650672912597656e+00
2.353585809469223022e-01,-1.798611760139465332e+00,9.725990295410156250e-01
2.738232314586639404e-01,1.057387113571166992e+00,2.413234710693359375e-01
-9.406104087829589844e-01,1.287965178489685059e+00,3.177700638771057129e-01
8.780169486999511719e-01,1.198529958724975586e+00,1.123449653387069702e-01
-3.738479614257812500e-01,-1.053030252456665039e+00,2.114462852478027344e-01
5.954211354255676270e-01,-8.180668354034423828e-01,2.231502532958984375e-01
-3.803842067718505859e-01,1.541745305061340332e+00,2.533240318298339844e-01
-1.163635253906250000e-01,2.185692787170410156e+00,3.005676269531250000e-01
-8.897829055786132812e-01,1.716621637344360352e+00,9.656155109405517578e-01
8.092145919799804688e-01,1.847365856170654297e+00,7.642016410827636719e-01
-7.299966812133789062e-01,7.101127505302429199e-01,1.248340368270874023e+00
-6.554174423217773438e-01,-3.068860173225402832e-01,1.329939246177673340e+00
5.426501631736755371e-01,-7.493618726730346680e-01,1.218091487884521484e+00
5.130468606948852539e-01,-5.834078788757324219e-01,2.267112731933593750e-01
-6.652002334594726562e-01,-7.174521684646606445e-01,1.187986135482788086e+00
9.431729316711425781e-01,-1.389770269393920898e+00,2.497610449790954590e-01
-1.037470996379852295e-01,-7.404278516769409180e-01,1.287006855010986328e+00
-1.162257418036460876e-01,-2.191453933715820312e+00,8.412554860115051270e-01
4.968223571777343750e-01,-1.165360808372497559e+00,1.047453880310058594e+00
-2.249012738466262817e-01,8.976218104362487793e-01,1.476778507232666016e+00
-1.719494611024856567e-01,-9.479623436927795410e-01,1.166998863220214844e+00
3.975684940814971924e-01,9.012524485588073730e-01,1.454404354095458984e+00
7.363390922546386719e-01,-1.823291897773742676e+00,8.898949623107910156e-01
8.368298411369323730e-01,3.501051366329193115e-01,2.380042076110839844e-01
-8.701543807983398438e-01,-1.510872602462768555e+00,3.238506913185119629e-01
-1.111450567841529846e-01,2.401678562164306641e+00,9.099633693695068359e-01
-3.146321177482604980e-01,-1.371732354164123535e+00,1.021779537200927734e+00
-9.284267425537109375e-01,1.705764889717102051e+00,7.459967136383056641e-01
1.472467035055160522e-01,8.972535729408264160e-01,1.479017257690429688e+00
-8.279871940612792969e-01,-1.950586080551147461e+00,4.039996266365051270e-01
-5.043188333511352539e-01,-9.551475048065185547e-01,1.122795581817626953e+00
4.854827821254730225e-01,2.380936145782470703e+00,7.066280841827392578e-01
3.518127799034118652e-01,-2.155800819396972656e+00,8.494770526885986328e-01
8.727965354919433594e-01,1.405917167663574219e+00,3.224722146987915039e-01
5.792196393013000488e-01,1.970672845840454102e+00,1.097130298614501953e+00
-5.709145069122314453e-01,-2.298081874847412109e+00,4.011663794517517090e-01
7.633724212646484375e-01,-2.010249346494674683e-01,1.162749767303466797e+00
-7.443814277648925781e-01,-1.541872859001159668e+00,9.073022007942199707e-01
-2.841039299964904785e-01,5.345408320426940918e-01,1.487519741058349609e+00
-5.339930653572082520e-01,5.375846624374389648e-01,1.456092834472656250e+00
2.701818645000457764e-01,7.157192230224609375e-01,1.477703571319580078e+00
-1.114366129040718079e-01,-1.577440857887268066e+00,1.016627311706542969e+00
8.814215660095214844e-01,2.858638708858052269e-06,9.308964610099792480e-01
7.568349838256835938e-01,2.084275722503662109e+00,5.574709773063659668e-01
7.416963577270507812e-01,-1.017077565193176270e+00,1.036658644676208496e+00
-4.324294999241828918e-02,2.167042016983032227e+00,1.144149303436279297e+00
8.918061256408691406e-01,9.926826357841491699e-01,5.241374373435974121e-01
-8.754172325134277344e-01,-1.301822662353515625e+00,5.303269624710083008e-01
-8.472247123718261719e-01,-1.101943612098693848e+00,8.802410960197448730e-01
2.295196428894996643e-02,-1.779195815324783325e-01,1.481316566467285156e+00
2.284347452223300934e-02,1.770773082971572876e-01,1.507441997528076172e+00
6.222000122070312500e-01,-2.289117336273193359e+00,2.431836128234863281e-01
8.297872543334960938e-01,-5.983066558837890625e-01,1.013562798500061035e+00
6.570985317230224609e-01,-2.231647491455078125e+00,6.778414845466613770e-01
8.344162702560424805e-01,-2.114513874053955078e+00,4.751518070697784424e-01
8.674893379211425781e-01,1.616759777069091797e+00,5.371569991111755371e-01
9.002289772033691406e-01,5.914758443832397461e-01,5.875251889228820801e-01
1.851414442062377930e-01,2.405772209167480469e+00,3.894363343715667725e-01
8.624486923217773438e-01,1.408291101455688477e+00,8.157150149345397949e-01
-8.647985458374023438e-01,-1.723640203475952148e+00,6.109504699707031250e-01
7.881814241409301758e-01,-1.390989780426025391e+00,9.378485679626464844e-01
8.790698051452636719e-01,1.198322534561157227e+00,7.377750873565673828e-01
6.502197384834289551e-01,-1.589791893959045410e+00,9.697809219360351562e-01
4.032916128635406494e-01,-5.500551462173461914e-01,1.327489852905273438e+00
7.466921806335449219e-01,-1.488972783088684082e+00,5.064010620117187500e-03
-8.684072494506835938e-01,-2.965839207172393799e-01,9.339680075645446777e-01
-9.355292320251464844e-01,1.086130380630493164e+00,1.792651265859603882e-01
9.380626678466796875e-01,-1.186771631240844727e+00,3.168597221374511719e-01
-9.234619140625000000e-01,1.088291883468627930e+00,7.996752858161926270e-01
5.633997917175292969e-01,1.730882167816162109e+00,1.199570655822753906e+00
9.431729316711425781e-01,-1.389770627021789551e+00,5.263305306434631348e-01
-8.701543807983398438e-01,-1.510872125625610352e+00,1.136975064873695374e-01
-2.530358731746673584e-01,-1.800235867500305176e+00,9.671559333801269531e-01
8.741478919982910156e-01,5.940047502517700195e-01,7.972605824470520020e-01
9.483504295349121094e-01,-1.595442056655883789e+00,5.999926328659057617e-01
-9.060230255126953125e-01,6.901773810386657715e-01,7.944561839103698730e-01
-8.670706748962402344e-01,-1.098389506340026855e+00,6.670712232589721680e-01
-9.457521438598632812e-01,1.492241024971008301e+00,6.675985455513000488e-01
9.045867919921875000e-01,1.964730769395828247e-01,3.806362748146057129e-01
9.124689102172851562e-01,-5.902886986732482910e-01,3.817291259765625000e-01
-9.022512435913085938e-01,2.949467897415161133e-01,7.908214926719665527e-01
9.081945419311523438e-01,-1.963567137718200684e-01,3.804113566875457764e-01
-8.892116546630859375e-01,-4.933143556118011475e-01,5.877445936203002930e-01
-7.186541557312011719e-01,1.254409074783325195e+00,5.416015535593032837e-02
-9.071135520935058594e-01,9.816974401473999023e-02,3.125848174095153809e-01
-9.067687988281250000e-01,-9.817532449960708618e-02,5.842312574386596680e-01
-2.144549489021301270e-01,-1.532369017601013184e+00,2.092342376708984375e-01
-9.457521438598632812e-01,1.492241024971008301e+00,2.506136894226074219e-01
-8.911375999450683594e-01,-2.954843640327453613e-01,7.234475612640380859e-01
-4.135267436504364014e-01,-3.620893657207489014e-01,1.389142990112304688e+00
9.162750244140625000e-01,-9.887058734893798828e-01,4.533084034919738770e-01
9.023323059082031250e-01,2.954006049549207091e-06,7.212786674499511719e-01
-7.063307762145996094e-01,1.127179145812988281e+00,1.264903545379638672e+00
9.159827232360839844e-01,-7.885168194770812988e-01,3.146993815898895264e-01
-2.466297894716262817e-01,1.943189024925231934e+00,1.179453849792480469e+00
-6.332017183303833008e-01,1.507680892944335938e+00,1.281228542327880859e+00
9.104237556457519531e-01,-3.929754197597503662e-01,6.533380150794982910e-01
-4.428100585937500000e-02,-2.024689435958862305e+00,9.353322982788085938e-01
-9.389748573303222656e-01,8.850405216217041016e-01,4.504960477352142334e-01
1.615032851696014404e-01,1.942753672599792480e+00,1.180759429931640625e+00
-6.936352252960205078e-01,-1.165597587823867798e-01,2.341747283935546875e-01
-6.188936233520507812e-01,7.226960659027099609e-01,1.419035792350769043e+00
-8.932571411132812500e-01,-2.953818440437316895e-01,3.136212229728698730e-01
-9.289960861206054688e-01,6.875755190849304199e-01,3.134124577045440674e-01
6.708331108093261719e-01,2.040077298879623413e-01,1.325846791267395020e+00
9.114770889282226562e-01,-1.962511539459228516e-01,5.840072631835937500e-01
4.878579080104827881e-01,-2.358349323272705078e+00,5.520741343498229980e-01
7.369387149810791016e-01,1.652274131774902344e+00,9.721862524747848511e-02
-8.674440383911132812e-01,-8.954854607582092285e-01,4.558126628398895264e-01
7.903146743774414062e-01,4.007217288017272949e-01,1.088326334953308105e+00
8.522964268922805786e-02,-3.601793944835662842e-01,1.418977737426757812e+00
-5.305828452110290527e-01,1.027753829956054688e+00,2.409808337688446045e-01
-8.746767044067382812e-01,-6.937275528907775879e-01,7.291818261146545410e-01
-9.406104087829589844e-01,1.287965536117553711e+00,5.246818661689758301e-01
-7.758626937866210938e-01,3.501091003417968750e-01,2.380347251892089844e-01
6.566381454467773438e-01,-3.661806285381317139e-01,1.325680255889892578e+00
8.921563029289245605e-01,-1.776447772979736328e+00,2.129840105772018433e-01
5.214715600013732910e-01,7.201157808303833008e-01,1.443748950958251953e+00
8.979687690734863281e-01,5.916949510574340820e-01,3.826382458209991455e-01
-1.075807139277458191e-01,1.708158493041992188e+00,1.275730133056640625e+00
-7.526607513427734375e-01,-2.120772838592529297e+00,4.733021557331085205e-01
-6.897210478782653809e-01,-1.268308401107788086e+00,8.165740966796875000e-02
8.820090293884277344e-01,-1.825643301010131836e+00,7.552163600921630859e-01
-2.623345553874969482e-01,2.352550029754638672e+00,1.028573632240295410e+00
4.158428907394409180e-01,1.498107433319091797e+00,1.317554473876953125e+00
8.962640762329101562e-01,3.938849568367004395e-01,6.548568606376647949e-01
-4.119348526000976562e-01,-2.363277912139892578e+00,4.983868300914764404e-01
-7.472333908081054688e-01,1.329068899154663086e+00,1.191183805465698242e+00
-8.519601225852966309e-01,9.704678058624267578e-01,1.028529167175292969e+00
-9.273800849914550781e-01,4.902326166629791260e-01,5.160101056098937988e-01
-4.763278067111968994e-01,9.021340012550354004e-01,1.448997974395751953e+00
-2.209881544113159180e-01,-2.288683414459228516e+00,2.418079376220703125e-01
-5.620420575141906738e-01,2.371164798736572266e+00,6.566360592842102051e-01
-2.577175199985504150e-01,2.434347152709960938e+00,6.957363486289978027e-01
-8.640553355216979980e-01,1.372214674949645996e+00,1.019702434539794922e+00
-4.245082139968872070e-01,1.290859699249267578e+00,1.374260902404785156e+00
-7.692914009094238281e-01,3.013780117034912109e-01,1.162400484085083008e+00
3.188781812787055969e-02,2.312356472015380859e+00,3.167037963867187500e-01
2.482313513755798340e-01,-2.302422046661376953e+00,7.783303260803222656e-01
3.932639956474304199e-01,-1.790409684181213379e-01,1.445527553558349609e+00
-7.267530560493469238e-01,1.576106667518615723e+00,4.149632453918457031e-01
2.793492078781127930e-01,1.287603139877319336e+00,1.388460159301757812e+00
-3.832086026668548584e-01,1.787788867950439453e+00,2.533240318298339844e-01
-8.949160575866699219e-01,9.836637973785400391e-02,8.598502874374389648e-01
8.976087570190429688e-01,-3.938022851943969727e-01,8.611469864845275879e-01
-5.691873431205749512e-01,2.312318325042724609e+00,8.799281120300292969e-01
-3.823699802160263062e-02,5.328636765480041504e-01,1.504867076873779297e+00
-5.345222353935241699e-01,-1.796215027570724487e-01,1.427558898925781250e+00
2.124554365873336792e-01,-5.480011105537414551e-01,1.348704814910888672e+00
-4.692979454994201660e-01,3.568194508552551270e-01,1.470692634582519531e+00
4.537855386734008789e-01,3.567738533020019531e-01,1.471423625946044922e+00
4.544543325901031494e-01,1.306533818024036009e-06,1.451916217803955078e+00
3.292472660541534424e-01,1.778695285320281982e-01,1.481992721557617188e+00
8.626846224069595337e-02,1.087658643722534180e+00,1.444370746612548828e+00
2.070254534482955933e-01,5.339946150779724121e-01,1.493148803710937500e+00
-7.712268829345703125e-01,1.115556597709655762e+00,6.066513061523437500e-01
-6.517838835716247559e-01,-1.169617414474487305e+00,1.025710105895996094e+00
-2.213369756937026978e-01,1.774143129587173462e-01,1.496480941772460938e+00
-4.219503402709960938e-01,-2.250532150268554688e+00,7.795974612236022949e-01
-1.109051480889320374e-01,-2.411544799804687500e+00,5.429159402847290039e-01
-8.810243606567382812e-01,-6.930087804794311523e-01,3.158889710903167725e-01
2.213575690984725952e-01,-9.489725232124328613e-01,1.160746097564697266e+00
-3.867996111512184143e-02,8.959089517593383789e-01,1.487323760986328125e+00
-1.617066860198974609e-01,7.143025994300842285e-01,1.488579750061035156e+00
-2.833327353000640869e-01,1.230239831784274429e-06,1.476984977722167969e+00
8.080220222473144531e-01,1.632437348365783691e+00,9.742535352706909180e-01
-1.609379500150680542e-01,-1.781906038522720337e-01,1.472057819366455078e+00
6.328225135803222656e-01,3.030300149475806393e-06,1.406942844390869141e+00
5.837520956993103027e-01,5.403585433959960938e-01,1.427438259124755859e+00
-2.603265345096588135e-01,2.388122558593750000e+00,3.397283852100372314e-01
3.341733813285827637e-01,-2.398673534393310547e+00,3.907479643821716309e-01
8.775573223829269409e-02,-7.401875257492065430e-01,1.288905143737792969e+00
-5.963220000267028809e-01,1.794339716434478760e-01,1.433309078216552734e+00
3.681083023548126221e-02,2.430367469787597656e+00,5.405486822128295898e-01
-7.302222251892089844e-01,5.061492919921875000e-01,1.244401097297668457e+00
-1.335473656654357910e-01,1.541742682456970215e+00,2.533240318298339844e-01
1.836799234151840210e-01,2.442038059234619141e+00,6.423887610435485840e-01
-8.444449901580810547e-01,1.869201582849200349e-06,1.003652095794677734e+00
2.071070820093154907e-01,-1.783155351877212524e-01,1.468304634094238281e+00
-8.647985458374023438e-01,-1.723640084266662598e+00,1.854266375303268433e-01
7.562685012817382812e-01,2.012539505958557129e-01,1.164074063301086426e+00
-7.728834152221679688e-01,9.092927575111389160e-01,1.172679781913757324e+00
8.439068794250488281e-01,-1.984289288520812988e-01,1.007045269012451172e+00
-3.381055891513824463e-01,-1.010240077972412109e+00,1.117921113967895508e+00
-4.636903405189514160e-01,-1.777940511703491211e+00,2.133507728576660156e-01
-8.924145698547363281e-01,4.930557012557983398e-01,9.322475790977478027e-01
8.022146224975585938e-01,2.918243353633442894e-06,1.083986282348632812e+00
6.849444508552551270e-01,1.063307642936706543e+00,2.818264961242675781e-01
7.013094425201416016e-02,1.705942153930664062e+00,2.533245682716369629e-01
-2.591329514980316162e-01,-2.409291744232177734e+00,4.408097863197326660e-01
1.850574761629104614e-01,2.407856941223144531e+00,8.564039468765258789e-01
4.667075872421264648e-01,1.094723582267761230e+00,1.408262252807617188e+00
7.478641867637634277e-01,7.585219144821166992e-01,1.147429466247558594e+00
-5.260803177952766418e-02,-2.288929700851440430e+00,2.425804138183593750e-01
-4.721713066101074219e-01,2.046153068542480469e+00,2.831587791442871094e-01
2.829782068729400635e-01,2.045506477355957031e+00,2.808451652526855469e-01
3.361345231533050537e-01,-2.371676921844482422e+00,6.534930467605590820e-01
-5.975488424301147461e-01,-1.588944554328918457e+00,9.729995727539062500e-01
6.986370682716369629e-01,-2.030209541320800781e+00,2.264060974121093750e-01
1.152508482336997986e-01,2.045664787292480469e+00,2.814202308654785156e-01
-3.016184866428375244e-01,-2.029736757278442383e+00,2.247314453125000000e-01
4.917010664939880371e-01,2.321783542633056641e+00,8.765504360198974609e-01
1.143667548894882202e-01,-2.029974222183227539e+00,2.255711555480957031e-01
4.454873502254486084e-01,1.787791848182678223e+00,2.533240318298339844e-01
-8.485560417175292969e-01,1.944085836410522461e+00,9.084991216659545898e-01
-4.708274602890014648e-01,1.700346946716308594e+00,1.237658619880676270e+00
3.597894310951232910e-01,1.541742682456970215e+00,2.533240318298339844e-01
-1.234547942876815796e-01,1.892331123352050781e+00,2.620825171470642090e-01
-8.262977600097656250e-01,-9.014936089515686035e-01,9.492451548576354980e-01
-7.116432189941406250e-01,-1.987355947494506836e+00,7.800976634025573730e-01
6.860229372978210449e-01,-1.532454133033752441e+00,2.096261978149414062e-01
-6.239169239997863770e-01,1.298638701438903809e+00,2.509922981262207031e-01
-8.240945339202880859e-01,1.657701492309570312e+00,1.572830229997634888e-01
8.060708045959472656e-01,1.848303794860839844e+00,2.597924768924713135e-01
6.592668294906616211e-01,2.215912818908691406e+00,4.629827737808227539e-01
4.870748817920684814e-01,-2.365798473358154297e+00,3.427078127861022949e-01
-8.255379199981689453e-01,-1.648336410522460938e+00,3.750365972518920898e-02
7.331600189208984375e-01,1.129207849502563477e+00,1.407452374696731567e-01
6.530557870864868164e-01,2.260985374450683594e+00,7.821524143218994141e-01
5.181939601898193359e-01,-1.290994405746459961e+00,2.083334922790527344e-01
7.595300078392028809e-01,8.197888731956481934e-01,2.383584976196289062e-01
3.329136669635772705e-01,2.416033744812011719e+00,7.514535188674926758e-01
7.595443725585937500e-01,-1.052577733993530273e+00,2.083568572998046875e-01
3.362761735916137695e-01,2.369734764099121094e+00,3.414376676082611084e-01
-6.157383322715759277e-01,-8.181188702583312988e-01,2.236080169677734375e-01
-3.756489455699920654e-01,-1.290989398956298828e+00,2.083334922790527344e-01
7.579275369644165039e-01,-8.180593848228454590e-01,2.230887413024902344e-01
-7.774866819381713867e-01,5.843322873115539551e-01,2.382102012634277344e-01
4.344735741615295410e-01,-1.052712440490722656e+00,2.092418670654296875e-01
-1.318023651838302612e-01,1.057443499565124512e+00,2.417001724243164062e-01
4.344097673892974854e-01,8.197894692420959473e-01,2.383651733398437500e-01
5.947988629341125488e-01,5.843302607536315918e-01,2.381844520568847656e-01
7.543093562126159668e-01,-1.165505498647689819e-01,2.336282730102539062e-01
-2.927879393100738525e-01,8.197965025901794434e-01,2.383785247802734375e-01
-6.940231323242187500e-01,-3.497511446475982666e-01,2.306799888610839844e-01
-4.525376856327056885e-01,-5.834297537803649902e-01,2.270760536193847656e-01
-5.323833823204040527e-01,1.166164651513099670e-01,2.376084327697753906e-01
1.110067740082740784e-01,8.197972774505615234e-01,2.383713722229003906e-01
3.028076142072677612e-02,-1.052865386009216309e+00,2.103452682495117188e-01
4.321560561656951904e-01,3.501193821430206299e-01,2.380113601684570312e-01
-5.658164620399475098e-01,2.340080261230468750e+00,4.500257670879364014e-01
-4.532347023487091064e-01,5.843281149864196777e-01,2.382040023803710938e-01
-3.717222511768341064e-01,3.501017391681671143e-01,2.380270957946777344e-01
5.929101705551147461e-01,-3.497269451618194580e-01,2.301940917968750000e-01
-2.115267962217330933e-01,-8.180997371673583984e-01,2.234554290771484375e-01
4.314559698104858398e-01,-1.165586858987808228e-01,2.337498664855957031e-01
1.107760593295097351e-01,-8.180942535400390625e-01,2.233333587646484375e-01
-1.307809352874755859e-01,5.843310356140136719e-01,2.381982803344726562e-01
2.717144787311553955e-01,5.843300819396972656e-01,2.381906509399414062e-01
5.122067332267761230e-01,1.166120767593383789e-01,2.372140884399414062e-01
2.708575427532196045e-01,-3.497331440448760986e-01,2.303161621093750000e-01
7.478237748146057129e-01,-1.264435768127441406e+00,6.007194519042968750e-02
-5.021850392222404480e-02,-5.834271907806396484e-01,2.269244194030761719e-01
3.011657670140266418e-02,3.501330614089965820e-01,2.380194664001464844e-01
6.674993634223937988e-01,1.491075277328491211e+00,1.495361328125000000e-02
-2.908161878585815430e-01,-1.165678277611732483e-01,2.340221405029296875e-01
1.905615180730819702e-01,1.166199669241905212e-01,2.373361587524414062e-01
-1.303777992725372314e-01,-3.497633337974548340e-01,2.304663658142089844e-01
-1.303463727235794067e-01,1.165998801589012146e-01,2.374572753906250000e-01
3.006958030164241791e-02,-1.165775209665298462e-01,2.339010238647460938e-01
4.877303242683410645e-01,2.359551906585693359e+00,4.995672404766082764e-01
4.394419491291046143e-02,1.544960498809814453e+00,1.332880496978759766e+00
7.040429711341857910e-01,-1.171332716941833496e+00,1.016952514648437500e+00
-4.140465855598449707e-01,2.339487552642822266e+00,9.796310067176818848e-01
-6.735033988952636719e-01,-1.019337177276611328e-01,1.324772477149963379e+00
1.870013922452926636e-01,2.359619617462158203e+00,1.026208639144897461e+00
-6.355035305023193359e-01,-2.029399156570434570e+00,2.235183715820312500e-01
9.064464569091796875e-01,-3.932320773601531982e-01,2.454202175140380859e-01
-1.117739081382751465e-01,-2.375636577606201172e+00,7.037687301635742188e-01
4.335003495216369629e-01,-8.180732727050781250e-01,2.232112884521484375e-01
3.687833994626998901e-02,-2.422084331512451172e+00,4.388970732688903809e-01
-2.595764994621276855e-01,2.401416301727294922e+00,8.582736253738403320e-01
-1.102185398340225220e-01,2.439930915832519531e+00,6.423519849777221680e-01
3.700700774788856506e-02,-2.406116008758544922e+00,5.951080322265625000e-01
-4.922729432582855225e-01,-7.470290064811706543e-01,1.236087799072265625e+00
6.253231763839721680e-01,1.827042818069458008e+00,4.125804901123046875e-01
3.855603188276290894e-02,-2.213861942291259766e+00,8.371183872222900391e-01
-2.720992267131805420e-01,-2.179588317871093750e+00,8.444271683692932129e-01
-7.936158180236816406e-01,2.183738946914672852e+00,7.044201493263244629e-01
-4.367049634456634521e-01,-2.084471702575683594e+00,8.631077408790588379e-01
3.482263088226318359e-01,2.205189704895019531e+00,3.000512719154357910e-01
-5.238739028573036194e-02,2.045825719833374023e+00,2.819957733154296875e-01
1.847367435693740845e-01,-2.415782451629638672e+00,3.374279737472534180e-01
8.874573707580566406e-01,1.970252692699432373e-01,8.612362742424011230e-01
-2.587585151195526123e-01,2.415902137756347656e+00,4.915786683559417725e-01
-6.406585574150085449e-01,2.045861005783081055e+00,2.821140289306640625e-01
7.372158765792846680e-01,-3.746369183063507080e-01,1.194666862487792969e+00
3.681333363056182861e-02,-2.430152893066406250e+00,2.852313220500946045e-01
-8.062161207199096680e-01,1.802082896232604980e+00,3.113083839416503906e-01
-5.701454281806945801e-01,-2.304425716400146484e+00,2.426358014345169067e-01
4.555657804012298584e-01,-2.038699865341186523e+00,8.933534622192382812e-01
-6.129481196403503418e-01,1.099929094314575195e+00,1.381674289703369141e+00
8.058028221130371094e-01,-1.848384022712707520e+00,3.315860033035278320e-01
-5.823995471000671387e-01,2.203503131866455078e+00,3.015670776367187500e-01
1.860432773828506470e-01,-2.383359909057617188e+00,6.506585478782653809e-01
7.887377738952636719e-01,1.853476166725158691e+00,9.128045439720153809e-01
7.411966323852539062e-01,2.089496612548828125e+00,7.064568996429443359e-01
-1.121799051761627197e-01,2.358805656433105469e+00,1.079948067665100098e+00
9.178762435913085938e-01,-1.814940571784973145e+00,6.084979176521301270e-01
-4.141714274883270264e-01,-2.338103294372558594e+00,6.590899229049682617e-01
-6.503671407699584961e-01,-1.643725872039794922e+00,3.736969083547592163e-02
-6.880823373794555664e-01,-5.614254474639892578e-01,1.210202693939208984e+00
3.703369200229644775e-02,2.402707099914550781e+00,9.095236063003540039e-01
7.307301759719848633e-01,-1.697331428527832031e+00,9.639953076839447021e-02
1.927764862775802612e-01,-1.290994524955749512e+00,2.083334922790527344e-01
-9.157075881958007812e-01,1.293258428573608398e+00,8.759526014328002930e-01
9.483504295349121094e-01,-1.595441460609436035e+00,1.821008324623107910e-01
-8.957014083862304688e-01,1.929186224937438965e+00,5.422254800796508789e-01
-7.512291073799133301e-01,2.130060672760009766e+00,9.748275279998779297e-01
8.293261528015136719e-01,1.841364264488220215e+00,6.173570156097412109e-01
-9.108772277832031250e-01,2.945295572280883789e-01,2.450189143419265747e-01
-6.083995103836059570e-01,-1.814649105072021484e+00,9.188656806945800781e-01
1.940506696701049805e-01,-2.184656620025634766e+00,8.428826928138732910e-01
8.440089225769042969e-01,1.000450491905212402e+00,9.488770961761474609e-01
-8.543610572814941406e-01,-4.961277544498443604e-01,9.380559921264648438e-01
-8.092408180236816406e-01,1.108748316764831543e+00,1.132647693157196045e-01
8.535346984863281250e-01,-9.989020824432373047e-01,9.474084377288818359e-01
-8.315005302429199219e-01,-1.949476003646850586e+00,2.600094676017761230e-01
-2.717888653278350830e-01,2.185058116912841797e+00,3.009979128837585449e-01
-8.568673133850097656e-01,-1.514147639274597168e+00,7.484039068222045898e-01
-4.906603991985321045e-01,1.692386627197265625e+00,2.533245682716369629e-01
6.237588524818420410e-01,-9.596563577651977539e-01,1.095040798187255859e+00
3.110748231410980225e-01,-2.030264139175415039e+00,9.186196327209472656e-01
7.256243824958801270e-01,1.734377384185791016e+00,2.136349380016326904e-01
3.745968639850616455e-01,2.180109500885009766e+00,1.108831882476806641e+00
7.168154716491699219e-01,-2.097636699676513672e+00,7.835473418235778809e-01
-9.019393920898437500e-01,8.904479146003723145e-01,8.678567409515380859e-01
8.680214881896972656e-01,7.947344779968261719e-01,8.009759187698364258e-01
6.694557070732116699e-01,9.299321770668029785e-01,1.277931213378906250e+00
5.906407237052917480e-01,9.087036848068237305e-01,1.408564567565917969e+00
-5.930747985839843750e-01,1.958999633789062500e+00,1.132101058959960938e+00
-7.763040065765380859e-01,-5.834433436393737793e-01,2.271990776062011719e-01
9.218730926513671875e-01,-1.189942479133605957e+00,7.326157689094543457e-01
-7.732475996017456055e-01,1.146848440170288086e+00,1.141999721527099609e+00
7.020945549011230469e-01,1.549905061721801758e+00,1.121073246002197266e+00
8.584473133087158203e-01,-1.167587280273437500e+00,1.479022204875946045e-01
8.633956909179687500e-01,5.950473546981811523e-01,9.380187988281250000e-01
8.674893379211425781e-01,1.616759419441223145e+00,3.958325088024139404e-01
6.965384483337402344e-01,6.112269163131713867e-01,1.252878427505493164e+00
3.517810106277465820e-01,-5.834085941314697266e-01,2.267723083496093750e-01
3.757820129394531250e-01,-1.801885366439819336e+00,9.616408348083496094e-01
-2.883759140968322754e-01,1.891211509704589844e+00,2.624804675579071045e-01
-8.701543807983398438e-01,-1.510872602462768555e+00,4.643225073814392090e-01
-6.643233299255371094e-01,-2.229231119155883789e+00,5.688650608062744141e-01
-4.620094299316406250e-01,2.180190801620483398e+00,1.108618259429931641e+00
-8.912777900695800781e-01,2.954776287078857422e-01,9.304842948913574219e-01
8.727965354919433594e-01,1.405916810035705566e+00,4.623464941978454590e-01
9.100947380065917969e-01,-7.892816066741943359e-01,7.263851761817932129e-01
8.826537132263183594e-01,9.941699504852294922e-01,6.635479331016540527e-01
-9.509682655334472656e-01,1.699432015419006348e+00,3.921606242656707764e-01
8.727965354919433594e-01,1.405917048454284668e+00,1.829159557819366455e-01
-8.754172325134277344e-01,-1.301821827888488770e+00,3.907995522022247314e-01
8.996057510375976562e-01,-5.915362238883972168e-01,8.631079196929931641e-01
3.700550794601440430e-01,1.904615402221679688e+00,2.620641887187957764e-01
8.780169486999511719e-01,1.198529601097106934e+00,5.980535745620727539e-01
9.569595009088516235e-02,-1.795709013938903809e+00,9.823365211486816406e-01
-9.136848449707031250e-01,2.943938076496124268e-01,6.523947119712829590e-01
8.780169486999511719e-01,1.198528647422790527e+00,3.199981749057769775e-01
-1.818289160728454590e-01,2.168821096420288086e+00,1.139334678649902344e+00
9.521346539258956909e-02,2.168529987335205078e+00,1.140124797821044922e+00
-2.588620185852050781e-01,-2.414092063903808594e+00,2.866802811622619629e-01
6.193545460700988770e-01,2.045186281204223633e+00,2.797198295593261719e-01
-8.721332550048828125e-01,-8.948001861572265625e-01,3.176721036434173584e-01
3.006221055984497070e-01,-1.579491972923278809e+00,1.008851528167724609e+00
9.431729316711425781e-01,-1.389770627021789551e+00,3.878546059131622314e-01
-8.721957206726074219e-01,-8.947910666465759277e-01,5.936999320983886719e-01
-4.520191848278045654e-01,-1.374513268470764160e+00,1.009669303894042969e+00
-2.490698248147964478e-01,-1.579792022705078125e+00,1.007702827453613281e+00
9.138464927673339844e-01,-5.901553630828857422e-01,5.862135291099548340e-01
9.431729316711425781e-01,-1.389770627021789551e+00,1.119134500622749329e-01
-8.994588851928710938e-01,-9.829304367303848267e-02,7.217119932174682617e-01
-9.250588417053222656e-01,6.880214810371398926e-01,6.545730233192443848e-01
8.920369148254394531e-01,9.926447868347167969e-01,3.862237334251403809e-01
-9.406104087829589844e-01,1.287965178489685059e+00,1.802487075328826904e-01
-1.554511040449142456e-01,-5.685601234436035156e-01,1.346964955329895020e+00
9.380626678466796875e-01,-1.186772942543029785e+00,4.542993009090423584e-01
3.606204092502593994e-01,-1.161838173866271973e+00,1.065446853637695312e+00
-9.402794837951660156e-01,1.085279464721679688e+00,6.591084003448486328e-01
2.567748911678791046e-02,-1.575099706649780273e+00,1.025517940521240234e+00
-9.355292320251464844e-01,1.086130142211914062e+00,3.845303356647491455e-01
9.201197624206542969e-01,-9.880812764167785645e-01,5.905227661132812500e-01
-7.141724824905395508e-01,1.076357126235961914e+00,3.712105751037597656e-01
5.255231857299804688e-01,-3.636085391044616699e-01,1.365591526031494141e+00
8.961038589477539062e-01,7.910950779914855957e-01,5.213097929954528809e-01
-2.664900124073028564e-01,-2.301194190979003906e+00,7.816519737243652344e-01
-6.725211143493652344e-01,-2.226347208023071289e+00,3.440835475921630859e-01
4.343937635421752930e-01,-1.372892618179321289e+00,1.016737937927246094e+00
-9.387178421020507812e-01,8.850773572921752930e-01,5.872549414634704590e-01
8.931989669799804688e-01,7.914712429046630859e-01,2.474963366985321045e-01
7.663326859474182129e-01,1.161841273307800293e+00,1.065420627593994141e+00
-8.869299888610839844e-01,-4.934984147548675537e-01,4.510591030120849609e-01
-8.748096227645874023e-01,1.583633661270141602e+00,9.931387901306152344e-01
-9.145717620849609375e-01,9.804958105087280273e-02,5.154885649681091309e-01
8.674893379211425781e-01,1.616759657859802246e+00,1.142153888940811157e-01
1.614422500133514404e-01,-1.371540188789367676e+00,1.022629737854003906e+00
8.939514160156250000e-01,5.920844674110412598e-01,2.465643286705017090e-01
-1.784419268369674683e-01,-1.371538400650024414e+00,1.022645950317382812e+00
-9.048633575439453125e-01,-9.820595383644104004e-02,4.483357071876525879e-01
9.117760658264160156e-01,-5.903559923171997070e-01,2.458444088697433472e-01
9.077782630920410156e-01,1.963702589273452759e-01,5.162649154663085938e-01
-7.886886596679687500e-01,-3.004397451877593994e-01,1.087622165679931641e+00
8.339927196502685547e-01,-7.767629623413085938e-01,1.006658077239990234e+00
8.956093788146972656e-01,1.967625170946121216e-01,2.454739362001419067e-01
-9.246149063110351562e-01,4.904562532901763916e-01,3.804223537445068359e-01
9.032092094421386719e-01,-1.965176016092300415e-01,2.451681494712829590e-01
9.072394371032714844e-01,2.925395847341860645e-06,3.802734315395355225e-01
7.445572018623352051e-01,-5.670609474182128906e-01,1.152050971984863281e+00
-3.099783360958099365e-01,-1.161002755165100098e+00,1.069695949554443359e+00
-8.931117057800292969e-01,6.916396021842956543e-01,9.350585937500000000e-01
6.100761294364929199e-01,1.308587431907653809e+00,1.296993732452392578e+00
2.055625617504119873e-01,1.899030685424804688e+00,2.618746757507324219e-01
-4.174881055951118469e-02,-1.158180594444274902e+00,1.084143161773681641e+00
2.239337116479873657e-01,1.711303949356079102e+00,1.265179634094238281e+00
6.793317794799804688e-01,-2.037337273359298706e-01,1.324066758155822754e+00
-3.005044460296630859e-01,1.493412137031555176e+00,1.335357666015625000e+00
-7.942504882812500000e-01,1.743460178375244141e+00,1.053923010826110840e+00
-8.357383608818054199e-01,-1.644689440727233887e+00,7.615294456481933594e-01
-7.794657945632934570e-01,-7.733904719352722168e-01,1.032699584960937500e+00
5.813003182411193848e-01,3.590349853038787842e-01,1.436298847198486328e+00
-8.431234359741210938e-01,3.855561017990112305e-01,1.025374412536621094e+00
5.328297019004821777e-01,-5.525172948837280273e-01,1.302081584930419922e+00
4.104800224304199219e-01,-7.455788254737854004e-01,1.247290611267089844e+00
6.768578886985778809e-01,2.088253974914550781e+00,9.808865189552307129e-01
-6.709742546081542969e-01,5.474658608436584473e-01,1.354158878326416016e+00
-4.270700216293334961e-01,2.192891597747802734e+00,3.012124598026275635e-01
-4.699793756008148193e-01,1.440048208678490482e-06,1.451491355895996094e+00
-1.382045000791549683e-01,2.312535285949707031e+00,3.172888755798339844e-01
-9.457526206970214844e-01,1.492241382598876953e+00,1.122955307364463806e-01
-4.192384183406829834e-01,-5.501613616943359375e-01,1.326436996459960938e+00
-5.410222411155700684e-01,-3.634213209152221680e-01,1.368471145629882812e+00
-6.582555770874023438e-01,2.231366872787475586e+00,9.467346072196960449e-01
-5.160708427429199219e-01,-9.741178154945373535e-01,2.205245941877365112e-01
-2.909838855266571045e-01,1.089858770370483398e+00,1.433099269866943359e+00
-2.319222986698150635e-01,-7.416651248931884766e-01,1.277487277984619141e+00
-1.033993512392044067e-01,1.284069061279296875e+00,1.403858661651611328e+00
-6.850489377975463867e-01,-7.109198570251464844e-01,2.252478003501892090e-01
