2.290344238281250000e-01,-7.867329120635986328e-01,9.297418594360351562e-01
-1.964887142181396484e+00,5.702552199363708496e-01,2.599352896213531494e-01
1.824711203575134277e+00,1.060183048248291016e+00,2.497427314519882202e-01
-1.459075510501861572e-01,9.633779525756835938e-01,3.768795728683471680e-01
-1.488616347312927246e+00,-1.163212299346923828e+00,5.101873874664306641e-01
1.844990253448486328e+00,-6.681132912635803223e-01,3.244357109069824219e-01
-1.009661555290222168e+00,1.649856585572706535e-06,1.227267742156982422e+00
8.946797251701354980e-01,3.858782947063446045e-01,1.020324707031250000e+00
-6.089137196540832520e-01,-3.473370969295501709e-01,1.806850433349609375e-01
8.298642039299011230e-01,-3.471910357475280762e-01,1.777529716491699219e-01
-1.949895858764648438e+00,-2.442726492881774902e-01,8.842910528182983398e-01
8.341190814971923828e-01,9.361181259155273438e-01,1.437106281518936157e-01
-1.565949469804763794e-01,5.213146209716796875e-01,1.282069683074951172e+00
1.864521861076354980e+00,1.996324062347412109e-01,8.065581321716308594e-01
-1.013808250427246094e+00,5.792917013168334961e-01,1.757488250732421875e-01
-6.631721258163452148e-01,-9.936060309410095215e-01,8.861532211303710938e-01
1.189013481140136719e+00,-5.886271595954895020e-01,9.296178817749023438e-01
1.094201654195785522e-01,1.156810894608497620e-01,1.775240898132324219e-01
-1.508303523063659668e+00,-1.160556897521018982e-01,2.029142379760742188e-01
-1.446484178304672241e-01,-1.015491485595703125e+00,2.405984401702880859e-01
-1.489338994026184082e+00,5.883073806762695312e-01,9.329090118408203125e-01
-2.896194458007812500e-01,-3.635936975479125977e-01,1.365885257720947266e+00
1.402296066284179688e+00,3.475137352943420410e-01,1.845040321350097656e-01
1.357458472251892090e+00,9.985654354095458984e-01,8.556070327758789062e-01
-7.565028071403503418e-01,7.696404457092285156e-01,8.838250637054443359e-01
4.384580254554748535e-01,9.627699851989746094e-01,8.524227738380432129e-01
3.409295678138732910e-01,1.373290956507844385e-06,1.283534049987792969e+00
-8.576893210411071777e-01,-1.047674894332885742e+00,1.747508049011230469e-01
-1.323044419288635254e+00,-7.695699930191040039e-01,1.062185287475585938e+00
-1.958195209503173828e+00,-5.710132718086242676e-01,3.166906535625457764e-01
2.101882457733154297e+00,2.365112322877394035e-06,2.512567043304443359e-01
1.269374251365661621e+00,-7.822070121765136719e-01,4.395233094692230225e-02
6.430934667587280273e-01,-8.813862800598144531e-01,4.524830579757690430e-01
6.687405109405517578e-01,3.471304178237915039e-01,1.764535903930664062e-01
-4.490325748920440674e-01,3.475861251354217529e-01,1.857604980468750000e-01
1.319017171859741211e+00,1.449584942747605965e-06,9.513025283813476562e-01
1.786755919456481934e+00,-3.983589708805084229e-01,8.270111083984375000e-01
-1.178974628448486328e+00,-5.802320241928100586e-01,1.874222755432128906e-01
-8.114960193634033203e-01,-5.561643838882446289e-01,1.264451026916503906e+00
2.693942189216613770e-01,-5.793398022651672363e-01,1.763753890991210938e-01
8.195174932479858398e-01,-1.913166791200637817e-01,1.064546585083007812e+00
-1.983873844146728516e+00,4.049440026283264160e-01,8.228057622909545898e-01
-2.054754734039306641e+00,7.967868447303771973e-02,4.189053177833557129e-01
1.827423214912414551e+00,8.131598234176635742e-01,7.258343696594238281e-01
4.137068092823028564e-01,5.642603039741516113e-01,1.180999279022216797e+00
-1.854977607727050781e+00,-7.512843012809753418e-01,8.501336574554443359e-01
-5.424007773399353027e-01,1.822690963745117188e-01,1.345423698425292969e+00
-1.525741219520568848e+00,1.792907710296276491e-06,1.042589664459228516e+00
2.011024236679077148e+00,5.844489336013793945e-01,2.396869659423828125e-01
1.339410305023193359e+00,1.108201265335083008e+00,1.038781702518463135e-01
-1.406030893325805664e+00,-1.026908516883850098e+00,3.257751464843750000e-02
1.485188007354736328e+00,-3.475067019462585449e-01,1.843180656433105469e-01
3.504141271114349365e-01,8.127526044845581055e-01,1.761646270751953125e-01
-1.481571942567825317e-01,8.702998161315917969e-01,8.634576201438903809e-01
-1.163176417350769043e+00,7.938504219055175781e-01,6.053408384323120117e-01
-1.471225380897521973e+00,5.654230117797851562e-01,3.975868225097656250e-03
-9.726905822753906250e-01,9.711125493049621582e-02,1.753991693258285522e-01
-2.426483035087585449e-01,-7.759663462638854980e-01,1.012830734252929688e+00
1.003027796745300293e+00,1.127310276031494141e+00,5.711653232574462891e-01
-1.102787852287292480e+00,-1.116053581237792969e+00,7.754743695259094238e-01
-1.008596539497375488e+00,4.616446495056152344e-01,1.157077908515930176e+00
4.716005921363830566e-01,-5.064077377319335938e-01,1.213216423988342285e+00
-6.123631000518798828e-01,8.136343955993652344e-01,1.840109825134277344e-01
1.504670143127441406e+00,5.328650474548339844e-01,9.027023315429687500e-01
-1.295437663793563843e-01,-3.475251197814941406e-01,1.841964721679687500e-01
1.487803339958190918e+00,-7.474184036254882812e-01,6.161687970161437988e-01
-4.988861083984375000e-02,5.795925259590148926e-01,1.794219017028808594e-01
1.041781544685363770e+00,-6.074586510658264160e-01,5.247325897216796875e-01
-1.611343383789062500e+00,6.819968223571777344e-01,4.795430004596710205e-01
6.543425321578979492e-01,-7.743573188781738281e-01,8.815457224845886230e-01
-5.275394916534423828e-01,-1.062021732330322266e+00,4.384393095970153809e-01
2.438716888427734375e-01,-9.483566284179687500e-01,3.780136108398437500e-01
8.384426832199096680e-01,9.156880378723144531e-01,9.344322085380554199e-01
-1.016130074858665466e-01,1.357793735223822296e-06,1.362938880920410156e+00
-1.160433292388916016e+00,-3.777448236942291260e-01,1.146481990814208984e+00
-1.452546119689941406e-01,-9.904499053955078125e-01,6.436021327972412109e-01
2.049887657165527344e+00,-3.194430768489837646e-01,5.310874581336975098e-01
1.072433114051818848e+00,1.157127916812896729e-01,1.816391944885253906e-01
2.411776632070541382e-01,1.015250205993652344e+00,5.073059201240539551e-01
1.075866937637329102e+00,5.798119902610778809e-01,1.822237968444824219e-01
-1.722580909729003906e+00,2.552677392959594727e-01,2.123571783304214478e-01
5.078863501548767090e-01,-1.156284660100936890e-01,1.761717796325683594e-01
5.203537642955780029e-02,-5.403847694396972656e-01,1.277963995933532715e+00
-3.574320971965789795e-01,-6.678628921508789062e-01,1.845391839742660522e-01
1.382503271102905273e+00,1.189947605133056641e+00,5.058376789093017578e-01
-6.722471714019775391e-01,-1.830893307924270630e-01,1.319870948791503906e+00
-1.859189510345458984e+00,-9.207044243812561035e-01,5.006892085075378418e-01
-5.010640025138854980e-01,5.709694623947143555e-01,1.111809253692626953e+00
6.231364011764526367e-01,1.071262359619140625e+00,4.384411573410034180e-01
-1.534364581108093262e+00,-3.858187794685363770e-01,1.021344184875488281e+00
1.738717555999755859e+00,1.160366311669349670e-01,2.017688751220703125e-01
-5.427760481834411621e-01,8.905105590820312500e-01,5.880212187767028809e-01
-1.647622585296630859e+00,-7.815628051757812500e-01,2.174032479524612427e-01
9.154543876647949219e-01,-8.129653930664062500e-01,1.780896186828613281e-01
1.958271026611328125e+00,4.888808429241180420e-01,5.991715788841247559e-01
-1.581276535987854004e+00,-9.904276728630065918e-01,9.056806564331054688e-01
6.112436056137084961e-01,1.888643950223922729e-01,1.140682697296142578e+00
1.875749111175537109e+00,-3.306806981563568115e-01,2.063812166452407837e-01
2.224372774362564087e-01,9.536002278327941895e-01,1.132271766662597656e+00
1.476784348487854004e+00,7.937264442443847656e-01,1.856256127357482910e-01
-1.715212345123291016e+00,-1.123318314552307129e+00,2.171505689620971680e-01
1.501802057027816772e-01,3.673841059207916260e-01,1.306967735290527344e+00
-1.850597977638244629e+00,-1.164101213216781616e-01,2.249040603637695312e-01
-1.337574481964111328e+00,2.738904953002929688e-01,1.121522188186645508e+00
-1.664045333862304688e+00,-4.307634532451629639e-01,2.151592969894409180e-01
-2.044603347778320312e+00,-2.396914660930633545e-01,5.311710834503173828e-01
-1.008718967437744141e+00,-2.897972762584686279e-01,1.745318621397018433e-01
-1.257888436317443848e+00,3.474739789962768555e-01,1.836180686950683594e-01
-2.041127204895019531e+00,7.989839464426040649e-02,7.545545697212219238e-01
-9.068344831466674805e-01,-1.121326923370361328e+00,5.037992596626281738e-01
-9.458036422729492188e-01,-8.686990737915039062e-01,1.014326453208923340e+00
-3.686614930629730225e-01,-1.157806962728500366e-01,1.859374046325683594e-01
1.184481143951416016e+00,5.863828063011169434e-01,9.527578353881835938e-01
-8.515429496765136719e-01,-5.792722105979919434e-01,1.755838394165039062e-01
1.610880851745605469e+00,-6.984565854072570801e-01,9.786559641361236572e-02
1.472290277481079102e+00,-3.927673399448394775e-01,9.136538505554199219e-01
-5.556254982948303223e-01,-7.459015846252441406e-01,1.098144769668579102e+00
1.155150175094604492e+00,-3.473805189132690430e-01,1.817307472229003906e-01
2.032838821411132812e+00,2.365112322877394035e-06,5.875538587570190430e-01
-7.696051001548767090e-01,3.472853004932403564e-01,1.796545982360839844e-01
1.351351618766784668e+00,-5.926554203033447266e-01,3.413381576538085938e-01
5.897036790847778320e-01,-5.793246030807495117e-01,1.761779785156250000e-01
3.486077785491943359e-01,3.471260666847229004e-01,1.761264801025390625e-01
-1.181102752685546875e+00,6.982007026672363281e-01,9.028936624526977539e-01
-1.388654708862304688e+00,7.162322998046875000e-01,2.586495876312255859e-01
5.103705450892448425e-02,6.645302772521972656e-01,1.108103632926940918e+00
-9.506033062934875488e-01,8.375945091247558594e-01,3.891693055629730225e-01
-4.526540935039520264e-01,7.910541892051696777e-01,8.964352607727050781e-01
1.617450475692749023e+00,1.449584942747605965e-06,8.960471153259277344e-01
1.914797306060791016e+00,8.264299035072326660e-01,4.363558888435363770e-01
8.272834420204162598e-01,-5.785859823226928711e-01,1.033172130584716797e+00
8.817280530929565430e-01,8.592541217803955078e-01,5.868034362792968750e-01
-2.034556865692138672e+00,4.008525609970092773e-01,5.333558320999145508e-01
-1.783342361450195312e+00,2.523286342620849609e-01,9.732195734977722168e-01
8.527315258979797363e-01,-8.120017051696777344e-01,6.687805056571960449e-01
-6.119589209556579590e-01,-8.130971193313598633e-01,1.792669296264648438e-01
-1.848324418067932129e+00,6.188483238220214844e-01,6.369045972824096680e-01
1.102402448654174805e+00,-1.935661137104034424e-01,9.947595596313476562e-01
2.012428760528564453e+00,3.218569755554199219e-01,3.675827085971832275e-01
1.609511852264404297e+00,1.088567256927490234e+00,6.559487581253051758e-01
-1.969910621643066406e+00,-5.696865916252136230e-01,6.557601690292358398e-01
6.244114637374877930e-01,7.697307467460632324e-01,1.060920715332031250e+00
1.741938591003417969e+00,6.814709901809692383e-01,2.130984514951705933e-01
-1.104711771011352539e+00,-1.105786323547363281e+00,4.153381288051605225e-02
5.403265357017517090e-01,-1.870228946208953857e-01,1.197901725769042969e+00
1.103428483009338379e+00,1.937462985515594482e-01,9.891686439514160156e-01
-3.602093458175659180e-01,6.186604499816894531e-01,1.859731972217559814e-01
5.131964087486267090e-01,1.047896504402160645e+00,1.762661933898925781e-01
4.431279897689819336e-01,-8.984613418579101562e-01,6.549835205078125000e-01
-1.342319726943969727e+00,-3.480264246463775635e-01,1.950879096984863281e-01
-1.017563939094543457e+00,-8.131651282310485840e-01,1.798796653747558594e-01
1.107741832733154297e+00,9.575898647308349609e-01,4.134460538625717163e-02
1.318145990371704102e+00,-1.157391145825386047e-01,1.832871437072753906e-01
4.412405192852020264e-01,-9.244379997253417969e-01,1.772457808256149292e-01
5.029597505927085876e-02,-7.563495635986328125e-01,1.816769391298294067e-01
5.094628930091857910e-01,5.793325901031494141e-01,1.762280464172363281e-01
-7.686570286750793457e-01,-1.156598702073097229e-01,1.783199310302734375e-01
-6.084031462669372559e-01,1.157229989767074585e-01,1.820483207702636719e-01
-2.090734839439392090e-01,1.157566308975219727e-01,1.843795776367187500e-01
-1.737887263298034668e+00,5.723454356193542480e-01,8.974981307983398438e-02
4.874675720930099487e-02,9.486575126647949219e-01,1.760812401771545410e-01
1.580182671546936035e+00,1.196290493011474609e+00,2.417532354593276978e-01
-1.298448801040649414e+00,-1.124423503875732422e+00,3.086688220500946045e-01
1.730603337287902832e+00,-6.438231468200683594e-01,7.052994966506958008e-01
-1.350220799446105957e+00,-8.154274821281433105e-01,1.998648643493652344e-01
5.499821305274963379e-01,-7.594866752624511719e-01,1.139972209930419922e+00
-3.607525229454040527e-01,-6.090331077575683594e-01,1.266354322433471680e+00
1.566491007804870605e+00,7.953174710273742676e-01,8.634986877441406250e-01
-1.708796381950378418e+00,-1.100556850433349609e+00,6.575881838798522949e-01
1.489434838294982910e-01,-1.822737902402877808e-01,1.346279621124267578e+00
-7.383723855018615723e-01,3.670664429664611816e-01,1.311869144439697266e+00
1.003732800483703613e+00,1.123182296752929688e+00,2.396203577518463135e-01
-4.529907107353210449e-01,-1.048682332038879395e+00,1.816062927246093750e-01
1.930369377136230469e+00,-1.634091734886169434e-01,7.717083692550659180e-01
-7.730219960212707520e-01,5.759452581405639648e-01,1.060426712036132812e+00
-3.530416786670684814e-01,3.642652332782745361e-01,1.355354309082031250e+00
-1.159395933151245117e+00,8.140206336975097656e-01,1.831271350383758545e-01
8.395214080810546875e-01,1.916885366881615482e-06,1.792510896921157837e-01
4.871559143066406250e-02,9.525227546691894531e-01,7.153651118278503418e-01
-1.537514209747314453e+00,4.409780502319335938e-01,2.202615290880203247e-01
4.905291274189949036e-02,-9.108057022094726562e-01,7.888159155845642090e-01
2.575623691082000732e-01,-6.086201667785644531e-01,1.118754506111145020e+00
-3.415583670139312744e-01,-9.490747451782226562e-01,8.534685969352722168e-01
2.055336952209472656e+00,-4.794685244560241699e-01,3.100637793540954590e-01
1.274366617202758789e+00,-7.577486038208007812e-01,7.536112666130065918e-01
-7.776064872741699219e-01,1.002564281225204468e-01,1.302973747253417969e+00
-1.381878495216369629e+00,7.468976974487304688e-01,7.575109601020812988e-01
3.607067763805389404e-01,7.774381637573242188e-01,1.001507282257080078e+00
-3.512622714042663574e-01,1.411438006471144035e-06,1.372713565826416016e+00
-1.211510539054870605e+00,-9.823480844497680664e-01,9.554076194763183594e-01
1.650827646255493164e+00,-1.157808825373649597e-01,1.858954429626464844e-01
1.467606902122497559e+00,1.958608627319335938e-01,9.235515594482421875e-01
-1.257320165634155273e+00,-1.158129870891571045e-01,1.878490447998046875e-01
1.056342601776123047e+00,-8.151431083679199219e-01,3.916116356849670410e-01
-1.429526686668395996e+00,-5.814468860626220703e-01,2.024707794189453125e-01
-1.423730611801147461e+00,1.159389838576316833e-01,1.957030296325683594e-01
1.655476689338684082e+00,3.481985330581665039e-01,1.986527442932128906e-01
-9.591057896614074707e-01,7.824764251708984375e-01,7.441552281379699707e-01
1.066158413887023926e+00,9.940617084503173828e-01,8.833422660827636719e-01
1.322419047355651855e+00,5.799666643142700195e-01,1.841573715209960938e-01
-2.103161513805389404e-01,8.134164810180664062e-01,1.821031570434570312e-01
1.483752727508544922e+00,1.157643273472785950e-01,1.848635673522949219e-01
1.891836524009704590e-01,-3.472045958042144775e-01,1.773362159729003906e-01
6.276314258575439453e-01,1.028495788574218750e+00,7.102462649345397949e-01
1.155284762382507324e+00,3.474211692810058594e-01,1.825671195983886719e-01
-6.907682418823242188e-01,5.797843337059020996e-01,1.818346977233886719e-01
8.313717842102050781e-01,5.981526374816894531e-01,1.803302019834518433e-01
-1.377119302749633789e+00,-1.907211095094680786e-01,1.083066463470458984e+00
-4.977111890912055969e-02,-1.157664060592651367e-01,1.817150115966796875e-01
-1.295025646686553955e-01,3.474142253398895264e-01,1.819019317626953125e-01
1.703303217887878418e+00,3.961648344993591309e-01,8.609485626220703125e-01
5.878835916519165039e-01,1.156282052397727966e-01,1.762313842773437500e-01
6.789056062698364258e-01,-3.785983324050903320e-01,1.133258819580078125e+00
6.721966266632080078e-01,-8.127511143684387207e-01,1.762018203735351562e-01
9.110262989997863770e-01,3.473282456398010254e-01,1.806516647338867188e-01
-1.937505125999450684e+00,-3.493471741676330566e-01,2.224111557006835938e-01
1.933403491973876953e+00,-4.912922680377960205e-01,6.594021320343017578e-01
5.915606617927551270e-01,8.127627968788146973e-01,1.763172149658203125e-01
2.693841457366943359e-01,5.793181657791137695e-01,1.761045455932617188e-01
9.594283699989318848e-01,1.535415663056483027e-06,1.028213500976562500e+00
2.685638368129730225e-01,-1.156304702162742615e-01,1.760497093200683594e-01
4.284597635269165039e-01,-3.471250832080841064e-01,1.761131286621093750e-01
-1.247527718544006348e+00,5.739552378654479980e-01,1.096935272216796875e-01
-7.202628254890441895e-01,-1.068085670471191406e+00,6.397665143013000488e-01
9.638386368751525879e-01,-3.863471150398254395e-01,1.013152122497558594e+00
4.857087135314941406e-02,-9.706320762634277344e-01,5.106901526451110840e-01
1.194766521453857422e+00,1.147655963897705078e+00,7.065388560295104980e-01
7.601912021636962891e-01,5.789672732353210449e-01,1.029262065887451172e+00
-1.296356678009033203e+00,-1.133887290954589844e+00,6.432102918624877930e-01
-1.549689888954162598e+00,-7.777256369590759277e-01,9.992370605468750000e-01
1.193965911865234375e+00,1.151579856872558594e+00,3.725521862506866455e-01
1.243847608566284180e+00,8.136110305786132812e-01,1.838216781616210938e-01
9.126943945884704590e-01,-5.795413255691528320e-01,1.788754463195800781e-01
1.324023604393005371e+00,3.910046815872192383e-01,9.409103393554687500e-01
-1.842770099639892578e+00,-9.236450195312500000e-01,2.687579393386840820e-01
-1.298193335533142090e-01,-5.800341367721557617e-01,1.849703788757324219e-01
-6.101192831993103027e-01,-5.796407461166381836e-01,1.799840927124023438e-01
-1.011655211448669434e+00,3.470765650272369385e-01,1.753916740417480469e-01
-1.226221323013305664e+00,1.754760660332976840e-06,1.143436431884765625e+00
-8.546707034111022949e-01,8.131157755851745605e-01,1.793951988220214844e-01
-3.690121471881866455e-01,-3.475491106510162354e-01,1.852536201477050781e-01
3.482360839843750000e-01,1.156263872981071472e-01,1.761083602905273438e-01
1.094930991530418396e-01,3.471547663211822510e-01,1.767587661743164062e-01
1.072391629219055176e+00,-1.157082542777061462e-01,1.813602447509765625e-01
2.773377895355224609e-01,-3.681009113788604736e-01,1.295921325683593750e+00
1.270786762237548828e+00,-7.752890586853027344e-01,4.672501981258392334e-01
-2.035038471221923828e+00,2.401541471481323242e-01,2.549832165241241455e-01
-9.455372691154479980e-01,-3.724219501018524170e-01,1.228947162628173828e+00
-9.848879575729370117e-01,6.153454780578613281e-01,9.828683137893676758e-01
-1.533430576324462891e+00,3.855805099010467529e-01,1.024970054626464844e+00
1.047386407852172852e+00,7.824670076370239258e-01,9.626708030700683594e-01
-1.222632527351379395e+00,4.766178131103515625e-01,1.085146188735961914e+00
-1.609643340110778809e+00,6.886725425720214844e-01,7.704493403434753418e-01
1.799999713897705078e+00,6.014453768730163574e-01,7.974123954772949219e-01
-3.450374007225036621e-01,8.874106407165527344e-01,7.241946458816528320e-01
6.100420951843261719e-01,4.123551547527313232e-01,1.119922041893005371e+00
-7.478524446487426758e-01,8.408803939819335938e-01,6.642710566520690918e-01
-4.728878736495971680e-01,-1.031409978866577148e+00,6.535391807556152344e-01
-5.445710420608520508e-01,-3.658052682876586914e-01,1.331532001495361328e+00
1.817741870880126953e+00,1.014556050300598145e+00,5.062525868415832520e-01
2.346969582140445709e-02,1.819320321083068848e-01,1.356861114501953125e+00
-1.542579382658004761e-01,-6.179819107055664062e-01,1.189586400985717773e+00
-2.266027778387069702e-01,1.816351264715194702e-01,1.365550518035888672e+00
1.265546083450317383e+00,7.877629399299621582e-01,9.217982292175292969e-01
1.454144597053527832e+00,-5.666797161102294922e-01,1.955318450927734375e-02
-1.524687111377716064e-01,6.919441223144531250e-01,1.031670212745666504e+00
4.980827122926712036e-02,8.170528411865234375e-01,9.407213926315307617e-01
1.566322445869445801e+00,-5.971459746360778809e-01,8.417544364929199219e-01
1.067650675773620605e+00,-7.489342689514160156e-01,8.214846849441528320e-01
1.911788582801818848e+00,-1.162305250763893127e-01,2.138342857360839844e-01
5.066381394863128662e-02,-7.108435630798339844e-01,1.028312087059020996e+00
-1.611761569976806641e+00,6.803584098815917969e-01,2.621282935142517090e-01
2.407436519861221313e-01,1.026003360748291016e+00,2.403005957603454590e-01
-1.106499791145324707e+00,-7.632092237472534180e-01,1.111254215240478516e+00
-1.838118076324462891e+00,6.540875434875488281e-01,4.123541116714477539e-01
-1.695176482200622559e+00,-1.147578239440917969e+00,4.481197893619537354e-01
-7.721141576766967773e-01,-7.660963535308837891e-01,1.088982582092285156e+00
-1.388452529907226562e+00,7.171473503112792969e-01,4.732324182987213135e-01
-1.488567113876342773e+00,-1.163405418395996094e+00,1.752633601427078247e-01
-1.219169616699218750e+00,-9.034261703491210938e-01,5.538604781031608582e-02
1.696720242500305176e+00,-1.974214464426040649e-01,8.751301765441894531e-01
8.194111585617065430e-01,1.912918239831924438e-01,1.065317630767822266e+00
-3.918289020657539368e-02,-3.643392622470855713e-01,1.354539394378662109e+00
-3.429046571254730225e-01,9.252023696899414062e-01,5.153402686119079590e-01
8.472998142242431641e-01,-8.514266014099121094e-01,3.873834013938903809e-01
-1.239014744758605957e+00,-5.711441040039062500e-01,1.109950065612792969e+00
9.694396853446960449e-01,5.823840498924255371e-01,9.940176010131835938e-01
1.270967483520507812e+00,-7.744026184082031250e-01,2.553790211677551270e-01
-7.447752356529235840e-01,8.662209510803222656e-01,4.544328153133392334e-01
1.489447593688964844e+00,-7.405142784118652344e-01,4.015875160694122314e-01
1.249346137046813965e+00,-3.896473348140716553e-01,9.620227813720703125e-01
-1.021496891975402832e+00,-5.636905431747436523e-01,1.186827659606933594e+00
-1.160241961479187012e+00,8.095049858093261719e-01,3.931011855602264404e-01
4.490042030811309814e-01,-8.175463676452636719e-01,8.729275465011596680e-01
-1.105953335762023926e+00,-1.099162578582763672e+00,4.415441751480102539e-01
1.393656134605407715e+00,-1.954623907804489136e-01,9.359259605407714844e-01
-9.170743823051452637e-01,-1.054945945739746094e+00,8.471056818962097168e-01
2.456051558256149292e-01,-9.053254127502441406e-01,7.215099930763244629e-01
9.974309802055358887e-01,8.133895397186279297e-01,1.818895339965820312e-01
1.823582172393798828e+00,2.250671286674332805e-06,8.463456630706787109e-01
6.202982664108276367e-01,-5.741885900497436523e-01,1.078565597534179688e+00
-2.104568481445312500e-01,-8.139609098434448242e-01,1.869101524353027344e-01
8.646488785743713379e-01,-7.255225181579589844e-01,8.919438123703002930e-01
7.477172613143920898e-01,1.401901158715190832e-06,1.099772930145263672e+00
-1.619047641754150391e+00,-5.831729173660278320e-01,9.858531951904296875e-01
2.159268110990524292e-01,5.569540858268737793e-01,1.256377696990966797e+00
1.590026974678039551e+00,1.160130023956298828e+00,4.451388418674468994e-01
1.713823676109313965e+00,-7.054572105407714844e-01,4.797958135604858398e-01
-1.838301658630371094e+00,-9.244451522827148438e-01,7.384539842605590820e-01
4.332844018936157227e-01,1.034007549285888672e+00,6.404330134391784668e-01
-1.494379639625549316e+00,-1.140613555908203125e+00,7.152792215347290039e-01
2.434772104024887085e-01,9.581928253173828125e-01,7.832870483398437500e-01
-1.463357061147689819e-01,9.457325935363769531e-01,6.483911275863647461e-01
-5.417770147323608398e-01,9.017505645751953125e-01,3.821151554584503174e-01
1.059397578239440918e+00,-7.972540855407714844e-01,6.032655239105224609e-01
-1.606129527091979980e+00,-1.931080967187881470e-01,1.008957862854003906e+00
-8.721950054168701172e-01,-1.846867501735687256e-01,1.270300388336181641e+00
3.442149162292480469e-01,3.717138469219207764e-01,1.239943504333496094e+00
-1.151831865310668945e+00,1.875703334808349609e-01,1.180820465087890625e+00
-1.083551883697509766e+00,-1.873318850994110107e-01,1.188218116760253906e+00
4.841783270239830017e-02,9.896326065063476562e-01,4.420573413372039795e-01
8.172432780265808105e-01,1.069527626037597656e+00,7.754895091056823730e-01
6.447520256042480469e-01,-8.655920028686523438e-01,6.603997945785522461e-01
2.702654898166656494e-01,-8.128491640090942383e-01,1.771273612976074219e-01
-3.422477245330810547e-01,9.368410110473632812e-01,3.115145862102508545e-01
4.420237541198730469e-01,-9.136633872985839844e-01,4.488093554973602295e-01
-7.171075940132141113e-01,-1.094071388244628906e+00,3.713198900222778320e-01
-3.366181254386901855e-01,-1.036593914031982422e+00,3.727923631668090820e-01
8.130874633789062500e-01,1.099687576293945312e+00,3.717422485351562500e-01
4.321941137313842773e-01,1.049017906188964844e+00,3.724026381969451904e-01
-1.174212574958801270e+00,1.156984716653823853e-01,1.807298660278320312e-01
4.847722128033638000e-02,-9.821314811706542969e-01,3.087060451507568359e-01
1.929419159889221191e+00,8.194106221199035645e-01,2.350449562072753906e-01
-1.557420730590820312e+00,-9.747503399848937988e-01,1.608822643756866455e-01
-1.922492027282714844e+00,-7.414256334304809570e-01,4.346139430999755859e-01
-1.449231356382369995e-01,-1.004128456115722656e+00,4.411056339740753174e-01
-1.600653648376464844e+00,1.924496293067932129e-01,1.029384136199951172e+00
-1.105905175209045410e+00,-1.099419116973876953e+00,2.412844747304916382e-01
1.382837295532226562e+00,1.188543796539306641e+00,3.064312636852264404e-01
1.393798351287841797e+00,1.142479896545410156e+00,7.122175693511962891e-01
-1.992134094238281250e+00,-4.042773246765136719e-01,7.643893361091613770e-01
-6.121025085449218750e-01,-5.517810583114624023e-01,1.309652328491210938e+00
-7.406496405601501465e-01,-3.682025074958801270e-01,1.294365406036376953e+00
1.002469897270202637e+00,1.130577564239501953e+00,4.123992845416069031e-02
2.074011325836181641e+00,-1.587790250778198242e-01,4.174365103244781494e-01
-2.011176586151123047e+00,-4.027398824691772461e-01,4.239163100719451904e-01
1.573253154754638672e+00,5.805362462997436523e-01,1.912021636962890625e-01
-1.469952315092086792e-01,-9.183626174926757812e-01,8.566873073577880859e-01
4.074204862117767334e-01,1.854860633611679077e-01,1.245580673217773438e+00
1.882049560546875000e+00,4.028044939041137695e-01,7.580561637878417969e-01
-3.010960221290588379e-01,5.665109753608703613e-01,1.157826900482177734e+00
-4.789062440395355225e-01,-1.821595877408981323e-01,1.348850250244140625e+00
2.014809608459472656e+00,1.606875956058502197e-01,4.781765639781951904e-01
-2.048810482025146484e+00,2.394879162311553955e-01,6.421236991882324219e-01
1.107023239135742188e+00,3.885484337806701660e-01,9.789671897888183594e-01
2.129768282175064087e-01,1.833693683147430420e-01,1.311525821685791016e+00
-2.047987937927246094e+00,-7.978776842355728149e-02,6.415637135505676270e-01
-2.035910606384277344e+00,-7.998239248991012573e-02,3.098687529563903809e-01
-9.899411201477050781e-01,-9.683538228273391724e-02,1.748971492052078247e-01
-6.066123843193054199e-01,1.287460349885805044e-06,1.334354877471923828e+00
-3.921249136328697205e-02,3.646092414855957031e-01,1.350199222564697266e+00
-2.264915406703948975e-01,-1.815460473299026489e-01,1.368314266204833984e+00
1.740907549858093262e+00,-5.803081393241882324e-01,1.883811950683593750e-01
8.118592500686645508e-01,1.108599185943603516e+00,5.701436996459960938e-01
6.400599479675292969e-01,9.102320671081542969e-01,9.316177368164062500e-01
8.616378903388977051e-02,1.348257001154706813e-06,1.354985713958740234e+00
5.255761146545410156e-01,3.142356717944494449e-06,1.206457853317260742e+00
-1.848698496818542480e+00,1.162904500961303711e-01,2.174892425537109375e-01
-1.918276786804199219e+00,-5.755342245101928711e-01,8.361749053001403809e-01
-9.386769533157348633e-01,1.849568188190460205e-01,1.261884212493896484e+00
1.917796134948730469e+00,6.586788892745971680e-01,6.638517379760742188e-01
-1.770446181297302246e+00,-5.830680727958679199e-01,2.225737571716308594e-01
3.413697779178619385e-01,-1.844184845685958862e-01,1.278828144073486328e+00
2.391555719077587128e-02,5.553796887397766113e-01,1.272643089294433594e+00
-1.387063622474670410e+00,7.234320640563964844e-01,4.451995715498924255e-02
-5.439426898956298828e-01,3.653788268566131592e-01,1.338022708892822266e+00
7.802261114120483398e-01,8.421280384063720703e-01,4.355974197387695312e-01
-3.907379135489463806e-02,-1.817562580108642578e-01,1.361863136291503906e+00
1.076233863830566406e+00,-6.519816517829895020e-01,1.459197998046875000e-01
-1.914751529693603516e+00,-7.425559759140014648e-01,6.657258272171020508e-01
-1.304884195327758789e+00,-1.095299720764160156e+00,8.515829443931579590e-01
-1.609646439552307129e+00,6.886520385742187500e-01,4.511108249425888062e-02
-1.977077960968017578e+00,5.688744783401489258e-01,4.846241772174835205e-01
1.698207020759582520e+00,1.975943148136138916e-01,8.697628974914550781e-01
1.973043441772460938e+00,-3.244020640850067139e-01,7.093859910964965820e-01
1.723608970642089844e+00,8.575013279914855957e-01,2.148501574993133545e-01
1.941236019134521484e+00,6.556398868560791016e-01,4.890377819538116455e-01
2.090198993682861328e+00,-3.168416023254394531e-01,2.523800730705261230e-01
1.913497328758239746e+00,1.163343042135238647e-01,2.202816009521484375e-01
1.761674880981445312e+00,5.079443454742431641e-01,2.115252614021301270e-01
-2.010713100433349609e+00,-8.038858324289321899e-02,8.158556818962097168e-01
1.500587701797485352e+00,1.050053715705871582e+00,1.910843849182128906e-01
1.980679512023925781e+00,3.239057958126068115e-01,5.385127067565917969e-01
1.916797161102294922e+00,3.494843840599060059e-01,2.252111434936523438e-01
-1.675492763519287109e+00,-2.575455904006958008e-01,2.142516970634460449e-01
-1.425194740295410156e+00,-6.313782930374145508e-01,1.045462369918823242e+00
1.975066184997558594e+00,4.872525930404663086e-01,4.275967180728912354e-01
2.067028999328613281e+00,1.590044498443603516e-01,3.080462515354156494e-01
-1.743911266326904297e+00,8.468689024448394775e-02,9.795581102371215820e-01
1.993880152702331543e+00,-5.095014572143554688e-01,4.993719458580017090e-01
-1.900537014007568359e+00,-7.446316480636596680e-01,2.643591165542602539e-01
-1.980820655822753906e+00,2.427765727043151855e-01,8.788760304450988770e-01
-1.757751703262329102e+00,-9.315352439880371094e-01,8.897094726562500000e-01
-2.024790287017822266e+00,-2.406499385833740234e-01,7.014454603195190430e-01
-2.029209613800048828e+00,4.012840092182159424e-01,3.112561106681823730e-01
8.275570869445800781e-01,1.989545375108718872e-01,1.796926856040954590e-01
4.627181887626647949e-01,-6.287202835083007812e-01,1.044449687004089355e+00
-1.668727040290832520e+00,4.569973945617675781e-01,9.509031176567077637e-01
2.003014087677001953e+00,1.610676944255828857e-01,6.476426720619201660e-01
-9.926514625549316406e-01,-4.849641621112823486e-01,1.753640770912170410e-01
8.127982020378112793e-01,1.101780414581298828e+00,1.732421815395355225e-01
-1.983033657073974609e+00,-5.681998729705810547e-01,4.840493798255920410e-01
-1.296858310699462891e+00,-1.131619930267333984e+00,1.082348600029945374e-01
1.209776997566223145e+00,-6.059275269508361816e-01,5.057349205017089844e-01
-1.592476487159729004e+00,1.161029785871505737e-01,2.058286666870117188e-01
-8.498507738113403320e-01,-3.471129536628723145e-01,1.760978698730468750e-01
1.193209767341613770e+00,1.155281066894531250e+00,1.735711693763732910e-01
-1.510349273681640625e+00,-3.485169112682342529e-01,2.051768302917480469e-01
-2.011184692382812500e+00,-4.027394056320190430e-01,5.920350551605224609e-01
-2.058462142944335938e+00,2.390211224555969238e-01,4.742971658706665039e-01
1.652481913566589355e+00,-3.475686907768249512e-01,1.856298446655273438e-01
2.037290573120117188e+00,-1.599628180265426636e-01,6.432002186775207520e-01
-1.176152467727661133e+00,-3.475467860698699951e-01,1.851110458374023438e-01
-2.026422500610351562e+00,-2.405710220336914062e-01,3.662182390689849854e-01
-2.056590080261230469e+00,7.964927703142166138e-02,5.848202109336853027e-01
-1.864243268966674805e+00,5.638904571533203125e-01,7.926058769226074219e-01
1.318197250366210938e+00,1.157435998320579529e-01,1.835660934448242188e-01
1.483695626258850098e+00,-1.157597899436950684e-01,1.845846176147460938e-01
1.886034488677978516e+00,-4.958852231502532959e-01,2.065035998821258545e-01
-2.058382034301757812e+00,-7.962026447057723999e-02,4.738124012947082520e-01
1.960649490356445312e+00,1.888275050987431314e-06,7.363009452819824219e-01
-1.183062553405761719e+00,-8.142950534820556641e-01,1.898226737976074219e-01
-2.283882051706314087e-01,-5.484406948089599609e-01,1.344128608703613281e+00
-1.598957300186157227e+00,-5.822683572769165039e-01,2.126464843750000000e-01
-1.689071178436279297e+00,-8.557086437940597534e-02,2.134835720062255859e-01
1.319469213485717773e+00,-3.474436402320861816e-01,1.830186843872070312e-01
-8.541683554649353027e-01,-8.126375675201416016e-01,1.751732826232910156e-01
-6.953556537628173828e-01,-1.047996997833251953e+00,1.769924163818359375e-01
9.920556545257568359e-01,-3.473178446292877197e-01,1.804513931274414062e-01
1.007754802703857422e+00,1.099632740020751953e+00,7.753979563713073730e-01
-8.519201278686523438e-01,5.795286893844604492e-01,1.787652969360351562e-01
6.687203645706176758e-01,-3.471198678016662598e-01,1.762366294860839844e-01
-3.579595088958740234e-01,6.584930419921875000e-01,1.038488626480102539e+00
7.506616115570068359e-01,-5.793291330337524414e-01,1.762599945068359375e-01
-4.514471292495727539e-01,8.139842748641967773e-01,1.870760917663574219e-01
-4.511489868164062500e-01,-8.134465813636779785e-01,1.823282241821289062e-01
6.702069044113159180e-01,5.794206261634826660e-01,1.773362159729003906e-01
-5.301495194435119629e-01,5.800307989120483398e-01,1.848940849304199219e-01
-7.687295079231262207e-01,1.156707033514976501e-01,1.789946556091308594e-01
-6.083459258079528809e-01,-1.157119944691658020e-01,1.813726425170898438e-01
-5.003814399242401123e-02,8.130324482917785645e-01,1.786546707153320312e-01
1.901190131902694702e-01,8.127453327178955078e-01,1.760826110839843750e-01
-2.033614158630371094e+00,8.001926541328430176e-02,2.547918558120727539e-01
6.680108308792114258e-01,-1.156247854232788086e-01,1.762542724609375000e-01
-6.090856790542602539e-01,3.474352657794952393e-01,1.827116012573242188e-01
-1.382159709930419922e+00,-3.826374411582946777e-01,1.070643901824951172e+00
4.293365478515625000e-01,-5.793268680572509766e-01,1.760954856872558594e-01
-4.485241472721099854e-01,1.157719194889068604e-01,1.850924491882324219e-01
5.084090828895568848e-01,3.471205830574035645e-01,1.762084960937500000e-01
2.993865869939327240e-02,-5.797497034072875977e-01,1.815314292907714844e-01
1.512207865715026855e+00,1.004878163337707520e+00,8.167581558227539062e-01
-2.891377210617065430e-01,3.475622236728668213e-01,1.853375434875488281e-01
1.097070276737213135e-01,5.793226361274719238e-01,1.760230064392089844e-01
2.058311462402343750e+00,2.326965386600932106e-06,4.185498058795928955e-01
-2.090957611799240112e-01,-1.157690510153770447e-01,1.851439476013183594e-01
2.987823449075222015e-02,-3.473635315895080566e-01,1.807651519775390625e-01
1.626628041267395020e+00,-3.953180313110351562e-01,8.741312026977539062e-01
-4.976592957973480225e-02,1.157541424036026001e-01,1.809506416320800781e-01
1.094317585229873657e-01,-1.156933531165122986e-01,1.782884597778320312e-01
-1.850733041763305664e+00,3.491334915161132812e-01,2.179317474365234375e-01
1.412530303001403809e+00,-5.935034155845642090e-01,8.793258666992187500e-01
-1.268481850624084473e+00,5.847266912460327148e-01,9.698696136474609375e-01
2.098751544952392578e+00,-1.579816639423370361e-01,2.515478432178497314e-01
1.488729238510131836e+00,-7.435278892517089844e-01,1.871270686388015747e-01
-3.372151851654052734e-01,-1.026015281677246094e+00,5.736352205276489258e-01
-3.549146652221679688e-01,-7.124600410461425781e-01,1.101435542106628418e+00
-1.374151706695556641e+00,1.678466787780052982e-06,1.092768192291259766e+00
6.186907887458801270e-01,5.726999044418334961e-01,1.093913078308105469e+00
-2.096832245588302612e-01,5.798722505569458008e-01,1.828598976135253906e-01
-1.229421257972717285e+00,-1.891694664955139160e-01,1.131155967712402344e+00
8.345326185226440430e-01,7.772652506828308105e-01,1.002783298492431641e+00
-9.658253788948059082e-01,7.389211654663085938e-01,8.921357393264770508e-01
1.674680113792419434e+00,1.053425431251525879e+00,2.141780853271484375e-01
-1.646322727203369141e+00,5.929970145225524902e-01,8.845367431640625000e-01
8.205897212028503418e-01,-3.829329609870910645e-01,1.066087722778320312e+00
6.779272556304931641e-01,-1.891252845525741577e-01,1.132531642913818359e+00
1.042283296585083008e+00,-5.846982598304748535e-01,9.701533317565917969e-01
-9.525619149208068848e-01,8.248968124389648438e-01,5.990066528320312500e-01
1.542648434638977051e+00,-1.963126361370086670e-01,9.095411300659179688e-01
1.495197892189025879e+00,-7.163443565368652344e-01,7.640316486358642578e-01
1.414223790168762207e+00,7.913290262222290039e-01,8.942780494689941406e-01
8.549447059631347656e-01,-1.980733275413513184e-01,1.788952648639678955e-01
-5.779437422752380371e-01,4.946613311767578125e-01,1.216993093490600586e+00
-5.591234564781188965e-01,7.065038681030273438e-01,9.612812399864196777e-01
1.320037364959716797e+00,1.950169354677200317e-01,9.497432708740234375e-01
-1.169589042663574219e+00,7.596344947814941406e-01,7.510111927986145020e-01
-1.432556867599487305e+00,-9.878751635551452637e-01,9.213972091674804688e-01
5.417115688323974609e-01,-3.748094737529754639e-01,1.192027568817138672e+00
1.466122269630432129e+00,1.430511474609375000e-06,9.265761375427246094e-01
-5.400695800781250000e-01,-9.210000038146972656e-01,9.285186529159545898e-01
-1.915909767150878906e+00,-4.104305803775787354e-01,8.920961022377014160e-01
4.560008049011230469e-01,7.212195396423339844e-01,1.101045608520507812e+00
-1.424805760383605957e+00,3.479569852352142334e-01,1.936316490173339844e-01
1.330396294593811035e+00,5.888229012489318848e-01,9.275951385498046875e-01
6.752883791923522949e-01,1.048317670822143555e+00,1.791687011718750000e-01
2.479458302259445190e-01,8.473000526428222656e-01,9.368487596511840820e-01
1.174019455909729004e+00,1.430511474609375000e-06,9.780721664428710938e-01
1.246787667274475098e+00,-1.945261955261230469e-01,9.649877548217773438e-01
-9.418240785598754883e-01,3.709560930728912354e-01,1.251582145690917969e+00
-9.137350320816040039e-01,-1.076596736907958984e+00,3.074441552162170410e-01
-1.838078856468200684e+00,6.542215347290039062e-01,2.655322253704071045e-01
-1.156019449234008789e+00,3.763039708137512207e-01,1.168726921081542969e+00
-9.107737541198730469e-01,-1.095794200897216797e+00,7.066552639007568359e-01
-5.459476113319396973e-01,8.548121452331542969e-01,7.297628521919250488e-01
1.632525444030761719e+00,5.946099162101745605e-01,8.679080009460449219e-01
-9.649541974067687988e-01,-7.585628628730773926e-01,1.147111892700195312e+00
1.547578573226928711e+00,3.936716020107269287e-01,8.995862007141113281e-01
7.544105648994445801e-01,3.833718895912170410e-01,1.059215068817138672e+00
9.613263010978698730e-01,1.927708536386489868e-01,1.019464969635009766e+00
-7.435165047645568848e-01,8.765926361083984375e-01,2.479183971881866455e-01
-1.609915256500244141e+00,6.876049041748046875e-01,6.245382428169250488e-01
1.210566401481628418e+00,9.960650205612182617e-01,8.709878921508789062e-01
4.773472547531127930e-01,3.752982914447784424e-01,1.184371471405029297e+00
-1.125488877296447754e+00,5.829362273216247559e-01,9.883399009704589844e-01
1.823421955108642578e+00,2.517700067983241752e-06,2.080560326576232910e-01
-5.330486893653869629e-01,-1.000028610229492188e+00,7.802937030792236328e-01
6.667143702507019043e-01,-6.566348075866699219e-01,9.704130291938781738e-01
-2.461071759462356567e-01,7.870274186134338379e-01,9.274840354919433594e-01
-1.447169184684753418e+00,1.908151954412460327e-01,1.080123424530029297e+00
2.443403154611587524e-01,-9.367132186889648438e-01,5.817565917968750000e-01
-1.387332081794738770e+00,7.222170829772949219e-01,6.163696050643920898e-01
8.426594734191894531e-01,7.980216145515441895e-01,1.806588768959045410e-01
1.104908704757690430e+00,-3.878099620342254639e-01,9.904737472534179688e-01
1.487479805946350098e+00,-7.487831115722656250e-01,4.450439289212226868e-02
-1.017057061195373535e+00,8.127599954605102539e-01,1.763019561767578125e-01
1.398475050926208496e+00,-5.772115588188171387e-01,1.500310897827148438e-01
1.711170196533203125e+00,-7.151985168457031250e-01,3.341247439384460449e-01
9.620258808135986328e-01,-1.929111033678054810e-01,1.015112400054931641e+00
-1.004754900932312012e+00,-9.857747554779052734e-01,9.343142509460449219e-01
1.269736886024475098e+00,-7.804317474365234375e-01,6.085664033889770508e-01
-1.359039306640625000e+00,4.553858339786529541e-01,1.054569125175476074e+00
-3.389727473258972168e-01,-9.948530197143554688e-01,7.114654183387756348e-01
9.046023488044738770e-01,1.031420826911926270e+00,6.348085403442382812e-02
8.495380878448486328e-01,-8.351850509643554688e-01,5.270799398422241211e-01
-1.976344108581542969e+00,8.094207942485809326e-02,8.787472248077392578e-01
4.079469144344329834e-01,-3.712579309940338135e-01,1.247127056121826172e+00
1.056269764900207520e+00,-8.155689239501953125e-01,2.521627843379974365e-01
-8.705179691314697266e-01,1.764297394402092323e-06,1.278405189514160156e+00
-7.938566207885742188e-01,4.619998931884765625e-01,1.227253198623657227e+00
-7.988203167915344238e-01,-9.891998767852783203e-01,9.132471084594726562e-01
6.425114274024963379e-01,-8.869204521179199219e-01,3.153073191642761230e-01
-9.784884452819824219e-01,-6.819704771041870117e-01,1.763278096914291382e-01
-6.358676552772521973e-01,5.732038021087646484e-01,1.088707923889160156e+00
1.492248475551605225e-01,-3.650483489036560059e-01,1.343391418457031250e+00
-1.092329397797584534e-01,-7.795810699462890625e-01,9.849100112915039062e-01
4.865035787224769592e-02,-9.607849121093750000e-01,6.466111540794372559e-01
4.416389763355255127e-01,-9.189510345458984375e-01,3.127584755420684814e-01
7.179850339889526367e-01,9.973437786102294922e-01,8.631367683410644531e-01
-1.460947990417480469e-01,9.556660652160644531e-01,5.120907425880432129e-01
1.192860007286071777e+00,1.156996726989746094e+00,5.717205405235290527e-01
4.847919195890426636e-02,9.820013046264648438e-01,5.769619345664978027e-01
2.414677739143371582e-01,1.008057594299316406e+00,6.420495510101318359e-01
6.244669556617736816e-01,1.058602333068847656e+00,5.727369785308837891e-01
2.436690330505371094e-01,-9.533681869506835938e-01,2.432223409414291382e-01
-1.457671970129013062e-01,9.692101478576660156e-01,2.424594014883041382e-01
-5.410945415496826172e-01,9.094367027282714844e-01,2.457550019025802612e-01
-1.032139584422111511e-01,-5.531403422355651855e-01,1.295661926269531250e+00
-1.103240370750427246e+00,-1.113637924194335938e+00,6.411983966827392578e-01
-1.489105343818664551e+00,-1.161293506622314453e+00,3.760821521282196045e-01
4.837388917803764343e-02,9.949331283569335938e-01,3.080496191978454590e-01
-1.297527313232421875e+00,-1.128585338592529297e+00,5.092936754226684570e-01
1.090929508209228516e+00,9.603219628334045410e-01,1.741915792226791382e-01
1.768962383270263672e+00,1.024104714393615723e+00,6.305137276649475098e-01
4.325962662696838379e-01,1.043470382690429688e+00,5.058330893516540527e-01
-7.180302739143371582e-01,-1.086470603942871094e+00,5.045409798622131348e-01
-3.680006563663482666e-01,4.805984497070312500e-01,1.291803121566772461e+00
6.222826838493347168e-01,1.079384803771972656e+00,3.053802549839019775e-01
1.220863342285156250e+00,1.025319576263427734e+00,2.170085906982421875e-02
2.409541308879852295e-01,1.020799636840820312e+00,3.734887540340423584e-01
-1.519243597984313965e+00,-8.165777921676635742e-01,2.100195884704589844e-01
-5.269984006881713867e-01,-1.068130016326904297e+00,3.054830729961395264e-01
9.265677928924560547e-01,9.954618811607360840e-01,8.747048377990722656e-01
-1.775517940521240234e+00,-8.177813291549682617e-01,2.206559181213378906e-01
1.003826260566711426e+00,1.122638702392578125e+00,4.385201930999755859e-01
1.174079895019531250e+00,-6.598805785179138184e-01,5.679718032479286194e-02
-1.729367733001708984e+00,-1.029530048370361328e+00,8.052014112472534180e-01
1.192259788513183594e+00,1.159937858581542969e+00,4.128204286098480225e-02
3.372683525085449219e-01,8.635226488113403320e-01,1.098469257354736328e+00
-1.237646102905273438e+00,-1.022454261779785156e+00,2.054691314697265625e-03
5.110479593276977539e-01,-8.127412796020507812e-01,1.761193275451660156e-01
-7.684713602066040039e-01,6.710643768310546875e-01,9.699740409851074219e-01
-6.716720461845397949e-01,1.829326152801513672e-01,1.324732780456542969e+00
2.620339393615722656e-01,-4.976329803466796875e-01,1.287424325942993164e+00
2.125001549720764160e-01,1.358985855404171161e-06,1.321994781494140625e+00
-3.362241387367248535e-01,-1.043574333190917969e+00,2.397805750370025635e-01
-4.828239381313323975e-01,-5.501850247383117676e-01,1.326153755187988281e+00
-1.010161757469177246e+00,-1.036458015441894531e+00,9.794855117797851562e-02
-7.246150970458984375e-01,-1.032243728637695312e+00,7.787370085716247559e-01
-4.146488904953002930e-01,1.816304922103881836e-01,1.365317344665527344e+00
-1.765564680099487305e+00,-3.491175770759582520e-01,2.176437377929687500e-01
-4.782519340515136719e-01,1.435279841643932741e-06,1.353829860687255859e+00
1.877220749855041504e+00,8.892531394958496094e-01,5.414373874664306641e-01
-1.673982143402099609e+00,-8.581376820802688599e-02,9.925909042358398438e-01
1.782348632812500000e+00,3.367044031620025635e-01,2.101431190967559814e-01
-4.163496196269989014e-01,-3.645612597465515137e-01,1.350842475891113281e+00
-4.497804045677185059e-01,-5.798745751380920410e-01,1.830368041992187500e-01
1.824862480163574219e+00,1.059689044952392578e+00,3.878588676452636719e-01
-1.099040210247039795e-01,7.843697667121887207e-01,9.479608535766601562e-01
-2.274307161569595337e-01,3.644037544727325439e-01,1.353188514709472656e+00
-2.022325515747070312e+00,4.018398821353912354e-01,7.032537460327148438e-01
-1.644456386566162109e-01,-3.639596104621887207e-01,1.360215187072753906e+00
-3.517126441001892090e-01,-1.815428137779235840e-01,1.368087291717529297e+00
-5.918639898300170898e-01,7.934938073158264160e-01,8.775696754455566406e-01
-1.016065925359725952e-01,1.817624270915985107e-01,1.361933231353759766e+00
-2.263976931571960449e-01,1.406669639436586294e-06,1.368267536163330078e+00
1.976461768150329590e+00,-5.662021636962890625e-01,2.705127000808715820e-01
-1.509827256202697754e+00,-1.080043315887451172e+00,8.603549003601074219e-01
-1.143422603607177734e+00,-8.992443084716796875e-01,1.014843463897705078e+00
1.365688085556030273e+00,9.960689544677734375e-01,1.460882574319839478e-01
2.058457374572753906e+00,3.188866972923278809e-01,2.540115416049957275e-01
1.883792638778686523e+00,-4.031809866428375244e-01,7.522845268249511719e-01
4.995486512780189514e-02,-7.988066673278808594e-01,9.434973001480102539e-01
2.015677928924560547e+00,4.833144247531890869e-01,3.125506639480590820e-01
-1.615161061286926270e+00,-1.056140422821044922e+00,2.327513694763183594e-01
5.997714996337890625e-01,-8.295008540153503418e-01,1.055191278457641602e+00
4.448714256286621094e-01,8.744525909423828125e-01,9.344125390052795410e-01
-5.640543103218078613e-01,-6.510128974914550781e-01,1.260983586311340332e+00
-1.887516021728515625e+00,4.835453033447265625e-01,8.788354396820068359e-01
-1.730041503906250000e+00,-1.120166182518005371e+00,3.362676799297332764e-01
1.597631871700286865e-01,7.800378799438476562e-01,9.814639091491699219e-01
1.968354225158691406e+00,6.521252393722534180e-01,3.731564283370971680e-01
1.529255658388137817e-01,-5.606665015220642090e-01,1.218084335327148438e+00
4.567074477672576904e-01,-7.114782333374023438e-01,9.592729210853576660e-01
-1.849070072174072266e+00,-9.225169420242309570e-01,6.189861893653869629e-01
-3.531976640224456787e-01,7.428536415100097656e-01,9.534948468208312988e-01
6.388766169548034668e-01,9.214911460876464844e-01,1.778402626514434814e-01
1.318807482719421387e+00,-5.400671958923339844e-01,9.284739494323730469e-01
-1.182383298873901367e+00,5.819092988967895508e-01,2.082028388977050781e-01
-3.478309512138366699e-01,8.379192352294921875e-01,8.691468834877014160e-01
4.912385717034339905e-02,9.019789695739746094e-01,8.587722778320312500e-01
1.864668846130371094e+00,-6.655642390251159668e-01,2.081243842840194702e-01
-1.639529824256896973e+00,5.671381354331970215e-01,2.524995803833007812e-02
9.100421071052551270e-01,1.156921163201332092e-01,1.803660392761230469e-01
-1.704769611358642578e+00,8.531761169433593750e-02,2.128524780273437500e-01
-1.851684570312500000e+00,-9.220480918884277344e-01,3.846667408943176270e-01
2.075767517089843750e+00,-3.177730441093444824e-01,4.179388284683227539e-01
-5.007568374276161194e-02,-8.136407136917114258e-01,1.840257644653320312e-01
4.386929273605346680e-01,9.595260620117187500e-01,1.762222200632095337e-01
7.484570145606994629e-01,1.156463250517845154e-01,1.775059700012207031e-01
-1.926413536071777344e+00,-7.408529520034790039e-01,5.489655733108520508e-01
2.053447246551513672e+00,-1.594419181346893311e-01,5.298789739608764648e-01
1.733623743057250977e+00,8.047668337821960449e-01,7.905879020690917969e-01
-4.409419298171997070e-01,-7.705865502357482910e-01,1.054358482360839844e+00
-2.038983345031738281e+00,2.399633228778839111e-01,7.556654214859008789e-01
-1.769538879394531250e+00,-7.637601494789123535e-01,9.245040416717529297e-01
1.630136966705322266e+00,-6.959608197212219238e-01,7.014265060424804688e-01
1.979101657867431641e+00,3.240073621273040771e-01,6.517568826675415039e-01
-1.945041179656982422e+00,5.725027918815612793e-01,6.017619371414184570e-01
-5.489560961723327637e-01,-8.209595680236816406e-01,1.014254093170166016e+00
-7.472156882286071777e-01,-8.461041450500488281e-01,1.013553500175476074e+00
-1.971890926361083984e+00,5.694619417190551758e-01,3.721652030944824219e-01
-9.476709365844726562e-01,4.885948598384857178e-01,1.766772419214248657e-01
-1.542447656393051147e-01,6.185202598571777344e-01,1.116440653800964355e+00
-1.990968704223632812e+00,-4.043713808059692383e-01,3.136508166790008545e-01
3.495324552059173584e-01,-5.656980276107788086e-01,1.166184425354003906e+00
1.779215335845947266e+00,-5.062433481216430664e-01,7.980301976203918457e-01
-2.004926681518554688e+00,-2.416107505559921265e-01,2.565298378467559814e-01
5.125191062688827515e-02,-6.378626823425292969e-01,1.112768888473510742e+00
7.220994234085083008e-01,-8.037022352218627930e-01,7.987899780273437500e-01
-2.897660732269287109e-01,-5.801306962966918945e-01,1.860828399658203125e-01
-2.036009311676025391e+00,4.007350802421569824e-01,4.218063354492187500e-01
1.136670947074890137e+00,-6.125806570053100586e-01,5.881371498107910156e-01
-2.047480583190917969e+00,2.395522892475128174e-01,3.646676540374755859e-01
-1.593672156333923340e+00,3.484471142292022705e-01,2.037615776062011719e-01
-1.561069130897521973e+00,-8.791265487670898438e-01,9.610561728477478027e-01
8.463795185089111328e-01,-8.581023216247558594e-01,2.491870075464248657e-01
-1.304174184799194336e+00,3.800824582576751709e-01,1.110181808471679688e+00
-7.369759082794189453e-01,1.420974740540259518e-06,1.310914516448974609e+00
1.281564354896545410e+00,-5.993946790695190430e-01,4.248046875000000000e-01
2.548267543315887451e-01,-6.765332221984863281e-01,1.034727811813354492e+00
-3.456693291664123535e-01,-8.762450218200683594e-01,9.331682920455932617e-01
1.797572135925292969e+00,-1.676893830299377441e-01,8.510400056838989258e-01
1.601178526878356934e+00,1.014576673507690430e+00,7.570800781250000000e-01
4.553414285182952881e-01,-7.302889823913574219e-01,1.099454641342163086e+00
1.082985162734985352e+00,-6.591553688049316406e-01,9.058700203895568848e-01
7.191061973571777344e-01,2.024519443511962891e-01,1.099092960357666016e+00
1.044073343276977539e+00,8.869953155517578125e-01,9.435174465179443359e-01
1.579875111579895020e+00,8.153237104415893555e-01,1.989560127258300781e-01
-7.437167167663574219e-01,8.081124424934387207e-01,7.647867202758789062e-01
5.223608016967773438e-01,1.023003339767456055e+00,7.052741050720214844e-01
-5.614081621170043945e-01,6.807789802551269531e-01,1.845941096544265747e-01
2.412472814321517944e-01,1.013525009155273438e+00,1.047878742218017578e+00
-1.501590132713317871e+00,-1.036251068115234375e+00,9.654283523559570312e-02
-9.781743884086608887e-01,-6.588478088378906250e-01,1.195599913597106934e+00
-9.496754407882690430e-01,8.436098098754882812e-01,2.503631412982940674e-01
5.051980912685394287e-02,7.287192344665527344e-01,1.025389432907104492e+00
1.546396136283874512e+00,-5.706261396408081055e-01,6.844091415405273438e-02
1.833792686462402344e+00,5.828764438629150391e-01,2.201972007751464844e-01
1.828584671020507812e+00,5.014562606811523438e-01,7.904837131500244141e-01
2.055243015289306641e+00,-4.794777631759643555e-01,4.207739233970642090e-01
