-8.322441577911376953e-02,7.820309698581695557e-02,-2.051229774951934814e-01
-7.784271147102117538e-03,-3.620986640453338623e-02,5.767580270767211914e-01
-7.142944261431694031e-03,-1.160639673471450806e-01,-6.752152442932128906e-01
1.100197732448577881e-01,-1.851093769073486328e-01,1.456143110990524292e-01
-3.700279816985130310e-02,1.691030263900756836e-01,2.329827845096588135e-01
9.094333648681640625e-02,-1.038364097476005554e-01,-3.892303407192230225e-01
-1.100341789424419403e-02,-2.295452505350112915e-01,-1.280143260955810547e-01
-3.848437592387199402e-02,1.077947616577148438e-01,-5.179775953292846680e-01
-1.074053049087524414e-01,-2.566018700599670410e-02,4.634552076458930969e-02
-7.876396179199218750e-02,-7.841885089874267578e-02,3.211084008216857910e-01
1.140911579132080078e-01,7.562202881672419608e-07,-5.934051424264907837e-02
1.278918981552124023e-01,7.496395824091450777e-07,2.749600112438201904e-01
-8.580198884010314941e-02,1.799558401107788086e-01,-6.326904054731130600e-03
6.486567854881286621e-02,9.037876129150390625e-02,1.005444303154945374e-01
-9.780333936214447021e-02,4.928776249289512634e-02,-6.810355186462402344e-01
8.956611156463623047e-02,-1.039252802729606628e-01,-2.045043855905532837e-01
2.040576934814453125e-02,5.413827672600746155e-02,-3.469885289669036865e-01
1.144933700561523438e-01,-5.110555514693260193e-02,-5.550808310508728027e-01
9.616863727569580078e-02,-1.555185317993164062e-01,3.373745679855346680e-01
-3.943385183811187744e-02,-6.851220130920410156e-02,-9.731964021921157837e-02
1.346484478563070297e-02,2.853381633758544922e-02,4.280877709388732910e-01
6.331787258386611938e-02,8.543849736452102661e-02,-6.416772603988647461e-01
-3.829834982752799988e-02,-1.155027151107788086e-01,1.696942150592803955e-01
2.583709731698036194e-02,-1.636386066675186157e-01,1.245939731597900391e-02
-1.044089794158935547e-01,2.570846676826477051e-02,2.067187428474426270e-01
-3.664255142211914062e-02,-8.045624196529388428e-02,-2.865075767040252686e-01
1.283380016684532166e-02,1.068810224533081055e-01,-9.500610083341598511e-02
9.863376617431640625e-02,-5.161675438284873962e-02,8.218719065189361572e-02
3.923461958765983582e-02,2.401097677648067474e-02,-2.098990678787231445e-01
-5.417907610535621643e-02,1.301038563251495361e-01,3.582851886749267578e-01
-1.607733964920043945e-01,1.242593228816986084e-01,-1.092730686068534851e-01
-9.364071488380432129e-02,-4.109930992126464844e-02,4.452084302902221680e-01
1.303356233984231949e-02,-8.203577995300292969e-02,-4.868457019329071045e-01
-7.697093486785888672e-02,1.310245543718338013e-01,1.197567731142044067e-01
6.452398747205734253e-02,9.885752201080322266e-02,2.256613075733184814e-01
1.294709369540214539e-02,-9.280514717102050781e-02,4.306603968143463135e-01
-5.992543697357177734e-02,2.642519026994705200e-02,-4.346466064453125000e-01
-8.903896808624267578e-02,2.595610544085502625e-02,-3.141061365604400635e-01
8.648860454559326172e-02,-1.041238754987716675e-01,2.276928722858428955e-01
6.328248977661132812e-02,-1.296534538269042969e-01,-9.372100979089736938e-02
8.465698361396789551e-02,-4.993472993373870850e-02,-6.676578521728515625e-01
-8.423745632171630859e-02,2.603347040712833405e-02,-6.046539172530174255e-02
6.980536133050918579e-02,-3.220295906066894531e-02,-2.982592582702636719e-01
-1.999783515930175781e-02,2.706850878894329071e-02,-5.879345536231994629e-01
7.995361089706420898e-02,-4.319347813725471497e-02,3.600184917449951172e-01
1.352437734603881836e-01,7.461339350811613258e-07,1.675311177968978882e-01
-7.852554321289062500e-03,1.102107316255569458e-01,1.185302715748548508e-02
-8.182811737060546875e-02,2.607228979468345642e-02,3.388464152812957764e-01
3.820288181304931641e-02,5.356462299823760986e-02,-4.603524804115295410e-01
6.603905558586120605e-02,6.126165390014648438e-02,3.433868288993835449e-01
-4.732635244727134705e-02,3.793490305542945862e-02,5.232324600219726562e-01
1.263659540563821793e-02,-1.313494443893432617e-01,2.923153638839721680e-01
-3.844338282942771912e-02,1.094906330108642578e-01,-2.919073402881622314e-01
9.928917884826660156e-02,-1.032978296279907227e-01,-6.665954366326332092e-03
2.432668209075927734e-02,-8.340530842542648315e-02,-5.826824903488159180e-01
-3.834444284439086914e-02,-1.135839223861694336e-01,6.377959996461868286e-02
2.294445037841796875e-02,-2.776040323078632355e-02,-3.958138823509216309e-01
-2.928423881530761719e-02,-8.081215620040893555e-02,-1.931585669517517090e-01
6.326495856046676636e-02,-1.300885677337646484e-01,-2.882766723632812500e-01
5.763931199908256531e-02,-3.827098384499549866e-02,5.127393007278442383e-01
-3.857204690575599670e-02,1.041674613952636719e-01,-6.392950415611267090e-01
1.078951358795166016e-01,-5.131823569536209106e-02,-4.601107537746429443e-01
9.922719001770019531e-02,-5.159763619303703308e-02,-1.311843842267990112e-01
9.585428237915039062e-02,5.170635133981704712e-02,1.111602783203125000e-02
-9.580135345458984375e-02,2.584714815020561218e-02,1.179989576339721680e-01
-9.165593236684799194e-02,-7.625603675842285156e-02,2.290252596139907837e-01
-3.854940831661224365e-02,1.051158905029296875e-01,-4.038738906383514404e-01
1.006435155868530273e-01,-1.550845950841903687e-01,6.458251923322677612e-02
-7.093691825866699219e-02,7.879742980003356934e-02,2.666635215282440186e-01
1.287145074456930161e-02,1.021953821182250977e-01,-1.845193505287170410e-01
3.977894783020019531e-02,1.071369722485542297e-01,-5.615304708480834961e-01
-7.279708981513977051e-02,-7.511223107576370239e-02,5.361011028289794922e-01
-9.271036088466644287e-02,-5.757617950439453125e-02,1.393310576677322388e-01
4.013955593109130859e-02,-2.151260972023010254e-01,-6.262695044279098511e-02
5.924255400896072388e-02,2.550690434873104095e-02,-1.170358657836914062e-01
-1.273928731679916382e-01,1.115460097789764404e-01,-2.852487564086914062e-02
1.285582315176725388e-02,1.041355133056640625e-01,2.973864674568176270e-01
-7.587563991546630859e-02,-7.855855673551559448e-02,-6.757202092558145523e-03
-8.726164698600769043e-02,1.540970802307128906e-01,-9.233397990465164185e-02
1.286914106458425522e-02,-1.024819612503051758e-01,-3.669638037681579590e-01
-4.008230566978454590e-02,-4.168391227722167969e-02,3.858694434165954590e-01
6.850320845842361450e-02,1.143217086791992188e-04,-5.952984690666198730e-01
-9.739203006029129028e-02,2.536249160766601562e-02,-6.046917438507080078e-01
3.708839416503906250e-02,-1.073117777705192566e-01,8.547912538051605225e-02
1.276507601141929626e-02,1.154003143310546875e-01,1.696609407663345337e-01
-8.634006977081298828e-02,2.599959634244441986e-02,-1.502102613449096680e-01
6.880287826061248779e-02,-7.321834564208984375e-03,-5.141332745552062988e-01
6.149237975478172302e-02,-1.740746498107910156e-01,2.150604128837585449e-01
1.259326934814453125e-02,-1.366928815841674805e-01,-2.334240674972534180e-01
8.366036415100097656e-02,-1.043064072728157043e-01,-5.069924592971801758e-01
-3.393924236297607422e-02,8.058700710535049438e-02,8.556304872035980225e-02
-9.670341014862060547e-02,1.294315904378890991e-01,4.680267348885536194e-02
-6.387460231781005859e-02,2.636156231164932251e-02,4.384551942348480225e-01
4.298095591366291046e-03,4.996763914823532104e-02,-6.670590639114379883e-01
-1.120319366455078125e-01,-2.558564208447933197e-02,2.777703702449798584e-01
1.264192070811986923e-02,-1.306998729705810547e-01,-1.460668891668319702e-01
8.379352092742919922e-02,-1.042977944016456604e-01,1.552673280239105225e-01
4.387512337416410446e-03,-5.101291090250015259e-02,-6.454510688781738281e-01
-4.057389125227928162e-02,-2.136600017547607422e-02,-2.317178249359130859e-01
-4.178130626678466797e-02,2.859580516815185547e-02,-5.202697515487670898e-01
-4.285204410552978516e-02,1.689989268779754639e-01,7.037688791751861572e-02
-4.112749546766281128e-02,1.546144485473632812e-03,-3.711544573307037354e-01
-3.812435641884803772e-02,-1.227012872695922852e-01,2.400445491075515747e-01
1.290914509445428848e-02,-9.751629829406738281e-02,3.541094958782196045e-01
6.507179886102676392e-02,8.526396751403808594e-02,-4.254150390625000000e-02
-3.817104548215866089e-02,-1.207499504089355469e-01,-6.124276518821716309e-01
1.157736778259277344e-01,5.106429010629653931e-02,2.232119739055633545e-01
-3.686684370040893555e-02,1.747276782989501953e-01,1.633514314889907837e-01
-7.239711284637451172e-02,7.872681319713592529e-02,1.744634956121444702e-01
-1.224304176867008209e-02,-1.706161797046661377e-01,-5.947124958038330078e-02
5.977773666381835938e-02,-1.058475971221923828e-01,-6.372094750404357910e-01
5.742797628045082092e-03,-2.226526290178298950e-02,-3.183894157409667969e-01
1.125160455703735352e-01,-1.507376432418823242e-01,2.716781497001647949e-01
-7.657051086425781250e-03,-2.726734988391399384e-02,-1.575347930192947388e-01
-6.986200809478759766e-02,7.884943485260009766e-02,1.130340527743101120e-02
1.220815405249595642e-01,1.903069019317626953e-02,1.051922589540481567e-01
1.245654821395874023e-01,-5.078091099858283997e-02,2.219732552766799927e-01
-3.715400770306587219e-02,1.628547906875610352e-01,3.041860759258270264e-01
1.280804350972175598e-02,1.100664138793945312e-01,-4.784109294414520264e-01
3.922677040100097656e-02,5.353162065148353577e-02,-2.669537365436553955e-01
-7.960820198059082031e-02,7.837800681591033936e-02,-9.674225002527236938e-02
-3.838847205042839050e-02,1.117622852325439453e-01,-1.478677392005920410e-01
-9.111857414245605469e-02,2.592259831726551056e-02,-2.402523756027221680e-01
1.079043149948120117e-01,7.591704047626990359e-07,4.632507264614105225e-02
8.938252925872802734e-02,-5.191495269536972046e-02,-2.406051605939865112e-01
-6.989681720733642578e-02,7.884774357080459595e-02,-3.558825552463531494e-01
1.265067700296640396e-02,-1.296012401580810547e-01,2.034350484609603882e-01
1.198233366012573242e-01,-1.532248109579086304e-01,2.056552022695541382e-01
-3.836318105459213257e-02,1.128088235855102539e-01,-5.940582230687141418e-02
-1.360132843255996704e-01,1.690329313278198242e-01,-5.751037597656250000e-02
6.930986791849136353e-02,-1.990246772766113281e-02,-1.794696003198623657e-01
9.636676311492919922e-02,-5.168982967734336853e-02,-3.498764038085937500e-01
-4.942953586578369141e-02,7.983773946762084961e-02,-5.782348513603210449e-01
3.008842468261718750e-03,-1.374812126159667969e-01,-2.939477562904357910e-01
6.168023496866226196e-02,-1.694130897521972656e-01,1.126611307263374329e-01
1.999330520629882812e-02,-2.771285921335220337e-02,-5.594589114189147949e-01
2.077472209930419922e-02,-2.772544883191585541e-02,-4.560336172580718994e-01
-7.788753509521484375e-02,1.309505850076675415e-01,2.108108401298522949e-01
1.058974266052246094e-01,5.138263478875160217e-02,2.972027659416198730e-01
-4.134071618318557739e-02,1.038002967834472656e-02,-6.415631175041198730e-01
-3.841495513916015625e-02,8.037052303552627563e-02,3.290997147560119629e-01
6.040214002132415771e-02,-2.011246681213378906e-01,4.364807158708572388e-02
-1.482737064361572266e-02,1.106608211994171143e-01,-2.371368408203125000e-01
1.294093299657106400e-02,-9.353458881378173828e-02,-4.256982207298278809e-01
4.727411270141601562e-02,5.327223241329193115e-02,-5.377883911132812500e-01
-9.632956981658935547e-02,2.583863586187362671e-02,1.110839843750000000e-02
-9.146916121244430542e-02,7.955622673034667969e-02,-6.292190551757812500e-01
1.163959503173828125e-01,-5.104422941803932190e-02,-6.142556667327880859e-01
-9.590411186218261719e-02,-2.584549598395824432e-02,-2.444671653211116791e-02
1.193960830569267273e-01,5.600452423095703125e-02,1.580242812633514404e-01
1.267833914607763290e-02,1.261671781539916992e-01,-6.101684570312500000e-01
-8.512246608734130859e-02,-7.811127603054046631e-02,6.498077511787414551e-02
1.087253093719482422e-01,7.587789241370046511e-07,3.331704735755920410e-01
-8.557605743408203125e-02,7.808934152126312256e-02,-2.780789136886596680e-01
3.025192208588123322e-02,2.739825504249893129e-07,5.514999628067016602e-01
9.444034099578857422e-02,-1.036107391119003296e-01,2.998055815696716309e-01
-6.190419197082519531e-02,7.923435419797897339e-02,-4.737094044685363770e-01
8.871912956237792969e-02,-1.039799451828002930e-01,-4.470547437667846680e-01
1.245305538177490234e-01,-5.078202486038208008e-02,1.335079967975616455e-01
2.451872825622558594e-02,-5.400571227073669434e-02,3.899523913860321045e-01
3.065454959869384766e-02,5.380792170763015747e-02,-4.031854271888732910e-01
5.185627937316894531e-02,-5.312453210353851318e-02,4.418478310108184814e-01
1.269813068211078644e-02,-1.237105131149291992e-01,1.335122585296630859e-01
2.021423354744911194e-02,4.273562505841255188e-02,3.743358850479125977e-01
1.099953651428222656e-01,-5.125054344534873962e-02,-2.424133196473121643e-02
2.392172813415527344e-02,7.992164228198817000e-07,-2.692739665508270264e-01
-3.866785019636154175e-02,-1.001955270767211914e-01,-4.212616011500358582e-02
6.171222031116485596e-02,-1.686196327209472656e-01,2.855923473834991455e-01
6.476647406816482544e-02,9.284031391143798828e-02,2.813189625740051270e-01
4.011118412017822266e-02,-1.609542369842529297e-01,-4.390044882893562317e-02
-7.957756519317626953e-02,-2.610855363309383392e-02,-7.863219827413558960e-02
1.280777063220739365e-02,1.101121902465820312e-01,2.418978810310363770e-01
7.289648056030273438e-02,-1.050010249018669128e-01,-3.366686999797821045e-01
1.194987297058105469e-01,-5.094422772526741028e-02,2.946667373180389404e-01
5.322062969207763672e-02,5.308055877685546875e-02,-5.971066355705261230e-01
-4.052688926458358765e-02,-2.331089973449707031e-02,-2.885507047176361084e-01
-3.831222280859947205e-02,-1.149369478225708008e-01,3.136688172817230225e-01
1.034239530563354492e-01,-5.146235227584838867e-02,-4.043939113616943359e-01
-5.982518196105957031e-02,-7.933489978313446045e-02,4.205508232116699219e-01
1.259709894657135010e-02,-1.362519264221191406e-01,-6.262789964675903320e-01
8.180820941925048828e-02,5.215909332036972046e-02,6.507171690464019775e-02
9.255802631378173828e-02,-1.037322133779525757e-01,-1.499233990907669067e-01
6.425502896308898926e-02,1.055272817611694336e-01,1.529855281114578247e-01
-1.070333719253540039e-01,-2.566618099808692932e-02,1.884527504444122314e-01
-8.642882853746414185e-02,3.090935933869332075e-07,5.249288082122802734e-01
6.911672651767730713e-02,-1.510977745056152344e-02,-4.345440566539764404e-01
-7.775557041168212891e-02,7.846762239933013916e-02,-4.275451600551605225e-02
-1.065632104873657227e-01,2.567375637590885162e-02,2.605608999729156494e-01
3.056503273546695709e-02,-7.477126270532608032e-02,5.413814783096313477e-01
1.039372682571411133e-01,-5.144581198692321777e-02,-7.748015969991683960e-02
1.289137452840805054e-02,9.972190856933593750e-02,-4.240585267543792725e-01
9.724247455596923828e-02,-1.034299060702323914e-01,-6.009551882743835449e-02
-4.557617008686065674e-02,2.825215688062598929e-07,5.662740468978881836e-01
1.036884784698486328e-01,-5.145383253693580627e-02,2.876312099397182465e-02
1.287100743502378464e-02,1.022504568099975586e-01,9.972503781318664551e-02
-9.852397441864013672e-02,2.580328471958637238e-02,6.437469273805618286e-02
-3.852107748389244080e-02,-1.062760353088378906e-01,1.172473132610321045e-01
1.292268838733434677e-02,9.583473205566406250e-02,-2.943371534347534180e-01
1.281276810914278030e-02,1.094799041748046875e-01,-4.187072813510894775e-02
1.176407337188720703e-01,7.545277185272425413e-07,-6.575622595846652985e-03
8.523309230804443359e-02,5.204870551824569702e-02,-7.838805764913558960e-02
-9.041476249694824219e-02,-2.593393996357917786e-02,3.370483219623565674e-01
-7.503986358642578125e-02,1.311804652214050293e-01,2.665457129478454590e-01
-8.143043518066406250e-02,7.828986644744873047e-02,-1.508239656686782837e-01
-3.842220082879066467e-02,-1.103786230087280273e-01,1.101287826895713806e-02
6.425634026527404785e-02,-1.054873466491699219e-01,-5.583968758583068848e-01
-3.916645050048828125e-02,-8.033416420221328735e-02,-6.446301341056823730e-01
4.876251332461833954e-03,3.779890015721321106e-02,5.275593996047973633e-01
1.316581964492797852e-01,7.478436714336567093e-07,2.208590656518936157e-01
-1.356455385684967041e-01,1.731725931167602539e-01,-1.084667965769767761e-01
6.138602644205093384e-02,-1.767139434814453125e-01,1.632232666015625000e-01
5.142639204859733582e-02,-1.707537285983562469e-02,-6.402527093887329102e-01
5.077575519680976868e-02,-1.309696584939956665e-01,3.493672609329223633e-01
-9.611292928457260132e-02,2.702355384826660156e-03,-6.611599326133728027e-01
-9.279429912567138672e-02,-2.589559927582740784e-02,1.003250107169151306e-01
-2.464782632887363434e-02,-6.612286716699600220e-02,-3.330780267715454102e-01
1.273368205875158310e-02,-1.192623376846313477e-01,-6.569213699549436569e-03
6.025788560509681702e-02,-2.047086954116821289e-01,-6.218872033059597015e-03
-8.590466529130935669e-02,1.781437397003173828e-01,4.435180500149726868e-02
1.204077433794736862e-02,-2.053116559982299805e-01,-2.277709916234016418e-02
4.333465546369552612e-02,-1.588758379220962524e-01,6.158077716827392578e-02
-3.192007541656494141e-02,-1.889194846153259277e-01,-1.001092493534088135e-01
4.499304294586181641e-02,-1.408705264329910278e-01,2.465353310108184814e-01
4.478406906127929688e-02,5.335249379277229309e-02,-1.541387885808944702e-01
1.271838974207639694e-02,-1.211608648300170898e-01,4.594085738062858582e-02
6.936261802911758423e-02,-2.121126651763916016e-02,-3.756390213966369629e-01
6.435516476631164551e-02,3.162295172387530329e-07,3.738609552383422852e-01
6.324926763772964478e-02,-1.304825544357299805e-01,-2.345339953899383545e-01
2.711913920938968658e-02,-8.289532363414764404e-02,-6.731864213943481445e-01
-1.032432243227958679e-01,1.290280818939208984e-01,-1.296316534280776978e-01
4.853415489196777344e-02,7.874803031882038340e-07,4.425086975097656250e-01
-4.106323048472404480e-02,4.936049506068229675e-02,-6.795440912246704102e-01
7.218301296234130859e-02,-1.578443348407745361e-01,1.132690440863370895e-02
-3.312271088361740112e-02,-7.330893725156784058e-02,5.640308856964111328e-01
2.772186137735843658e-02,1.185084953904151917e-01,-6.536368131637573242e-01
-6.462764739990234375e-02,7.910261303186416626e-02,1.204168647527694702e-01
6.596984714269638062e-02,-8.755937218666076660e-02,3.431825637817382812e-01
-4.074192047119140625e-02,-2.673427946865558624e-02,-1.174276694655418396e-01
2.702307701110839844e-02,7.977375844347989187e-07,-1.370303332805633545e-01
1.239944696426391602e-01,-1.528203487396240234e-01,1.164538562297821045e-01
-9.383849799633026123e-03,1.307727992534637451e-01,3.514117002487182617e-01
-4.154750704765319824e-02,1.893579959869384766e-02,-4.760729968547821045e-01
-7.154998928308486938e-02,1.346208006143569946e-01,3.117159605026245117e-01
-3.921876475214958191e-02,-7.740271091461181641e-02,3.586471378803253174e-01
1.300829276442527771e-02,8.520841598510742188e-02,3.381051421165466309e-01
1.394975278526544571e-02,3.169882297515869141e-02,-6.275921463966369629e-01
-2.474892139434814453e-02,-8.103153854608535767e-02,-1.373773217201232910e-01
1.901566982269287109e-02,-8.314841985702514648e-02,-5.387085080146789551e-01
1.294546481221914291e-02,9.297215938568115234e-02,4.676117002964019775e-02
-7.133804261684417725e-02,-3.682246804237365723e-02,5.576745271682739258e-01
6.324980407953262329e-02,-1.304601430892944336e-01,-1.813964843750000000e-01
6.541416049003601074e-02,7.676827907562255859e-02,2.925689704716205597e-02
8.643412590026855469e-02,-1.041274070739746094e-01,-2.597701847553253174e-01
-4.084389284253120422e-02,-1.017475128173828125e-02,-3.295367360115051270e-01
-4.108589515089988708e-02,1.626014709472656250e-04,3.955309987068176270e-01
-8.662673830986022949e-02,1.653430461883544922e-01,9.593658149242401123e-02
5.087208747863769531e-02,-1.413451582193374634e-01,1.880673170089721680e-01
-3.840692341327667236e-02,1.109987497329711914e-01,-2.014227211475372314e-01
4.762573167681694031e-03,1.846463233232498169e-02,-5.542273521423339844e-01
-3.687089681625366211e-02,1.745487451553344727e-01,1.122247278690338135e-01
2.043890953063964844e-02,-2.772003412246704102e-02,-6.020858883857727051e-01
-1.017934307456016541e-01,1.033360958099365234e-01,-6.758331507444381714e-02
4.655277729034423828e-02,-2.814078703522682190e-02,-3.405441343784332275e-01
-9.344577789306640625e-02,-7.770866900682449341e-02,2.813131511211395264e-01
-3.879516571760177612e-02,9.493625164031982422e-02,-3.315157890319824219e-01
7.747936248779296875e-02,-1.047052666544914246e-01,2.928100526332855225e-02
2.698779106140136719e-03,1.095298230648040771e-01,-1.393121331930160522e-01
-1.247344911098480225e-02,-2.314828038215637207e-01,-8.606052398681640625e-02
1.995539665222167969e-02,-2.771224454045295715e-02,-5.175848007202148438e-01
9.358358383178710938e-02,7.659990615138667636e-07,-9.579589962959289551e-02
2.251398563385009766e-02,-1.626605540513992310e-01,-8.177215605974197388e-02
-9.025120735168457031e-02,1.735950857400894165e-01,-4.734832793474197388e-02
-6.850492954254150391e-02,2.628695592284202576e-02,-3.938903808593750000e-01
-6.486358493566513062e-02,8.362474292516708374e-02,-6.641215085983276367e-01
2.757048606872558594e-02,-2.167551219463348389e-01,-1.193344071507453918e-01
-6.596994400024414062e-02,-7.903769612312316895e-02,1.021054089069366455e-01
1.299258880317211151e-02,8.716988563537597656e-02,-3.704812526702880859e-01
9.438169002532958984e-02,-5.175381526350975037e-02,-1.855120807886123657e-01
-5.228555202484130859e-02,7.969959080219268799e-02,4.799957200884819031e-02
-6.805062294006347656e-02,7.893704622983932495e-02,-4.136221110820770264e-01
-8.402872085571289062e-02,-7.816419750452041626e-02,1.732165515422821045e-01
1.273727230727672577e-02,1.188634634017944336e-01,-5.336892604827880859e-01
-1.855316199362277985e-02,8.289610594511032104e-02,-6.731531620025634766e-01
6.865137815475463867e-02,-3.562211990356445312e-03,-5.544921755790710449e-01
9.783966094255447388e-02,-1.693488657474517822e-02,-6.489374637603759766e-01
6.895793229341506958e-02,-1.116931438446044922e-02,-4.741680920124053955e-01
-9.313438087701797485e-02,5.005562305450439453e-02,2.890332043170928955e-01
6.331841647624969482e-02,-1.287665367126464844e-01,-4.139526188373565674e-02
-2.211296558380126953e-02,-8.115904778242111206e-02,-6.087810993194580078e-01
1.009540557861328125e-01,5.154196918010711670e-02,-4.211578145623207092e-02
-1.492846012115478516e-01,1.251868009567260742e-01,-5.821228027343750000e-02
6.946027278900146484e-02,-2.363491058349609375e-02,-2.186022847890853882e-01
4.787957668304443359e-02,1.066142320632934570e-01,-5.999777317047119141e-01
2.719207666814327240e-02,8.311834931373596191e-02,-6.704239845275878906e-01
-9.315302968025207520e-02,4.972696304321289062e-02,1.584628224372863770e-01
-9.297228604555130005e-02,5.292713642120361328e-02,2.323156744241714478e-01
-3.849485889077186584e-02,1.073607206344604492e-01,-4.601605236530303955e-01
6.380643695592880249e-02,-1.166470050811767578e-01,-4.199008047580718994e-01
6.917122006416320801e-02,-1.646173000335693359e-02,-1.407064795494079590e-01
3.122794628143310547e-02,7.957325465213216376e-07,4.077334403991699219e-01
4.288542270660400391e-02,5.341369658708572388e-02,-4.988684058189392090e-01
-7.932150363922119141e-02,7.839188724756240845e-02,-3.163293302059173584e-01
-4.211456328630447388e-02,-1.179192811250686646e-01,-6.588339805603027344e-01
3.616881370544433594e-02,5.363019183278083801e-02,-3.054336607456207275e-01
-7.057273387908935547e-02,2.625363692641258240e-02,-3.553659021854400635e-01
-8.871917426586151123e-02,1.113782078027725220e-01,-2.594947814941406250e-02
1.119799613952636719e-01,-5.118656903505325317e-02,-5.167334079742431641e-01
-1.376255303621292114e-01,1.508857011795043945e-01,-2.369873039424419403e-02
-4.062318056821823120e-02,-1.931881904602050781e-02,-1.752859503030776978e-01
5.565333366394042969e-02,-1.417310833930969238e-01,1.491833478212356567e-01
6.439936906099319458e-02,-1.019383668899536133e-01,-5.997436642646789551e-01
3.941161930561065674e-02,5.088898167014122009e-02,-6.479309797286987305e-01
-8.823156356811523438e-03,-2.724856324493885040e-02,-1.953213512897491455e-01
7.209167350083589554e-03,-1.674150377511978149e-01,-2.646946907043457031e-02
3.003082238137722015e-02,-3.675081953406333923e-02,5.600724220275878906e-01
-9.211809933185577393e-02,-6.806850433349609375e-02,2.943664416670799255e-02
-3.372669219970703125e-02,-8.059729635715484619e-02,-2.490811049938201904e-01
2.618432044982910156e-02,7.981375347299035639e-07,-1.745187342166900635e-01
2.756225503981113434e-02,-1.178274676203727722e-01,-6.596503257751464844e-01
-8.693504333496093750e-02,1.302202045917510986e-01,8.301391452550888062e-02
-6.404876708984375000e-02,1.653213426470756531e-02,-6.739732027053833008e-01
-5.419909954071044922e-02,2.651745826005935669e-02,3.637167215347290039e-01
7.237744331359863281e-02,-1.050345078110694885e-01,1.199554428458213806e-01
-5.475795269012451172e-02,7.958000153303146362e-02,-5.357009768486022949e-01
-1.033270359039306641e-02,-2.722423337399959564e-02,-2.523159682750701904e-01
-1.062873601913452148e-01,1.286578923463821411e-01,1.107391342520713806e-02
-3.726672381162643433e-02,1.581647396087646484e-01,3.407962024211883545e-01
-7.785594463348388672e-02,-2.613629028201103210e-02,4.154959022998809814e-01
-1.220564842224121094e-01,2.542412467300891876e-02,-6.320257186889648438e-01
1.118112802505493164e-01,5.119200423359870911e-02,2.598040699958801270e-01
-7.897491566836833954e-03,2.730286610130860936e-07,5.703672170639038086e-01
-7.933008670806884766e-02,1.308341324329376221e-01,1.740820258855819702e-01
-7.196450233459472656e-02,7.874772697687149048e-02,2.111410498619079590e-01
1.059560775756835938e-01,5.138073489069938660e-02,9.954223781824111938e-02
1.290482375770807266e-02,9.806430339813232422e-02,-2.573709189891815186e-01
-8.440566062927246094e-02,7.814595848321914673e-02,-2.415054291486740112e-01
-3.860365971922874451e-02,1.028593778610229492e-01,-3.669723570346832275e-01
-9.302055835723876953e-02,2.589196152985095978e-02,-2.765090763568878174e-01
8.742761611938476562e-02,-1.040632873773574829e-01,2.642044126987457275e-01
1.233676671981811523e-01,-1.528811007738113403e-01,1.695941090583801270e-01
6.436878442764282227e-02,1.027044057846069336e-01,1.890936195850372314e-01
6.184946000576019287e-02,-1.652137041091918945e-01,3.216046094894409180e-01
8.529150485992431641e-02,-1.042011454701423645e-01,1.913973987102508545e-01
-8.921217918395996094e-02,2.595332078635692596e-02,-2.041513025760650635e-01
9.447681903839111328e-02,-1.036083847284317017e-01,-1.138464361429214478e-01
1.278610061854124069e-02,1.127903461456298828e-01,2.056127935647964478e-01
1.232089996337890625e-01,-5.082462355494499207e-02,2.579394578933715820e-01
-1.109149456024169922e-01,-2.560363896191120148e-02,2.417990118265151978e-01
-8.344733715057373047e-02,2.604619413614273071e-02,-9.641296416521072388e-02
-9.145092964172363281e-02,2.591724880039691925e-02,-2.451446466147899628e-02
2.087341248989105225e-02,2.206792309880256653e-02,-3.307780027389526367e-01
6.962453573942184448e-02,-2.771091461181640625e-02,-2.581728994846343994e-01
6.509350985288619995e-02,8.472514152526855469e-02,-6.717834156006574631e-03
5.194701999425888062e-02,8.940417319536209106e-02,3.145684003829956055e-01
6.399045884609222412e-02,-1.120898723602294922e-01,-4.781744182109832764e-01
-3.837269917130470276e-02,1.124149560928344727e-01,-6.599426269531250000e-03
1.258450746536254883e-01,-5.073966085910797119e-02,1.862997412681579590e-01
-3.807754069566726685e-02,-1.246379613876342773e-01,2.756097316741943359e-01
-1.026453971862792969e-01,-2.573687769472599030e-02,1.106445305049419403e-02
3.873046860098838806e-02,-5.000874772667884827e-02,-6.661282777786254883e-01
-1.043791770935058594e-01,-2.570894360542297363e-02,1.529913246631622314e-01
-3.707633540034294128e-02,1.660604476928710938e-01,2.683630287647247314e-01
6.083281710743904114e-02,-1.904417276382446289e-01,7.749816775321960449e-02
-3.837753832340240479e-02,1.122146844863891602e-01,-1.123876944184303284e-01
-3.851484507322311401e-02,1.065456867218017578e-01,-5.577368140220642090e-01
1.277521811425685883e-02,1.141411066055297852e-01,1.343228071928024292e-01
-3.821070492267608643e-02,-1.191288232803344727e-01,2.048449665307998657e-01
6.195495650172233582e-02,-8.359926939010620117e-02,-6.644599437713623047e-01
4.110944271087646484e-02,5.347094312310218811e-02,-2.290444821119308472e-01
6.325865536928176880e-02,-1.302447319030761719e-01,-1.462231427431106567e-01
2.485513687133789062e-02,7.987713388502015732e-07,-2.311685085296630859e-01
6.159279868006706238e-02,-1.715874671936035156e-01,2.500985562801361084e-01
1.261211838573217392e-02,-1.343876123428344727e-01,-1.984063684940338135e-01
1.267122849822044373e-02,-1.270500421524047852e-01,1.684136986732482910e-01
4.296088218688964844e-02,5.341126397252082825e-02,-1.914532482624053955e-01
1.335004568099975586e-01,7.469652132385817822e-07,1.326788365840911865e-01
6.357836723327636719e-02,-1.423709243535995483e-01,9.075988829135894775e-02
-5.877602100372314453e-02,-7.938565313816070557e-02,-6.148193404078483582e-02
-3.693299740552902222e-02,1.719906330108642578e-01,1.979949921369552612e-01
-6.067752838134765625e-03,-1.100967749953269958e-01,-5.982208251953125000e-01
-4.127179831266403198e-02,7.507801055908203125e-03,-4.123089611530303955e-01
1.262034103274345398e-02,-1.333668231964111328e-01,2.561532557010650635e-01
-8.568882942199707031e-02,8.514828095940174535e-07,-6.248394846916198730e-01
8.426535129547119141e-02,-1.042673587799072266e-01,-2.970672547817230225e-01
-5.513286590576171875e-02,1.701897382736206055e-01,3.175689652562141418e-02
1.106907054781913757e-01,-1.758712530136108398e-01,9.537749737501144409e-02
-4.208444058895111084e-02,4.114985466003417969e-02,-5.664324760437011719e-01
1.288770884275436401e-02,1.001772880554199219e-01,-2.207812517881393433e-01
1.006563901901245117e-01,-5.155155435204505920e-02,3.350338637828826904e-01
1.269565988332033157e-02,1.240172386169433594e-01,-5.711584091186523438e-01
-7.148437201976776123e-03,-8.304873108863830566e-02,-6.712735891342163086e-01
8.933166414499282837e-02,8.895217627286911011e-02,1.389064788818359375e-01
4.737257957458496094e-03,-8.245776593685150146e-02,-3.920382559299468994e-01
8.687987923622131348e-02,-8.535068482160568237e-02,-6.427484750747680664e-01
-3.859925270080566406e-02,1.030417680740356445e-01,-5.990185141563415527e-01
8.595407009124755859e-02,-5.202547088265419006e-02,-2.778332531452178955e-01
1.101868152618408203e-01,7.580820238217711449e-07,8.155212551355361938e-02
4.744110163301229477e-03,-7.351574301719665527e-02,5.608518123626708984e-01
6.369118392467498779e-02,-1.195118427276611328e-01,-3.818359375000000000e-01
4.063725471496582031e-02,-1.405189037322998047e-01,3.054263293743133545e-01
4.700613021850585938e-02,1.066705957055091858e-01,1.218252554535865784e-01
-6.854164600372314453e-02,-2.628636732697486877e-02,3.605471849441528320e-01
-9.291469305753707886e-02,-5.395603179931640625e-02,8.457092195749282837e-02
-6.032490730285644531e-02,7.931073009967803955e-02,3.058978319168090820e-01
1.115535199642181396e-01,-1.639907360076904297e-01,2.343081682920455933e-01
2.374255657196044922e-02,-1.952235996723175049e-01,1.201476994901895523e-02
3.403186798095703125e-02,-1.075090393424034119e-01,-6.050063967704772949e-01
1.260950136929750443e-02,-1.347123384475708008e-01,-3.232162296772003174e-01
1.188307628035545349e-02,-2.248877286911010742e-01,-5.519653111696243286e-02
8.042480051517486572e-02,-1.301628947257995605e-01,3.576821088790893555e-01
4.993347078561782837e-02,4.299176484346389771e-02,3.663115501403808594e-01
9.128582477569580078e-02,-1.038143113255500793e-01,3.375225663185119629e-01
4.658079147338867188e-02,5.329458042979240417e-02,-1.170599311590194702e-01
-1.328689604997634888e-01,1.262313425540924072e-01,-1.363779306411743164e-01
-9.305008500814437866e-02,5.154883861541748047e-02,1.953018158674240112e-01
9.731597453355789185e-02,4.430497065186500549e-02,3.255062103271484375e-01
-4.531997442245483398e-02,-3.632663562893867493e-02,5.731220245361328125e-01
1.018714904785156250e-02,-8.272139728069305420e-02,-4.536987245082855225e-01
1.105636656284332275e-01,-1.776202917098999023e-01,1.805529743432998657e-01
-3.842789679765701294e-02,1.101312637329101562e-01,-2.554983496665954590e-01
-3.284704685211181641e-02,-8.063982427120208740e-02,4.078140258789062500e-01
-1.115047931671142578e-02,-2.721106633543968201e-02,-2.905963063240051270e-01
1.502776145935058594e-02,1.087342128157615662e-01,-7.016601506620645523e-03
8.967757225036621094e-02,7.678615929762599990e-07,3.558297753334045410e-01
1.179184205830097198e-02,-2.362132072448730469e-01,-1.035839840769767761e-01
1.195908784866333008e-01,5.094125121831893921e-02,1.870397925376892090e-01
3.618359565734863281e-03,1.094704791903495789e-01,-4.504455327987670898e-01
1.353833451867103577e-02,1.941144466400146484e-02,3.909506201744079590e-01
-1.021218821406364441e-01,1.091549396514892578e-01,-1.080575510859489441e-01
-9.318962693214416504e-02,-4.908561706542968750e-02,-6.871643010526895523e-03
2.426564693450927734e-02,1.081380695104598999e-01,-5.052608847618103027e-01
-8.636352419853210449e-02,4.457800462841987610e-02,3.170784711837768555e-01
8.083593845367431641e-02,-5.219043046236038208e-02,-3.158285319805145264e-01
-1.029018163681030273e-01,2.573274821043014526e-02,1.710159331560134888e-01
5.569267272949218750e-02,-1.061112061142921448e-01,4.794372618198394775e-02
1.276422664523124695e-02,-1.155054569244384766e-01,3.317617774009704590e-01
9.637969732284545898e-02,2.603722922503948212e-02,-8.410286903381347656e-02
1.214056238532066345e-01,2.833759784698486328e-02,2.740371525287628174e-01
-4.010175168514251709e-02,4.089164733886718750e-02,4.446864128112792969e-01
6.428325176239013672e-02,-1.424277871847152710e-01,5.150238052010536194e-02
-1.088531501591205597e-02,-2.531844004988670349e-02,-1.293387413024902344e-01
7.166421413421630859e-02,7.764510314700601157e-07,-1.152243018150329590e-01
2.008295059204101562e-02,8.010468945940374397e-07,-3.082263171672821045e-01
1.279520988464355469e-02,-1.116596460342407227e-01,9.913787990808486938e-02
-8.129596710205078125e-03,1.102286130189895630e-01,2.798605263233184814e-01
-3.874152898788452148e-02,-9.716749191284179688e-02,4.296029508113861084e-01
1.091589331626892090e-01,-5.058161169290542603e-02,-6.542749404907226562e-01
1.202695891261100769e-01,4.397988319396972656e-02,1.221157833933830261e-01
3.959298133850097656e-02,1.071489676833152771e-01,2.343105971813201904e-01
-7.188842445611953735e-02,2.913729701958800433e-07,5.483306646347045898e-01
-1.027441024780273438e-01,2.573528885841369629e-02,2.976748645305633545e-01
1.066242456436157227e-01,-1.545047014951705933e-01,2.983056604862213135e-01
-4.164934158325195312e-03,1.099727451801300049e-01,3.182180821895599365e-01
-2.095886133611202240e-02,3.749299421906471252e-02,5.370087623596191406e-01
-4.175847768783569336e-02,2.765142917633056641e-02,-6.047079563140869141e-01
6.644663959741592407e-02,5.114758014678955078e-02,-9.840636700391769409e-02
-6.709869205951690674e-02,-8.065669983625411987e-02,-3.254103660583496094e-02
-3.882442042231559753e-02,9.373784065246582031e-02,2.893585152924060822e-02
-9.578227996826171875e-03,-8.176534622907638550e-02,-3.494521975517272949e-01
1.257589925080537796e-02,-1.388835906982421875e-01,-2.685913145542144775e-01
-9.255596250295639038e-02,6.030440330505371094e-02,-3.013256788253784180e-01
1.274506561458110809e-02,-1.178841590881347656e-01,-3.450140357017517090e-01
-2.100158669054508209e-02,1.878684014081954956e-02,-5.338846445083618164e-01
-7.193028926849365234e-02,7.874938845634460449e-02,-6.112237572669982910e-01
-1.028513908386230469e-02,2.722500450909137726e-02,-6.124358773231506348e-01
6.569803506135940552e-02,6.971931457519531250e-02,-7.916443049907684326e-02
6.298126280307769775e-02,-1.894217282533645630e-01,-2.748298645019531250e-02
-4.228875041007995605e-02,4.960322380065917969e-02,-5.907061696052551270e-01
1.388583518564701080e-02,2.372598648071289062e-02,-6.031774878501892090e-01
3.689169883728027344e-03,8.088640583991946187e-07,-3.307049572467803955e-01
-6.435882300138473511e-02,-2.579690702259540558e-02,-9.908306598663330078e-02
-3.902301564812660217e-02,-8.552145957946777344e-02,-7.835631817579269409e-02
-1.766788959503173828e-02,-1.358120143413543701e-01,-6.116644144058227539e-01
1.224815621972084045e-01,1.352286338806152344e-02,2.957403361797332764e-01
-6.522083282470703125e-02,8.417229082624544390e-07,-6.397198438644409180e-01
2.716600894927978516e-02,-2.782841771841049194e-02,-3.566772341728210449e-01
-1.467192173004150391e-02,-1.908729076385498047e-01,-4.464874044060707092e-02
-1.037484705448150635e-01,1.604319661855697632e-01,4.551935195922851562e-02
-7.936191558837890625e-02,-7.838992029428482056e-02,1.374249309301376343e-01
4.410400521010160446e-03,1.194464266300201416e-01,-6.453393697738647461e-01
7.393768429756164551e-02,-1.683315075933933258e-02,-6.552954912185668945e-01
1.318849902600049973e-02,6.283855438232421875e-02,3.617721498012542725e-01
5.434286594390869141e-02,-1.061983257532119751e-01,1.029257178306579590e-01
-2.116298675537109375e-02,1.668958216905593872e-01,1.464623957872390747e-01
-3.861327841877937317e-02,-1.024615764617919922e-01,3.345794677734375000e-01
-4.063098877668380737e-02,1.898324489593505859e-02,4.108450114727020264e-01
-1.510858088731765747e-01,1.148744001984596252e-01,-8.010470867156982422e-02
-6.030321121215820312e-03,1.100931242108345032e-01,-1.974209547042846680e-01
-9.280516207218170166e-02,5.588793754577636719e-02,-2.458721846342086792e-01
-5.837416648864746094e-02,-7.940509915351867676e-02,3.441143631935119629e-01
-1.022621393203735352e-01,-2.574305236339569092e-02,3.161254823207855225e-01
5.449295043945312500e-03,-8.249221742153167725e-02,-5.974603295326232910e-01
6.984251737594604492e-02,-3.312015533447265625e-02,-3.381552100181579590e-01
2.552592754364013672e-02,-2.780199982225894928e-02,-6.254156231880187988e-01
-9.498596191406250000e-03,8.832053095102310181e-02,3.314290046691894531e-01
-1.021295785903930664e-01,1.747469156980514526e-01,-6.774719059467315674e-02
-4.192106053233146667e-02,3.437769412994384766e-02,-5.430465340614318848e-01
3.672540187835693359e-02,-1.966939866542816162e-01,3.147704899311065674e-02
-9.204582124948501587e-02,-6.934177875518798828e-02,1.931936591863632202e-01
-1.849243044853210449e-02,4.960837215185165405e-02,-6.744732856750488281e-01
8.080261200666427612e-02,4.365205019712448120e-02,3.457921743392944336e-01
-7.484771311283111572e-02,4.916813224554061890e-02,-6.835404634475708008e-01
-4.149597138166427612e-02,8.307795226573944092e-02,-6.709128618240356445e-01
6.154937669634819031e-02,-4.986535757780075073e-02,-6.691342592239379883e-01
-8.651580661535263062e-02,1.645594090223312378e-02,-6.787042617797851562e-01
-6.042277812957763672e-02,-2.641718089580535889e-02,4.006521403789520264e-01
-9.195958077907562256e-02,-7.087659835815429688e-02,3.040575981140136719e-01
4.282226320356130600e-03,8.292291313409805298e-02,-6.728092432022094727e-01
6.412012130022048950e-02,-1.088675260543823242e-01,-5.178973078727722168e-01
5.060394108295440674e-02,8.392419666051864624e-02,-6.604185104370117188e-01
-4.532575607299804688e-02,2.666042558848857880e-02,-4.979400634765625000e-01
1.316683646291494370e-02,-6.553983688354492188e-02,-5.516878962516784668e-01
6.576914340257644653e-02,6.795489788055419922e-02,6.564819067716598511e-02
1.132641583681106567e-01,-4.454863071441650391e-02,3.179507255554199219e-01
-4.065726697444915771e-02,-1.789605617523193359e-02,-1.378186047077178955e-01
5.011081695556640625e-02,5.318079516291618347e-02,-6.190136671066284180e-01
-4.054992645978927612e-02,8.974594622850418091e-02,3.092753887176513672e-01
-2.166759967803955078e-02,-8.118058741092681885e-02,-1.002017185091972351e-01
-4.144730418920516968e-02,1.478981971740722656e-02,-4.545214772224426270e-01
-7.543029729276895523e-03,1.225649341940879822e-01,-6.178150177001953125e-01
1.193708181381225586e-01,7.537027499893156346e-07,3.126998841762542725e-01
4.363036900758743286e-02,2.780047623218706576e-07,5.341942310333251953e-01
-4.658973217010498047e-02,7.997510582208633423e-02,-5.999001860618591309e-01
3.731012344360351562e-02,7.928323384476243518e-07,3.867742717266082764e-01
7.740294933319091797e-02,2.570037730038166046e-02,-1.049598455429077148e-01
2.714824676513671875e-02,5.392095074057579041e-02,-3.263006508350372314e-01
1.660954952239990234e-02,-8.303203433752059937e-02,-5.171148777008056641e-01
-8.527831733226776123e-02,-3.735487163066864014e-02,5.411478281021118164e-01
6.854102760553359985e-02,-8.237361907958984375e-04,-6.168826222419738770e-01
-6.974761933088302612e-02,4.380401596426963806e-02,3.410615921020507812e-01
2.158093452453613281e-02,-8.327249437570571899e-02,-5.605572462081909180e-01
8.763492107391357422e-02,-1.040499061346054077e-01,-3.523303270339965820e-01
-3.905636817216873169e-02,8.412957191467285156e-02,6.496368348598480225e-02
4.792654514312744141e-02,1.066111996769905090e-01,2.144537270069122314e-01
1.184523105621337891e-02,1.089395880699157715e-01,-6.329772621393203735e-02
-8.272874355316162109e-02,1.728656589984893799e-01,-2.729278430342674255e-02
5.870509147644042969e-02,1.059156358242034912e-01,-6.376260519027709961e-01
6.108760833740234375e-02,-1.589202284812927246e-01,-6.842651404440402985e-03
-5.215144157409667969e-02,7.970608025789260864e-02,-5.568389892578125000e-01
-4.135593399405479431e-02,1.099705696105957031e-02,-4.332769811153411865e-01
2.016711235046386719e-02,-2.771566063165664673e-02,-5.806735157966613770e-01
1.357355341315269470e-02,1.503932476043701172e-02,4.117019474506378174e-01
1.111745834350585938e-01,-5.121253058314323425e-02,9.921630471944808960e-02
8.211211860179901123e-02,-8.867270499467849731e-02,3.259505033493041992e-01
-2.511077746748924255e-02,-2.246246673166751862e-02,-3.057352304458618164e-01
-5.725133419036865234e-02,7.945939898490905762e-02,-5.148077011108398438e-01
-3.604459762573242188e-02,-2.087349891662597656e-01,-1.055557206273078918e-01
-3.785073757171630859e-02,-1.341826766729354858e-01,-6.464837789535522461e-01
1.291068643331527710e-02,9.728932380676269531e-02,3.170785307884216309e-01
1.992106437683105469e-02,-2.771169319748878479e-02,-5.384325981140136719e-01
-7.331597805023193359e-02,-7.868235558271408081e-02,4.363781511783599854e-01
-1.107022091746330261e-01,1.665735058486461639e-02,-6.661777496337890625e-01
-8.177280426025390625e-03,1.102316752076148987e-01,-4.333361685276031494e-01
-5.353021621704101562e-02,7.963939756155014038e-02,1.028829962015151978e-01
6.365194171667098999e-02,-1.204900741577148438e-01,-3.264071643352508545e-01
-9.530162811279296875e-02,2.585520222783088684e-02,3.175027370452880859e-01
-5.903640761971473694e-02,-7.411539554595947266e-02,5.515346527099609375e-01
-6.431114673614501953e-02,2.635452523827552795e-02,-4.141393899917602539e-01
2.010321617126464844e-02,-2.771462686359882355e-02,-4.969079494476318359e-01
6.432696431875228882e-02,-1.037346124649047852e-01,-5.789596438407897949e-01
8.231687545776367188e-02,-1.568616926670074463e-01,2.927001938223838806e-02
-4.119342193007469177e-02,4.286289215087890625e-03,-3.915911912918090820e-01
-9.331839531660079956e-02,-4.679727554321289062e-02,1.217813119292259216e-01
-5.963325500488281250e-02,7.934419065713882446e-02,-4.941473305225372314e-01
-1.512692272663116455e-01,1.269650310277938843e-01,-1.272742748260498047e-01
-2.736592292785644531e-02,2.694979682564735413e-02,-5.646276473999023438e-01
-4.143519699573516846e-02,1.429772377014160156e-02,-6.214468479156494141e-01
-6.138038635253906250e-02,1.707955747842788696e-01,1.225646957755088806e-02
9.256386756896972656e-02,5.181240290403366089e-02,8.249877393245697021e-02
-1.365240514278411865e-01,1.632795333862304688e-01,-1.263659596443176270e-01
-6.753957271575927734e-02,1.317859441041946411e-01,3.429058790206909180e-01
-3.854723274707794189e-02,1.051859855651855469e-01,-5.781329274177551270e-01
-3.710126876831054688e-02,-8.043406158685684204e-02,-6.242998838424682617e-01
-4.177032411098480225e-02,1.674274355173110962e-02,-6.609708070755004883e-01
6.857668608427047729e-02,-1.713633537292480469e-03,-5.748357772827148438e-01
8.585858345031738281e-02,-1.041645407676696777e-01,-4.866894483566284180e-01
1.295900531113147736e-02,9.129118919372558594e-02,8.252380043268203735e-02
-3.205060958862304688e-03,-1.921716332435607910e-01,-2.602142281830310822e-02
-9.140717238187789917e-02,8.065605163574218750e-02,-6.495565772056579590e-01
2.037250995635986328e-02,-2.771896496415138245e-02,-4.763934314250946045e-01
-7.519721984863281250e-02,2.617912180721759796e-02,-3.355383276939392090e-01
-3.028350695967674255e-02,-8.374749869108200073e-02,-6.626220941543579102e-01
-6.406462192535400391e-02,7.912984490394592285e-02,-4.534826576709747314e-01
3.104209899902343750e-03,-8.237878978252410889e-02,-3.718200623989105225e-01
1.168375015258789062e-01,-5.102999508380889893e-02,-5.939785838127136230e-01
-1.019119024276733398e-01,1.054352521896362305e-01,-8.773803710937500000e-02
1.304936502128839493e-02,-8.010959625244140625e-02,4.148782193660736084e-01
1.296699605882167816e-02,9.033453464508056641e-02,-3.138229250907897949e-01
2.132391929626464844e-02,-2.773429080843925476e-02,-4.358215332031250000e-01
6.418722122907638550e-02,-1.071979999542236328e-01,-5.380456447601318359e-01
6.872670352458953857e-02,-5.431413650512695312e-03,-5.342605710029602051e-01
-4.895830154418945312e-02,1.695910394191741943e-01,5.112792924046516418e-02
-1.012949943542480469e-01,-2.575864084064960480e-02,8.201873302459716797e-02
1.212754249572753906e-01,7.527945626861765049e-07,9.853454679250717163e-02
1.209831908345222473e-01,3.415119647979736328e-02,2.541143596172332764e-01
-1.074884012341499329e-01,1.109054163098335266e-01,-1.858925819396972656e-02
6.537783890962600708e-02,7.766973972320556641e-02,8.328765630722045898e-02
1.291411742568016052e-02,-9.689891338348388672e-02,-4.058489799499511719e-01
-8.790922164916992188e-02,-2.597430907189846039e-02,-6.032806262373924255e-02
6.971273571252822876e-02,-2.989935874938964844e-02,-2.781463563442230225e-01
-1.017457917332649231e-01,1.024924516677856445e-01,-4.752502217888832092e-02
-3.680932521820068359e-02,1.684129834175109863e-01,8.951018750667572021e-02
-9.799599647521972656e-03,1.103363558650016785e-01,-2.171224951744079590e-01
4.757058620452880859e-02,-1.602309197187423706e-01,-2.529815584421157837e-02
-6.770753860473632812e-02,1.714090853929519653e-01,-7.380370981991291046e-03
6.887975335121154785e-02,-9.234428405761718750e-03,-4.941049218177795410e-01
-1.222255229949951172e-01,2.542139776051044464e-02,-6.523403525352478027e-01
5.134499073028564453e-02,5.314101278781890869e-02,-5.771890282630920410e-01
1.259292010217905045e-02,-1.367708444595336914e-01,-6.462640166282653809e-01
1.268197409808635712e-02,-1.256814002990722656e-01,3.114614784717559814e-01
3.622375428676605225e-02,8.861291408538818359e-02,3.268425464630126953e-01
3.327381610870361328e-02,-2.160159051418304443e-01,-1.002236902713775635e-01
2.203869819641113281e-02,-2.774581126868724823e-02,-4.157501161098480225e-01
-9.259460121393203735e-02,-5.962681770324707031e-02,1.137908920645713806e-02
-6.611382961273193359e-02,7.903072983026504517e-02,-4.334567189216613770e-01
5.827248096466064453e-02,1.059435606002807617e-01,-6.169122457504272461e-01
6.903664022684097290e-02,-1.312756538391113281e-02,-4.543164074420928955e-01
3.984713554382324219e-02,-1.404550969600677490e-01,3.252615332603454590e-01
6.405442208051681519e-02,-1.104978322982788086e-01,-4.979434013366699219e-01
-9.291964024305343628e-02,5.386161804199218750e-02,2.695724368095397949e-01
-2.162182331085205078e-02,-1.900858432054519653e-01,-6.320190429687500000e-02
6.954050809144973755e-02,-2.562594413757324219e-02,-2.383282482624053955e-01
6.207140907645225525e-02,-1.597062349319458008e-01,3.406323194503784180e-01
6.919761747121810913e-02,-1.711726188659667969e-02,-4.148443639278411865e-01
-9.208378940820693970e-02,6.866753101348876953e-02,-6.127074956893920898e-01
-4.835605621337890625e-03,1.100160405039787292e-01,3.379736244678497314e-01
-8.676045387983322144e-02,1.629759073257446289e-01,-7.469420880079269409e-02
6.452751159667968750e-02,-1.424475014209747314e-01,1.104895025491714478e-01
4.935133457183837891e-02,5.320527777075767517e-02,-5.574234127998352051e-01
6.134295463562011719e-02,-1.421904563903808594e-01,7.102172821760177612e-02
4.191339015960693359e-02,-1.406219005584716797e-01,2.857296764850616455e-01
-6.987285614013671875e-02,7.884890586137771606e-02,-3.939691185951232910e-01
-3.849461302161216736e-02,1.073708534240722656e-01,-5.377081036567687988e-01
8.748257160186767578e-02,-1.040597334504127502e-01,-4.667367339134216309e-01
-1.276379376649856567e-01,1.674973517656326294e-01,-2.733063697814941406e-02
9.175610542297363281e-02,-1.559464037418365479e-01,4.701446369290351868e-02
6.927956640720367432e-02,-1.915061473846435547e-02,-3.952114880084991455e-01
1.181236505508422852e-01,-5.098854005336761475e-02,-6.338479518890380859e-01
-2.664613723754882812e-02,1.674274951219558716e-01,1.275848299264907837e-01
1.285051554441452026e-02,-1.047587394714355469e-01,-5.982192754745483398e-01
-3.862967342138290405e-02,1.017752885818481445e-01,-6.197857260704040527e-01
6.392741948366165161e-02,-1.136448383331298828e-01,-4.585830569267272949e-01
4.336750507354736328e-02,-1.407393068075180054e-01,2.661035060882568359e-01
5.832660198211669922e-02,-1.419469118118286133e-01,1.297399848699569702e-01
-8.882009983062744141e-02,-2.595963329076766968e-02,4.317703247070312500e-01
6.120061874389648438e-02,-1.813148260116577148e-01,9.486419707536697388e-02
5.452644824981689453e-02,-1.061864718794822693e-01,-6.183196902275085449e-01
4.678583145141601562e-02,-1.410152763128280640e-01,2.270135432481765747e-01
6.938327848911285400e-02,-2.172899246215820312e-02,-1.989855915307998657e-01
1.063252687454223633e-01,7.599233526889292989e-07,-7.732421904802322388e-02
6.946849077939987183e-02,-2.383852005004882812e-02,-3.562329113483428955e-01
5.317234992980957031e-02,-1.415308415889739990e-01,1.686227321624755859e-01
8.078265190124511719e-02,-1.044920906424522400e-01,-3.163317739963531494e-01
4.874491691589355469e-02,-1.411734223365783691e-01,2.075277715921401978e-01
2.407693862915039062e-02,-2.777864784002304077e-02,-3.760083019733428955e-01
4.441702365875244141e-02,1.068376675248146057e-01,-5.805184841156005859e-01
-6.001508235931396484e-02,7.932572066783905029e-02,-3.390255570411682129e-01
4.511761665344238281e-02,5.334173887968063354e-02,-5.182735919952392578e-01
1.028716564178466797e-01,-1.548685431480407715e-01,3.174459636211395264e-01
3.491294384002685547e-02,1.074509769678115845e-01,-5.426556468009948730e-01
8.966970443725585938e-02,-1.039185896515846252e-01,-4.275961220264434814e-01
-3.848211094737052917e-02,1.079001426696777344e-01,-4.984982311725616455e-01
1.339781936258077621e-02,3.685414791107177734e-02,4.456527531147003174e-01
2.976739406585693359e-02,1.077830269932746887e-01,-5.238967537879943848e-01
5.686283111572265625e-05,1.097003072500228882e-01,-1.585507094860076904e-01
6.923917680978775024e-02,-1.814842224121093750e-02,-1.600457727909088135e-01
1.156868934631347656e-01,-5.106708407402038574e-02,-5.744567513465881348e-01
1.288844551891088486e-02,-1.000974178314208984e-01,-3.862252831459045410e-01
8.045816421508789062e-02,-1.045130491256713867e-01,-5.278124809265136719e-01
4.298758506774902344e-02,-5.341039970517158508e-02,4.245925843715667725e-01
-7.865428924560546875e-02,-7.842414826154708862e-02,8.326660096645355225e-02
3.947734832763671875e-02,7.917989250927348621e-07,4.252709746360778809e-01
4.057955741882324219e-02,5.348800867795944214e-02,-4.795645177364349365e-01
1.090655326843261719e-01,-1.542679518461227417e-01,8.199218660593032837e-02
-4.029721766710281372e-02,3.279232978820800781e-02,4.271078407764434814e-01
-4.119686409831047058e-02,4.428744316101074219e-03,-3.520391881465911865e-01
1.119738668203353882e-01,-1.582030057907104492e-01,2.527481019496917725e-01
6.386641412973403931e-02,-1.151634454727172852e-01,-4.391610622406005859e-01
1.420462131500244141e-02,-1.941433697938919067e-01,-7.169189397245645523e-03
5.166888236999511719e-03,1.093705520033836365e-01,-1.201791390776634216e-01
3.575575351715087891e-02,5.364350602030754089e-02,-4.412240386009216309e-01
-6.096601486206054688e-03,1.100973859429359436e-01,2.990151941776275635e-01
6.453105062246322632e-02,9.868252277374267578e-02,1.178674325346946716e-01
-3.852356970310211182e-02,1.061729192733764648e-01,-3.108157217502593994e-01
2.344095706939697266e-02,7.994456723281473387e-07,-2.884442210197448730e-01
-2.334666252136230469e-02,1.671075373888015747e-01,1.853759735822677612e-01
3.323948383331298828e-02,5.372461304068565369e-02,-4.221709966659545898e-01
1.132575273513793945e-01,-5.114538967609405518e-02,-5.358422994613647461e-01
6.494401395320892334e-02,8.843481540679931641e-02,3.005462586879730225e-01
-6.869435310363769531e-02,7.890588790178298950e-02,2.856472730636596680e-01
-1.076245307922363281e-02,-2.721731178462505341e-02,-2.714233398437500000e-01
3.827309608459472656e-02,5.356236174702644348e-02,-2.860409617424011230e-01
2.800059318542480469e-02,5.389346927404403687e-02,-3.842599391937255859e-01
9.039723873138427734e-02,-1.038716360926628113e-01,-4.083294570446014404e-01
-3.785329312086105347e-02,-1.339042186737060547e-01,-6.273821592330932617e-01
1.283003017306327820e-02,1.073489189147949219e-01,2.785623073577880859e-01
1.267620548605918884e-02,1.263973712921142578e-01,-5.901046395301818848e-01
2.813148498535156250e-02,-5.388925597071647644e-02,4.087020754814147949e-01
1.268104836344718933e-02,-1.258308887481689453e-01,-6.102987527847290039e-01
-3.848591074347496033e-02,1.077426671981811523e-01,-4.792346060276031494e-01
