-3.872965648770332336e-02,9.763860702514648438e-02,1.536627113819122314e-01
4.198120161890983582e-02,-9.028241038322448730e-02,-5.816575288772583008e-01
9.597259014844894409e-02,-1.811132729053497314e-01,-1.008530855178833008e-01
-8.140868507325649261e-03,-3.786848857998847961e-02,5.253068208694458008e-01
-9.398383647203445435e-02,3.500843048095703125e-02,-2.869100868701934814e-01
1.179349273443222046e-01,-7.612371444702148438e-02,2.847622632980346680e-01
6.059753149747848511e-02,7.824391126632690430e-02,-8.240032196044921875e-02
-1.892786026000976562e-01,7.307326793670654297e-02,-5.659332126379013062e-02
-3.841905668377876282e-02,1.104972362518310547e-01,-5.170983672142028809e-01
-5.826938152313232422e-02,-7.941015064716339111e-02,2.960082888603210449e-02
9.542310237884521484e-02,7.651219107174256351e-07,-3.873412907123565674e-01
1.488487720489501953e-01,-1.000996083021163940e-01,7.973419129848480225e-02
-8.153569698333740234e-02,-2.607700228691101074e-02,3.016271889209747314e-01
1.039589643478393555e-01,-5.144511535763740540e-02,-2.203668206930160522e-01
-1.293965578079223633e-01,-2.530585788190364838e-02,-5.496493577957153320e-01
1.294891815632581711e-02,-9.257912635803222656e-02,1.721044927835464478e-01
6.570427119731903076e-02,6.956923007965087891e-02,2.853921353816986084e-01
9.118294715881347656e-02,5.185691639780998230e-02,6.469482183456420898e-02
-4.065915197134017944e-02,-1.781821250915527344e-02,-1.566143780946731567e-01
9.946286678314208984e-02,-5.159003660082817078e-02,-4.215515032410621643e-02
1.302583888173103333e-02,-8.303022384643554688e-02,3.950890898704528809e-01
-3.848487883806228638e-02,1.077857017517089844e-01,1.103088352829217911e-02
-4.130379483103752136e-02,8.831739425659179688e-03,-4.126284718513488770e-01
-1.529005765914916992e-01,7.483286410570144653e-02,7.945373654365539551e-02
-8.992704004049301147e-02,1.068758964538574219e-01,2.790792882442474365e-01
-4.004632681608200073e-02,4.317224025726318359e-02,4.244488477706909180e-01
6.672628223896026611e-02,4.420351982116699219e-02,-5.593252182006835938e-01
-9.473420679569244385e-02,-2.172231674194335938e-02,1.611520349979400635e-01
9.929633140563964844e-02,7.632750111952191219e-07,1.893435567617416382e-01
1.617836952209472656e-02,-2.765139192342758179e-02,-2.952987551689147949e-01
-7.812261581420898438e-02,7.844986021518707275e-02,-1.149014234542846680e-01
3.987860679626464844e-02,-2.803324908018112183e-02,-4.817950427532196045e-01
-1.128814648836851120e-02,-7.874298840761184692e-02,-7.227694988250732422e-02
-9.898948669433593750e-02,2.579578571021556854e-02,-2.439971826970577240e-02
1.296682097017765045e-02,-9.036839008331298828e-02,2.815322875976562500e-01
5.727124214172363281e-02,7.833141353330574930e-07,4.401676952838897705e-01
-7.343292236328125000e-05,5.479838699102401733e-02,-2.347305268049240112e-01
-3.291351348161697388e-02,1.822317950427532196e-02,-5.689868927001953125e-01
1.063686609268188477e-01,7.599026616844639648e-07,-1.305313110351562500e-01
-1.323584318161010742e-01,7.582648843526840210e-02,1.856494098901748657e-01
8.629572391510009766e-02,-1.442048400640487671e-01,-7.447509560734033585e-03
6.520887464284896851e-02,8.185756206512451172e-02,1.552566438913345337e-01
1.168056577444076538e-01,-9.167301654815673828e-02,1.726495325565338135e-01
4.055631160736083984e-02,7.912844353086256888e-07,3.474432229995727539e-01
-1.813089847564697266e-02,5.538043007254600525e-02,-3.351327478885650635e-01
6.605942547321319580e-02,-6.074404716491699219e-02,8.415649086236953735e-02
1.288498006761074066e-02,1.004805564880371094e-01,8.205261081457138062e-02
1.286668144166469574e-02,1.027872562408447266e-01,2.249322533607482910e-01
-3.882146626710891724e-02,9.384834766387939453e-02,-4.257256984710693359e-01
6.547033786773681641e-02,-7.536232471466064453e-02,-1.331793218851089478e-01
1.321747247129678726e-02,-5.924177169799804688e-02,-2.079293727874755859e-01
-9.936940670013427734e-02,2.578966505825519562e-02,-2.028637677431106567e-01
-9.402531385421752930e-02,3.427207469940185547e-02,-5.019989013671875000e-01
-5.715811252593994141e-02,-7.946391403675079346e-02,4.407125711441040039e-01
-5.372858047485351562e-02,-7.962979376316070557e-02,2.321044802665710449e-01
-3.966145589947700500e-02,5.911600589752197266e-02,3.247149586677551270e-01
6.632924079895019531e-03,5.458221957087516785e-02,-1.387725770473480225e-01
5.297207832336425781e-02,1.062856093049049377e-01,1.143096853047609329e-02
4.686439037322998047e-02,-1.066809371113777161e-01,-4.984469413757324219e-01
9.922146797180175781e-02,-5.159781873226165771e-02,-5.405822396278381348e-01
-7.162082195281982422e-02,-2.623675204813480377e-02,-7.901825010776519775e-02
-6.559395790100097656e-02,-2.633385546505451202e-02,3.802441358566284180e-01
6.784778088331222534e-02,1.637876033782958984e-02,-2.515844702720642090e-01
1.074893474578857422e-01,5.133131891489028931e-02,-2.427947893738746643e-02
-9.221839904785156250e-02,2.590487711131572723e-02,6.462799012660980225e-02
-9.730243682861328125e-02,2.582296729087829590e-02,2.438705414533615112e-01
3.240768238902091980e-02,-7.927846908569335938e-02,4.715399742126464844e-01
-4.608452320098876953e-02,-7.999954372644424438e-02,1.217822209000587463e-01
2.354514598846435547e-02,-2.777008153498172760e-02,-3.758923113346099854e-01
-1.530770957469940186e-01,2.302956581115722656e-02,-1.031545996665954590e-01
8.613085746765136719e-02,-5.201976746320724487e-02,-3.147958219051361084e-01
6.568913161754608154e-02,-6.993293762207031250e-02,2.297378480434417725e-01
1.289663277566432953e-02,-9.906935691833496094e-02,1.108825672417879105e-02
-1.417133808135986328e-01,1.048712730407714844e-01,1.109130866825580597e-02
9.440433979034423828e-02,7.656076945750101004e-07,2.808169424533843994e-01
-7.655090093612670898e-02,3.102705363744462375e-07,4.736365079879760742e-01
5.061340052634477615e-03,3.923382982611656189e-02,4.830509424209594727e-01
1.058100461959838867e-01,7.601690299452457111e-07,-4.604739248752593994e-01
1.256143599748611450e-01,-2.961373329162597656e-02,1.275424212217330933e-01
2.977111749351024628e-02,-1.821924746036529541e-02,-5.693286657333374023e-01
-4.061963781714439392e-02,-1.946520805358886719e-02,-2.509927451610565186e-01
-1.043998003005981445e-01,1.164410859346389771e-01,1.128540039062500000e-01
1.349954158067703247e-01,-1.326197087764739990e-01,-5.722057819366455078e-02
-3.870730847120285034e-02,9.857130050659179688e-02,-5.993865802884101868e-02
-2.575755119323730469e-03,5.487903580069541931e-02,-4.716491699218750000e-01
1.302525848150253296e-01,-9.347820281982421875e-02,1.245422381907701492e-02
-3.899545222520828247e-02,8.666193485260009766e-02,-1.863616853952407837e-01
-7.817995548248291016e-02,1.147490739822387695e-01,2.107742279767990112e-01
1.459648609161376953e-01,-5.009113997220993042e-02,2.189581245183944702e-01
5.045139789581298828e-02,-1.413111835718154907e-01,-6.571044772863388062e-02
-8.327722549438476562e-03,-8.182581514120101929e-02,-5.301394462585449219e-01
-4.088937491178512573e-02,-8.292913436889648438e-03,-3.299035429954528809e-01
-5.745172500610351562e-02,7.944972068071365356e-02,-5.754244923591613770e-01
1.109594106674194336e-01,7.577136216241342481e-07,2.861724793910980225e-02
-8.796668052673339844e-02,2.597338147461414337e-02,-3.703341484069824219e-01
6.736604869365692139e-02,2.833271026611328125e-02,-1.744363307952880859e-01
6.639011204242706299e-02,-5.253827571868896484e-02,-4.174047708511352539e-01
6.812723726034164429e-02,9.443998336791992188e-03,-3.298504650592803955e-01
8.677196502685546875e-02,5.199909955263137817e-02,2.272982746362686157e-01
-6.330728530883789062e-02,7.916648685932159424e-02,-2.446594238281250000e-01
-9.803509712219238281e-02,-2.581116184592247009e-02,2.885375916957855225e-02
-9.493651986122131348e-02,1.805760897696018219e-02,-5.793008804321289062e-01
1.297107338905334473e-02,-8.982872962951660156e-02,1.005004867911338806e-01
1.363638602197170258e-02,7.239818572998046875e-03,-1.954852193593978882e-01
-9.114921092987060547e-02,-2.592210285365581512e-02,1.004278510808944702e-01
-4.108136892318725586e-02,-3.622770309448242188e-04,-5.115539431571960449e-01
5.830688402056694031e-03,9.034579992294311523e-02,3.000236749649047852e-01
6.558045744895935059e-02,-7.263445854187011719e-02,-2.616601586341857910e-01
-3.934317082166671753e-02,-7.227587699890136719e-02,3.034020960330963135e-01
-9.410028904676437378e-02,-3.295266628265380859e-02,-5.023968219757080078e-01
6.345272064208984375e-03,5.459148809313774109e-02,-5.304162502288818359e-01
-4.502534866333007812e-03,2.731818147003650665e-02,3.746997117996215820e-01
6.711254268884658813e-02,3.462350368499755859e-02,-5.015020370483398438e-01
6.574650853872299194e-02,-6.850421428680419922e-02,1.565377712249755859e-01
-8.423566818237304688e-03,5.506752803921699524e-02,-3.926309049129486084e-01
6.528557091951370239e-02,-7.994711399078369141e-02,2.919952385127544403e-02
3.772974014282226562e-03,-2.745151147246360779e-02,-1.205779984593391418e-01
-9.574365615844726562e-02,2.584808319807052612e-02,-1.314190626144409180e-01
6.769561767578125000e-02,-4.494829475879669189e-02,3.055925369262695312e-01
-1.529364734888076782e-01,2.144670486450195312e-02,-4.549438506364822388e-02
-6.608819961547851562e-02,7.903195917606353760e-02,-3.757504224777221680e-01
1.275883242487907410e-02,1.161751747131347656e-01,-4.169464111328125000e-02
-7.965815067291259766e-02,7.837559282779693604e-02,-4.685754179954528809e-01
5.471515655517578125e-02,-5.303238704800605774e-02,4.215875267982482910e-01
-9.446240961551666260e-02,-2.653729915618896484e-02,2.171243280172348022e-01
1.140956878662109375e-01,7.562181281173252501e-07,-5.157772898674011230e-01
-8.746307343244552612e-02,4.514566436409950256e-02,2.994680404663085938e-01
-3.902184218168258667e-02,-8.557009696960449219e-02,-2.460815384984016418e-02
-3.505828604102134705e-02,-7.759263366460800171e-02,4.976525306701660156e-01
1.090350151062011719e-01,7.586312449348042719e-07,-5.952972173690795898e-02
-5.004322528839111328e-02,-7.980806380510330200e-02,1.768594384193420410e-01
-3.878447040915489197e-02,9.539091587066650391e-02,2.442010492086410522e-01
9.449517726898193359e-02,7.655643798898381647e-07,8.235687017440795898e-02
-1.249543428421020508e-01,7.618461549282073975e-02,2.399117946624755859e-01
-3.876725956797599792e-02,9.609079360961914062e-02,6.448272615671157837e-02
-1.556565761566162109e-01,5.206894874572753906e-02,1.218261662870645523e-02
-1.534573286771774292e-01,7.733456790447235107e-02,-1.012021303176879883e-01
6.534559279680252075e-02,-7.845318317413330078e-02,-1.874072253704071045e-01
3.764307498931884766e-02,5.358266830444335938e-02,3.290390074253082275e-01
1.593362092971801758e-01,-4.966014251112937927e-02,1.650372296571731567e-01
-9.697365760803222656e-02,2.582826465368270874e-02,1.896429359912872314e-01
1.285291276872158051e-02,1.044967174530029297e-01,1.708285510540008545e-01
1.293659210205078125e-02,-9.410881996154785156e-02,2.261544764041900635e-01
6.519858539104461670e-02,8.211779594421386719e-02,1.010604798793792725e-01
-9.661960601806640625e-02,2.583396621048450470e-02,1.358203142881393433e-01
1.032370328903198242e-01,7.613959382979373913e-07,-2.023474127054214478e-01
9.771453589200973511e-02,-1.055217981338500977e-01,6.486141681671142578e-02
1.332812197506427765e-02,4.550611972808837891e-02,4.237408339977264404e-01
1.012080907821655273e-01,-5.153378471732139587e-02,-9.539093077182769775e-02
-1.354815959930419922e-01,7.567542046308517456e-02,1.326660066843032837e-01
3.143188357353210449e-02,2.846679478807345731e-07,5.067085027694702148e-01
6.749875843524932861e-02,2.503955364227294922e-02,-4.243719279766082764e-01
-9.340071678161621094e-02,-2.588583342730998993e-02,-2.448486350476741791e-02
-7.882385514676570892e-03,9.157746285200119019e-02,-5.656281709671020508e-01
6.722458451986312866e-02,3.183841705322265625e-02,-1.181384250521659851e-01
-8.316171169281005859e-02,7.820611447095870972e-02,-5.264523029327392578e-01
1.107618138194084167e-01,-1.748923063278198242e-01,-4.025329649448394775e-02
-6.956565380096435547e-02,2.626986429095268250e-02,-4.514886438846588135e-01
1.167525649070739746e-01,-9.240400791168212891e-02,1.185449212789535522e-01
1.029806137084960938e-01,-5.147664994001388550e-02,-1.665982007980346680e-01
7.929931581020355225e-02,-1.805373094975948334e-02,-5.795432329177856445e-01
-2.475476264953613281e-02,-2.699186652898788452e-02,3.507974147796630859e-01
-1.009019240736961365e-01,8.754265308380126953e-02,7.195892184972763062e-02
-3.942447155714035034e-02,-6.890022754669189453e-02,3.795367479324340820e-01
1.302190031856298447e-02,8.353126049041748047e-02,-9.639862179756164551e-02
-3.605103492736816406e-02,5.595805123448371887e-02,-2.790539562702178955e-01
1.317771524190902710e-02,-6.414091587066650391e-02,3.236367702484130859e-01
-1.434785723686218262e-01,8.500242233276367188e-02,-4.268127307295799255e-02
1.170375421643257141e-01,-8.847999572753906250e-02,2.275375276803970337e-01
1.273394934833049774e-02,-1.192641258239746094e-01,-5.531414747238159180e-01
7.532024383544921875e-02,-1.048446074128150940e-01,-5.495095849037170410e-01
8.252036571502685547e-02,-5.213613808155059814e-02,-3.717300295829772949e-01
-8.281171321868896484e-02,-2.605644613504409790e-02,4.333804249763488770e-01
-4.776916280388832092e-02,2.961151608360523824e-07,5.117245912551879883e-01
6.057433784008026123e-03,-2.348432876169681549e-02,-2.427432537078857422e-01
6.531531363725662231e-02,-7.920897006988525391e-02,-2.471801638603210449e-02
1.257038116455078125e-01,-3.084826469421386719e-02,2.640295326709747314e-01
1.055538952350616455e-01,1.827014237642288208e-02,-5.660648345947265625e-01
-9.284196794033050537e-02,5.523753166198730469e-02,1.140960678458213806e-02
-9.296033531427383423e-02,5.313861370086669922e-02,-6.171935796737670898e-02
-9.263879805803298950e-02,5.883657932281494141e-02,-1.713867187500000000e-01
1.391902565956115723e-02,-2.784597873687744141e-02,-5.199087262153625488e-01
1.136612892150878906e-01,-1.349660158157348633e-01,2.825927734375000000e-02
6.450323760509490967e-02,9.937262535095214844e-02,-4.216979816555976868e-02
1.285833269357681274e-01,-7.049679756164550781e-02,5.165161192417144775e-02
-1.879917383193969727e-01,2.436176501214504242e-02,-7.337127625942230225e-02
3.043518029153347015e-02,1.862584985792636871e-02,-5.440955162048339844e-01
1.276714168488979340e-02,1.151437759399414062e-01,2.854309044778347015e-02
-3.890158236026763916e-02,9.053349494934082031e-02,-1.318670660257339478e-01
-3.440654277801513672e-02,-8.056440204381942749e-02,6.702148169279098511e-02
6.108079850673675537e-02,-1.842881441116333008e-01,-7.360107451677322388e-02
-5.802978202700614929e-02,-1.822457090020179749e-02,-5.688898563385009766e-01
9.394526481628417969e-02,-5.176788195967674255e-02,1.112915016710758209e-02
3.210580348968505859e-02,-2.790801227092742920e-02,-4.385513067245483398e-01
1.080809831619262695e-01,-1.027304753661155701e-01,-2.430847100913524628e-02
-9.936523623764514923e-03,2.311130426824092865e-02,-2.662611007690429688e-01
-9.624687582254409790e-02,5.075693130493164062e-03,-2.549889981746673584e-01
-8.902445435523986816e-02,1.228660345077514648e-01,1.691250503063201904e-01
6.799530982971191406e-02,-1.427274793386459351e-01,-1.057745367288589478e-01
1.325173303484916687e-02,-5.500090122222900391e-02,-1.531127840280532837e-01
1.328671164810657501e-02,-5.064678192138671875e-02,3.644665479660034180e-01
8.939266204833984375e-02,5.191462859511375427e-02,1.364855915307998657e-01
-9.334526956081390381e-02,-4.632854461669921875e-02,-5.590429306030273438e-01
-1.220885515213012695e-01,2.542360872030258179e-02,-5.326525568962097168e-01
4.504852369427680969e-02,-3.878587856888771057e-02,4.967864751815795898e-01
1.361822243779897690e-02,9.494423866271972656e-03,-1.384707540273666382e-01
6.615559756755828857e-02,-5.836236476898193359e-02,-4.943536221981048584e-01
-4.109098389744758606e-02,3.552436828613281250e-05,-3.708252012729644775e-01
1.274287700653076172e-01,-5.459988117218017578e-02,9.024200588464736938e-02
-6.133987382054328918e-02,-3.852364048361778259e-02,5.048753023147583008e-01
-9.489238262176513672e-02,-2.586179599165916443e-02,2.624694705009460449e-01
-3.561401367187500000e-02,3.943205624818801880e-02,4.767135381698608398e-01
1.294526923447847366e-02,-9.303164482116699219e-02,-4.230407625436782837e-02
-1.411966830492019653e-01,1.106886863708496094e-01,6.412902474403381348e-02
-4.342412948608398438e-02,2.669106237590312958e-02,3.854019045829772949e-01
4.753417801111936569e-03,-5.526548251509666443e-02,-5.575412511825561523e-01
-8.075857162475585938e-02,2.608951926231384277e-02,-4.099752604961395264e-01
4.993743728846311569e-03,-7.738234102725982666e-02,5.009377002716064453e-01
-9.301533550024032593e-02,5.216455459594726562e-02,-2.464288324117660522e-01
1.934933662414550781e-02,-2.770247869193553925e-02,-3.352398574352264404e-01
9.987294673919677734e-02,7.630000595781893935e-07,1.355270296335220337e-01
1.322063431143760681e-02,-5.886149406433105469e-02,-9.786987304687500000e-02
-1.113451719284057617e-01,7.684288918972015381e-02,2.963793873786926270e-01
6.477539241313934326e-02,9.261453151702880859e-02,4.680785909295082092e-02
-7.278728485107421875e-02,7.870793342590332031e-02,-2.064471393823623657e-01
-4.559993743896484375e-03,5.494299903512001038e-02,-4.317449927330017090e-01
-4.016003385186195374e-02,-3.846800327301025391e-02,-9.911163151264190674e-02
1.590287685394287109e-02,-8.299787342548370361e-02,-4.962100088596343994e-01
-2.025848254561424255e-02,5.434685945510864258e-02,-5.765174627304077148e-01
6.536585837602615356e-02,7.796704769134521484e-02,2.469808906316757202e-01
-5.671996995806694031e-02,9.088043868541717529e-02,2.917132377624511719e-01
-4.069944471120834351e-02,-1.617217063903808594e-02,-2.897793650627136230e-01
2.791404724121093750e-03,5.470604449510574341e-02,-1.960943490266799927e-01
-9.278166294097900391e-02,2.589580044150352478e-02,-3.319070339202880859e-01
-9.714049845933914185e-02,5.541091412305831909e-02,-5.544608831405639648e-01
6.726983189582824707e-02,3.072047233581542969e-02,-4.625604152679443359e-01
1.252686977386474609e-01,-2.485704421997070312e-02,1.657968163490295410e-01
1.143286079168319702e-01,-1.300082504749298096e-01,-8.957958221435546875e-02
2.683162689208984375e-03,-2.743395231664180756e-02,-1.775518804788589478e-01
-4.057342931628227234e-02,-2.136433124542236328e-02,-2.127847224473953247e-01
5.431732162833213806e-02,-5.408626422286033630e-02,-5.818756818771362305e-01
-7.753229141235351562e-02,7.847841829061508179e-02,-4.304272234439849854e-01
6.840391457080841064e-02,2.573490142822265625e-03,-2.922714054584503174e-01
1.275799702852964401e-02,-1.162788867950439453e-01,-5.150839090347290039e-01
6.942451000213623047e-02,7.775190056236169767e-07,3.225808739662170410e-01
-4.164495691657066345e-02,2.296757698059082031e-02,-4.771896302700042725e-01
5.365598201751708984e-02,7.850380256968492176e-07,4.022534191608428955e-01
6.663294136524200439e-02,-4.651236534118652344e-02,-4.581845104694366455e-01
-8.235168643295764923e-03,2.846963411684555467e-07,5.220931768417358398e-01
6.746149063110351562e-02,2.596449851989746094e-02,-2.123120129108428955e-01
1.021944284439086914e-01,5.150199308991432190e-02,2.879028208553791046e-02
6.786569207906723022e-02,1.593458652496337891e-02,-3.675323426723480225e-01
9.868824481964111328e-02,7.635649694748281036e-07,2.436279207468032837e-01
-3.841204941272735596e-02,1.107987165451049805e-01,-5.562481284141540527e-01
-3.858410939574241638e-02,1.036800146102905273e-01,-4.804574549198150635e-01
6.573300808668136597e-02,-6.884896755218505859e-02,2.669100761413574219e-01
-1.413419693708419800e-01,1.090488433837890625e-01,1.174700930714607239e-01
9.766018390655517578e-02,5.164814740419387817e-02,-5.998657271265983582e-02
-6.622350215911865234e-02,2.632371336221694946e-02,3.232562243938446045e-01
6.530258804559707642e-02,7.953703403472900391e-02,2.100842297077178955e-01
3.754455596208572388e-02,9.184453636407852173e-02,2.767647504806518555e-01
1.296031195670366287e-02,-9.116446971893310547e-02,4.310998320579528809e-01
9.919285774230957031e-02,7.633243512827903032e-07,-2.390155047178268433e-01
1.010566949844360352e-01,7.624356044289015699e-07,-4.236910939216613770e-01
-1.075558438897132874e-01,-1.807391084730625153e-02,-5.782589912414550781e-01
-5.178582668304443359e-02,-7.972376048564910889e-02,2.697985768318176270e-01
6.571769714355468750e-02,-6.921947002410888672e-02,1.930578500032424927e-01
8.783924579620361328e-02,5.196470022201538086e-02,1.907977312803268433e-01
-3.876258060336112976e-02,9.629631042480468750e-02,2.078033387660980225e-01
6.577561795711517334e-02,-6.778681278228759766e-02,1.201412901282310486e-01
6.526916474103927612e-02,-8.035445213317871094e-02,-2.236910909414291382e-01
1.252164691686630249e-01,-2.413797378540039062e-02,2.044811993837356567e-01
8.899343013763427734e-02,-5.192748829722404480e-02,4.689971730113029480e-02
-3.884081915020942688e-02,9.304761886596679688e-02,-9.585601836442947388e-02
6.546203792095184326e-02,-1.688510626554489136e-01,-4.128694534301757812e-02
-1.626433134078979492e-01,7.436160743236541748e-02,4.478454589843750000e-02
8.874475955963134766e-02,5.193550512194633484e-02,1.006170660257339478e-01
-3.870844468474388123e-02,9.852409362792968750e-02,1.178176850080490112e-01
1.048662662506103516e-01,7.606190592923667282e-07,-1.663150042295455933e-01
1.284382678568363190e-02,1.056244373321533203e-01,1.350442469120025635e-01
1.145342588424682617e-01,7.560090011793363374e-07,-2.415954507887363434e-02
-8.763253688812255859e-02,-2.597876638174057007e-02,6.481231749057769775e-02
1.295711472630500793e-02,-9.156131744384765625e-02,1.362353414297103882e-01
1.297661662101745605e-02,-8.914065361022949219e-02,6.474547833204269409e-02
-9.531593322753906250e-02,2.585496753454208374e-02,1.001678407192230225e-01
1.021661758422851562e-01,-5.150289833545684814e-02,-1.309435963630676270e-01
1.131826639175415039e-01,-1.024012565612792969e-01,-5.949798598885536194e-02
6.739776581525802612e-02,4.475056380033493042e-02,3.117265701293945312e-01
-1.020718812942504883e-01,2.574611827731132507e-02,2.878112718462944031e-02
1.077553033828735352e-01,7.592414590362750459e-07,-9.495086222887039185e-02
-3.846354037523269653e-02,1.086684465408325195e-01,-2.425598166882991791e-02
1.273774728178977966e-02,1.187577247619628906e-01,-6.571350153535604477e-03
4.072523117065429688e-02,-5.348332598805427551e-02,3.861804008483886719e-01
1.627802848815917969e-01,-4.954912513494491577e-02,1.302667260169982910e-01
-3.923847526311874390e-02,7.660746574401855469e-02,-3.541070520877838135e-01
1.445908546447753906e-01,-1.003743931651115417e-01,4.535186663269996643e-02
1.148101761937141418e-01,-4.515670239925384521e-02,2.990862131118774414e-01
-3.897899389266967773e-02,-8.733105659484863281e-02,4.131359755992889404e-01
8.516395092010498047e-02,5.205092951655387878e-02,2.641631960868835449e-01
-9.760856628417968750e-02,2.581803314387798309e-02,-1.670935004949569702e-01
1.061703488230705261e-01,-1.837688684463500977e-02,-5.594400167465209961e-01
-1.908320188522338867e-01,7.299814373254776001e-02,-9.010192751884460449e-02
8.622646331787109375e-02,-5.201668664813041687e-02,-2.777862548828125000e-01
5.456542968750000000e-02,1.811770349740982056e-02,-5.755624771118164062e-01
-8.955766260623931885e-02,1.134212017059326172e-01,2.417706251144409180e-01
6.595398485660552979e-02,-6.336545944213867188e-02,-3.382122814655303955e-01
-3.905978798866271973e-02,8.400809764862060547e-02,-2.230706810951232910e-01
4.717101808637380600e-03,-9.134919196367263794e-02,-5.684305429458618164e-01
-1.649017333984375000e-01,5.541389435529708862e-02,-1.911842823028564453e-02
-3.990003094077110291e-02,-4.924559593200683594e-02,3.266683816909790039e-01
-7.648432254791259766e-02,7.852910459041595459e-02,-1.512847840785980225e-01
1.272563934326171875e-01,-1.525040566921234131e-01,-2.407806366682052612e-02
-6.300532817840576172e-02,2.637556940317153931e-02,4.386880397796630859e-01
-2.539947442710399628e-02,9.082485735416412354e-02,2.925649881362915039e-01
-9.276526421308517456e-02,5.659651756286621094e-02,-9.815765172243118286e-02
-3.902846574783325195e-02,8.530390262603759766e-02,-3.898977637290954590e-01
1.099199727177619934e-01,-1.864838600158691406e-01,-7.362823188304901123e-02
-1.221210956573486328e-01,-2.542308531701564789e-02,-5.132336020469665527e-01
-9.267888218164443970e-02,5.812692642211914062e-02,-1.346969604492187500e-01
8.870172500610351562e-02,7.683269132030545734e-07,-3.513665795326232910e-01
-7.967400550842285156e-02,1.148454844951629639e-01,1.311614960432052612e-01
-3.958963230252265930e-02,-6.207907199859619141e-02,-7.949401438236236572e-02
1.287742331624031067e-02,1.014537811279296875e-01,2.613711357116699219e-01
-4.071753099560737610e-02,-1.540279388427734375e-02,-1.192404180765151978e-01
1.346778217703104019e-02,2.816939353942871094e-02,3.500482141971588135e-01
6.310474872589111328e-02,-1.423326581716537476e-01,-2.695373445749282837e-02
7.971862703561782837e-02,7.937977463006973267e-02,-5.898380279541015625e-02
6.575918942689895630e-02,-6.819450855255126953e-02,-2.996420264244079590e-01
-1.408291608095169067e-01,5.356654897332191467e-02,3.820025920867919922e-02
-1.258554011583328247e-01,9.569124877452850342e-02,2.171593904495239258e-01
1.337384153157472610e-02,-3.984296321868896484e-02,-2.667248547077178955e-01
1.366159692406654358e-02,4.110336303710937500e-03,-2.340389937162399292e-01
-3.945248574018478394e-02,6.774115562438964844e-02,-3.183105289936065674e-01
-7.201385498046875000e-02,9.284273535013198853e-02,-5.499362945556640625e-01
3.313434123992919922e-02,1.075657531619071960e-01,4.860168322920799255e-02
-6.244373321533203125e-02,-2.638461254537105560e-02,3.240039050579071045e-01
6.539225578308105469e-02,5.268823355436325073e-02,-9.752777218818664551e-02
-1.551318168640136719e-02,1.107050701975822449e-01,-5.380999445915222168e-01
-8.718902617692947388e-02,8.996088802814483643e-02,3.059669733047485352e-01
-3.890050947666168213e-02,-9.059000015258789062e-02,1.114990189671516418e-02
1.310626231133937836e-02,7.301080226898193359e-02,3.218817114830017090e-01
1.275150775909423828e-01,-1.524789482355117798e-01,-7.665374875068664551e-02
-7.009979337453842163e-02,5.426266044378280640e-02,-5.782104730606079102e-01
-3.899813070893287659e-02,-8.655095100402832031e-02,2.090661525726318359e-01
-9.262677282094955444e-02,5.904996395111083984e-02,-2.082778811454772949e-01
1.136018708348274231e-01,-1.357866525650024414e-01,-6.517333909869194031e-03
2.071738243103027344e-03,-2.742410451173782349e-02,-2.157205194234848022e-01
1.325947791337966919e-01,-1.257284879684448242e-01,-2.789398096501827240e-02
7.992156594991683960e-02,-5.456705018877983093e-02,-5.719052553176879883e-01
-5.740539357066154480e-02,1.802848093211650848e-02,-5.810602903366088867e-01
-9.295344352722167969e-02,2.589304000139236450e-02,2.811074852943420410e-01
-9.407103061676025391e-02,-2.587503381073474884e-02,1.899862587451934814e-01
-3.278350830078125000e-02,9.066190570592880249e-02,-5.769733190536499023e-01
1.410447806119918823e-02,-5.085408687591552734e-02,-5.057424902915954590e-01
8.347137272357940674e-02,-1.107887178659439087e-01,-1.677894592285156250e-02
-4.079022631049156189e-02,-1.239526271820068359e-02,-5.490130782127380371e-01
-1.713025569915771484e-01,7.394277304410934448e-02,1.059997547417879105e-02
1.801071129739284515e-02,-3.807674720883369446e-02,5.188546180725097656e-01
-9.639029204845428467e-02,-7.625341415405273438e-03,-4.940246343612670898e-01
-3.430587798357009888e-02,-3.798361867666244507e-02,5.216479301452636719e-01
-9.957325458526611328e-02,2.578637376427650452e-02,-2.389898598194122314e-01
-3.995653614401817322e-02,-4.687905311584472656e-02,3.653939664363861084e-01
-9.275957196950912476e-02,5.669569969177246094e-02,-5.151992440223693848e-01
-1.223358139395713806e-01,1.840783655643463135e-02,-5.575348138809204102e-01
-7.595901191234588623e-02,-3.920768946409225464e-02,4.836788177490234375e-01
6.760894507169723511e-02,-9.122870862483978271e-02,-5.699542760848999023e-01
6.389816850423812866e-02,-1.143753528594970703e-01,-5.161046981811523438e-01
-6.151700019836425781e-02,2.639954723417758942e-02,-4.930676221847534180e-01
-8.229675143957138062e-02,-1.802678033709526062e-02,-5.811972618103027344e-01
-9.283638000488281250e-02,-2.589492313563823700e-02,1.361407488584518433e-01
-4.498107731342315674e-02,5.406980961561203003e-02,-5.821861028671264648e-01
1.308045815676450729e-02,-7.624983787536621094e-02,-7.878600805997848511e-02
1.153135821223258972e-01,-1.122150421142578125e-01,8.166259527206420898e-02
2.405609004199504852e-02,2.543286047875881195e-02,-1.219977140426635742e-01
7.929748296737670898e-02,1.805329509079456329e-02,-5.795704126358032227e-01
5.430114641785621643e-02,-1.802983880043029785e-02,-5.810153484344482422e-01
-4.172820970416069031e-02,9.235311299562454224e-02,2.688741683959960938e-01
-3.904440999031066895e-02,-8.461642265319824219e-02,1.549114882946014404e-01
1.288867648690938950e-02,1.000568866729736328e-01,-7.763061672449111938e-02
2.956085093319416046e-02,-5.425260961055755615e-02,-5.785019397735595703e-01
8.407714962959289551e-02,-1.672443598508834839e-01,-2.473735809326171875e-02
-9.346764534711837769e-02,4.416060447692871094e-02,4.825653135776519775e-02
-1.438695937395095825e-01,8.060240745544433594e-02,-7.888153195381164551e-02
-5.440104007720947266e-02,-7.959727942943572998e-02,-6.846618372946977615e-03
8.362865447998046875e-02,7.707459417360951193e-07,-2.596817016601562500e-01
-3.934549167752265930e-02,7.216787338256835938e-02,-2.615991234779357910e-01
1.366082429885864258e-01,-5.039272829890251160e-02,2.557476758956909180e-01
-1.854455471038818359e-01,5.580080300569534302e-02,-3.114199638366699219e-02
1.885192841291427612e-02,3.985491767525672913e-02,4.636957645416259766e-01
6.191711407154798508e-03,2.400389313697814941e-02,-2.105035781860351562e-01
8.613061904907226562e-02,-5.201977118849754333e-02,-5.054293870925903320e-01
-9.320946782827377319e-02,4.872715473175048828e-02,-2.520233020186424255e-02
1.328824367374181747e-02,5.045628547668457031e-02,-1.167288199067115784e-01
-1.527042388916015625e-01,7.484236359596252441e-02,-2.360534667968750000e-02
6.646791845560073853e-02,5.061972141265869141e-02,-5.368566513061523438e-01
7.904624938964843750e-02,-5.224811285734176636e-02,1.012228354811668396e-01
1.342562306672334671e-02,3.340291976928710938e-02,3.876956105232238770e-01
1.328953448683023453e-02,-5.025959014892578125e-02,-2.463296502828598022e-01
-3.928122669458389282e-02,-7.482659816741943359e-02,-6.082732975482940674e-02
-9.306384623050689697e-02,-5.131399631500244141e-02,-5.370489358901977539e-01
-1.539913415908813477e-01,3.332018852233886719e-02,-2.651672251522541046e-02
-1.002616509795188904e-01,7.620000839233398438e-02,9.125792980194091797e-02
-4.152790084481239319e-02,1.812410354614257812e-02,-4.554052650928497314e-01
-7.378339767456054688e-03,5.503384023904800415e-02,-4.934243559837341309e-01
1.293221265077590942e-01,-8.066952228546142578e-02,3.215301409363746643e-02
-3.910724818706512451e-02,-8.201634883880615234e-02,1.010144054889678955e-01
8.317199349403381348e-02,3.325236264117847895e-07,3.054360151290893555e-01
-8.333122730255126953e-02,-2.604807168245315552e-02,-6.049926578998565674e-02
1.303764898329973221e-02,-8.156442642211914062e-02,3.015927076339721680e-01
-4.799473285675048828e-02,-2.661742456257343292e-02,3.650878965854644775e-01
8.595740795135498047e-02,5.202535912394523621e-02,-7.835296541452407837e-02
-7.698416709899902344e-03,5.504416301846504211e-02,-2.551077306270599365e-01
3.573131561279296875e-02,-2.796643041074275970e-02,-4.599972367286682129e-01
-4.141435027122497559e-02,1.341390609741210938e-02,-4.338891506195068359e-01
4.233001545071601868e-02,7.768750190734863281e-02,-9.406077861785888672e-02
6.437090784311294556e-02,1.026563644409179688e-01,-6.643371656537055969e-03
-3.899134323000907898e-02,-8.684003353118896484e-02,4.695159941911697388e-02
4.189848899841308594e-03,5.466096848249435425e-02,-5.518078207969665527e-01
-3.896689414978027344e-02,-8.784353733062744141e-02,2.453497201204299927e-01
-6.386637687683105469e-03,-8.191971480846405029e-02,-5.514507889747619629e-01
2.890491485595703125e-02,-2.785644307732582092e-02,-4.174078404903411865e-01
6.465225666761398315e-02,-9.566295146942138672e-02,-5.025905966758728027e-01
1.253110170364379883e-01,-1.016185656189918518e-01,-6.557616870850324631e-03
6.603091210126876831e-02,-6.145167350769042969e-02,2.868133485317230225e-01
-4.119553789496421814e-02,4.373788833618164062e-03,-3.916113078594207764e-01
-5.532256886363029480e-02,4.434422776103019714e-02,3.244106769561767578e-01
-5.702686309814453125e-02,2.647189609706401825e-02,4.014819264411926270e-01
-7.586073875427246094e-02,2.616843953728675842e-02,-4.304235875606536865e-01
1.749694719910621643e-02,-1.849796250462532043e-02,-5.522788763046264648e-01
6.676077097654342651e-02,-4.333555698394775391e-02,-4.789080619812011719e-01
8.042883872985839844e-02,7.722717327851569280e-07,-3.157440125942230225e-01
-9.388042986392974854e-02,-3.684747219085693359e-02,1.153717003762722015e-02
-9.654706716537475586e-02,1.040077209472656250e-02,-2.752255201339721680e-01
1.149049997329711914e-01,7.558322181466792244e-07,-5.546487569808959961e-01
-1.186567544937133789e-01,7.648922502994537354e-02,2.768988013267517090e-01
2.606594562530517578e-02,-2.781069651246070862e-02,-3.965310454368591309e-01
4.524017125368118286e-02,2.882613046040205518e-07,4.911837577819824219e-01
-4.098865389823913574e-02,-4.185676574707031250e-03,-3.502596914768218994e-01
-4.078045859932899475e-02,-1.281201839447021484e-02,-5.282711386680603027e-01
-7.675397396087646484e-02,7.851606607437133789e-02,-4.889898598194122314e-01
-4.167732968926429749e-02,2.430689334869384766e-02,-4.982034265995025635e-01
1.279608905315399170e-01,-6.192338466644287109e-02,7.100128382444381714e-02
1.174838542938232422e-01,-8.233463764190673828e-02,2.651852369308471680e-01
1.254278272390365601e-01,-2.704489231109619141e-02,2.438488751649856567e-01
7.667422294616699219e-02,-1.047572419047355652e-01,-5.290457010269165039e-01
1.159873828291893005e-01,-1.029398441314697266e-01,9.994140267372131348e-02
-1.525233536958694458e-01,1.679658889770507812e-02,-8.362609893083572388e-02
6.650917977094650269e-02,-4.957866668701171875e-02,-4.376870691776275635e-01
3.034639358520507812e-02,-2.787966653704643250e-02,-4.998672306537628174e-01
-7.577002048492431641e-02,1.145935431122779846e-01,1.905187964439392090e-01
3.686177730560302734e-02,7.930461265459598508e-07,3.675006031990051270e-01
1.269190609455108643e-01,-4.757833480834960938e-02,1.093606576323509216e-01
-4.079281538724899292e-02,-1.228797435760498047e-02,-3.097470104694366455e-01
2.131307125091552734e-02,-2.773411758244037628e-02,-3.554687500000000000e-01
-9.662333130836486816e-02,1.174461841583251953e-02,-2.172637879848480225e-01
6.627500802278518677e-02,-5.539441108703613281e-02,-3.973260521888732910e-01
1.508907079696655273e-01,-4.993236437439918518e-02,1.139910891652107239e-01
6.512327492237091064e-02,8.398187160491943359e-02,6.500335782766342163e-02
8.045065402984619141e-02,-5.220285430550575256e-02,6.512634456157684326e-02
1.312045753002166748e-02,-7.128477096557617188e-02,3.788833618164062500e-01
1.333868131041526794e-02,4.419529438018798828e-02,4.436857402324676514e-01
-7.540249824523925781e-02,1.145698428153991699e-01,1.506851166486740112e-01
-3.872497752308845520e-02,9.785211086273193359e-02,-5.016442537307739258e-01
-2.849161624908447266e-02,5.571438744664192200e-02,-2.975332438945770264e-01
8.008635044097900391e-02,5.221460387110710144e-02,2.834686338901519775e-01
1.764035224914550781e-02,-2.767494693398475647e-02,-3.151885867118835449e-01
-4.007014632225036621e-02,4.219913482666015625e-02,4.443359375000000000e-01
5.508887767791748047e-02,-1.416855454444885254e-01,-4.635192826390266418e-02
-8.471918106079101562e-02,2.602570876479148865e-02,-3.899755775928497314e-01
1.327461190521717072e-02,-5.214858055114746094e-02,-1.166091859340667725e-01
-3.328204154968261719e-03,5.490329116582870483e-02,-4.515856802463531494e-01
1.147082597017288208e-01,-1.205523014068603516e-01,6.364806741476058960e-02
-2.065002359449863434e-02,1.847195997834205627e-02,-5.534296035766601562e-01
-1.038717627525329590e-01,4.549953341484069824e-02,2.884780168533325195e-01
-1.322388648986816406e-03,-8.216466754674911499e-02,-5.117129683494567871e-01
-1.156687736511230469e-03,5.483330041170120239e-02,-5.121273398399353027e-01
6.605692207813262939e-02,-6.080639362335205078e-02,-3.577398657798767090e-01
1.318596601486206055e-01,-1.156064271926879883e-01,-4.792053252458572388e-02
4.618334770202636719e-02,1.067236810922622681e-01,2.984588593244552612e-02
-7.602226734161376953e-02,-2.616583928465843201e-02,3.968402147293090820e-01
5.169773101806640625e-02,-1.414117962121963501e-01,-8.526764065027236938e-02
-3.914606571197509766e-02,8.043074607849121094e-02,3.018819987773895264e-01
-6.257057189941406250e-03,5.499769002199172974e-02,-4.121005237102508545e-01
1.252809613943099976e-01,-2.502262592315673828e-02,2.240469306707382202e-01
1.336272805929183960e-02,-4.121005535125732422e-02,3.473178148269653320e-01
1.199547052383422852e-01,-1.532120704650878906e-01,-9.466522186994552612e-02
-1.108455657958984375e-02,5.515330284833908081e-02,-3.733200132846832275e-01
-6.055700778961181641e-02,2.641501650214195251e-02,-4.736068546772003174e-01
-8.406674861907958984e-02,2.603622153401374817e-02,3.011556863784790039e-01
5.480909347534179688e-02,-5.302935466170310974e-02,4.410563707351684570e-01
-7.302916049957275391e-02,7.869622856378555298e-02,-5.098632574081420898e-01
-9.082293510437011719e-02,-2.592736668884754181e-02,2.814801037311553955e-01
-2.276265621185302734e-02,5.552972853183746338e-02,-3.162518143653869629e-01
6.581468135118484497e-02,-6.681287288665771484e-02,6.569396704435348511e-02
-3.859255835413932800e-02,1.033383607864379883e-01,4.647155478596687317e-02
-1.429057121276855469e-02,5.525664612650871277e-02,-3.541564941406250000e-01
6.716055423021316528e-02,3.342723846435546875e-02,-4.817724525928497314e-01
1.031143143773078918e-01,-1.668846309185028076e-01,-2.101445198059082031e-02
1.293524075299501419e-02,-9.427654743194580078e-02,2.625445425510406494e-01
1.014087200164794922e-01,7.622677458130056038e-07,6.425017863512039185e-02
6.481359153985977173e-02,9.167122840881347656e-02,-6.022826954722404480e-02
6.585434824228286743e-02,-6.582844257354736328e-02,-3.188491761684417725e-01
6.662086397409439087e-02,4.682421684265136719e-02,-5.178903341293334961e-01
6.542907655239105225e-02,-7.639110088348388672e-02,-2.426168769598007202e-01
8.440303802490234375e-02,-5.207545682787895203e-02,-3.524868786334991455e-01
1.413941383361816406e-03,5.475043505430221558e-02,-2.153625488281250000e-01
1.252157539129257202e-01,-2.412486076354980469e-02,1.850799471139907837e-01
1.317881345748901367e-01,-5.054809898138046265e-02,2.744210660457611084e-01
6.738256663084030151e-02,2.791786193847656250e-02,-4.434313774108886719e-01
-9.333234280347824097e-02,-4.655027389526367188e-02,-5.183801054954528809e-01
1.253721266984939575e-01,-2.628087997436523438e-02,1.465969830751419067e-01
-9.403157234191894531e-02,3.416299819946289062e-02,-3.061297535896301270e-01
1.292317640036344528e-02,-9.573912620544433594e-02,4.668060317635536194e-02
4.118919372558593750e-03,5.466325581073760986e-02,-1.769113093614578247e-01
6.761784106492996216e-02,2.208447456359863281e-02,-4.053735136985778809e-01
-1.992718279361724854e-01,5.884814262390136719e-02,-8.021239936351776123e-02
-9.062862396240234375e-02,2.593049407005310059e-02,-3.509918153285980225e-01
1.290674041956663132e-02,9.782648086547851562e-02,2.802276611328125000e-01
6.752205640077590942e-02,2.446150779724121094e-02,-2.314105182886123657e-01
-1.526893675327301025e-01,1.866519451141357422e-02,-6.456115841865539551e-02
-1.901916414499282837e-01,2.590310201048851013e-02,-9.233891963958740234e-02
-8.374702930450439453e-02,7.817780971527099609e-02,-5.461624264717102051e-01
6.774012744426727295e-02,1.905024051666259766e-02,-3.864297270774841309e-01
1.364258117973804474e-02,6.470561027526855469e-03,-2.146169990301132202e-01
4.422628879547119141e-02,7.895344538155768532e-07,3.851653933525085449e-01
5.897593498229980469e-02,1.058981567621231079e-01,-2.505828812718391418e-02
6.799466162919998169e-02,1.273405551910400391e-02,-3.486752212047576904e-01
6.854903697967529297e-02,-1.022696495056152344e-03,-2.735030949115753174e-01
1.299549080431461334e-02,-8.679759502410888672e-02,-6.036376953125000000e-02
1.363036129623651505e-02,8.000254631042480469e-03,-1.764202862977981567e-01
5.398511886596679688e-03,5.462200567126274109e-02,-1.578063964843750000e-01
1.351325213909149170e-02,2.252507209777832031e-02,3.706805408000946045e-01
2.365827560424804688e-03,-2.742884121835231781e-02,-1.966137588024139404e-01
9.676718711853027344e-02,-5.167692527174949646e-02,-5.216836333274841309e-01
6.566755473613739014e-02,-7.046365737915039062e-02,-2.805816531181335449e-01
3.023147583007812500e-03,-2.743943408131599426e-02,-1.585290431976318359e-01
-4.060772433876991272e-02,-1.994574069976806641e-02,-2.699914574623107910e-01
-1.417682170867919922e-01,7.537133246660232544e-02,1.147369369864463806e-01
-4.012743011116981506e-02,3.981685638427734375e-02,4.057531654834747314e-01
-7.893610000610351562e-02,7.841051369905471802e-02,-4.493603408336639404e-01
3.386497497558593750e-03,-2.744528464972972870e-02,-1.395394802093505859e-01
1.362430676817893982e-02,8.751749992370605469e-03,-1.574175953865051270e-01
1.335549168288707733e-02,4.210853576660156250e-02,4.050878882408142090e-01
-5.422794818878173828e-02,-7.960563898086547852e-02,4.219860732555389404e-01
6.741343438625335693e-02,2.715206146240234375e-02,-1.933361738920211792e-01
1.141591966152191162e-01,-1.281099319458007812e-01,4.585754126310348511e-02
1.413327455520629883e-01,-5.024043843150138855e-02,2.372631728649139404e-01
-3.861824795603752136e-02,1.022558212280273438e-01,-4.616357386112213135e-01
-9.403468668460845947e-02,3.410220146179199219e-02,-2.680645585060119629e-01
6.731872260570526123e-02,2.950727939605712891e-02,-1.556066870689392090e-01
1.172238066792488098e-01,-8.591532707214355469e-02,2.462179511785507202e-01
-4.055378958582878113e-02,-2.219796180725097656e-02,-2.316027730703353882e-01
5.055499076843261719e-02,-5.316647514700889587e-02,4.032205045223236084e-01
-8.973304182291030884e-02,1.103146076202392578e-01,2.603277564048767090e-01
5.782306194305419922e-02,7.830510071471508127e-07,4.205724895000457764e-01
-6.290113925933837891e-02,2.637724578380584717e-02,4.193264544010162354e-01
-4.060206189751625061e-02,-2.019238471984863281e-02,-1.940399110317230225e-01
1.280713267624378204e-02,1.101795434951782227e-01,-5.948882922530174255e-02
-7.526803016662597656e-02,7.858794182538986206e-02,-4.117929041385650635e-01
-4.893463104963302612e-02,-7.840713858604431152e-02,4.850430488586425781e-01
-9.437669813632965088e-02,-2.805578708648681641e-02,2.358236610889434814e-01
6.542827188968658447e-02,7.641804218292236328e-02,2.656713724136352539e-01
8.552742004394531250e-02,-5.203921720385551453e-02,-3.335348367691040039e-01
-4.063063859939575195e-02,-1.901030540466308594e-02,-1.753179877996444702e-01
6.727164238691329956e-02,3.067564964294433594e-02,-1.368423402309417725e-01
-4.068821296095848083e-02,-1.661562919616699219e-02,-1.379232704639434814e-01
-3.911087289452552795e-02,8.188664913177490234e-02,-2.416699230670928955e-01
1.010929346084594727e-01,-5.153749883174896240e-02,-2.388558834791183472e-01
1.189355850219726562e-01,-1.020300015807151794e-01,-4.170715063810348511e-02
1.284368708729743958e-02,1.056418418884277344e-01,6.408233195543289185e-02
-7.102978229522705078e-02,7.879293709993362427e-02,-2.250591963529586792e-01
1.505080461502075195e-01,-4.994469881057739258e-02,2.008242756128311157e-01
1.078891754150390625e-01,7.591776238768943585e-07,-4.790505766868591309e-01
1.060072183609008789e-01,7.600750109304499347e-07,-4.989449977874755859e-01
6.543566286563873291e-02,7.623481750488281250e-02,8.336120098829269409e-02
-1.219490766525268555e-01,7.632998377084732056e-02,2.583132982254028320e-01
-3.892514482140541077e-02,-8.957087993621826172e-02,4.316390752792358398e-01
-7.177829742431640625e-02,7.875674217939376831e-02,-3.935085833072662354e-01
-3.830732777714729309e-02,1.151194572448730469e-01,-5.350918173789978027e-01
6.545339524745941162e-02,-7.577800750732421875e-02,4.729827865958213806e-02
-3.913153335452079773e-02,-8.101987838745117188e-02,3.956832885742187500e-01
-8.141553401947021484e-02,-2.607893943786621094e-02,4.145843386650085449e-01
1.169100478291511536e-01,-9.023571014404296875e-02,2.090771496295928955e-01
-7.423567771911621094e-02,7.863788306713104248e-02,-1.879617273807525635e-01
-9.262889623641967773e-02,5.901920795440673828e-02,-2.268145680427551270e-01
-1.148754358291625977e-01,2.553982660174369812e-02,-5.155904889106750488e-01
1.297567691653966904e-02,-8.925700187683105469e-02,4.125353991985321045e-01
1.188329458236694336e-01,7.539592274952156004e-07,-5.336822271347045898e-01
-3.909100964665412903e-02,-8.270835876464843750e-02,2.829452455043792725e-01
-5.488669872283935547e-02,-7.957377284765243530e-02,2.505847215652465820e-01
-1.300539970397949219e-01,-2.529526874423027039e-02,-5.299636721611022949e-01
1.035354137420654297e-01,7.612536592205287889e-07,-4.420242309570312500e-01
6.363920122385025024e-02,-1.207971572875976562e-01,-5.334518551826477051e-01
-9.300170838832855225e-02,5.240774154663085938e-02,-6.857604719698429108e-03
1.336075067520141602e-01,-1.518881916999816895e-01,-4.142761230468750000e-02
1.270694378763437271e-02,-1.226282119750976562e-01,-5.324184894561767578e-01
-9.329722821712493896e-02,4.717063903808593750e-02,-4.357910156250000000e-02
-1.276867389678955078e-01,7.605245709419250488e-02,2.216775417327880859e-01
8.633887767791748047e-02,-5.201306194067001343e-02,-2.962237596511840820e-01
-5.129873752593994141e-02,-7.974732667207717896e-02,1.952490210533142090e-01
-3.871946409344673157e-02,9.806835651397705078e-02,-4.436675906181335449e-01
-3.934479504823684692e-02,7.219660282135009766e-02,-3.362124562263488770e-01
6.533411145210266113e-02,7.875454425811767578e-02,2.284945696592330933e-01
8.642530441284179688e-02,-5.201027914881706238e-02,-2.593670487403869629e-01
-9.262982010841369629e-02,5.899417400360107422e-02,-1.898040771484375000e-01
6.567496061325073242e-02,-7.028937339782714844e-02,2.481500208377838135e-01
-3.892458230257034302e-02,8.959400653839111328e-02,-4.078042507171630859e-01
-3.913260251283645630e-02,8.097553253173828125e-02,-3.720007240772247314e-01
1.321094017475843430e-02,-6.005275249481201172e-02,-2.263186573982238770e-01
6.460797041654586792e-02,9.677362442016601562e-02,2.889617905020713806e-02
-3.885570913553237915e-02,9.243154525756835938e-02,8.248687535524368286e-02
9.835934638977050781e-02,7.637218004674650729e-07,-4.054662883281707764e-01
8.622801303863525391e-02,5.201663076877593994e-02,2.456512451171875000e-01
-3.902704641222953796e-02,8.534264564514160156e-02,-2.046749889850616455e-01
-1.475386619567871094e-01,7.509223371744155884e-02,9.700866788625717163e-02
6.527104228734970093e-02,8.031523227691650391e-02,1.917440742254257202e-01
1.549643278121948242e-01,-4.980106279253959656e-02,1.828533858060836792e-01
8.381831645965576172e-02,5.209430679678916931e-02,8.294769376516342163e-02
1.322882622480392456e-02,-5.783247947692871094e-02,-1.896426379680633545e-01
6.616397947072982788e-02,-5.814969539642333984e-02,-3.774410784244537354e-01
-3.910560160875320435e-02,-8.208453655242919922e-02,-4.260315001010894775e-02
-9.265456348657608032e-02,5.855751037597656250e-02,-1.530200093984603882e-01
-7.545173168182373047e-02,7.857904583215713501e-02,-1.695800721645355225e-01
6.570349633693695068e-02,-6.957650184631347656e-02,2.113754153251647949e-01
1.324031129479408264e-02,-5.641889572143554688e-02,-1.713720709085464478e-01
1.326310168951749802e-02,-5.357754230499267578e-02,-1.348599195480346680e-01
-7.142974436283111572e-02,4.486037790775299072e-02,3.082897663116455078e-01
9.811854362487792969e-02,7.638366241735639051e-07,2.619079649448394775e-01
-9.288246929645538330e-02,5.452001094818115234e-02,2.968109026551246643e-02
-9.684824943542480469e-02,2.583028189837932587e-02,2.621496617794036865e-01
9.221839904785156250e-02,7.666500323466607369e-07,-3.693093657493591309e-01
-3.896392136812210083e-02,8.796644210815429688e-02,-1.681262105703353882e-01
-9.284011274576187134e-02,5.527031421661376953e-02,-7.992827892303466797e-02
-9.271421283483505249e-02,5.749917030334472656e-02,-1.164117380976676941e-01
8.480715751647949219e-02,7.701839876972371712e-07,-3.335104286670684814e-01
-1.801252365112304688e-01,2.448850870132446289e-02,-5.687713623046875000e-02
1.168993189930915833e-01,-9.038066864013671875e-02,1.366900652647018433e-01
6.573228538036346436e-02,-6.886196136474609375e-02,1.747799664735794067e-01
6.524007022380828857e-02,8.108830451965332031e-02,1.734698414802551270e-01
-5.873024463653564453e-02,-7.938787341117858887e-02,1.138061471283435822e-02
8.730876445770263672e-02,5.198179557919502258e-02,2.090155035257339478e-01
1.300589926540851593e-02,-8.546996116638183594e-02,8.282256871461868286e-02
-9.011518955230712891e-02,-2.593876793980598450e-02,-4.238464310765266418e-02
9.857237339019775391e-02,5.161873623728752136e-02,4.662078619003295898e-02
6.576114147901535034e-02,-6.814563274383544922e-02,1.383264064788818359e-01
-7.736682891845703125e-02,7.848642766475677490e-02,-1.330624371767044067e-01
1.287141256034374237e-02,1.022119522094726562e-01,2.430996596813201904e-01
-9.467184543609619141e-02,-2.586535178124904633e-02,4.671630635857582092e-02
6.517823785543441772e-02,8.262240886688232422e-02,1.370992958545684814e-01
-3.877301141619682312e-02,9.584486484527587891e-02,2.259686291217803955e-01
8.836317062377929688e-02,5.194781720638275146e-02,1.726397722959518433e-01
9.889459609985351562e-02,7.634665735167800449e-07,2.254730165004730225e-01
6.582808494567871094e-02,-6.648457050323486328e-02,1.020370423793792725e-01
1.168337762355804443e-01,-9.128546714782714844e-02,1.907922327518463135e-01
6.530423462390899658e-02,-7.948398590087890625e-02,-2.055242806673049927e-01
1.023708581924438477e-01,7.618089625793800224e-07,-2.204714864492416382e-01
-3.893244266510009766e-02,8.925688266754150391e-02,-1.499630659818649292e-01
-9.719586372375488281e-02,2.582467906177043915e-02,2.257415652275085449e-01
6.538730859756469727e-02,-7.742273807525634766e-02,-1.693139672279357910e-01
9.890508651733398438e-02,7.634615712959202938e-07,9.993072599172592163e-02
-3.875143080949783325e-02,9.674584865570068359e-02,1.897006183862686157e-01
1.293257251381874084e-02,-9.461998939514160156e-02,2.442547529935836792e-01
1.286207046359777451e-02,1.033595800399780273e-01,2.068344056606292725e-01
-9.887611865997314453e-02,2.579761296510696411e-02,4.659393057227134705e-02
1.292203366756439209e-02,-9.591603279113769531e-02,-2.444396913051605225e-02
-1.420176327228546143e-01,1.014466285705566406e-01,-6.669311318546533585e-03
6.542881578207015991e-02,-7.639241218566894531e-02,-1.512393206357955933e-01
-1.301540136337280273e-01,7.593310624361038208e-02,2.035946547985076904e-01
6.551168113946914673e-02,-7.433164119720458984e-02,-1.151290833950042725e-01
-9.425573050975799561e-02,-3.019905090332031250e-02,-6.950072944164276123e-03
1.284915674477815628e-02,1.049628257751464844e-01,9.955566376447677612e-02
1.294070482254028320e-02,-9.359836578369140625e-02,2.080990523099899292e-01
8.888089656829833984e-02,5.193112418055534363e-02,1.545376479625701904e-01
6.130173429846763611e-02,-1.788054704666137695e-01,-9.078765660524368286e-02
9.909725189208984375e-02,7.633699397047166713e-07,2.073797583580017090e-01
-9.708607196807861328e-02,2.582645416259765625e-02,2.076672315597534180e-01
-3.887104988098144531e-02,9.179699420928955078e-02,-1.138330027461051941e-01
-1.411679089069366455e-01,1.110112667083740234e-01,9.956572949886322021e-02
1.044167280197143555e-01,5.143035948276519775e-02,-4.202453419566154480e-02
-3.853914886713027954e-02,1.055203676223754883e-01,-4.198608174920082092e-02
-8.650374412536621094e-02,-2.599695883691310883e-02,8.277770876884460449e-02
1.040683984756469727e-01,7.609995122948021162e-07,-1.842971742153167725e-01
-3.874091058969497681e-02,9.719288349151611328e-02,1.716549694538116455e-01
6.528674066066741943e-02,-7.991826534271240234e-02,-6.737975869327783585e-03
1.294452510774135590e-02,-9.308862686157226562e-02,1.900839209556579590e-01
9.949183464050292969e-02,7.631817879882873967e-07,1.713586449623107910e-01
1.285719685256481171e-02,1.039294004440307617e-01,1.888015717267990112e-01
-9.685850143432617188e-02,2.583011984825134277e-02,1.716628968715667725e-01
-1.433772146701812744e-01,8.614468574523925781e-02,-6.062408164143562317e-02
1.078591346740722656e-01,7.591919484184472822e-07,4.632629454135894775e-02
-9.085726737976074219e-02,2.592681348323822021e-02,8.255431801080703735e-02
6.514755636453628540e-02,8.338403701782226562e-02,1.189932227134704590e-01
1.036635637283325195e-01,-5.145463347434997559e-02,-2.023983746767044067e-01
6.526780128479003906e-02,-8.038830757141113281e-02,1.122650131583213806e-02
-3.881117329001426697e-02,9.428596496582031250e-02,-7.793090492486953735e-02
1.132637932896614075e-01,-1.404416561126708984e-01,1.082977280020713806e-02
-6.154983490705490112e-02,2.788186463931197068e-07,5.002034902572631836e-01
1.168257221579551697e-01,-9.139657020568847656e-02,1.546221822500228882e-01
1.048402786254882812e-01,5.141670256853103638e-02,1.105377171188592911e-02
1.279173791408538818e-02,1.120554208755493164e-01,4.620574787259101868e-02
