6.633734703063964844e-02,5.385947227478027344e-02,-3.211843669414520264e-01
4.884338472038507462e-03,-3.786232694983482361e-02,5.255919694900512695e-01
-1.806671619415283203e-01,-2.447977662086486816e-02,7.794677466154098511e-02
1.815000772476196289e-01,7.240772106342774350e-07,2.734710648655891418e-02
-8.350127935409545898e-02,-9.135738760232925415e-02,-5.683472156524658203e-01
1.289073284715414047e-02,9.980154037475585938e-02,2.616412341594696045e-01
-9.361181408166885376e-02,-4.160618782043457031e-02,-1.546002179384231567e-01
6.881347298622131348e-02,9.285394102334976196e-02,-5.498224496841430664e-01
1.294842548668384552e-02,-9.263980388641357422e-02,1.541018635034561157e-01
1.274874620139598846e-02,1.174271106719970703e-01,-4.166167974472045898e-02
-1.373435258865356445e-01,-2.517781965434551239e-02,2.733428776264190674e-01
-9.600520133972167969e-02,-2.584386803209781647e-02,-3.872509598731994629e-01
1.076554059982299805e-01,7.592890938212804031e-07,-1.482070833444595337e-01
1.294504106044769287e-02,-9.305989742279052734e-02,-2.448760904371738434e-02
1.185874938964843750e-01,-6.713569164276123047e-02,-5.324484109878540039e-01
1.566126346588134766e-01,4.974793270230293274e-02,2.000332623720169067e-01
1.323263347148895264e-02,-5.735969543457031250e-02,3.629830777645111084e-01
-9.203346818685531616e-02,6.956779956817626953e-02,-5.311028957366943359e-01
-7.211637496948242188e-02,7.874038815498352051e-02,1.198654174804687500e-01
6.570739299058914185e-02,6.949186325073242188e-02,8.370727300643920898e-02
-1.897284984588623047e-01,-7.305151224136352539e-02,-5.657653510570526123e-02
1.684707850217819214e-01,-9.710609912872314453e-02,-7.819976657629013062e-02
-1.088025569915771484e-01,2.563767321407794952e-02,-2.425018325448036194e-02
-2.989077568054199219e-02,-5.575948581099510193e-02,-2.780636548995971680e-01
6.840562820434570312e-02,-2.523541450500488281e-03,-4.300765991210937500e-01
-4.035333171486854553e-02,3.047084808349609375e-02,4.277026355266571045e-01
1.333221141248941422e-02,4.499852657318115234e-02,-2.097344994544982910e-01
8.006250858306884766e-02,-5.221536383032798767e-02,2.465896606445312500e-01
-9.389904141426086426e-02,-3.651785850524902344e-02,1.597311347723007202e-01
-3.892489522695541382e-02,-8.956921100616455078e-02,2.633825540542602539e-01
7.334423065185546875e-02,-5.243191123008728027e-02,6.541229039430618286e-02
1.023516654968261719e-01,5.149692296981811523e-02,-4.207885637879371643e-02
7.510948181152343750e-02,7.748081998215639032e-07,4.353878796100616455e-01
-9.531211853027343750e-02,2.585502713918685913e-02,-2.396261543035507202e-01
6.582336500287055969e-03,-2.551957033574581146e-02,-1.164520978927612305e-01
9.934722632169723511e-02,4.522977769374847412e-02,2.968153953552246094e-01
-5.528564378619194031e-02,4.431474581360816956e-02,3.253252506256103516e-01
-3.911379352211952209e-02,-8.175373077392578125e-02,6.505919992923736572e-02
3.027130104601383209e-02,-1.852547749876976013e-02,-5.503242015838623047e-01
-5.991804599761962891e-02,-2.642531134188175201e-02,-4.935485720634460449e-01
6.723085045814514160e-02,-3.168022632598876953e-02,-2.492980957031250000e-01
-3.938353061676025391e-02,-8.032366633415222168e-02,4.454809427261352539e-01
-9.343069791793823242e-02,4.480803012847900391e-02,2.147537171840667725e-01
-4.051391035318374634e-02,2.382695674896240234e-02,-3.268743753433227539e-01
1.286358479410409927e-02,1.031715869903564453e-01,1.530923396348953247e-01
1.793758571147918701e-01,-6.648659706115722656e-03,-6.420990079641342163e-02
9.530377388000488281e-02,7.651788109797053039e-07,1.538415551185607910e-01
-4.019048064947128296e-02,3.722071647644042969e-02,-4.210668802261352539e-01
-1.479465812444686890e-01,3.470695018768310547e-02,1.416018605232238770e-01
-3.989649564027786255e-02,4.937124252319335938e-02,-1.352395564317703247e-01
1.713095903396606445e-01,4.927420616149902344e-02,1.124887093901634216e-01
1.008909940719604492e-01,5.154400318861007690e-02,-2.207904011011123657e-01
-3.843369334936141968e-02,1.099032163619995117e-01,2.864471450448036194e-02
6.549990922212600708e-02,7.464063167572021484e-02,-1.332385241985321045e-01
-9.494585543870925903e-02,-1.797294616699218750e-02,6.771118193864822388e-02
1.063656583428382874e-01,1.841064170002937317e-02,-5.573447942733764648e-01
6.535631418228149414e-02,7.819890975952148438e-02,-4.688299596309661865e-01
-1.455105990171432495e-01,-6.213414669036865234e-02,1.138854958117008209e-02
-1.121016740798950195e-01,2.558451890945434570e-02,-4.587164223194122314e-01
-4.528472945094108582e-02,1.815140061080455780e-02,-5.735516548156738281e-01
1.856506243348121643e-02,3.924871981143951416e-02,4.824999570846557617e-01
1.346045359969139099e-02,2.907919883728027344e-02,3.692321777343750000e-01
1.407690346240997314e-01,-5.536676198244094849e-02,-1.766455173492431641e-02
6.547895073890686035e-02,7.516050338745117188e-02,2.106515467166900635e-01
6.467103958129882812e-02,9.520864486694335938e-02,1.112365722656250000e-02
-1.098205521702766418e-01,-1.845440827310085297e-02,-5.546442270278930664e-01
6.780795753002166748e-02,-1.735949516296386719e-02,-3.477191030979156494e-01
-9.254762530326843262e-02,6.045925617218017578e-02,4.778167605400085449e-02
-6.064999103546142578e-02,-7.929502427577972412e-02,-6.820678710937500000e-03
-9.675228595733642578e-02,-2.583183161914348602e-02,-2.941976785659790039e-01
-3.627824783325195312e-02,-5.596537515521049500e-02,-2.006085216999053955e-01
-1.437416523694992065e-01,-8.205008506774902344e-02,-1.149401813745498657e-01
-3.876113146543502808e-02,9.635627269744873047e-02,2.077957093715667725e-01
6.584649533033370972e-02,6.603980064392089844e-02,-3.947543203830718994e-01
6.622479110956192017e-02,-5.664050579071044922e-02,-6.153991445899009705e-02
-1.029939651489257812e-01,-2.573126181960105896e-02,-7.749572396278381348e-02
-1.536059379577636719e-01,-2.491579391062259674e-02,2.003448456525802612e-01
-5.081522464752197266e-02,-2.657197415828704834e-02,3.836825489997863770e-01
-7.562899589538574219e-02,7.857047766447067261e-02,-6.085082888603210449e-02
-3.950931876897811890e-02,-6.540179252624511719e-02,-7.933288067579269409e-02
-4.860366880893707275e-02,3.012892477727291407e-07,4.909617900848388672e-01
1.319650467485189438e-02,6.185662746429443359e-02,-5.127813816070556641e-01
-7.153473049402236938e-02,-4.492644220590591431e-02,3.062404394149780273e-01
4.547454789280891418e-02,-7.826442271471023560e-02,4.872353076934814453e-01
-1.013736724853515625e-01,2.575737237930297852e-02,-1.667010486125946045e-01
1.317712068557739258e-01,7.477897838725766633e-07,2.564056217670440674e-01
6.589361280202865601e-02,-6.485402584075927734e-02,4.191119372844696045e-01
-2.593658305704593658e-02,2.320103161036968231e-02,-2.598921060562133789e-01
-6.358850002288818359e-02,7.915286719799041748e-02,2.678665220737457275e-01
-5.716943740844726562e-02,-7.946336269378662109e-02,1.945538222789764404e-01
6.694170087575912476e-02,-3.885066509246826172e-02,3.097933828830718994e-01
-4.000958800315856934e-02,-4.469227790832519531e-02,-3.418933153152465820e-01
-3.871847316622734070e-02,-9.810948371887207031e-02,-5.211285352706909180e-01
6.643058359622955322e-02,-5.153846740722656250e-02,-4.964086711406707764e-01
1.302933320403099060e-02,-8.259665966033935547e-02,3.014001250267028809e-01
-9.334078431129455566e-02,-4.640769958496093750e-02,-2.285577356815338135e-01
1.292956899851560593e-02,-9.498059749603271484e-02,2.260314822196960449e-01
1.301506999880075455e-02,8.437907695770263672e-02,-9.634795784950256348e-02
9.823954105377197266e-02,7.637789281034201849e-07,-2.938863933086395264e-01
1.312409713864326477e-02,7.079684734344482422e-02,3.223199248313903809e-01
6.583198904991149902e-02,-6.638789176940917969e-02,1.750451624393463135e-01
-3.289733827114105225e-02,-5.462307482957839966e-02,-5.707623958587646484e-01
7.938689738512039185e-02,-5.420219898223876953e-02,-5.794485807418823242e-01
1.284590922296047211e-02,1.053659915924072266e-01,6.409332156181335449e-02
1.039152145385742188e-01,7.610725560880382545e-07,-7.744109630584716797e-02
1.184187829494476318e-01,6.946134567260742188e-02,1.384664922952651978e-01
1.360985822975635529e-02,-1.054525375366210938e-02,-1.761553883552551270e-01
2.962371706962585449e-02,5.436798557639122009e-02,-5.761170387268066406e-01
1.293759234249591827e-02,-9.398460388183593750e-02,4.113247692584991455e-01
9.992122650146484375e-02,7.629770379935507663e-07,-5.008499026298522949e-01
-9.386221319437026978e-02,-3.717017173767089844e-02,2.345382571220397949e-01
-1.513818502426147461e-01,-3.957152366638183594e-03,3.080779872834682465e-02
6.549553573131561279e-02,-7.473707199096679688e-02,1.126556377857923508e-02
6.726592034101486206e-02,-3.080022335052490234e-02,-1.182119697332382202e-01
1.851760149002075195e-01,-4.882724955677986145e-02,-1.072476208209991455e-01
-1.438815593719482422e-01,2.507247403264045715e-02,2.367828339338302612e-01
-4.058529436588287354e-02,-2.088630199432373047e-02,-4.252032339572906494e-01
-4.007784649729728699e-02,4.186809062957763672e-02,-4.790835380554199219e-01
5.829894915223121643e-02,2.864710211269994034e-07,4.986560344696044922e-01
-5.399930477142333984e-02,-7.961670309305191040e-02,1.211996451020240784e-01
-9.500000625848770142e-02,1.700448989868164062e-02,-3.480639457702636719e-01
1.251720786094665527e-01,2.352941036224365234e-02,8.864410221576690674e-02
-1.536599546670913696e-01,-2.959954738616943359e-02,-4.570983722805976868e-02
1.362450607120990753e-02,-8.714556694030761719e-03,-2.334036231040954590e-01
-8.958995342254638672e-02,-7.789518684148788452e-02,-5.046734213829040527e-01
2.018725574016571045e-01,-5.631748959422111511e-02,-4.720807075500488281e-02
-1.479270160198211670e-01,-3.493511676788330078e-02,1.415826380252838135e-01
6.708981096744537354e-02,-3.517055511474609375e-02,-1.924093514680862427e-01
-9.394211322069168091e-02,3.574764728546142578e-02,-4.023861587047576904e-01
1.330805756151676178e-02,4.799675941467285156e-02,4.231030046939849854e-01
1.293351128697395325e-02,-9.445595741271972656e-02,4.671783372759819031e-02
-3.983507677912712097e-02,-5.191230773925781250e-02,-1.350314319133758545e-01
-9.363549947738647461e-02,4.117953777313232422e-02,-9.907836467027664185e-02
9.587264060974121094e-02,5.170575901865959167e-02,2.890411391854286194e-02
-6.468880176544189453e-02,-2.634844183921813965e-02,4.382369816303253174e-01
1.328834984451532364e-02,5.045557022094726562e-02,-1.535357683897018433e-01
-3.999261558055877686e-02,4.540669918060302734e-02,-1.911273151636123657e-01
6.656406819820404053e-02,4.823386669158935547e-02,-2.655834853649139404e-01
-1.257932186126708984e-01,2.536391653120517731e-02,2.933792173862457275e-01
-8.795237541198730469e-02,7.797440886497497559e-02,-6.706847809255123138e-03
1.234807372093200684e-01,2.380609512329101562e-04,2.016467303037643433e-01
5.853116512298583984e-02,7.827133572391176131e-07,3.818377554416656494e-01
6.543116271495819092e-02,7.634174823760986328e-02,1.557858288288116455e-01
6.592610478401184082e-02,-6.405234336853027344e-02,1.204162538051605225e-01
-1.003916263580322266e-01,2.577318809926509857e-02,9.985076636075973511e-02
-1.421912461519241333e-01,-9.950125217437744141e-02,-6.012237444519996643e-02
6.539179384708404541e-02,7.731866836547851562e-02,-7.879547029733657837e-02
1.016706228256225586e-01,5.151887238025665283e-02,-1.667346209287643433e-01
1.296799350529909134e-02,-9.021091461181640625e-02,1.004766821861267090e-01
-9.324000775814056396e-02,4.818594455718994141e-02,1.586108356714248657e-01
1.089184284210205078e-01,7.586868377984501421e-07,-2.375634759664535522e-01
1.189601644873619080e-01,6.200671195983886719e-02,2.498650997877120972e-01
-3.965809196233749390e-02,5.923485755920410156e-02,-5.337753295898437500e-01
6.557296961545944214e-02,7.282757759094238281e-02,2.662588357925415039e-01
1.310780271887779236e-02,-7.285547256469726562e-02,-7.895050197839736938e-02
1.047369241714477539e-01,7.606807344018307049e-07,-2.430877648293972015e-02
-2.173828147351741791e-02,-7.773382961750030518e-02,4.954901933670043945e-01
-3.831412643194198608e-02,1.148500442504882812e-01,-2.416168153285980225e-02
2.725338935852050781e-02,2.782983519136905670e-02,-2.972045838832855225e-01
-9.356148540973663330e-02,-4.249799251556396484e-02,-2.529754489660263062e-02
1.274706330150365829e-02,1.176362037658691406e-01,1.095977798104286194e-02
-3.882860392332077026e-02,9.355294704437255859e-02,8.242920041084289551e-02
1.287621352821588516e-02,1.016041040420532227e-01,2.070617675781250000e-01
1.728703975677490234e-01,7.281921625690301880e-07,7.833648473024368286e-02
-3.871477395296096802e-02,9.825444221496582031e-02,1.536035090684890747e-01
-1.126995086669921875e-01,2.557488530874252319e-02,-5.162982344627380371e-01
1.265934109687805176e-01,-4.309713840484619141e-02,-6.539367884397506714e-02
8.720707893371582031e-02,5.198507010936737061e-02,-5.050921440124511719e-01
-9.486822038888931274e-02,-1.934826374053955078e-02,-4.460516273975372314e-01
-9.321424365043640137e-02,-4.864954948425292969e-02,2.978698723018169403e-02
-3.937426581978797913e-02,-7.097721099853515625e-02,3.981375098228454590e-01
-1.500209420919418335e-01,1.136267185211181641e-02,8.696258068084716797e-02
1.022309064865112305e-01,5.150081589818000793e-02,-9.532989561557769775e-02
-1.800067424774169922e-01,-2.449041791260242462e-02,-6.317443680018186569e-03
-8.709533512592315674e-02,3.530089998093899339e-07,3.047102689743041992e-01
5.152007937431335449e-02,4.435761272907257080e-02,3.239403963088989258e-01
6.669097393751144409e-02,1.801677048206329346e-02,-5.818610191345214844e-01
6.561022251844406128e-02,7.189822196960449219e-02,-1.881646662950515747e-01
-2.543365396559238434e-02,9.094655513763427734e-02,2.906792163848876953e-01
-3.928273916244506836e-02,7.476413249969482422e-02,-9.694641083478927612e-02
1.248929500579833984e-01,-1.968014240264892578e-02,-5.397052168846130371e-01
9.966521710157394409e-02,3.358005358222726500e-07,2.916328907012939453e-01
1.387494802474975586e-02,2.236139774322509766e-02,-5.391442775726318359e-01
-2.345955371856689453e-02,-5.555218458175659180e-02,-5.188415646553039551e-01
-8.300353586673736572e-02,5.452562868595123291e-02,-5.727847814559936523e-01
-6.975066661834716797e-02,-1.800384558737277985e-02,-5.826346874237060547e-01
7.260513305664062500e-02,-3.922338783740997314e-02,4.831817150115966797e-01
9.184741973876953125e-02,5.183549597859382629e-02,-4.454919397830963135e-01
8.543491363525390625e-02,7.698846502535161562e-07,-3.897521793842315674e-01
-1.466260254383087158e-01,-4.958355426788330078e-02,6.659454107284545898e-02
-1.633977890014648438e-02,-2.712744846940040588e-02,3.525595068931579590e-01
-1.568474769592285156e-01,2.486356720328330994e-02,1.825595051050186157e-01
1.184800341725349426e-01,6.861793994903564453e-02,1.934805214405059814e-01
-9.413351118564605713e-02,-3.235685825347900391e-02,-3.448885977268218994e-01
6.531918793916702271e-02,-7.910835742950439453e-02,-5.475344657897949219e-01
-1.085200309753417969e-01,2.564222738146781921e-02,2.866516076028347015e-02
-4.028512537479400635e-02,-3.329265117645263672e-02,-3.829565346240997314e-01
6.871898472309112549e-02,5.252599716186523438e-03,-4.725286662578582764e-01
-8.898895233869552612e-02,4.593317955732345581e-02,2.750371694564819336e-01
-3.927686437964439392e-02,-7.501912117004394531e-02,3.028906285762786865e-01
-6.956017017364501953e-02,7.886403053998947144e-02,1.747674494981765747e-01
-3.459899872541427612e-02,-3.830806538462638855e-02,5.115823745727539062e-01
-3.905574977397918701e-02,-8.414709568023681641e-02,-4.254882782697677612e-02
6.676340103149414062e-02,7.787879212628467940e-07,3.231073021888732910e-01
-3.881477192044258118e-02,-9.413707256317138672e-02,-5.620800852775573730e-01
-2.786993980407714844e-02,2.694167383015155792e-02,3.890206813812255859e-01
4.434951767325401306e-02,-3.818419203162193298e-02,5.154519081115722656e-01
6.752157956361770630e-02,-2.446115016937255859e-02,-3.076727092266082764e-01
-1.549889743328094482e-01,-4.455912113189697266e-02,-1.044436618685722351e-01
-8.252105675637722015e-03,2.852784461992996512e-07,5.196846723556518555e-01
6.470572203397750854e-02,9.434795379638671875e-02,-4.230224341154098511e-02
-1.438967138528823853e-01,-8.030450344085693359e-02,-2.477844245731830597e-02
-9.401684254407882690e-02,-3.443074226379394531e-02,1.041201725602149963e-01
-1.824748516082763672e-01,-7.340236753225326538e-02,-1.075085401535034180e-01
7.987213134765625000e-02,5.453354120254516602e-02,-5.725983381271362305e-01
5.627429485321044922e-02,-5.298212915658950806e-02,3.825613260269165039e-01
-9.282235801219940186e-02,5.558323860168457031e-02,-4.757381975650787354e-01
1.048742681741714478e-01,-1.815256848931312561e-02,-5.733624696731567383e-01
1.058479547500610352e-01,-5.138421803712844849e-02,-4.992541372776031494e-01
-3.363740444183349609e-02,-5.588025599718093872e-02,-2.393646240234375000e-01
-9.532493352890014648e-02,-1.125013828277587891e-02,-4.885638356208801270e-01
-1.139539480209350586e-01,2.555467002093791962e-02,-5.550537109375000000e-01
-9.578917920589447021e-02,-5.464002862572669983e-02,-5.703977346420288086e-01
1.245622783899307251e-01,1.513004302978515625e-02,1.264746040105819702e-01
-9.404040127992630005e-02,-3.401374816894531250e-02,2.728228569030761719e-01
4.286015033721923828e-02,8.430178463459014893e-02,-5.040054321289062500e-01
1.787213087081909180e-01,-5.522203817963600159e-02,-1.320564746856689453e-02
-4.030846804380416870e-02,3.232669830322265625e-02,-3.831787109375000000e-01
1.792204380035400391e-01,-5.170226097106933594e-03,-2.612670883536338806e-02
-1.474355012178421021e-01,-4.047191143035888672e-02,1.039855927228927612e-01
-1.083862315863370895e-02,2.520985342562198639e-02,-1.360752582550048828e-01
-1.063240766525268555e-01,-7.708576321601867676e-02,-5.385333299636840820e-01
-1.492602080106735229e-01,-1.993322372436523438e-02,2.375247180461883545e-01
-6.685519218444824219e-02,7.899485528469085693e-02,2.302539050579071045e-01
-4.005760699510574341e-02,4.272627830505371094e-02,-2.287692278623580933e-01
1.698159128427505493e-01,-8.430826663970947266e-02,-4.276641830801963806e-02
1.309655793011188507e-02,7.426369190216064453e-02,-5.487432479858398438e-01
-3.885649889707565308e-02,-9.241068363189697266e-02,2.895995974540710449e-02
-3.897149115800857544e-02,-8.763325214385986328e-02,1.546221822500228882e-01
1.000014543533325195e-01,5.157267302274703979e-02,-5.403189063072204590e-01
-8.232329785823822021e-02,1.803252287209033966e-02,-5.808411836624145508e-01
-9.387956559658050537e-02,-3.685569763183593750e-02,1.970425397157669067e-01
1.669645309448242188e-01,4.941425845026969910e-02,1.642199605703353882e-01
6.609171628952026367e-02,5.995512008666992188e-02,-3.579254150390625000e-01
6.717760860919952393e-02,-3.299629688262939453e-02,-1.552816778421401978e-01
4.365234449505805969e-02,-8.011385798454284668e-02,-4.390394687652587891e-02
-9.347428381443023682e-02,-4.403567314147949219e-02,-1.915341168642044067e-01
6.568568199872970581e-02,7.003045082092285156e-02,-2.251168787479400635e-01
-9.374884516000747681e-02,-3.917157649993896484e-02,-1.177105680108070374e-01
-5.860745906829833984e-02,-7.939381152391433716e-02,2.314166277647018433e-01
-3.854364901781082153e-02,1.053423881530761719e-01,-5.968536064028739929e-02
-4.091884940862655640e-02,-7.073640823364257812e-03,-4.688692986965179443e-01
-3.299560397863388062e-02,-1.826849207282066345e-02,-5.661747455596923828e-01
6.576931476593017578e-02,-6.794321537017822266e-02,2.115872204303741455e-01
6.496202200651168823e-02,8.798348903656005859e-02,4.694274812936782837e-02
1.326042506843805313e-02,5.390965938568115234e-02,-1.164843738079071045e-01
1.292726863175630569e-02,-9.526622295379638672e-02,2.623828053474426270e-01
6.540002673864364624e-02,7.711911201477050781e-02,1.194543465971946716e-01
-9.886145591735839844e-02,2.579784765839576721e-02,-2.029281556606292725e-01
5.448028445243835449e-02,-1.808927766978740692e-02,-5.773264169692993164e-01
1.102453470230102539e-01,7.580541137031104881e-07,-2.014593482017517090e-01
-1.036121845245361328e-01,2.572130225598812103e-02,-1.307742297649383545e-01
6.560131907463073730e-02,7.211923599243164062e-02,-4.317092895507812500e-01
1.293872296810150146e-02,-9.380888938903808594e-02,1.899987757205963135e-01
-3.868471458554267883e-02,9.950602054595947266e-02,1.177453622221946716e-01
1.290667988359928131e-02,-9.782218933105468750e-02,1.109680160880088806e-02
-9.743893146514892578e-02,-2.582076564431190491e-02,-2.574963271617889404e-01
1.285525690764188766e-02,1.042056083679199219e-01,1.173693835735321045e-01
9.448993206024169922e-02,7.655668810002680402e-07,-3.315112292766571045e-01
1.020127534866333008e-01,5.150784924626350403e-02,-1.309561133384704590e-01
9.856212139129638672e-02,5.161907151341438293e-02,-6.658630445599555969e-03
-9.879255294799804688e-02,2.579895406961441040e-02,6.436371058225631714e-02
8.612298965454101562e-02,-5.202002078294754028e-02,2.907989360392093658e-02
1.058287620544433594e-01,7.601601055284845643e-07,-1.128067001700401306e-01
-1.074078083038330078e-01,2.566014416515827179e-02,-5.959838628768920898e-02
-3.879205510020256042e-02,9.507703781127929688e-02,2.442486584186553955e-01
-1.077414751052856445e-01,-2.565477043390274048e-02,-5.179107785224914551e-01
1.318615674972534180e-01,4.564113542437553406e-02,2.840535640716552734e-01
8.480060100555419922e-02,-5.206263810396194458e-02,-6.715698167681694031e-03
-9.331725537776947021e-02,4.681575298309326172e-02,-4.387615919113159180e-01
9.486687183380126953e-02,7.653871421098301653e-07,1.180523633956909180e-01
-6.973946094512939453e-02,7.885535061359405518e-02,6.559967249631881714e-02
2.978210337460041046e-02,1.822612993419170380e-02,-5.689014196395874023e-01
-1.830753087997436523e-01,-2.444097772240638733e-02,4.414367675781250000e-02
-4.111218452453613281e-02,8.302270089188823476e-07,-5.029116868972778320e-01
-4.066602140665054321e-02,1.755475997924804688e-02,-2.895413041114807129e-01
1.752221882343292236e-01,-3.287458419799804688e-02,1.161010749638080597e-02
-9.311655163764953613e-02,5.037128925323486328e-02,1.215179413557052612e-01
-1.003479026257991791e-02,-2.334040030837059021e-02,-2.520490884780883789e-01
4.346489906311035156e-02,7.898975127318408340e-07,3.468343913555145264e-01
4.018092155456542969e-02,1.071110293269157410e-01,2.995422296226024628e-02
3.115005418658256531e-02,2.821153657350805588e-07,5.174083709716796875e-01
-1.751215457916259766e-01,-2.456912770867347717e-02,1.121643036603927612e-01
7.346786558628082275e-02,2.937276235570607241e-07,4.681420326232910156e-01
1.488742083311080933e-01,3.813524926954414696e-07,1.005678176879882812e-01
-9.587785601615905762e-02,1.454591751098632812e-03,-3.121404945850372314e-01
4.308135807514190674e-02,-5.562721565365791321e-02,-5.499738454818725586e-01
4.557836055755615234e-02,-2.812508679926395416e-02,-5.042675733566284180e-01
1.825714111328125000e-02,-7.715427130460739136e-02,5.044856071472167969e-01
8.487451076507568359e-02,5.206026136875152588e-02,6.494842469692230225e-02
5.843810737133026123e-03,9.055383503437042236e-02,2.968001365661621094e-01
-3.980379179120063782e-02,-5.322718620300292969e-02,3.258804380893707275e-01
1.448746919631958008e-01,5.012627318501472473e-02,2.367239296436309814e-01
6.607867777347564697e-02,-6.026637554168701172e-02,2.870208621025085449e-01
-1.177108734846115112e-01,3.648378310572297778e-07,3.103231191635131836e-01
1.239148601889610291e-01,6.215572357177734375e-03,1.640051305294036865e-01
1.751087009906768799e-01,3.395438194274902344e-02,8.593322336673736572e-02
6.568835675716400146e-02,-6.995201110839843750e-02,-2.485900744795799255e-02
-1.275634765625000000e-01,-5.587714910507202148e-02,-3.346467018127441406e-02
8.961355686187744141e-02,5.190750956535339355e-02,-4.078921377658843994e-01
9.572994709014892578e-02,7.649755957572779153e-07,1.897653192281723022e-01
1.862298548221588135e-01,-2.598032355308532715e-02,-8.754825592041015625e-02
-2.425170876085758209e-02,-2.169388532638549805e-02,-3.534418344497680664e-01
1.190261840820312500e-01,-5.515379458665847778e-02,-5.597492456436157227e-01
-4.904973506927490234e-02,-5.637703463435173035e-02,-1.628768891096115112e-01
-6.866323947906494141e-02,2.628440409898757935e-02,-3.180792033672332764e-01
1.766653656959533691e-01,1.914000511169433594e-02,4.917724430561065674e-02
-1.523278802633285522e-01,-1.460564136505126953e-02,-7.153320126235485077e-03
-1.128840446472167969e-02,2.720883861184120178e-02,3.536172509193420410e-01
-4.580169543623924255e-02,5.505686253309249878e-02,-5.617798566818237305e-01
4.495147615671157837e-02,1.099641844630241394e-01,-4.019498825073242188e-03
-6.980651617050170898e-02,-5.403576418757438660e-02,-5.829013586044311523e-01
1.846307367086410522e-01,-7.724414765834808350e-02,-1.030704975128173828e-01
-1.615356206893920898e-01,-2.478802949190139771e-02,1.647375524044036865e-01
-6.429624557495117188e-02,-7.911863923072814941e-02,2.949218638241291046e-02
-9.029399603605270386e-02,-1.003836393356323242e-01,-5.407687425613403320e-01
1.316937338560819626e-02,-6.517648696899414062e-02,3.234317004680633545e-01
-1.419387757778167725e-01,-1.023429632186889648e-01,-9.564880281686782837e-02
1.361336838454008102e-02,-1.009702682495117188e-02,-1.384216248989105225e-01
6.469973176717758179e-02,9.449648857116699219e-02,-5.225750803947448730e-01
-9.222412854433059692e-02,6.618154048919677734e-02,-4.307769611477851868e-02
3.328120708465576172e-02,8.383843302726745605e-02,-5.643670558929443359e-01
-1.409466564655303955e-01,-5.361133068799972534e-02,3.681087493896484375e-02
-8.458099327981472015e-03,3.934469446539878845e-02,4.795147180557250977e-01
-9.445655345916748047e-02,2.663230895996093750e-02,2.931362986564636230e-01
-8.426904678344726562e-02,7.815255224704742432e-02,2.913207933306694031e-02
2.056947946548461914e-01,-4.816586896777153015e-02,-7.254028320312500000e-02
1.252838969230651855e-01,-2.506327629089355469e-02,-4.553069919347763062e-02
6.801122426986694336e-02,1.232314109802246094e-02,4.126870632171630859e-01
-1.697372198104858398e-01,-7.401848584413528442e-02,-2.334564179182052612e-02
7.713949680328369141e-02,-5.230958014726638794e-02,1.556637585163116455e-01
-1.129669137299060822e-02,-7.880177348852157593e-02,-7.106208801269531250e-02
6.568833440542221069e-02,-6.994807720184326172e-02,4.746795445680618286e-02
6.694532930850982666e-02,-3.876066207885742188e-02,-8.066771924495697021e-02
1.325165852904319763e-02,-5.501031875610351562e-02,-9.809936583042144775e-02
-1.581320166587829590e-01,3.393154770492401440e-07,2.230718135833740234e-01
-7.054504007101058960e-02,3.195673343725502491e-07,3.248561620712280273e-01
-1.107574440538883209e-02,7.726018130779266357e-02,-1.029291152954101562e-01
-3.902524709701538086e-02,-8.540904521942138672e-02,1.008023023605346680e-01
-1.062357425689697266e-01,-2.567902952432632446e-02,-2.199667245149612427e-01
-2.264160104095935822e-02,4.050309211015701294e-02,4.436391592025756836e-01
-6.608176231384277344e-02,-2.632599696516990662e-02,3.232840001583099365e-01
-9.321813285350799561e-02,4.857170581817626953e-02,-6.189025565981864929e-02
-3.975306823849678040e-02,-5.530524253845214844e-02,-3.018521070480346680e-01
-1.061964035034179688e-01,2.567966468632221222e-02,-4.223840236663818359e-01
-4.119068011641502380e-02,-4.181146621704101562e-03,3.766796886920928955e-01
5.433196946978569031e-02,5.410100892186164856e-02,-5.815708637237548828e-01
7.832348346710205078e-02,-5.227142199873924255e-02,1.919238269329071045e-01
-3.990661725401878357e-02,-4.895257949829101562e-02,-9.848632663488388062e-02
1.287981122732162476e-02,1.011573076248168945e-01,-7.757721096277236938e-02
7.911498844623565674e-02,-1.801182515919208527e-02,-5.821444988250732422e-01
1.339573133736848831e-02,-3.711330890655517578e-02,3.481756448745727539e-01
-1.016532182693481445e-01,-2.575286477804183960e-02,-4.208099097013473511e-02
-3.893662989139556885e-02,-8.909559249877929688e-02,2.087365686893463135e-01
-5.933892726898193359e-02,7.935842871665954590e-02,-7.969696074724197388e-02
-9.337486326694488525e-02,4.579532146453857422e-02,-4.985263049602508545e-01
8.549463748931884766e-02,5.204026401042938232e-02,-3.710467517375946045e-01
6.458199024200439453e-02,5.271435156464576721e-02,3.049053847789764404e-01
2.989053726196289062e-02,5.383255705237388611e-02,3.305737376213073730e-01
-1.863146871328353882e-01,-5.606237798929214478e-02,-3.925693035125732422e-02
-3.891011327505111694e-02,-9.018063545227050781e-02,-6.691894493997097015e-03
-8.226215839385986328e-02,2.606529369950294495e-02,-2.599346935749053955e-01
1.307859737426042557e-02,-7.648110389709472656e-02,3.776745498180389404e-01
-1.862776279449462891e-02,-8.132762461900711060e-02,3.915774524211883545e-01
6.563679873943328857e-02,-7.123160362243652344e-02,-5.102441310882568359e-01
1.777755171060562134e-01,-8.577704429626464844e-03,4.948638752102851868e-02
3.646826744079589844e-02,-5.362053588032722473e-02,3.677783012390136719e-01
2.203011512756347656e-02,8.329422771930694580e-02,-5.187478661537170410e-01
7.454311847686767578e-02,-5.239326879382133484e-02,1.015039011836051941e-01
-9.543517976999282837e-02,-1.815251260995864868e-02,-5.734103918075561523e-01
1.231599673628807068e-01,-4.178762435913085938e-03,2.779974341392517090e-01
4.500997066497802734e-02,1.067994162440299988e-01,-4.365722462534904480e-02
-2.072021365165710449e-02,-5.558608099818229675e-02,-5.508993864059448242e-01
-1.057056188583374023e-01,-2.568757161498069763e-02,-1.841320693492889404e-01
-9.356219321489334106e-02,4.247832298278808594e-02,2.525811791419982910e-01
-5.791778489947319031e-02,-9.085248410701751709e-02,-5.746097564697265625e-01
-9.347784519195556641e-02,2.588458545506000519e-02,-3.690679967403411865e-01
-5.345630645751953125e-02,7.964295893907546997e-02,2.883154153823852539e-01
-1.002309322357177734e-01,-7.738048583269119263e-02,-5.604379177093505859e-01
-4.074676334857940674e-02,-1.419329643249511719e-02,-4.468389749526977539e-01
-4.026386514306068420e-02,-3.418433666229248047e-02,-5.013741850852966309e-01
6.570682674646377563e-02,-6.949865818023681641e-02,2.482702583074569702e-01
6.713604182004928589e-02,-3.403282165527343750e-02,3.878512382507324219e-01
-6.842446327209472656e-02,2.628825046122074127e-02,3.228204250335693359e-01
-1.547033339738845825e-01,-4.134225845336914062e-02,-2.663940377533435822e-02
7.396662235260009766e-02,-5.241185054183006287e-02,4.359203875064849854e-01
-3.563247621059417725e-02,-7.886365056037902832e-02,4.779571294784545898e-01
-3.490090370178222656e-02,-2.682839520275592804e-02,3.679815530776977539e-01
6.184387020766735077e-03,2.397762425243854523e-02,-2.121335268020629883e-01
5.495819076895713806e-02,-5.472477898001670837e-02,-5.686758756637573242e-01
-7.133300602436065674e-02,4.479985684156417847e-02,3.101674318313598633e-01
-9.409982711076736450e-02,-3.296089172363281250e-02,-5.023943781852722168e-01
9.268522262573242188e-02,5.180849879980087280e-02,-4.838763177394866943e-01
-4.056365042924880981e-02,2.178168296813964844e-02,-5.051071047782897949e-01
-4.043205082416534424e-02,-2.723443508148193359e-02,-4.039196670055389404e-01
-3.743875026702880859e-02,-5.600277334451675415e-02,-5.021114945411682129e-01
-3.965578973293304443e-02,5.935049057006835938e-02,3.246685862541198730e-01
-1.350221633911132812e-01,2.521521970629692078e-02,2.737487852573394775e-01
1.180652379989624023e-01,7.543252991126792040e-07,-5.339413285255432129e-01
-1.045745611190795898e-01,-2.570579759776592255e-02,-1.306954920291900635e-01
6.796216219663619995e-02,1.353585720062255859e-02,4.522534012794494629e-01
1.763311475515365601e-01,-2.231955528259277344e-02,3.038024902343750000e-02
6.856080144643783569e-02,1.332163810729980469e-03,-4.511883556842803955e-01
-1.542693972587585449e-01,-3.645801544189453125e-02,-8.458373695611953735e-02
-3.972760960459709167e-02,-5.635857582092285156e-02,3.824548125267028809e-01
-3.881569206714630127e-02,9.409904479980468750e-02,-7.794006168842315674e-02
1.302126236259937286e-02,-8.359837532043457031e-02,-6.048339605331420898e-02
-4.183715581893920898e-02,9.259476512670516968e-02,2.651296854019165039e-01
6.825271248817443848e-02,-6.317853927612304688e-03,-4.091827273368835449e-01
-9.505333006381988525e-02,-1.606917381286621094e-02,-4.669842422008514404e-01
6.587051600217819214e-02,6.544375419616699219e-02,2.861141860485076904e-01
1.737006902694702148e-01,7.277962481566646602e-07,-6.342773325741291046e-03
-1.481463462114334106e-01,-3.247082233428955078e-02,1.792376637458801270e-01
1.341781206429004669e-02,3.437232971191406250e-02,3.487493693828582764e-01
-4.014500230550765991e-02,-3.910231590270996094e-02,-3.622882068157196045e-01
-5.663549900054931641e-02,-7.948917895555496216e-02,2.690045237541198730e-01
-9.217614680528640747e-02,6.703281402587890625e-02,-5.520434379577636719e-01
1.006305217742919922e-01,7.626388196513289586e-07,-2.569500803947448730e-01
2.706182003021240234e-02,1.079576164484024048e-01,4.877868667244911194e-02
9.232299774885177612e-02,1.815856061875820160e-02,-5.730237960815429688e-01
-8.949911594390869141e-02,-2.594869397580623627e-02,-4.268090724945068359e-01
1.207584142684936523e-01,-5.090361461043357849e-02,-5.138769149780273438e-01
1.314971446990966797e-01,7.479204668925376609e-07,2.208816409111022949e-01
-3.474197164177894592e-02,2.899100763897877187e-07,5.064575672149658203e-01
-1.297533512115478516e-01,-2.530010789632797241e-02,2.926412820816040039e-01
1.256746053695678711e-01,-3.044307231903076172e-02,-5.220449566841125488e-01
-3.905743733048439026e-02,-8.409750461578369141e-02,-5.059512257575988770e-01
6.795389205217361450e-02,-1.373326778411865234e-02,-3.680129945278167725e-01
-3.987918421626091003e-02,-5.008757114410400391e-02,-3.217532336711883545e-01
6.534150987863540649e-02,7.856655120849609375e-02,6.522125005722045898e-02
1.712827086448669434e-01,-7.035255432128906250e-02,-2.496948279440402985e-02
-3.991878032684326172e-02,2.674754522740840912e-02,4.056625366210937500e-01
-1.649355888366699219e-01,2.473324909806251526e-02,1.471850574016571045e-01
-9.431416541337966919e-02,-2.916371822357177734e-02,2.926928699016571045e-01
-4.040386900305747986e-02,2.839231491088867188e-02,4.480366408824920654e-01
6.766348332166671753e-02,-2.093482017517089844e-02,-3.276086449623107910e-01
-9.395631402730941772e-02,-3.550326824188232422e-02,-6.238006427884101868e-02
1.393745839595794678e-02,3.017234802246093750e-02,-5.206091403961181641e-01
-9.364945441484451294e-02,-4.093968868255615234e-02,4.835052415728569031e-02
6.505338102579116821e-02,8.572101593017578125e-02,-6.045104935765266418e-02
1.140576601028442383e-01,7.562362611679418478e-07,-5.549453496932983398e-01
-9.200530499219894409e-02,7.005953788757324219e-02,1.130676269531250000e-02
6.810217350721359253e-02,-1.005351543426513672e-02,-3.884979188442230225e-01
6.704306602478027344e-02,-3.633522987365722656e-02,-2.297704964876174927e-01
6.738115847110748291e-02,-2.794063091278076172e-02,-2.879034280776977539e-01
-8.018958568572998047e-02,2.609868720173835754e-02,-3.345074355602264404e-01
-2.575504779815673828e-02,-5.562618002295494080e-02,-2.578051686286926270e-01
8.906543254852294922e-02,7.681534839321102481e-07,-3.700335621833801270e-01
-1.056145429611206055e-01,2.568903379142284393e-02,-9.509094059467315674e-02
5.248844623565673828e-02,1.063167899847030640e-01,-2.515716478228569031e-02
-9.424921125173568726e-02,-3.031456470489501953e-02,-3.646783232688903809e-01
1.331696938723325729e-02,4.689049720764160156e-02,4.429635405540466309e-01
6.726586818695068359e-02,-5.262783542275428772e-02,3.991354405879974365e-01
1.382915973663330078e-01,5.033846572041511536e-02,2.554723918437957764e-01
1.592077612876892090e-01,-5.510649085044860840e-02,-9.594798088073730469e-03
1.692443639039993286e-01,-8.974623680114746094e-02,-9.655364602804183960e-02
1.049627661705017090e-01,-5.448411777615547180e-02,-5.736136436462402344e-01
-3.915283083915710449e-02,8.015084266662597656e-02,3.019341826438903809e-01
1.758761405944824219e-01,2.664923667907714844e-02,6.762542575597763062e-02
-4.015031829476356506e-02,3.888237476348876953e-02,-2.480929493904113770e-01
6.843356788158416748e-02,-1.825213432312011719e-03,-4.909078776836395264e-01
-4.009363055229187012e-02,4.121518135070800781e-02,-4.594137370586395264e-01
6.586922705173492432e-02,6.547605991363525391e-02,-2.442477345466613770e-01
-3.903274238109588623e-02,-8.511900901794433594e-02,2.825234830379486084e-01
-1.486272364854812622e-01,2.704572677612304688e-02,1.235250830650329590e-01
-9.404236823320388794e-02,-3.397893905639648438e-02,-3.253167569637298584e-01
-1.518457382917404175e-01,-9.178638458251953125e-03,1.188415475189685822e-02
7.784187793731689453e-02,5.228693783283233643e-02,8.325438946485519409e-02
-9.364449977874755859e-02,-2.588189952075481415e-02,-4.067126512527465820e-01
-4.114854335784912109e-02,-5.612236261367797852e-02,-1.816332936286926270e-01
1.192181259393692017e-01,5.845773220062255859e-02,2.690994143486022949e-01
-1.488485336303710938e-01,2.455937862396240234e-02,2.178903222084045410e-01
1.786942183971405029e-01,-1.633167266845703125e-04,-4.500244185328483582e-02
-1.912586688995361328e-01,-7.297750562429428101e-02,-9.007659554481506348e-02
-5.764913558959960938e-02,-7.944016158580780029e-02,4.784332215785980225e-02
-1.509232223033905029e-01,1.205325126647949219e-03,4.962432757019996643e-02
8.447753638029098511e-02,4.563745856285095215e-02,2.841994762420654297e-01
2.530860900878906250e-02,2.779849618673324585e-02,-3.165957629680633545e-01
1.360717229545116425e-02,-1.086616516113281250e-02,-2.140600532293319702e-01
-3.922198340296745300e-02,-7.727777957916259766e-02,-6.073577702045440674e-02
-9.386771917343139648e-02,3.706550598144531250e-02,8.543853461742401123e-02
6.623696535825729370e-02,-5.633854866027832031e-02,8.438263088464736938e-02
-3.244972229003906250e-02,-5.584196373820304871e-02,-2.196560651063919067e-01
-9.540942311286926270e-02,9.753227233886718750e-03,-3.300473093986511230e-01
-6.014323234558105469e-02,-2.642168663442134857e-02,4.007205069065093994e-01
1.295865606516599655e-02,-9.138190746307373047e-02,2.813549637794494629e-01
1.940251588821411133e-01,-4.854201152920722961e-02,-2.296020463109016418e-02
1.290097925812005997e-02,9.849429130554199219e-02,8.215454220771789551e-02
-1.537435650825500488e-01,-3.053915500640869141e-02,-6.500732153654098511e-02
-9.186601638793945312e-02,7.252728939056396484e-02,-2.483917213976383209e-02
-3.759360313415527344e-02,-8.041024208068847656e-02,4.262512028217315674e-01
-4.833984375000000000e-02,-3.874726220965385437e-02,4.980324506759643555e-01
-1.504697352647781372e-01,6.310939788818359375e-03,6.834045052528381348e-02
1.231972277164459229e-01,-3.665566444396972656e-03,2.395126223564147949e-01
9.203040599822998047e-02,7.667396744182042312e-07,-3.506405651569366455e-01
1.189790666103363037e-01,6.174933910369873047e-02,1.208053529262542725e-01
6.510148197412490845e-02,8.452725410461425781e-02,-5.060790777206420898e-01
1.298752240836620331e-02,-8.778679370880126953e-02,6.479980051517486572e-02
-3.984854742884635925e-02,5.136728286743164062e-02,-5.161993503570556641e-01
-4.013859480619430542e-02,3.935503959655761719e-02,-4.401696622371673584e-01
1.251791864633560181e-01,2.362430095672607422e-02,1.078616306185722351e-01
-6.426167488098144531e-02,7.912031561136245728e-02,8.400573581457138062e-02
-1.495766788721084595e-01,1.636195182800292969e-02,1.054965183138847351e-01
1.187546104192733765e-01,6.484007835388183594e-02,2.308752387762069702e-01
1.340250018984079361e-02,3.627324104309082031e-02,3.870278894901275635e-01
1.241899877786636353e-01,1.000642776489257812e-02,1.452151387929916382e-01
-1.470241546630859375e-01,-4.510247707366943359e-02,8.522491157054901123e-02
-9.244535118341445923e-02,6.226217746734619141e-02,-5.134539604187011719e-01
9.242546558380126953e-02,5.181686580181121826e-02,-4.645812809467315674e-01
6.530506163835525513e-02,-7.946348190307617188e-02,-5.274682641029357910e-01
1.509473323822021484e-01,4.993054270744323730e-02,2.182562202215194702e-01
4.407024383544921875e-02,7.896088618508656509e-07,3.659075796604156494e-01
1.334932167083024979e-02,4.287469387054443359e-02,-2.286892682313919067e-01
-4.024759680032730103e-02,3.486585617065429688e-02,-4.020770192146301270e-01
9.757328033447265625e-02,5.165094137191772461e-02,-5.214211940765380859e-01
9.708464145660400391e-02,5.166669562458992004e-02,-2.394546419382095337e-01
-3.868459910154342651e-02,9.951055049896240234e-02,6.434539705514907837e-02
1.236791312694549561e-01,2.969622611999511719e-03,1.828091442584991455e-01
-4.037396237254142761e-02,2.962958812713623047e-02,-3.643542528152465820e-01
-9.469567984342575073e-02,-2.240467071533203125e-02,8.619201183319091797e-02
-9.362421929836273193e-02,4.138660430908203125e-02,-4.205578565597534180e-01
6.724315136671066284e-02,-3.137505054473876953e-02,-2.682940661907196045e-01
1.191119328141212463e-01,-1.840437203645706177e-02,-5.577460527420043945e-01
-9.302093088626861572e-02,5.206549167633056641e-02,-4.570016264915466309e-01
-4.044225439429283142e-02,2.679157257080078125e-02,-3.455908000469207764e-01
-1.414630413055419922e-01,-2.511144056916236877e-02,2.548541128635406494e-01
1.333522051572799683e-02,4.462492465972900391e-02,4.044732451438903809e-01
1.360832620412111282e-02,-1.072275638580322266e-02,-1.950830072164535522e-01
-4.058840125799179077e-02,2.074527740478515625e-02,-3.081948757171630859e-01
-1.394745111465454102e-01,2.514347992837429047e-02,2.551794350147247314e-01
1.331722456961870193e-02,4.685890674591064453e-02,-1.909097284078598022e-01
6.658348441123962402e-02,4.774701595306396484e-02,-2.844930887222290039e-01
-9.349587559700012207e-02,4.365170001983642578e-02,2.336239516735076904e-01
6.917381286621093750e-02,7.776385473334812559e-07,3.984619081020355225e-01
1.361154764890670776e-02,-1.033568382263183594e-02,-1.572701930999755859e-01
-9.051772952079772949e-02,-9.642004966735839844e-02,-5.223559737205505371e-01
-9.385519474744796753e-02,-3.729486465454101562e-02,2.533712685108184814e-01
6.576626002788543701e-02,-6.802380084991455078e-02,2.670449912548065186e-01
-4.002461954951286316e-02,4.407036304473876953e-02,-2.099066078662872314e-01
-9.336621314287185669e-02,4.594838619232177734e-02,1.959652602672576904e-01
6.526653468608856201e-02,8.043146133422851562e-02,-4.877078235149383545e-01
-5.563807487487792969e-02,-7.953745126724243164e-02,1.578286737203598022e-01
9.653949737548828125e-02,7.645895720997941680e-07,-3.126031458377838135e-01
6.551111489534378052e-02,7.436239719390869141e-02,2.475295960903167725e-01
-1.480271965265274048e-01,3.380441665649414062e-02,1.603665053844451904e-01
6.547901779413223267e-02,7.515883445739746094e-02,-4.502465724945068359e-01
1.279743760824203491e-02,1.113829612731933594e-01,-5.944366380572319031e-02
-3.861784934997558594e-02,-1.022721529006958008e-01,-5.394293069839477539e-01
9.092497825622558594e-02,5.186523869633674622e-02,-4.265975952148437500e-01
-3.996050357818603516e-02,4.673564434051513672e-02,-1.724264472723007202e-01
-1.022145748138427734e-01,-7.728453725576400757e-02,-5.202487111091613770e-01
8.356595039367675781e-02,7.707758413744159043e-07,3.012097179889678955e-01
1.330268196761608124e-02,4.867649078369140625e-02,-1.721792519092559814e-01
-9.337013959884643555e-02,-4.588782787322998047e-02,-6.884765345603227615e-03
-9.387096017599105835e-02,-3.701519966125488281e-02,2.157647609710693359e-01
-1.137136220932006836e-01,2.555854804813861847e-02,-4.773599207401275635e-01
-1.478599905967712402e-01,-3.568959236145019531e-02,1.228866577148437500e-01
-6.450474262237548828e-02,-2.635140530765056610e-02,4.189156889915466309e-01
6.572399288415908813e-02,6.907987594604492188e-02,-4.132134914398193359e-01
-9.373529255390167236e-02,3.940999507904052734e-02,-1.176937818527221680e-01
1.185953319072723389e-01,6.703352928161621094e-02,2.120904475450515747e-01
-9.330266714096069336e-02,4.707431793212890625e-02,1.772525012493133545e-01
-6.591606140136718750e-02,7.904028892517089844e-02,2.489047199487686157e-01
3.240417316555976868e-02,3.965533524751663208e-02,4.699808359146118164e-01
6.596906483173370361e-02,6.299841403961181641e-02,-3.763265907764434814e-01
6.585375964641571045e-02,-6.585240364074707031e-02,-4.305297881364822388e-02
-1.340869069099426270e-01,3.516570359352044761e-07,3.014098405838012695e-01
-9.388939291238784790e-02,-3.668880462646484375e-02,1.783663928508758545e-01
-9.353632479906082153e-02,4.293620586395263672e-02,-8.052764832973480225e-02
-7.972621917724609375e-02,7.837229222059249878e-02,4.720001295208930969e-02
6.704649329185485840e-02,-3.625011444091796875e-02,-2.110073864459991455e-01
-1.051212549209594727e-01,2.569698728621006012e-02,-4.992873966693878174e-01
6.621445715427398682e-02,5.690908432006835938e-02,-3.395462036132812500e-01
-1.123780012130737305e-01,-2.558006718754768372e-02,-5.359304547309875488e-01
-3.992826864123344421e-02,4.805672168731689453e-02,-1.537991315126419067e-01
-9.390898793935775757e-02,-3.634166717529296875e-02,1.411322057247161865e-01
6.646043062210083008e-02,5.080556869506835938e-02,-3.028350770473480225e-01
-6.777501106262207031e-02,7.895036786794662476e-02,2.116845697164535522e-01
1.292068138718605042e-02,9.609615802764892578e-02,2.805303931236267090e-01
6.713370978832244873e-02,-3.408598899841308594e-02,-1.738360524177551270e-01
7.918632030487060547e-02,-5.224359780550003052e-02,2.651409804821014404e-01
1.327420771121978760e-02,5.219876766204833984e-02,-1.349728405475616455e-01
6.722175329923629761e-02,-3.190112113952636719e-02,-1.367419362068176270e-01
6.731073558330535889e-02,-2.969312667846679688e-02,-9.968689084053039551e-02
1.291967742145061493e-02,-9.620869159698486328e-02,4.297482073307037354e-01
-9.317799657583236694e-02,4.928457736968994141e-02,1.400341838598251343e-01
-3.986487910151481628e-02,5.067920684814453125e-02,-1.167434677481651306e-01
-9.340623766183853149e-02,-4.524838924407958984e-02,-2.100299000740051270e-01
-9.391871094703674316e-02,-3.616213798522949219e-02,1.225646957755088806e-01
-1.176685094833374023e-01,2.549482509493827820e-02,-5.341445803642272949e-01
1.130217313766479492e-01,7.567302304778422695e-07,-5.161263942718505859e-01
-5.929470062255859375e-02,-7.936056703329086304e-02,2.499133199453353882e-01
1.619364023208618164e-01,4.957633092999458313e-02,1.820285022258758545e-01
-9.354322403669357300e-02,-4.282140731811523438e-02,-1.730593889951705933e-01
1.184096485376358032e-01,6.958997249603271484e-02,1.750201433897018433e-01
-9.368049353361129761e-02,-4.038953781127929688e-02,-1.361523419618606567e-01
-9.381815791130065918e-02,-3.795099258422851562e-02,-9.927123785018920898e-02
8.784306049346923828e-02,5.196456238627433777e-02,-3.893731534481048584e-01
8.206129074096679688e-02,-5.215093493461608887e-02,4.710143804550170898e-02
1.298738550394773483e-02,-8.780348300933837891e-02,3.939230144023895264e-01
6.564788520336151123e-02,7.096838951110839844e-02,-2.066043019294738770e-01
-1.495928764343261719e-01,-2.498045004904270172e-02,2.183618098497390747e-01
-6.867635250091552734e-02,7.890677452087402344e-02,1.931909173727035522e-01
-5.789923667907714844e-02,-7.942805439233779907e-02,2.129653841257095337e-01
1.269017457962036133e-01,-5.070559680461883545e-02,-5.312347412109375000e-01
9.963023662567138672e-02,7.631157927789899986e-07,-2.753362953662872314e-01
6.549497693777084351e-02,7.476282119750976562e-02,2.290573120117187500e-01
6.557327508926391602e-02,7.281994819641113281e-02,-1.697943061590194702e-01
-1.484748274087905884e-01,2.876567840576171875e-02,1.984649598598480225e-01
8.234703540802001953e-02,5.214172601699829102e-02,-3.529351651668548584e-01
-3.891298547387123108e-02,-9.007382392883300781e-02,2.450100630521774292e-01
-7.042765617370605469e-02,7.882207632064819336e-02,1.564089953899383545e-01
-5.641615390777587891e-02,-7.949981093406677246e-02,1.761764436960220337e-01
-9.320385754108428955e-02,4.882454872131347656e-02,1.032205149531364441e-01
-1.426241993904113770e-01,-9.462773799896240234e-02,-4.242675751447677612e-02
-1.093604564666748047e-01,2.562868222594261169e-02,-4.404687285423278809e-01
6.546280533075332642e-02,7.555639743804931641e-02,1.923074275255203247e-01
-9.318267554044723511e-02,-4.920876026153564453e-02,1.145141571760177612e-02
6.573797762393951416e-02,-6.872081756591796875e-02,2.299087494611740112e-01
-3.987082466483116150e-02,-5.043339729309082031e-02,-1.167608648538589478e-01
-5.483281612396240234e-02,-7.957638800144195557e-02,1.395047008991241455e-01
1.288481522351503372e-02,1.005483865737915039e-01,2.433529645204544067e-01
-9.748792648315429688e-02,2.581997774541378021e-02,-2.211740016937255859e-01
-9.836769104003906250e-02,2.580580115318298340e-02,-3.866806030273437500e-01
7.948744297027587891e-02,-5.223390460014343262e-02,2.283245772123336792e-01
6.580045819282531738e-02,-6.716573238372802734e-02,1.933007836341857910e-01
6.553643941879272461e-02,7.373392581939697266e-02,-1.514871120452880859e-01
-7.127940654754638672e-02,7.878087460994720459e-02,1.381100416183471680e-01
-3.893994167447090149e-02,-8.896660804748535156e-02,4.688995331525802612e-02
9.233152866363525391e-02,5.181990191340446472e-02,4.680267348885536194e-02
6.544714421033859253e-02,7.594990730285644531e-02,1.740203797817230225e-01
-1.455655395984649658e-01,-6.152021884918212891e-02,-6.835632026195526123e-03
1.716456413269042969e-01,4.926337301731109619e-02,1.465988159179687500e-01
1.183865293860435486e-01,6.990551948547363281e-02,1.566879302263259888e-01
6.546346843242645264e-02,7.554006576538085938e-02,-1.150433346629142761e-01
6.589470058679580688e-02,-6.483161449432373047e-02,1.386074870824813843e-01
-3.877606615424156189e-02,9.571826457977294922e-02,2.259863168001174927e-01
7.890784740447998047e-02,-5.225258320569992065e-02,2.101043611764907837e-01
6.559064984321594238e-02,-7.237696647644042969e-02,-6.769408937543630600e-03
1.297024823725223541e-02,-8.993101119995117188e-02,-4.238555952906608582e-02
-9.554314613342285156e-02,-2.585131675004959106e-02,-2.760751247406005859e-01
-6.473445892333984375e-02,-7.909744977951049805e-02,1.133911125361919403e-02
-1.054962873458862305e-01,-2.569094114005565643e-02,-2.381051629781723022e-01
6.541564315557479858e-02,7.673132419586181641e-02,1.375985741615295410e-01
-3.874548897147178650e-02,9.699165821075439453e-02,1.896713227033615112e-01
7.773411273956298828e-02,-5.229042097926139832e-02,1.737783700227737427e-01
6.542768329381942749e-02,7.643270492553710938e-02,-9.689727425575256348e-02
-3.892432898283004761e-02,-8.958446979522705078e-02,2.268505841493606567e-01
1.288045570254325867e-02,1.010773181915283203e-01,2.251730263233184814e-01
1.300315931439399719e-02,-8.580982685089111328e-02,8.280517160892486572e-02
-1.001545190811157227e-01,2.577701583504676819e-02,-1.847729384899139404e-01
-9.365464001893997192e-02,-4.084742069244384766e-02,-2.481213361024856567e-01
-7.087278366088867188e-02,7.880054414272308350e-02,1.017993167042732239e-01
1.292493566870689392e-02,-9.556806087493896484e-02,2.441107183694839478e-01
-3.897492960095405579e-02,-8.751106262207031250e-02,-2.457855083048343658e-02
1.011893749237060547e-01,5.153438448905944824e-02,-2.027120888233184814e-01
-3.894813358783721924e-02,-8.860754966735839844e-02,1.906634420156478882e-01
6.478602439165115356e-02,9.235513210296630859e-02,2.897582948207855225e-02
-3.851633146405220032e-02,1.064922809600830078e-01,4.637970030307769775e-02
1.287170220166444778e-02,1.021286249160766602e-01,1.890145838260650635e-01
-3.913739696145057678e-02,-8.077716827392578125e-02,8.308471739292144775e-02
6.545297801494598389e-02,7.580530643463134766e-02,1.014547720551490784e-01
6.550693511962890625e-02,-7.445406913757324219e-02,2.929870598018169403e-02
-1.053675413131713867e-01,2.569301985204219818e-02,4.640502855181694031e-02
-3.873048722743988037e-02,9.762418270111083984e-02,1.716088801622390747e-01
-3.896021097898483276e-02,-8.812010288238525391e-02,1.726266443729400635e-01
6.508349627256393433e-02,8.497369289398193359e-02,-5.655810236930847168e-01
-3.975616395473480225e-02,4.401816427707672119e-02,3.344402313232421875e-01
1.293429266661405563e-02,-9.439432621002197266e-02,2.079959064722061157e-01
6.455931812524795532e-02,9.798109531402587891e-02,-6.662902887910604477e-03
-1.417840123176574707e-01,-1.040849685668945312e-01,-7.773773372173309326e-02
-1.025245189666748047e-01,2.573882974684238434e-02,-1.487039178609848022e-01
1.014484167098999023e-01,5.152603611350059509e-02,-1.846954375505447388e-01
-1.706589460372924805e-01,-2.464102953672409058e-02,1.295483410358428955e-01
9.551799297332763672e-02,7.650766633560124319e-07,1.717843562364578247e-01
1.294372137635946274e-02,-9.322392940521240234e-02,1.720355153083801270e-01
-1.651506423950195312e-01,-2.472978271543979645e-02,1.471643000841140747e-01
1.286778040230274200e-02,1.026510000228881836e-01,1.710259914398193359e-01
1.686649471521377563e-01,-9.525883197784423828e-02,-6.037597358226776123e-02
1.295312959700822830e-02,-9.205603599548339844e-02,1.361935436725616455e-01
-3.869978711009025574e-02,9.888243675231933594e-02,1.356506347656250000e-01
1.292463019490242004e-02,-9.555828571319580078e-02,-6.667785346508026123e-03
-3.838551789522171021e-02,1.118766069412231445e-01,-4.181854054331779480e-02
8.635401725769042969e-02,-5.201257020235061646e-02,1.118194591253995895e-02
-1.059921979904174805e-01,-2.568295598030090332e-02,-2.020245343446731567e-01
-3.316375613212585449e-02,1.836153864860534668e-02,-5.603998899459838867e-01
9.508657455444335938e-02,7.652823796888696961e-07,1.359323114156723022e-01
2.418853715062141418e-02,-2.557243779301643372e-02,-1.133375167846679688e-01
1.295782998204231262e-02,-9.147250652313232422e-02,1.183056607842445374e-01
1.018580198287963867e-01,5.151282995939254761e-02,-1.488238424062728882e-01
