-3.807199746370315552e-02,-1.248480081558227539e-01,-6.108382940292358398e-01
4.204208403825759888e-02,2.678827399904548656e-07,5.766408443450927734e-01
6.054279208183288574e-02,1.976499557495117188e-01,-5.625946074724197388e-02
-3.652248159050941467e-02,-1.889748573303222656e-01,1.618255525827407837e-01
1.266442891210317612e-02,-1.278592348098754883e-01,-2.347430437803268433e-01
1.225053146481513977e-02,1.792736053466796875e-01,2.833843827247619629e-01
-3.815749660134315491e-02,1.213186979293823242e-01,-4.184445142745971680e-01
8.937239646911621094e-02,1.039366200566291809e-01,-6.463751196861267090e-01
-1.111179590225219727e-01,-2.560037001967430115e-02,-2.421478182077407837e-02
1.091229915618896484e-01,7.585892944916849956e-07,8.160644024610519409e-02
7.780170440673828125e-02,-5.228823050856590271e-02,3.398214578628540039e-01
-1.254700422286987305e-01,2.536912634968757629e-02,2.039898633956909180e-01
6.017295643687248230e-02,-2.068204879760742188e-01,-3.933898732066154480e-02
-5.685997009277343750e-02,7.947833091020584106e-02,-2.084680199623107910e-01
-6.036138534545898438e-02,-7.930896431207656860e-02,-4.155709743499755859e-01
-2.936196327209472656e-02,1.892092078924179077e-01,1.049377396702766418e-01
7.351565361022949219e-02,7.755681963317329064e-07,-9.699279814958572388e-02
-8.406078815460205078e-02,7.816264033317565918e-02,-6.066699028015136719e-01
-6.877471506595611572e-02,4.319293424487113953e-02,3.600192070007324219e-01
-3.698991611599922180e-02,-1.696170568466186523e-01,3.382647633552551270e-01
7.090330123901367188e-02,5.251059308648109436e-02,-3.177661001682281494e-01
6.558979302644729614e-02,7.240533828735351562e-02,4.364663660526275635e-01
1.074148416519165039e-01,5.133372545242309570e-02,2.243896424770355225e-01
8.440148830413818359e-02,-5.207550525665283203e-02,-6.473602056503295898e-01
6.469215452671051025e-02,-9.466814994812011719e-02,1.900451630353927612e-01
-3.819315508008003235e-02,-1.198433637619018555e-01,-9.425750374794006348e-02
2.142691612243652344e-02,5.410535633563995361e-02,-5.256930589675903320e-01
-9.201122075319290161e-02,-6.996178627014160156e-02,1.018991097807884216e-01
-6.929874420166015625e-02,7.887666672468185425e-02,4.750396683812141418e-02
-5.268156528472900391e-02,-2.654191106557846069e-02,-2.834503054618835449e-01
-6.806576251983642578e-02,7.893631607294082642e-02,-7.927306741476058960e-02
-8.954906463623046875e-02,-7.789716869592666626e-02,2.636169493198394775e-01
6.481721997261047363e-02,9.157645702362060547e-02,-1.858904957771301270e-01
6.520647555589675903e-02,-8.191001415252685547e-02,-6.729735992848873138e-03
1.319462899118661880e-02,-6.207740306854248047e-02,4.388940334320068359e-01
4.887616634368896484e-02,-5.322058498859405518e-02,-3.794622719287872314e-01
4.672479629516601562e-02,1.066887527704238892e-01,1.403198242187500000e-01
1.281821727752685547e-02,-1.088780090212821960e-01,-5.087124705314636230e-01
-5.698001384735107422e-02,-2.647264860570430756e-02,-5.546310544013977051e-01
3.597223758697509766e-02,1.073826253414154053e-01,1.154876686632633209e-02
-2.936363220214843750e-02,-1.892090439796447754e-01,3.027923591434955597e-02
-5.845522880554199219e-02,-2.644887939095497131e-02,-1.711764484643936157e-01
1.260699704289436340e-02,1.350232362747192383e-01,-2.692556679248809814e-01
6.472892314195632935e-02,9.377205371856689453e-02,3.180221617221832275e-01
6.700158119201660156e-02,-5.263635888695716858e-02,-1.886755377054214478e-01
-2.344608306884765625e-02,2.701295167207717896e-02,-3.656439185142517090e-01
4.307555966079235077e-03,5.007772147655487061e-02,-6.647833585739135742e-01
-3.020548820495605469e-02,1.347998827695846558e-01,1.981585621833801270e-01
-7.647120952606201172e-02,7.852973788976669312e-02,-5.087844729423522949e-01
1.159709692001342773e-01,1.535983383655548096e-01,-1.303533911705017090e-01
-8.920623362064361572e-02,-5.088492855429649353e-02,-6.480289697647094727e-01
1.262241322547197342e-02,1.331096887588500977e-01,-1.108798161149024963e-01
-3.406768664717674255e-02,3.771997615694999695e-02,5.298268795013427734e-01
1.277110539376735687e-02,-1.146634817123413086e-01,2.772830128669738770e-01
1.669359207153320312e-02,-1.944252550601959229e-01,-1.222534179687500000e-01
-9.090352803468704224e-02,8.957850933074951172e-02,1.366162151098251343e-01
-9.112454950809478760e-02,8.566272258758544922e-02,2.643646299839019775e-01
7.176816463470458984e-02,-5.248271673917770386e-02,-2.802752554416656494e-01
1.280196197330951691e-02,-1.108214855194091797e-01,1.168826296925544739e-01
4.256591666489839554e-03,-8.242992311716079712e-02,-6.789160966873168945e-01
-8.464660495519638062e-03,-1.968799345195293427e-02,-4.786307811737060547e-01
1.275092363357543945e-02,-1.171568632125854492e-01,-3.268414139747619629e-01
-9.351195767521858215e-03,1.303144842386245728e-01,3.561378717422485352e-01
5.678909271955490112e-02,7.537326216697692871e-02,5.320138931274414062e-01
-3.864391148090362549e-02,-1.012058258056640625e-01,2.880157344043254852e-02
4.622066020965576172e-02,-1.067224740982055664e-01,-1.172680631279945374e-01
1.064563989639282227e-01,7.598608249281824101e-07,-6.622314453125000000e-03
1.213962677866220474e-02,1.930408477783203125e-01,2.714019641280174255e-02
-5.368835479021072388e-02,-4.303438588976860046e-02,3.650429248809814453e-01
-1.195977777242660522e-01,3.706859388330485672e-07,2.880474328994750977e-01
-3.674444183707237244e-02,-1.797804832458496094e-01,2.486288398504257202e-01
-4.106831550598144531e-02,2.672902308404445648e-02,4.445669353008270264e-01
-4.862380027770996094e-02,7.987671345472335815e-02,-3.033441007137298584e-01
2.736139297485351562e-02,1.079383045434951782e-01,-3.655010759830474854e-01
1.062170267105102539e-01,-5.137232691049575806e-02,2.607192993164062500e-01
1.274911593645811081e-02,-1.173465251922607422e-01,-4.193884134292602539e-01
2.739119529724121094e-02,5.391312018036842346e-02,-4.434414505958557129e-01
-8.728981018066406250e-03,1.102672815322875977e-01,-5.991540551185607910e-01
1.077365875244140625e-02,-5.444874614477157593e-02,-5.913928151130676270e-01
9.965634346008300781e-02,7.631033440702594817e-07,4.288107156753540039e-01
-3.799507394433021545e-02,1.280502080917358398e-01,-2.396056987345218658e-02
-1.144522428512573242e-01,2.554664015769958496e-02,9.897308051586151123e-02
1.329253241419792175e-02,4.992413520812988281e-02,3.838525414466857910e-01
-8.348214626312255859e-02,-2.604563720524311066e-02,-9.641082584857940674e-02
1.212065294384956360e-02,1.953626871109008789e-01,1.779858320951461792e-01
3.023374080657958984e-02,7.962066206346207764e-07,-2.304263263940811157e-01
-2.101287804543972015e-02,-3.758944571018218994e-02,5.340168476104736328e-01
-6.290578842163085938e-02,-7.918589562177658081e-02,-2.261816412210464478e-01
9.637486934661865234e-02,-5.168956518173217773e-02,1.358938515186309814e-01
6.352945417165756226e-02,-1.235251426696777344e-01,-6.318679451942443848e-01
-7.366919517517089844e-02,-7.866527140140533447e-02,-4.899191260337829590e-01
9.760093688964843750e-02,5.165004730224609375e-02,1.357900947332382202e-01
1.222794596105813980e-02,-1.820772886276245117e-01,9.474273771047592163e-02
-9.896183013916015625e-02,-7.744187861680984497e-02,1.896044909954071045e-01
2.626335620880126953e-02,7.980998475431988481e-07,-1.557824611663818359e-01
-4.344940185546875000e-02,1.741570048034191132e-02,-6.192080974578857422e-01
5.934715270996093750e-02,1.058742031455039978e-01,2.129711806774139404e-01
5.642395000904798508e-03,-8.742834627628326416e-02,3.452718257904052734e-01
6.502579897642135620e-02,-8.638882637023925781e-02,6.490661203861236572e-02
-1.283991336822509766e-01,-2.532193064689636230e-02,1.506881713867187500e-01
-9.825813770294189453e-02,-2.580756880342960358e-02,4.661193862557411194e-02
-3.824984654784202576e-02,-1.175094842910766602e-01,-1.650451570749282837e-01
3.375089168548583984e-02,1.615709811449050903e-01,8.587371557950973511e-02
-7.676124572753906250e-03,-1.916652470827102661e-01,-4.483428969979286194e-02
3.614079952239990234e-02,5.363108590245246887e-02,-6.032995581626892090e-01
-4.362404346466064453e-02,-8.011855185031890869e-02,-3.424139320850372314e-01
2.774286270141601562e-02,7.973943638717173599e-07,-3.068209886550903320e-01
1.261089742183685303e-02,1.345391273498535156e-01,-1.983871459960937500e-01
-4.059243202209472656e-02,2.673668786883354187e-02,-4.397701919078826904e-01
-5.605196952819824219e-02,-1.327133327722549438e-01,1.950912475585937500e-01
-3.793072700500488281e-02,1.341762393712997437e-01,2.916403114795684814e-01
-9.035503864288330078e-02,-7.785818725824356079e-02,-5.840209722518920898e-01
7.015848159790039062e-02,5.253460258245468140e-02,-2.434768676757812500e-01
8.226715028285980225e-02,-3.745373710989952087e-02,5.380548238754272461e-01
1.110056638717651367e-01,7.576915663776162546e-07,3.143548369407653809e-01
1.043140888214111328e-02,1.090308129787445068e-01,-4.890390038490295410e-01
1.106510162353515625e-01,1.541142314672470093e-01,-5.974822863936424255e-02
8.643805980682373047e-02,5.200986191630363464e-02,-4.249816760420799255e-02
-3.542459011077880859e-02,2.681994624435901642e-02,-2.485690265893936157e-01
-6.074285507202148438e-02,-1.323346495628356934e-01,2.876373231410980225e-01
-7.670938968658447266e-02,-7.851821929216384888e-02,-4.278198257088661194e-02
-3.856130689382553101e-02,1.046036481857299805e-01,9.960418194532394409e-02
-5.329528823494911194e-02,8.360140025615692139e-02,-6.644290685653686523e-01
-6.503140926361083984e-02,7.908307015895843506e-02,-3.759933412075042725e-01
2.717471122741699219e-02,-1.622086465358734131e-01,1.164031960070133209e-02
-4.517722129821777344e-02,2.666281722486019135e-02,-1.355612128973007202e-01
4.656779766082763672e-02,1.066988855600357056e-01,-6.199584901332855225e-02
6.086826324462890625e-02,5.283405631780624390e-02,-1.343279927968978882e-01
5.393362045288085938e-02,7.849056373743223958e-07,3.829073905944824219e-01
7.550239562988281250e-03,-1.641115695238113403e-01,2.011349499225616455e-01
6.505100429058074951e-02,8.578014373779296875e-02,8.287109434604644775e-02
7.521533966064453125e-02,1.575502902269363403e-01,-6.783752236515283585e-03
1.121761798858642578e-01,7.571334208478219807e-07,1.700006127357482910e-01
-3.815453127026557922e-02,1.214411258697509766e-01,-1.469668596982955933e-01
7.908868789672851562e-02,-5.224676057696342468e-02,-6.068176031112670898e-02
6.495833396911621094e-02,-1.585448831319808960e-01,-7.970336824655532837e-02
-3.835368156433105469e-02,-1.132214069366455078e-01,-2.730776965618133545e-01
7.451057434082031250e-03,8.258904516696929932e-02,4.580448865890502930e-01
6.656873226165771484e-02,1.054081916809082031e-01,-2.816088795661926270e-01
1.016478538513183594e-01,5.151960626244544983e-02,2.880004793405532837e-02
-1.064019203186035156e-01,2.567635290324687958e-02,-5.963592231273651123e-02
-1.066112518310546875e-01,2.567297592759132385e-02,1.103698741644620895e-02
3.790509700775146484e-02,-5.357422679662704468e-02,-4.406539797782897949e-01
7.596373558044433594e-02,-2.104831039905548096e-01,-1.158813461661338806e-01
-3.821280598640441895e-02,1.190298795700073242e-01,-5.337716341018676758e-01
-3.824246674776077271e-02,-1.178029775619506836e-01,-4.571435451507568359e-01
6.835998594760894775e-02,-9.073172509670257568e-02,2.940236330032348633e-01
-3.807806968688964844e-02,-1.246161460876464844e-01,-5.514117479324340820e-01
-3.663992881774902344e-02,-2.680037170648574829e-02,-4.015832543373107910e-01
-7.099761813879013062e-02,8.913102746009826660e-02,3.187993764877319336e-01
2.268886566162109375e-02,-5.406468734145164490e-02,-5.252978205680847168e-01
7.037603855133056641e-02,-5.252758413553237915e-02,4.368829131126403809e-01
-6.780171394348144531e-02,-7.894908636808395386e-02,-1.338467448949813843e-01
1.980066299438476562e-02,1.084262058138847351e-01,-4.262386858463287354e-01
7.365966588258743286e-02,5.029195174574851990e-02,-6.602872610092163086e-01
-7.161247730255126953e-02,7.876475155353546143e-02,-4.513903856277465820e-01
-3.837297111749649048e-02,1.124037504196166992e-01,-2.551330626010894775e-01
9.874379634857177734e-02,-5.161321163177490234e-02,2.885223366320133209e-02
-5.079793930053710938e-02,2.657225541770458221e-02,-4.962930083274841309e-01
-1.015785932540893555e-01,7.731530070304870605e-02,2.073004096746444702e-01
3.147292137145996094e-02,5.378154665231704712e-02,-3.834618926048278809e-01
8.573496341705322266e-02,2.022445648908615112e-01,-1.071701049804687500e-01
-2.264821529388427734e-02,-2.702580206096172333e-02,-3.463903665542602539e-01
-3.814521059393882751e-02,-1.218384504318237305e-01,-2.405517548322677612e-02
-4.344141483306884766e-02,-1.876146346330642700e-01,1.040533408522605896e-01
-6.713926792144775391e-02,-7.898113131523132324e-02,3.234106302261352539e-01
6.321346759796142578e-02,-5.275846272706985474e-02,-1.158825680613517761e-01
-8.264839649200439453e-02,7.823094725608825684e-02,-2.467437647283077240e-02
-1.870465278625488281e-02,1.357283145189285278e-01,1.428649872541427612e-01
5.027198791503906250e-02,-1.064610332250595093e-01,-1.909057646989822388e-01
-4.033410549163818359e-02,2.674085274338722229e-02,-1.916821300983428955e-01
-3.010678291320800781e-02,2.690563537180423737e-02,-3.064270019531250000e-01
5.536556243896484375e-02,-1.061323136091232300e-01,-2.835403382778167725e-01
-3.745174407958984375e-02,-1.342148929834365845e-01,1.226727291941642761e-01
4.318535327911376953e-02,-1.069183498620986938e-01,-6.212249770760536194e-02
1.184486150741577148e-01,7.541424906776228454e-07,2.406213283538818359e-01
3.040516376495361328e-02,1.618954092264175415e-01,2.172924727201461792e-01
1.286028511822223663e-02,1.035813093185424805e-01,-6.599847078323364258e-01
1.074516773223876953e-01,5.133253335952758789e-02,2.969128489494323730e-01
9.547088295221328735e-02,3.755031526088714600e-02,5.350621938705444336e-01
-3.830698132514953613e-02,1.151456832885742188e-01,-3.457009792327880859e-01
-1.207671165466308594e-01,-2.544490247964859009e-02,2.402999848127365112e-01
-3.392696380615234375e-04,-1.648766100406646729e-01,2.987826466560363770e-01
1.340910885483026505e-02,-3.545284271240234375e-02,3.872189223766326904e-01
-2.650749683380126953e-02,-2.696362696588039398e-02,4.286483526229858398e-01
5.323922634124755859e-02,1.062683686614036560e-01,-1.351638734340667725e-01
1.023113727569580078e-01,-5.149821937084197998e-02,2.070709168910980225e-01
-5.295501649379730225e-02,-8.306764066219329834e-02,-6.710407733917236328e-01
-9.535169601440429688e-02,-2.585439570248126984e-02,3.360143899917602539e-01
6.073760986328125000e-02,-8.195659518241882324e-02,-6.848071813583374023e-01
-5.558657646179199219e-02,-2.649509906768798828e-02,-2.269570827484130859e-01
-3.703323006629943848e-02,1.678323745727539062e-01,2.505828738212585449e-01
-3.807657212018966675e-02,1.246665716171264648e-01,-9.396972507238388062e-02
4.710693378001451492e-03,3.651654347777366638e-02,5.673352479934692383e-01
1.275921892374753952e-02,-1.161271333694458008e-01,2.230535894632339478e-01
-6.008005142211914062e-02,2.642269991338253021e-02,-5.535845756530761719e-01
1.275057438760995865e-02,-1.172004938125610352e-01,1.694683730602264404e-01
1.290235109627246857e-02,-9.835934638977050781e-02,-5.604565143585205078e-01
9.498834609985351562e-03,-1.639226377010345459e-01,1.438531428575515747e-01
-3.662111982703208923e-02,1.848940849304199219e-01,1.622625738382339478e-01
4.873504396528005600e-03,7.551875710487365723e-02,5.297797918319702148e-01
6.731593608856201172e-02,1.053599715232849121e-01,2.674993872642517090e-01
-3.817763179540634155e-02,1.204971075057983398e-01,-4.753960967063903809e-01
1.276264153420925140e-02,-1.157022714614868164e-01,-6.142254471778869629e-01
2.888774871826171875e-02,1.620425581932067871e-01,1.422030627727508545e-01
1.198708172887563705e-02,-2.119768857955932617e-01,1.030639652162790298e-02
6.464916467666625977e-02,9.575152397155761719e-02,-6.020657420158386230e-01
-6.330037117004394531e-02,7.916682213544845581e-02,-1.342159956693649292e-01
2.249407768249511719e-02,1.626625061035156250e-01,3.334216177463531494e-01
7.246601581573486328e-02,1.430884003639221191e-01,-1.060418710112571716e-01
1.266991905868053436e-02,-1.272243261337280273e-01,-1.639892607927322388e-01
6.482749432325363159e-02,-9.131419658660888672e-02,1.363626122474670410e-01
-1.289453506469726562e-01,2.531312964856624603e-02,1.506359875202178955e-01
-1.014401242136955261e-01,4.443426057696342468e-02,3.215254545211791992e-01
6.462956964969635010e-02,-9.623050689697265625e-02,2.441998273134231567e-01
-9.028873592615127563e-02,-1.004700660705566406e-01,-6.416085958480834961e-01
-1.138416528701782227e-01,-2.555647864937782288e-02,9.901122748851776123e-02
1.208364963531494141e-02,1.089242026209831238e-01,1.055685430765151978e-01
-3.839614242315292358e-02,1.114568710327148438e-01,2.861663699150085449e-02
-2.419158816337585449e-02,-1.296471059322357178e-01,3.629952669143676758e-01
1.264167763292789459e-02,1.307183504104614258e-01,-2.391387894749641418e-02
1.265653502196073532e-02,1.288738250732421875e-01,-3.244220018386840820e-01
7.197292894124984741e-02,-8.599066734313964844e-02,-6.033044457435607910e-01
9.301888942718505859e-02,-5.179774016141891479e-02,8.247558772563934326e-02
-5.918192863464355469e-02,-7.936602085828781128e-02,6.602447479963302612e-02
1.290119346231222153e-02,9.851527214050292969e-02,-5.405575633049011230e-01
6.498236954212188721e-02,-8.747601509094238281e-02,-2.409603893756866455e-01
-3.848777711391448975e-02,-1.076734066009521484e-01,-3.844961524009704590e-01
5.581307411193847656e-02,5.299700051546096802e-02,3.635015785694122314e-01
-2.705097198486328125e-02,2.695486694574356079e-02,3.892111182212829590e-01
1.735809259116649628e-02,-3.669684752821922302e-02,5.616593360900878906e-01
3.109800815582275391e-02,-1.076983734965324402e-01,1.158264093101024628e-02
-8.212829381227493286e-02,2.579286321997642517e-02,-9.916269779205322266e-02
1.206486392766237259e-02,2.023212909698486328e-01,1.268539428710937500e-01
9.620356559753417969e-02,5.169509351253509521e-02,8.231201022863388062e-02
-2.429687418043613434e-02,8.688181638717651367e-02,3.536669015884399414e-01
-9.288072586059570312e-02,-5.455791950225830078e-02,1.141448970884084702e-02
2.751922607421875000e-02,-1.176436766982078552e-01,-6.612730026245117188e-01
1.207844261080026627e-02,2.006026506423950195e-01,7.691650092601776123e-02
-5.461835861206054688e-02,-2.651070058345794678e-02,-6.170818805694580078e-01
-4.950511455535888672e-02,-2.659308537840843201e-02,-4.966821074485778809e-01
5.262362957000732422e-02,-1.597409546375274658e-01,-2.522064186632633209e-02
6.113559752702713013e-02,1.829394102096557617e-01,2.734313905239105225e-02
5.253906361758708954e-03,-2.036988362669944763e-02,-4.360022544860839844e-01
-3.829864412546157837e-02,-1.154983043670654297e-01,-2.187237441539764404e-01
3.443229198455810547e-02,-1.074832007288932800e-01,-3.639559745788574219e-01
-2.060623094439506531e-02,2.751259557953744661e-07,5.568404197692871094e-01
-6.834746897220611572e-02,3.096122611623286502e-07,3.676943778991699219e-01
6.546293199062347412e-02,-7.554125785827636719e-02,-3.169540464878082275e-01
-5.838191509246826172e-02,-7.940472662448883057e-02,-3.015515208244323730e-01
6.681154668331146240e-02,4.209280014038085938e-02,4.054076969623565674e-01
6.156289577484130859e-02,1.057312190532684326e-01,-2.265731692314147949e-01
-9.352304041385650635e-02,4.317927360534667969e-02,4.828521609306335449e-02
-7.731018215417861938e-02,5.078558251261711121e-02,-6.501032114028930664e-01
2.009582519531250000e-02,-2.124593779444694519e-02,-3.817785978317260742e-01
1.964974403381347656e-02,-1.084371656179428101e-01,-4.662182629108428955e-01
4.986511170864105225e-02,8.269836008548736572e-02,-6.756027936935424805e-01
-3.825101628899574280e-02,1.174491643905639648e-01,-2.006051540374755859e-01
9.476864337921142578e-02,7.654339810869714711e-07,-6.006347388029098511e-02
3.038656711578369141e-02,-5.381656065583229065e-02,-4.825103580951690674e-01
-2.025961875915527344e-02,1.902401149272918701e-01,2.189834564924240112e-01
3.863220289349555969e-02,-4.988215491175651550e-02,-6.687457561492919922e-01
5.670471116900444031e-03,2.198434993624687195e-02,-3.358210325241088867e-01
8.065841346979141235e-02,2.717607685553957708e-07,5.602192878723144531e-01
-1.864532381296157837e-02,-5.001984536647796631e-02,-6.659668684005737305e-01
3.475999832153320312e-02,1.964713782072067261e-01,-7.255248725414276123e-03
2.448534965515136719e-02,5.400677397847175598e-02,-4.842156767845153809e-01
1.196661312133073807e-02,-2.145175933837890625e-01,-7.207702845335006714e-02
1.095272526144981384e-01,1.918913125991821289e-01,-7.336517423391342163e-02
1.266195997595787048e-02,-1.282004117965698242e-01,-2.883987426757812500e-01
-3.824489191174507141e-02,1.176946163177490234e-01,-5.735986232757568359e-01
-8.126854896545410156e-02,7.829769700765609741e-02,-5.670809745788574219e-01
3.631830215454101562e-03,-1.644915342330932617e-01,2.593005299568176270e-01
1.820921897888183594e-02,5.420908331871032715e-02,-5.679400563240051270e-01
7.130599021911621094e-02,5.249761790037155151e-02,-7.906433194875717163e-02
8.602333068847656250e-02,5.202322453260421753e-02,3.380990624427795410e-01
5.490981787443161011e-02,3.645883128046989441e-02,5.689568519592285156e-01
-1.209369897842407227e-01,2.544216066598892212e-02,2.582107484340667725e-01
6.550931930541992188e-02,5.268446356058120728e-02,-1.888479590415954590e-01
-9.105288982391357422e-02,-8.693933486938476562e-02,1.368398964405059814e-01
-9.186415374279022217e-02,7.255840301513671875e-02,1.017367541790008545e-01
-4.441130161285400391e-02,-2.667515538632869720e-02,-4.584539830684661865e-01
6.244838237762451172e-02,1.056740805506706238e-01,-3.199136257171630859e-01
-8.366751670837402344e-02,-7.818165421485900879e-02,-5.461892485618591309e-01
1.209068764001131058e-02,-1.991158723831176758e-01,6.032531708478927612e-02
1.315448340028524399e-02,6.706058979034423828e-02,4.182201921939849854e-01
-3.812781348824501038e-02,-1.225467920303344727e-01,-5.131787061691284180e-01
-3.850110620260238647e-02,1.071023941040039062e-01,-6.381191611289978027e-01
-2.103054523468017578e-02,-1.901527792215347290e-01,-7.021789439022541046e-03
-3.803157806396484375e-02,1.341680884361267090e-01,3.298611342906951904e-01
6.546414643526077271e-02,-7.551586627960205078e-02,1.014727726578712463e-01
-5.764913558959960938e-02,-1.325843930244445801e-01,3.449835181236267090e-01
-3.286159038543701172e-02,2.686124667525291443e-02,-4.024954140186309814e-01
2.172601222991943359e-02,-1.627369821071624756e-01,4.906158521771430969e-02
4.675793647766113281e-02,1.410130113363265991e-01,-4.613189771771430969e-02
2.936732769012451172e-02,1.078088581562042236e-01,4.871154576539993286e-02
-7.340698037296533585e-03,-1.192721426486968994e-01,-6.468890905380249023e-01
-6.833720207214355469e-02,7.892318069934844971e-02,-4.135494828224182129e-01
-6.701505184173583984e-02,-7.898712903261184692e-02,-4.526647925376892090e-01
9.268033504486083984e-02,-1.037243306636810303e-01,-6.450476050376892090e-01
3.222894668579101562e-02,7.952552323331474327e-07,-2.679394483566284180e-01
-6.091940402984619141e-02,-7.928197830915451050e-02,-2.636379897594451904e-01
1.020113229751586914e-01,-5.150789022445678711e-02,2.979272305965423584e-01
3.012216091156005859e-02,1.619228273630142212e-01,1.796243190765380859e-01
-3.689587116241455078e-02,-1.883559376001358032e-01,6.727050989866256714e-02
2.824604511260986328e-02,7.971544278007058892e-07,-1.930529773235321045e-01
2.964699268341064453e-02,1.619689315557479858e-01,2.553240954875946045e-01
-5.546498298645019531e-02,7.954580336809158325e-02,-3.399661183357238770e-01
-5.359447002410888672e-02,7.963628321886062622e-02,-2.461111396551132202e-01
-5.923318862915039062e-02,-1.324565261602401733e-01,2.504428029060363770e-01
1.253006458282470703e-01,1.526936888694763184e-01,-9.434509277343750000e-02
8.803462982177734375e-02,-5.195840820670127869e-02,-2.457611076533794403e-02
-6.487512588500976562e-02,-7.909063994884490967e-02,-1.890438795089721680e-01
-6.009411811828613281e-02,7.932189851999282837e-02,-1.711831688880920410e-01
4.843533039093017578e-02,-5.323480442166328430e-02,-3.411978185176849365e-01
-9.430921077728271484e-02,-7.766692340373992920e-02,2.263833582401275635e-01
6.454687565565109253e-02,9.828972816467285156e-02,1.716265827417373657e-01
6.128323078155517578e-02,-1.589012742042541504e-01,-1.165026798844337463e-01
6.473524868488311768e-02,9.361076354980468750e-02,4.677886888384819031e-02
-6.035041809082031250e-02,-2.641834504902362823e-02,-1.343182325363159180e-01
-7.070147991180419922e-02,-7.880882173776626587e-02,-7.914489507675170898e-02
4.321861267089843750e-02,1.069150045514106750e-01,-2.529876679182052612e-02
4.115962982177734375e-02,-1.070490702986717224e-01,-2.533019892871379852e-02
4.824483394622802734e-02,-1.065918505191802979e-01,-1.540564000606536865e-01
-5.321383476257324219e-02,-1.329424381256103516e-01,1.583901941776275635e-01
-3.436350822448730469e-02,1.344641894102096558e-01,2.353237867355346680e-01
-6.783246994018554688e-02,-7.894758880138397217e-02,2.942840568721294403e-02
4.990684986114501953e-02,1.064833998680114746e-01,-9.860534220933914185e-02
6.731985509395599365e-02,-2.946662902832031250e-02,4.084948599338531494e-01
7.326793670654296875e-02,5.243437737226486206e-02,-2.800170779228210449e-01
8.627009391784667969e-02,5.201527103781700134e-02,-6.259408593177795410e-01
-3.688150271773338318e-02,-1.741290092468261719e-01,3.019552528858184814e-01
6.890285015106201172e-02,-5.257508158683776855e-02,-2.252069115638732910e-01
-4.253149032592773438e-03,-1.099796816706657410e-01,3.182345628738403320e-01
-3.834923729300498962e-02,-1.133857965469360352e-01,-4.205471575260162354e-01
-7.660114765167236328e-02,7.852344959974288940e-02,1.125671342015266418e-02
6.510603427886962891e-02,-5.269745737314224243e-02,-1.522464007139205933e-01
7.347130775451660156e-02,-2.108061164617538452e-01,-7.957824319601058960e-02
-1.243376731872558594e-01,-2.538736909627914429e-02,2.041366547346115112e-01
-9.301435202360153198e-02,-5.219089984893798828e-02,-6.175475940108299255e-02
-1.039173603057861328e-01,7.720218598842620850e-02,1.710848957300186157e-01
9.409451484680175781e-02,5.176307260990142822e-02,-6.676940713077783585e-03
-6.594383716583251953e-02,2.632822468876838684e-02,-5.922625660896301270e-01
7.656402140855789185e-02,1.775829792022705078e-01,-1.320387125015258789e-01
1.041382551193237305e-01,7.609662020513496827e-07,1.173702999949455261e-01
-3.815379738807678223e-02,1.214910745620727539e-01,-3.811596632003784180e-01
-3.847831487655639648e-02,-1.080452203750610352e-01,-3.104507327079772949e-01
1.150450706481933594e-01,7.557654271295177750e-07,4.611724615097045898e-02
7.984066009521484375e-02,7.725521982138161547e-07,3.580035269260406494e-01
6.500652432441711426e-02,-8.687174320220947266e-02,2.907470613718032837e-02
-3.872358798980712891e-02,9.789776802062988281e-02,6.441009044647216797e-02
6.407260894775390625e-02,-5.273076891899108887e-02,-6.137753129005432129e-01
1.200635433197021484e-01,7.533724328823154792e-07,2.763293385505676270e-01
1.111103296279907227e-01,5.121459811925888062e-02,2.599188089370727539e-01
9.969496726989746094e-02,-5.158255994319915771e-02,1.714260876178741455e-01
1.036394834518432617e-01,5.145541578531265259e-02,1.889279186725616455e-01
-1.119589805603027344e-01,2.558681741356849670e-02,-2.420196495950222015e-02
-4.167419299483299255e-02,5.009472370147705078e-02,-6.643652915954589844e-01
1.153159141540527344e-01,7.556362788818660192e-07,2.052789330482482910e-01
-3.822024166584014893e-02,-1.187224388122558594e-01,-1.295574903488159180e-01
1.260808203369379044e-02,1.348540782928466797e-01,-2.336984127759933472e-01
1.266705989837646484e-02,-1.275675296783447266e-01,-1.992706209421157837e-01
-3.665461763739585876e-02,-1.834892034530639648e-01,2.136227339506149292e-01
1.267300732433795929e-02,-1.268291473388671875e-01,-1.288598626852035522e-01
1.261470653116703033e-02,1.340781450271606445e-01,-1.632745265960693359e-01
5.166229233145713806e-02,-2.224338985979557037e-02,-3.195704221725463867e-01
-3.816809877753257751e-02,-1.208798885345458984e-01,-5.910369753837585449e-02
6.196258589625358582e-02,-1.169322729110717773e-01,-6.675418615341186523e-01
-3.803285211324691772e-02,1.264753341674804688e-01,-5.889434739947319031e-02
-1.863464340567588806e-02,8.325842767953872681e-02,-6.686652898788452148e-01
1.262914482504129410e-02,1.322739124298095703e-01,-7.606749981641769409e-02
3.879608213901519775e-02,5.009405314922332764e-02,-6.643652915954589844e-01
-9.235399216413497925e-02,-6.388950347900390625e-02,3.053616285324096680e-01
-7.617259025573730469e-02,-7.854419201612472534e-02,-6.755981128662824631e-03
4.370594024658203125e-02,-1.068847477436065674e-01,1.591183394193649292e-01
5.667724646627902985e-03,-1.316205412149429321e-01,3.426616191864013672e-01
-9.951414912939071655e-02,-6.296503543853759766e-02,-6.178701519966125488e-01
4.474997520446777344e-02,-1.068173646926879883e-01,2.148660272359848022e-01
5.540039017796516418e-02,-3.678444027900695801e-02,5.588555335998535156e-01
1.218507904559373856e-02,1.874097585678100586e-01,2.301370203495025635e-01
4.513239860534667969e-02,-1.067926958203315735e-01,2.711340188980102539e-01
6.495536118745803833e-02,8.815336227416992188e-02,1.186422705650329590e-01
-5.321868881583213806e-02,-5.012302845716476440e-02,-6.637533903121948242e-01
6.016876175999641418e-02,1.809627860784530640e-01,-1.021720170974731445e-01
5.162719637155532837e-02,-8.885408192873001099e-02,3.231407403945922852e-01
1.297046057879924774e-02,8.990490436553955078e-02,-5.835211277008056641e-01
-9.279602766036987305e-02,5.604970455169677734e-02,-6.161010637879371643e-02
5.202514678239822388e-02,2.239956893026828766e-02,-3.098779916763305664e-01
6.191611289978027344e-03,1.093044281005859375e-01,3.357873558998107910e-01
1.198945846408605576e-02,-2.116819620132446289e-01,-2.268005348742008209e-02
5.090594291687011719e-02,1.599075049161911011e-01,4.820861667394638062e-02
-3.845177963376045227e-02,-1.091549396514892578e-01,-6.578512191772460938e-01
-5.370187759399414062e-02,-7.963108271360397339e-02,-3.785989284515380859e-01
6.520871073007583618e-02,-8.185446262359619141e-02,-2.052236944437026978e-01
-3.847475349903106689e-02,1.081926822662353516e-01,-2.921456992626190186e-01
-1.004425063729286194e-02,1.864032447338104248e-01,2.617614269256591797e-01
6.374946981668472290e-02,1.180771589279174805e-01,-6.340517997741699219e-01
-1.056511402130126953e-01,-2.568844519555568695e-02,1.104370132088661194e-02
-4.014343023300170898e-02,-2.222586050629615784e-02,-3.205628395080566406e-01
9.998077154159545898e-02,2.701004222035408020e-02,-2.372908592224121094e-02
-3.983611986041069031e-02,-8.816734701395034790e-02,3.337905406951904297e-01
-5.747294425964355469e-02,7.944868505001068115e-02,3.443035781383514404e-01
5.042994022369384766e-02,7.865763222980604041e-07,-1.167269870638847351e-01
4.117608070373535156e-02,-1.070480123162269592e-01,-3.240692019462585449e-01
6.062696874141693115e-02,1.955564022064208984e-01,-2.294342033565044403e-02
1.273704133927822113e-02,-1.188919544219970703e-01,-3.816882371902465820e-01
1.280213519930839539e-02,1.108117103576660156e-01,-4.590444862842559814e-01
-9.164595603942871094e-02,7.779573649168014526e-02,3.000543117523193359e-01
8.483093231916427612e-02,8.333820104598999023e-02,-6.676776409149169922e-01
8.713817596435546875e-02,5.198729410767555237e-02,4.323891997337341309e-01
-3.678215667605400085e-02,1.782312393188476562e-01,1.971865743398666382e-01
-6.886756420135498047e-02,7.889752835035324097e-02,8.376922458410263062e-02
4.784240387380123138e-03,2.744631899531668751e-07,5.723813772201538086e-01
-1.054980754852294922e-01,-2.569091506302356720e-02,-5.966980010271072388e-02
7.837768644094467163e-02,-2.602400258183479309e-02,-8.487439155578613281e-02
1.004412844777107239e-01,-2.713449858129024506e-02,-1.600527763366699219e-02
1.091197729110717773e-01,1.975018978118896484e-01,-1.233911141753196716e-01
-8.502125740051269531e-03,-1.656681001186370850e-01,3.395825028419494629e-01
-7.754363864660263062e-02,8.483955264091491699e-02,-6.490842103958129883e-01
-4.068986326456069946e-02,-1.655995845794677734e-02,4.512080252170562744e-01
6.544470041990280151e-02,7.601034641265869141e-02,3.402963280677795410e-01
-2.154113724827766418e-02,-1.926951669156551361e-02,-5.039246082305908203e-01
2.071991004049777985e-02,1.312289535999298096e-01,3.466805219650268555e-01
7.829894870519638062e-02,2.599802240729331970e-02,-8.648693561553955078e-02
-1.320087909698486328e-02,-2.717802487313747406e-02,3.924334645271301270e-01
1.274555735290050507e-02,1.178230047225952148e-01,-4.005517363548278809e-01
-1.171393394470214844e-01,-2.550335042178630829e-02,2.768768370151519775e-01
-9.235688298940658569e-02,-6.383824348449707031e-02,-2.497192285954952240e-02
3.056594729423522949e-02,7.477311789989471436e-02,5.413058996200561523e-01
1.281324122101068497e-02,1.094211339950561523e-01,-6.166607737541198730e-01
-3.720947355031967163e-02,1.605522632598876953e-01,2.869476377964019775e-01
6.556890159845352173e-02,-7.291650772094726562e-02,-1.697842329740524292e-01
-1.165217161178588867e-01,2.551330253481864929e-02,2.951070964336395264e-01
-1.003430187702178955e-01,3.588544359445222653e-07,3.357546329498291016e-01
5.230414867401123047e-02,-1.063298881053924561e-01,-2.278537005186080933e-01
8.809697628021240234e-02,1.443502455949783325e-01,-1.269409209489822388e-01
2.792119979858398438e-03,-1.928508579730987549e-01,-8.314666897058486938e-02
8.431793004274368286e-02,-8.283410221338272095e-02,-6.739221811294555664e-01
-7.249319553375244141e-02,-2.622270025312900543e-02,3.596740663051605225e-01
3.606903180480003357e-02,2.207378111779689789e-02,-3.301197290420532227e-01
5.938942357897758484e-02,-2.262549400329589844e-01,-1.043698117136955261e-01
-9.307229518890380859e-02,-5.116403102874755859e-02,8.471435308456420898e-02
1.277100667357444763e-02,1.146640777587890625e-01,-3.457162380218505859e-01
2.969970554113388062e-02,3.634564206004142761e-02,5.726401805877685547e-01
-9.292505681514739990e-02,5.376529693603515625e-02,8.458068966865539551e-02
5.457401275634765625e-04,1.925964355468750000e-01,4.979705810546875000e-02
-9.263966232538223267e-02,5.882143974304199219e-02,1.138488762080669403e-02
-3.639813512563705444e-02,-1.941080093383789062e-01,1.275826990604400635e-01
6.425276398658752441e-02,1.055879592895507812e-01,-2.563616931438446045e-01
5.759119987487792969e-02,5.293968692421913147e-02,-3.393063247203826904e-01
2.761387825012207031e-02,1.621660739183425903e-01,2.938705384731292725e-01
-9.098914265632629395e-02,8.806014060974121094e-02,2.273602187633514404e-01
-3.829955682158470154e-02,1.154330968856811523e-01,-6.144894361495971680e-01
-9.992229938507080078e-02,-7.739541679620742798e-02,-6.415575742721557617e-01
6.425680220127105713e-02,1.054879426956176758e-01,2.427902221679687500e-01
6.242883205413818359e-02,1.422780901193618774e-01,-2.694366313517093658e-02
-6.040489673614501953e-02,2.641746774315834045e-02,-1.160360723733901978e-01
2.960920333862304688e-02,-1.077944636344909668e-01,-4.040670692920684814e-01
1.113125607371330261e-01,1.770254075527191162e-01,-1.369495391845703125e-01
1.297080330550670624e-02,-8.982634544372558594e-02,-5.835494995117187500e-01
-1.957214251160621643e-02,1.750804856419563293e-02,-6.132602691650390625e-01
4.165327548980712891e-02,-2.149294614791870117e-01,-2.548156678676605225e-02
5.052101612091064453e-02,-5.316757410764694214e-02,4.226620495319366455e-01
6.555297970771789551e-02,-1.690847128629684448e-01,-4.369664192199707031e-02
-6.181669235229492188e-02,-2.639472112059593201e-02,-5.937585234642028809e-01
1.571075432002544403e-02,8.296146988868713379e-02,-6.723624467849731445e-01
-9.082166105508804321e-02,-9.102869033813476562e-02,-6.043087840080261230e-01
1.043524146080017090e-01,1.688879430294036865e-01,-4.167461395263671875e-02
-1.073976755142211914e-01,-2.566030621528625488e-02,3.151092529296875000e-01
-2.072708122432231903e-02,3.707816451787948608e-02,5.498763322830200195e-01
-3.647985681891441345e-02,1.907269954681396484e-01,1.278692632913589478e-01
3.769636154174804688e-02,1.072713732719421387e-01,-3.439520299434661865e-01
-7.628723233938217163e-02,-8.346503227949142456e-02,-6.661106348037719727e-01
-9.583139419555664062e-02,2.584666386246681213e-02,6.448272615671157837e-02
-1.934778690338134766e-02,2.707898616790771484e-02,-3.276946842670440674e-01
9.067285060882568359e-02,1.560514271259307861e-01,-2.463806048035621643e-02
-3.822572156786918640e-02,-1.184958219528198242e-01,-6.335549950599670410e-01
-9.087215363979339600e-02,9.013247489929199219e-02,1.907305866479873657e-01
2.934014797210693359e-02,-5.385029688477516174e-02,-6.057653427124023438e-01
9.988856315612792969e-02,7.629926130903186277e-07,3.350207507610321045e-01
6.085177138447761536e-02,-1.899710893630981445e-01,-2.302886918187141418e-02
4.625964164733886719e-02,5.330492556095123291e-02,4.042706191539764404e-01
-1.357913017272949219e-03,-1.097928509116172791e-01,-5.965691804885864258e-01
-9.862327575683593750e-02,2.580168470740318298e-02,3.353292644023895264e-01
6.889320909976959229e-02,9.570837020874023438e-03,3.980022966861724854e-01
5.777382850646972656e-02,5.293380096554756165e-02,-9.798217564821243286e-02
8.118102699518203735e-02,3.695917129516601562e-02,5.533983707427978516e-01
-2.994323708117008209e-02,-8.280608057975769043e-02,-6.742835044860839844e-01
6.128334999084472656e-02,1.421856284141540527e-01,-8.573424816131591797e-02
-4.355072975158691406e-03,1.099850162863731384e-01,-5.764577984809875488e-01
6.394850462675094604e-02,1.131383180618286133e-01,-6.565448045730590820e-01
4.296875093132257462e-03,-4.995939135551452637e-02,-6.672296524047851562e-01
-1.866851747035980225e-02,5.008126050233840942e-02,-6.646976470947265625e-01
6.157958880066871643e-02,-4.988980665802955627e-02,-6.686289310455322266e-01
6.569862365722656250e-02,-5.267836153507232666e-02,-3.187814354896545410e-01
-9.410866349935531616e-02,3.279685974121093750e-02,-8.102050423622131348e-02
2.689025737345218658e-02,-8.219484984874725342e-02,-6.818628311157226562e-01
-3.830337524414062500e-02,-1.152946949005126953e-01,1.097869873046875000e-02
1.479709148406982422e-02,-5.431906133890151978e-02,-5.690923929214477539e-01
3.592986986041069031e-02,-2.198850549757480621e-02,-3.354120254516601562e-01
1.311347354203462601e-02,-7.215189933776855469e-02,3.597143590450286865e-01
-1.024641990661621094e-01,-7.727247476577758789e-02,1.533340364694595337e-01
1.286013703793287277e-02,-1.036117076873779297e-01,-5.388372540473937988e-01
1.876842975616455078e-02,-5.419106036424636841e-02,-5.470641851425170898e-01
6.436777859926223755e-02,1.027339696884155273e-01,2.978796362876892090e-01
-3.162622451782226562e-04,1.097243726253509521e-01,-5.541369318962097168e-01
5.656826496124267578e-02,1.060535311698913574e-01,-1.717074513435363770e-01
3.710234165191650391e-02,-1.073108911514282227e-01,2.914440929889678955e-01
-9.189214557409286499e-02,-7.207143306732177734e-02,2.851763963699340820e-01
3.127586841583251953e-02,-1.076868921518325806e-01,-6.060073971748352051e-01
1.271115094423294067e-01,1.733687222003936768e-01,-8.788585662841796875e-02
9.366178512573242188e-02,-5.177702009677886963e-02,3.179510533809661865e-01
7.035017013549804688e-03,1.092500016093254089e-01,-5.104562044143676758e-01
-5.093562602996826172e-02,-7.976490259170532227e-02,-3.218697905540466309e-01
-3.867880627512931824e-02,9.975039958953857422e-02,-3.305215239524841309e-01
-2.161586284637451172e-02,2.704244479537010193e-02,4.101351797580718994e-01
2.656102180480957031e-02,-5.393987521529197693e-02,-5.037829279899597168e-01
7.029252499341964722e-02,-4.428672790527343750e-02,-6.326464414596557617e-01
1.293313875794410706e-02,9.453761577606201172e-02,-5.617938041687011719e-01
-3.809998184442520142e-02,1.237097978591918945e-01,1.092041004449129105e-02
1.653790473937988281e-02,5.426295101642608643e-02,-5.893749594688415527e-01
1.055610179901123047e-02,-1.638200879096984863e-01,1.059393286705017090e-01
-6.379210948944091797e-02,-2.556968852877616882e-02,-1.131839752197265625e-01
1.625418663024902344e-02,-1.086562797427177429e-01,-4.873535037040710449e-01
-9.465783089399337769e-02,-2.307534217834472656e-02,6.750579923391342163e-02
-8.457824587821960449e-02,4.365650191903114319e-02,3.456654548645019531e-01
9.882324188947677612e-02,8.543695509433746338e-02,-6.416848897933959961e-01
7.939565181732177734e-02,2.015266418457031250e-01,-8.688720315694808960e-02
-9.735941886901855469e-03,1.914319545030593872e-01,6.836914271116256714e-02
-9.919583797454833984e-02,7.743055373430252075e-02,2.438354492187500000e-01
9.990918636322021484e-02,5.157564952969551086e-02,3.167144656181335449e-01
2.300655841827392578e-02,-1.082205250859260559e-01,-4.452972412109375000e-01
6.884527206420898438e-02,-5.257693305611610413e-02,-7.918365299701690674e-02
3.416740894317626953e-02,-5.369469895958900452e-02,-4.614703357219696045e-01
7.156565785408020020e-02,7.589745521545410156e-02,-5.998950004577636719e-01
-9.101346880197525024e-02,-8.763766288757324219e-02,1.729028224945068359e-01
8.602988719940185547e-02,5.202301219105720520e-02,1.007867380976676941e-01
1.983833312988281250e-02,5.415656417608261108e-02,-5.467156767845153809e-01
2.500164508819580078e-02,1.624193489551544189e-01,1.050335690379142761e-01
-8.499541878700256348e-02,-4.387180879712104797e-02,3.389861583709716797e-01
8.310055732727050781e-02,-5.211743712425231934e-02,1.009695380926132202e-01
7.169246673583984375e-02,5.248515307903289795e-02,-6.109164357185363770e-01
4.160130023956298828e-02,-5.345508083701133728e-02,-4.200530946254730225e-01
-3.930597007274627686e-02,7.379496097564697266e-02,3.594445586204528809e-01
6.295868009328842163e-02,1.623938083648681641e-01,2.530360221862792969e-02
2.297556400299072266e-02,5.405544489622116089e-02,-5.048623681068420410e-01
2.254128456115722656e-03,-1.095597371459007263e-01,-5.742223858833312988e-01
-4.314243793487548828e-02,8.014185726642608643e-02,-3.233908116817474365e-01
-1.968646049499511719e-02,1.903050243854522705e-01,8.674529939889907837e-02
-9.228618443012237549e-02,6.508219242095947266e-02,-4.310669004917144775e-02
4.238438606262207031e-02,1.607338041067123413e-01,6.693511456251144409e-02
-1.023135334253311157e-01,-4.481692239642143250e-02,3.096541166305541992e-01
7.404637336730957031e-02,-1.049268022179603577e-01,-6.109848022460937500e-01
4.525792598724365234e-02,-5.333720892667770386e-02,-3.996582031250000000e-01
4.416137561202049255e-02,1.887873560190200806e-01,-3.311443328857421875e-02
-1.100960969924926758e-01,2.561683207750320435e-02,3.145754933357238770e-01
6.238097790628671646e-03,1.929383277893066406e-01,2.113307714462280273e-01
1.229514554142951965e-02,1.737352609634399414e-01,3.195693790912628174e-01
-3.373092412948608398e-02,2.814746835611003917e-07,5.411858558654785156e-01
-6.633949279785156250e-02,2.632184699177742004e-02,-6.126861572265625000e-01
-3.804798796772956848e-02,-1.258492469787597656e-01,-5.904635190963745117e-01
2.595710754394531250e-02,5.395933985710144043e-02,-4.637447893619537354e-01
8.852946758270263672e-02,1.039910092949867249e-01,-6.260393857955932617e-01
8.718013763427734375e-03,-1.935219764709472656e-01,-1.025479137897491455e-01
-6.180381774902343750e-02,-1.322489827871322632e-01,3.251428008079528809e-01
-3.826387226581573486e-02,1.169174909591674805e-01,-5.938137769699096680e-01
-2.985000610351562500e-03,-1.651331484317779541e-01,3.188262879848480225e-01
-9.862899780273437500e-03,1.364420801401138306e-01,1.247085556387901306e-01
2.878820896148681641e-02,5.386808887124061584e-02,-4.232983291149139404e-01
-1.167213916778564453e-02,-2.720265835523605347e-02,4.125649929046630859e-01
3.720760345458984375e-02,1.073029190301895142e-01,1.225472986698150635e-01
6.477338820695877075e-02,-9.265697002410888672e-02,-2.951501309871673584e-01
-8.395049721002578735e-02,3.402627726245555095e-07,3.550906181335449219e-01
1.261094305664300919e-02,1.345335245132446289e-01,-3.052060008049011230e-01
2.551198005676269531e-02,1.080576404929161072e-01,-3.854321241378784180e-01
9.454116970300674438e-02,2.751889383034722414e-07,5.458223819732666016e-01
3.599395602941513062e-02,-8.805210888385772705e-02,3.355879783630371094e-01
6.536228954792022705e-02,7.805550098419189453e-02,1.013140827417373657e-01
7.018463313579559326e-02,4.162263870239257812e-02,-6.316803097724914551e-01
-1.445734500885009766e-02,-1.908972561359405518e-01,-2.584869414567947388e-02
8.673644065856933594e-02,7.692640338063938543e-07,-7.827453315258026123e-02
5.033862590789794922e-02,1.413020789623260498e-01,-6.570617854595184326e-02
-9.724497795104980469e-02,-2.582389116287231445e-02,-7.777465879917144775e-02
3.014874458312988281e-02,5.382422357797622681e-02,-4.033074975013732910e-01
6.604138016700744629e-02,6.119930744171142578e-02,4.200485050678253174e-01
-5.340695381164550781e-03,-1.100498363375663757e-01,3.380737304687500000e-01
8.779537677764892578e-02,7.687590937166532967e-07,4.128964245319366455e-01
3.285777568817138672e-02,-1.075847968459129333e-01,-3.837411403656005859e-01
-9.330006688833236694e-02,-4.712927341461181641e-02,2.981445193290710449e-02
-7.977141998708248138e-03,-3.710635006427764893e-02,5.489487648010253906e-01
-3.822836279869079590e-02,1.183981895446777344e-01,-5.535882711410522461e-01
-9.015294164419174194e-02,-1.028826236724853516e-01,-6.201614141464233398e-01
-8.635973930358886719e-02,7.805143296718597412e-02,-6.263125538825988770e-01
6.515693664550781250e-02,-2.118837088346481323e-01,-6.168304383754730225e-02
1.823782920837402344e-03,-1.646668612957000732e-01,2.789544761180877686e-01
-8.285439014434814453e-02,7.822099328041076660e-02,-5.867425203323364258e-01
-3.872505575418472290e-02,-9.784889221191406250e-02,-3.494738638401031494e-01
7.658076286315917969e-02,-1.047632470726966858e-01,-6.725213527679443359e-01
-5.941593647003173828e-02,-2.643339894711971283e-02,-5.741397142410278320e-01
-3.819927573204040527e-02,1.195900440216064453e-01,-5.141403079032897949e-01
-3.013491630554199219e-03,-1.921933293342590332e-01,-6.390258669853210449e-02
-3.739435598254203796e-02,1.528917551040649414e-01,3.240179419517517090e-01
6.073385477066040039e-02,1.929087638854980469e-01,1.044647209346294403e-02
-7.967615127563476562e-02,7.837472110986709595e-02,-5.475381612777709961e-01
3.213918209075927734e-02,5.376007407903671265e-02,-3.638894557952880859e-01
-9.302640706300735474e-02,5.197012424468994141e-02,2.972686663269996643e-02
2.571797370910644531e-02,-1.080455631017684937e-01,-3.464306592941284180e-01
-3.137993812561035156e-02,-2.688511833548545837e-02,-3.639135658740997314e-01
1.306992396712303162e-02,7.755780220031738281e-02,4.347460865974426270e-01
8.718991279602050781e-02,5.198562890291213989e-02,-6.462429761886596680e-01
5.158782005310058594e-03,-1.643434613943099976e-01,2.397927790880203247e-01
-5.451405048370361328e-02,-2.651237882673740387e-02,-5.352239608764648438e-01
-3.210890293121337891e-02,2.687337994575500488e-02,-2.869900465011596680e-01
1.463937759399414062e-02,-1.634241640567779541e-01,8.685882389545440674e-02
-6.303846836090087891e-02,2.637503109872341156e-02,-5.728719830513000488e-01
8.873164653778076172e-02,-1.039791256189346313e-01,-6.259610056877136230e-01
-3.856973350048065186e-02,1.042630672454833984e-01,-3.111883401870727539e-01
-3.806015849113464355e-02,-1.253377199172973633e-01,-5.708279013633728027e-01
-5.706083774566650391e-02,2.647135034203529358e-02,-5.343957543373107910e-01
1.327034458518028259e-02,-5.267810821533203125e-02,4.219036698341369629e-01
-5.202138423919677734e-02,-2.655254118144512177e-02,-5.159106254577636719e-01
-7.807707786560058594e-02,7.845206558704376221e-02,-5.281078815460205078e-01
-3.305065631866455078e-02,2.685820311307907104e-02,4.269723296165466309e-01
6.453633308410644531e-03,-1.642179042100906372e-01,2.204098403453826904e-01
-3.818773850798606873e-02,1.200789213180541992e-01,-4.946850538253784180e-01
-7.485866546630859375e-02,7.860774546861648560e-02,-4.895608425140380859e-01
1.329117733985185623e-02,5.009222030639648438e-02,4.031372070312500000e-01
-5.397105216979980469e-02,2.652112953364849091e-02,-5.153002738952636719e-01
1.221784111112356186e-02,1.833314895629882812e-01,1.050476077944040298e-02
-5.029392242431640625e-02,7.979593425989151001e-02,-2.841558754444122314e-01
-4.696798324584960938e-02,-2.663396485149860382e-02,-4.775323271751403809e-01
-5.088829994201660156e-02,-2.657080069184303284e-02,-3.026135265827178955e-01
-3.377139568328857422e-02,2.684658765792846680e-02,-2.677261233329772949e-01
-7.752907276153564453e-02,2.614156156778335571e-02,3.585610985755920410e-01
2.881312370300292969e-02,1.620498001575469971e-01,2.745208740234375000e-01
8.472204208374023438e-03,-1.640221774578094482e-01,1.819531172513961792e-01
-4.752600193023681641e-02,2.662497200071811676e-02,-4.773712158203125000e-01
2.417623996734619141e-02,1.081438437104225159e-01,3.024291992187500000e-02
-4.183709621429443359e-02,-2.671663463115692139e-02,-4.394403100013732910e-01
1.278093177825212479e-02,1.134318113327026367e-01,-6.354183554649353027e-01
-8.700847625732421875e-02,-7.802005857229232788e-02,-5.650701522827148438e-01
-7.357907295227050781e-02,7.866962999105453491e-02,-6.092742830514907837e-02
1.836812496185302734e-02,-1.630625873804092407e-01,6.790496408939361572e-02
1.339431293308734894e-02,-3.728950023651123047e-02,4.062655568122863770e-01
-3.816897422075271606e-02,1.208435297012329102e-01,-4.562649428844451904e-01
-3.706908226013183594e-02,2.679345756769180298e-02,-2.295129299163818359e-01
-7.323896884918212891e-02,7.868609577417373657e-02,-4.704315066337585449e-01
-8.033132553100585938e-02,-7.834301888942718506e-02,-5.273739695549011230e-01
-4.413414001464843750e-02,2.667962014675140381e-02,-4.585308730602264404e-01
-3.924632072448730469e-02,-2.675837464630603790e-02,-4.204858243465423584e-01
-9.650456905364990234e-02,7.756071537733078003e-02,2.807775735855102539e-01
-9.231916815042495728e-02,6.449925899505615234e-02,-6.807555910199880600e-03
-3.810026496648788452e-02,-1.236863136291503906e-01,-5.321996808052062988e-01
-2.529060840606689453e-02,-1.896703094244003296e-01,1.167297363281250000e-02
-5.194890499114990234e-02,7.971587777137756348e-02,-2.650805711746215820e-01
-2.369678020477294922e-02,1.353252977132797241e-01,1.612292379140853882e-01
-3.685796260833740234e-02,2.679685503244400024e-02,-4.210903942584991455e-01
-2.848029136657714844e-02,2.693183906376361847e-02,-3.839999437332153320e-01
9.237289428710937500e-03,-1.639479845762252808e-01,1.628530919551849365e-01
-3.401899337768554688e-02,-2.684259787201881409e-02,-3.827276527881622314e-01
6.120443344116210938e-03,-1.642502248287200928e-01,1.251635700464248657e-01
-7.699894905090332031e-02,-7.850421220064163208e-02,-5.086190700531005859e-01
4.919767379760742188e-02,-5.321023240685462952e-02,-3.601678311824798584e-01
-3.879579901695251465e-02,-9.493005275726318359e-02,4.671630635857582092e-02
1.291905157268047333e-02,9.625089168548583984e-02,-6.014096140861511230e-01
-3.855299949645996094e-02,1.341259926557540894e-01,3.106048405170440674e-01
3.016638755798339844e-02,1.619185656309127808e-01,2.362545728683471680e-01
6.526865810155868530e-02,-8.036684989929199219e-02,8.314910531044006348e-02
-6.997871398925781250e-02,7.884378731250762939e-02,-4.324313402175903320e-01
-6.529688835144042969e-02,-7.907024025917053223e-02,8.395263552665710449e-02
-5.365443229675292969e-02,-2.652622945606708527e-02,-2.645315527915954590e-01
9.866452217102050781e-02,-5.161576718091964722e-02,6.439392268657684326e-02
-3.870558738708496094e-02,2.676709182560443878e-02,-2.105523645877838135e-01
1.279511861503124237e-02,-1.116709709167480469e-01,2.959823608398437500e-01
-1.140987873077392578e-01,-2.555233985185623169e-02,2.955587804317474365e-01
5.393397808074951172e-02,-1.062247157096862793e-01,-3.026437163352966309e-01
6.399618089199066162e-02,1.119551658630371094e-01,-6.161581277847290039e-01
-7.034146785736083984e-02,-7.882624119520187378e-02,-4.712695181369781494e-01
-3.816082328557968140e-02,-1.211926937103271484e-01,-4.943362176418304443e-01
-5.991923809051513672e-02,-7.933036237955093384e-02,-2.824981510639190674e-01
-3.703927993774414062e-02,1.342481821775436401e-01,2.727789282798767090e-01
-1.030533313751220703e-01,2.573030628263950348e-02,8.192840218544006348e-02
7.984566688537597656e-02,-2.099799811840057373e-01,-9.742339700460433960e-02
-4.195523262023925781e-02,2.671473287045955658e-02,-1.728970259428024292e-01
3.322970867156982422e-02,7.947780318318109494e-07,-2.867599427700042725e-01
8.120465278625488281e-02,5.217855796217918396e-02,-6.060241535305976868e-02
2.596914768218994141e-02,1.623255759477615356e-01,3.134054541587829590e-01
-5.523145198822021484e-02,7.955710589885711670e-02,-2.272421270608901978e-01
4.518318176269531250e-02,-1.067894324660301208e-01,2.522921562194824219e-01
-3.816233947873115540e-02,1.211179494857788086e-01,-4.372839331626892090e-01
1.271086186170578003e-02,-1.221300363540649414e-01,-6.319348216056823730e-01
2.468121051788330078e-02,-1.624504476785659790e-01,3.031280450522899628e-02
-3.117358684539794922e-02,1.890040189027786255e-01,1.798156648874282837e-01
1.016041040420532227e-01,5.152101814746856689e-02,6.427581608295440674e-02
-3.323769569396972656e-02,-1.887702643871307373e-01,4.880767688155174255e-02
-6.368839740753173828e-02,-7.914803922176361084e-02,-4.341000318527221680e-01
-3.730092197656631470e-02,1.567766666412353516e-01,3.053891062736511230e-01
-6.668829917907714844e-02,7.900293916463851929e-02,-3.947387635707855225e-01
3.030574321746826172e-02,-1.077495068311691284e-01,1.230560243129730225e-01
1.172655820846557617e-01,7.547066047663975041e-07,2.949301004409790039e-01
