-1.848876848816871643e-02,-4.959965124726295471e-02,-6.746534109115600586e-01
4.203262180089950562e-02,2.678230828223604476e-07,5.768908262252807617e-01
1.989456415176391602e-01,9.686566144227981567e-02,-5.628234893083572388e-02
-1.410754173994064331e-01,-1.120609045028686523e-01,1.706826686859130859e-01
-8.848559856414794922e-02,-7.794860750436782837e-02,-2.775775194168090820e-01
1.125186234712600708e-01,1.507048606872558594e-01,2.716839611530303955e-01
6.365106999874114990e-02,1.205186843872070312e-01,-4.376769959926605225e-01
-8.108961582183837891e-02,7.830634713172912598e-02,-4.266662523150444031e-02
9.350848197937011719e-02,-5.178196355700492859e-02,1.182134971022605896e-01
-8.562856167554855347e-02,-1.830348968505859375e-01,-5.685119330883026123e-02
-6.476306915283203125e-02,2.634724974632263184e-02,3.613821268081665039e-01
6.384420394897460938e-02,1.157261133193969727e-01,-2.188058495521545410e-01
-1.099165678024291992e-01,-2.561972290277481079e-02,-4.785024821758270264e-01
-9.067066758871078491e-02,9.370207786560058594e-02,1.722525060176849365e-01
6.630567461252212524e-02,-5.463337898254394531e-02,-7.989685237407684326e-02
1.014765501022338867e-01,-5.152513086795806885e-02,3.164041042327880859e-01
1.266711298376321793e-02,1.275606155395507812e-01,-6.297597885131835938e-01
1.069548130035400391e-01,1.458726376295089722e-01,9.299224615097045898e-02
1.375943422317504883e-01,7.450130965480639134e-07,-6.257207989692687988e-01
6.823881715536117554e-02,-6.658077239990234375e-03,-3.303939700126647949e-01
7.238411903381347656e-02,5.246286094188690186e-02,4.363445937633514404e-01
-5.394864082336425781e-02,-7.961915433406829834e-02,4.795105010271072388e-02
-3.870493918657302856e-02,-9.868109226226806641e-02,2.801507413387298584e-01
8.922219276428222656e-03,-8.266019821166992188e-02,4.584394693374633789e-01
-4.031445831060409546e-02,3.209149837493896484e-02,-1.739538460969924927e-01
6.352414190769195557e-02,1.236639022827148438e-01,-7.654479891061782837e-02
-1.170465946197509766e-01,2.550484426319599152e-02,-6.137640476226806641e-01
1.393608655780553818e-02,3.000223636627197266e-02,-5.205578207969665527e-01
-3.863228857517242432e-02,-1.016750335693359375e-01,-1.488070636987686157e-01
1.188036203384399414e-01,5.096662789583206177e-02,1.871331781148910522e-01
-1.404534578323364258e-01,-7.543493807315826416e-02,3.450131118297576904e-01
-3.889345377683639526e-02,-9.088969230651855469e-02,-3.885488808155059814e-01
9.444975852966308594e-02,7.655860372324241325e-07,-1.854080110788345337e-01
1.079440116882324219e-01,5.131666362285614014e-02,1.103210449218750000e-02
1.278005540370941162e-02,1.135407686233520508e-01,3.321731388568878174e-01
-3.878054395318031311e-02,9.554111957550048828e-02,6.450500339269638062e-02
-1.073088645935058594e-01,-2.566173486411571503e-02,-9.498992562294006348e-02
-4.048284888267517090e-02,2.511227130889892578e-02,-3.073934912681579590e-01
1.261077448725700378e-02,1.345543861389160156e-01,2.027932703495025635e-01
-1.110904216766357422e-01,2.560080960392951965e-02,2.598208487033843994e-01
1.284471992403268814e-02,-1.055136919021606445e-01,1.707195937633514404e-01
-1.499913930892944336e-01,-1.251297295093536377e-01,1.077026315033435822e-02
-3.949362412095069885e-02,-6.603908538818359375e-02,-5.516625642776489258e-01
6.438700109720230103e-02,1.022568941116333008e-01,-3.301751613616943359e-01
1.300814561545848846e-02,-8.519077301025390625e-02,-2.411138862371444702e-01
1.026209592819213867e-01,5.148823186755180359e-02,3.346221745014190674e-01
2.241647243499755859e-02,2.775190025568008423e-02,-4.158413708209991455e-01
1.297212839126586914e-01,5.061471834778785706e-02,-2.702993750572204590e-01
-1.064668893814086914e-01,-2.567530423402786255e-02,1.172143518924713135e-01
7.730734348297119141e-02,1.047151982784271240e-01,-5.488372445106506348e-01
6.135986372828483582e-02,4.971206560730934143e-02,-6.723037958145141602e-01
6.490304321050643921e-02,-8.943963050842285156e-02,2.902862429618835449e-02
-4.100884869694709778e-02,3.362774848937988281e-03,4.547451734542846680e-01
1.316721178591251373e-02,-6.548106670379638672e-02,3.611883521080017090e-01
1.818733364343643188e-01,3.041100502014160156e-02,-1.231219470500946045e-01
-3.872932493686676025e-02,-9.765231609344482422e-02,-4.219299182295799255e-02
1.449543237686157227e-01,1.507879197597503662e-01,1.848052889108657837e-01
1.095720529556274414e-01,-5.126418918371200562e-02,2.240856885910034180e-01
9.071516990661621094e-02,-5.187199637293815613e-02,4.314303398132324219e-01
-1.506160497665405273e-01,-7.494337111711502075e-02,2.536208927631378174e-01
1.280014496296644211e-02,-1.110467910766601562e-01,-6.160305738449096680e-01
-9.589290618896484375e-02,2.584567666053771973e-02,2.889251708984375000e-02
-1.028517484664916992e-01,-2.573355659842491150e-02,-2.024224847555160522e-01
1.014313697814941406e-01,5.152658000588417053e-02,9.982482343912124634e-02
1.751227378845214844e-01,9.840300679206848145e-02,4.446166753768920898e-02
7.041213661432266235e-02,-7.603807002305984497e-02,5.217335224151611328e-01
1.288383454084396362e-02,1.006699800491333008e-01,-1.488619893789291382e-01
-9.298789501190185547e-02,-2.589247934520244598e-02,-3.691805899143218994e-01
1.273546926677227020e-02,1.190404891967773438e-01,-6.570129189640283585e-03
1.176344081759452820e-01,8.026182651519775391e-02,-1.511535644531250000e-01
1.095724478363990784e-01,2.806779377806378761e-07,5.228077173233032227e-01
-2.410697937011718750e-02,8.221182952183880843e-07,-6.032913327217102051e-01
-9.241521358489990234e-02,-6.280493736267089844e-02,-6.357235312461853027e-01
-1.012659072875976562e-02,-5.512242019176483154e-02,-4.737408459186553955e-01
9.832739830017089844e-02,5.162662267684936523e-02,-3.868408203125000000e-01
8.740973472595214844e-02,5.197854340076446533e-02,-4.854647815227508545e-01
-1.122072935104370117e-01,-1.281799972057342529e-01,-1.127209439873695374e-01
-7.144348323345184326e-02,8.969038724899291992e-02,3.101314306259155273e-01
-2.116378769278526306e-02,3.785984218120574951e-02,5.256296396255493164e-01
2.655148506164550781e-02,-5.394018441438674927e-02,-1.558364778757095337e-01
9.605834633111953735e-02,1.310152858495712280e-01,3.488891124725341797e-01
1.265526749193668365e-02,1.290313005447387695e-01,1.155435144901275635e-01
1.330994535237550735e-02,4.776251316070556641e-02,3.843551576137542725e-01
-4.060483351349830627e-02,2.006506919860839844e-02,-4.652712941169738770e-01
-2.078735269606113434e-02,-3.718644008040428162e-02,5.465178489685058594e-01
1.269292831420898438e-02,8.284258842468261719e-02,-2.754778861999511719e-01
2.106384187936782837e-02,-6.678458303213119507e-02,-3.193564414978027344e-01
-1.816892623901367188e-02,8.134981244802474976e-02,-5.683224201202392578e-01
1.274630799889564514e-02,1.177418231964111328e-01,-4.952877759933471680e-01
-8.915007114410400391e-02,2.595431916415691376e-02,-5.437716841697692871e-01
6.934785842895507812e-02,2.085804939270019531e-02,-6.026431322097778320e-01
1.290720794349908829e-02,-9.772121906280517578e-02,8.219420909881591797e-02
1.284647360444068909e-02,1.053076982498168945e-01,-3.849676549434661865e-01
6.461074203252792358e-02,-9.669756889343261719e-02,2.623529136180877686e-01
-1.426831483840942383e-01,-1.257197111845016479e-01,9.751464426517486572e-02
-1.098798513412475586e-01,-2.562031708657741547e-02,2.060098201036453247e-01
1.085426807403564453e-01,7.588660082546994090e-07,-4.189422354102134705e-02
-6.981567293405532837e-02,-4.384694620966911316e-02,3.397297859191894531e-01
6.453146785497665405e-02,9.866750240325927734e-02,4.663177207112312317e-02
6.796712428331375122e-02,-1.340985298156738281e-02,-2.520281970500946045e-01
1.304954290390014648e-01,7.483981221412250306e-07,2.745046913623809814e-01
-9.021473675966262817e-02,-1.017878055572509766e-01,2.254238873720169067e-01
-1.101192235946655273e-01,-2.561645954847335815e-02,-2.423004060983657837e-02
-3.854298591613769531e-02,8.036432415246963501e-02,-9.919402748346328735e-02
-3.811244294047355652e-02,1.231822967529296875e-01,2.578854262828826904e-01
1.425532102584838867e-01,1.005047857761383057e-01,1.321865767240524292e-01
-4.214324802160263062e-02,-1.179997697472572327e-01,-6.581232547760009766e-01
-6.498840451240539551e-02,1.677458733320236206e-02,-6.589261293411254883e-01
-9.189370274543762207e-02,7.203495502471923828e-02,1.017694100737571716e-01
1.444219350814819336e-01,1.003841757774353027e-01,2.371621578931808472e-01
-7.702314853668212891e-02,-7.850304245948791504e-02,-4.498904347419738770e-01
6.226658821105957031e-02,7.809321687091141939e-07,3.809689283370971680e-01
-4.075716063380241394e-02,1.376318931579589844e-02,-3.874438405036926270e-01
1.408351659774780273e-01,1.006156429648399353e-01,3.090951442718505859e-01
-8.534356951713562012e-02,-1.880837678909301758e-01,-1.240356415510177612e-01
8.178734779357910156e-02,7.716239451838191599e-07,-1.145080551505088806e-01
-1.223146915435791016e-01,-2.541996352374553680e-02,-5.718310475349426270e-01
1.200929880142211914e-01,7.533583925578568596e-07,6.349945068359375000e-02
6.154479924589395523e-03,2.386098168790340424e-02,-2.193714380264282227e-01
-7.158613204956054688e-02,2.623731270432472229e-02,-1.152447462081909180e-01
4.409790039062500000e-03,5.126839876174926758e-02,-6.401695013046264648e-01
-3.859741240739822388e-02,-1.031179428100585938e-01,-3.114117383956909180e-01
6.368769705295562744e-02,1.196099519729614258e-01,2.406399548053741455e-01
-8.850693702697753906e-02,-1.320425271987915039e-01,-6.526183802634477615e-03
1.605969220399856567e-01,5.558734387159347534e-02,-2.451264858245849609e-02
-1.194111108779907227e-01,2.546674758195877075e-02,1.692480444908142090e-01
6.372630596160888672e-02,1.186472177505493164e-01,1.517266780138015747e-01
-9.057489782571792603e-02,-9.540724754333496094e-02,1.361215114593505859e-01
-5.463433265686035156e-02,2.651043608784675598e-02,-2.457003742456436157e-01
1.191653534770011902e-01,5.918180942535400391e-02,-6.377932429313659668e-01
7.198357582092285156e-02,1.050587594509124756e-01,-6.117599606513977051e-01
-9.684941917657852173e-02,-1.576280593872070312e-02,-2.760882377624511719e-01
1.290914881974458694e-02,-9.748029708862304688e-02,-6.659850943833589554e-03
-9.030134230852127075e-02,-1.002533435821533203e-01,3.169857859611511230e-01
1.204731464385986328e-01,7.531771188951097429e-07,1.514285206794738770e-01
2.239285856485366821e-01,7.502102851867675781e-02,-1.160736083984375000e-01
-3.794162720441818237e-02,1.302419900894165039e-01,1.505358815193176270e-01
9.879970550537109375e-02,1.033282727003097534e-01,-2.760519385337829590e-01
-5.900025367736816406e-03,8.194325864315032959e-02,-4.494308233261108398e-01
7.005045562982559204e-02,3.829276561737060547e-02,-5.445550680160522461e-01
-9.136500954627990723e-02,8.140301704406738281e-02,2.466497719287872314e-01
9.603953361511230469e-02,-5.170037597417831421e-02,-6.669006310403347015e-03
-9.172798693180084229e-02,-7.497966289520263672e-02,-1.697009205818176270e-01
2.717089653015136719e-02,2.782849781215190887e-02,-3.566784560680389404e-01
1.310106087476015091e-02,-7.370460033416748047e-02,-9.698455780744552612e-02
-3.857053816318511963e-02,-1.042494773864746094e-01,-2.202764898538589478e-01
6.815910339355468750e-03,8.255831897258758545e-02,-2.165466248989105225e-01
1.946449279785156250e-03,-5.473326519131660461e-02,-4.101189970970153809e-01
1.172718107700347900e-01,8.525431156158447266e-02,-2.234204113483428955e-01
-1.348677873611450195e-01,-1.263506561517715454e-01,-5.875366181135177612e-02
-1.684427261352539062e-02,-2.711932547390460968e-02,4.113012552261352539e-01
-9.816491603851318359e-02,2.580906823277473450e-02,-5.994415283203125000e-02
-1.021707132458686829e-01,3.653906901490699966e-07,3.109060525894165039e-01
-8.988583087921142578e-02,-7.788087427616119385e-02,-6.031646579504013062e-02
6.486536562442779541e-02,-9.036993980407714844e-02,1.905538886785507202e-01
2.010226249694824219e-03,-5.473121628165245056e-02,-6.156750321388244629e-01
1.096963882446289062e-01,7.583158776469645090e-07,-2.917843461036682129e-01
1.658784002065658569e-01,1.217712163925170898e-01,-6.594848353415727615e-03
1.281887013465166092e-02,-1.087343692779541016e-01,2.421075403690338135e-01
-9.213332086801528931e-02,-6.779181957244873047e-02,-5.117205977439880371e-01
-3.885693848133087158e-02,-9.238076210021972656e-02,-6.030175685882568359e-01
1.320737786591053009e-02,6.049478054046630859e-02,4.393182396888732910e-01
1.067398041486740112e-01,1.649268157780170441e-02,-6.763935089111328125e-01
1.289409771561622620e-02,-9.934866428375244141e-02,3.166711330413818359e-01
-1.536458730697631836e-01,-7.479682564735412598e-02,1.311257928609848022e-01
-8.765852451324462891e-02,-2.597834728658199310e-02,6.481140106916427612e-02
-1.113217175006866455e-01,-1.675060205161571503e-02,-6.603894233703613281e-01
1.244738101959228516e-01,5.078385770320892334e-02,-3.254888951778411865e-01
-3.869498893618583679e-02,-9.908092021942138672e-02,1.894241273403167725e-01
-3.904568403959274292e-02,-8.456349372863769531e-02,1.008550971746444702e-01
-1.017420291900634766e-01,-2.575143426656723022e-02,-4.235647618770599365e-01
1.185113340616226196e-01,6.818974018096923828e-02,-9.756652265787124634e-02
6.383013725280761719e-02,1.160751581192016602e-01,2.953915297985076904e-01
-3.849954158067703247e-02,1.071790456771850586e-01,1.103485096246004105e-02
-9.223067760467529297e-02,-6.607389450073242188e-02,1.133453380316495895e-02
1.773239113390445709e-02,-7.493606209754943848e-02,5.388569831848144531e-01
6.367748230695724487e-02,1.198633909225463867e-01,-1.471899449825286865e-01
1.283219829201698303e-02,1.070798635482788086e-01,-9.499420225620269775e-02
8.895790576934814453e-02,1.444197595119476318e-01,1.921581923961639404e-01
6.513958424329757690e-02,-8.356988430023193359e-02,8.298461884260177612e-02
1.063792705535888672e-01,-5.136709660291671753e-02,4.639343172311782837e-02
1.263159699738025665e-02,1.319812536239624023e-01,2.742538452148437500e-01
1.270777080208063126e-02,1.225137710571289062e-01,-5.520043969154357910e-01
-9.606516361236572266e-02,-1.159045323729515076e-01,7.233733683824539185e-02
1.241317987442016602e-01,5.079487338662147522e-02,2.577886879444122314e-01
8.092071115970611572e-02,-3.684068471193313599e-02,5.570741891860961914e-01
-8.974683284759521484e-02,-7.788760215044021606e-02,-1.140780597925186157e-01
-1.289355754852294922e-01,-1.779319196939468384e-01,-9.428679943084716797e-02
-1.051193475723266602e-01,-2.569701895117759705e-02,-1.484622210264205933e-01
1.281103305518627167e-02,1.096951961517333984e-01,6.391937285661697388e-02
1.034386157989501953e-01,-5.146188661456108093e-02,1.710250824689865112e-01
1.026308536529541016e-01,7.616849870828446001e-07,4.280135929584503174e-01
-3.868028149008750916e-02,-9.968936443328857422e-02,-9.545959532260894775e-02
6.441117823123931885e-02,1.016570329666137695e-01,9.983978420495986938e-02
-1.380078792572021484e-01,-7.555323094129562378e-02,8.021850138902664185e-02
1.301508545875549316e-01,9.208071231842041016e-02,7.221679389476776123e-02
1.436193883419036865e-01,1.410919576883316040e-01,4.772663116455078125e-02
6.365238875150680542e-02,1.204859018325805664e-01,-3.816003203392028809e-01
1.269546747207641602e-01,7.500864853682287503e-07,2.215213030576705933e-01
-9.178222715854644775e-02,-7.401847839355468750e-02,-2.247412055730819702e-01
-3.839556500315666199e-02,1.114609241485595703e-01,-4.182952642440795898e-02
8.219623565673828125e-02,1.043997108936309814e-01,-4.877938628196716309e-01
6.341771781444549561e-02,1.263047456741333008e-01,-2.399963326752185822e-02
1.117502450942993164e-01,7.573365223834116478e-07,3.325372338294982910e-01
2.166038751602172852e-01,4.781423509120941162e-02,-7.201080024242401123e-02
-4.052910581231117249e-02,2.321088314056396484e-02,-5.250152349472045898e-01
1.612758636474609375e-02,8.300872892141342163e-02,-3.349594175815582275e-01
1.171987056732177734e-01,7.547384939243784174e-07,1.096252445131540298e-02
-3.935297578573226929e-02,7.185018062591552734e-02,3.598742485046386719e-01
6.596923619508743286e-02,8.755769580602645874e-02,3.432033061981201172e-01
6.960829347372055054e-02,2.732050418853759766e-02,-4.376379251480102539e-01
-1.276919543743133545e-01,-1.675689667463302612e-01,-2.806186676025390625e-02
1.393024250864982605e-02,2.922558784484863281e-02,-5.836746096611022949e-01
-1.135721206665039062e-01,2.556082233786582947e-02,1.166918948292732239e-01
-1.057865619659423828e-01,-2.568626776337623596e-02,2.606881558895111084e-01
1.115784049034118652e-01,1.636481285095214844e-01,1.476773023605346680e-01
6.843399256467819214e-02,3.697005659341812134e-02,5.530861616134643555e-01
-3.801458328962326050e-02,1.272428035736083984e-01,2.037933319807052612e-01
-7.513797283172607422e-02,-7.859423011541366577e-02,-3.547384440898895264e-01
1.693077385425567627e-01,8.914315700531005859e-02,-9.658996015787124634e-02
-9.222968667745590210e-02,-6.609189510345458984e-02,-5.726394653320312500e-01
1.449651718139648438e-01,1.003491282463073730e-01,1.843240261077880859e-01
1.520460844039916992e-01,1.501002609729766846e-01,1.143810972571372986e-01
4.918551445007324219e-02,-5.321061611175537109e-02,4.035552740097045898e-01
-1.540158987045288086e-01,-7.477891445159912109e-02,2.004998773336410522e-01
4.302368033677339554e-03,-1.165195703506469727e-01,-6.711826324462890625e-01
6.516583263874053955e-02,-8.291828632354736328e-02,3.201708793640136719e-01
2.722961455583572388e-02,8.323366194963455200e-02,-6.689953804016113281e-01
4.164367541670799255e-02,-2.548518776893615723e-02,-1.184107065200805664e-01
6.509032845497131348e-02,-8.479189872741699219e-02,1.369152814149856567e-01
1.738388091325759888e-02,3.675145283341407776e-02,5.599656105041503906e-01
-1.960357651114463806e-02,8.758907765150070190e-02,-6.150205135345458984e-01
-7.566738128662109375e-02,7.856862246990203857e-02,1.126312185078859329e-02
-1.087117195129394531e-02,8.158069704222725704e-07,-4.331185817718505859e-01
9.848833084106445312e-03,2.754940837621688843e-02,-3.137588500976562500e-01
-8.296203799545764923e-03,-1.929672248661518097e-02,-5.029032230377197266e-01
2.922177314758300781e-02,-5.385411158204078674e-02,-2.118368446826934814e-01
-1.204061508178710938e-02,8.164623379707336426e-02,-5.084841847419738770e-01
-1.431545317173004150e-01,-8.865833282470703125e-02,3.014434874057769775e-01
-6.401245296001434326e-02,-4.955060034990310669e-02,-6.756244897842407227e-01
3.182899951934814453e-02,-5.377007275819778442e-02,-2.681427001953125000e-01
2.094207704067230225e-02,-2.214026823639869690e-02,-3.262888193130493164e-01
1.300158798694610596e-01,9.022212028503417969e-02,1.243164017796516418e-02
-9.248259663581848145e-02,-6.161105632781982422e-02,-3.961327970027923584e-01
2.012884616851806641e-02,2.771503664553165436e-02,-4.763259887695312500e-01
1.721939072012901306e-02,-3.640389442443847656e-02,5.707467794418334961e-01
-1.981568336486816406e-02,8.200720458262367174e-07,-5.593286156654357910e-01
2.768920920789241791e-02,-8.463758230209350586e-02,-6.516050100326538086e-01
1.013039350509643555e-01,1.031666547060012817e-01,-1.850003004074096680e-01
9.780792146921157837e-02,-1.692946814000606537e-02,-6.492741107940673828e-01
-9.892242401838302612e-02,-8.661781996488571167e-02,3.577895164489746094e-01
5.478210281580686569e-03,-2.123814821243286133e-02,-3.821240663528442383e-01
6.540952622890472412e-02,-7.687115669250488281e-02,-2.475341781973838806e-02
1.242406368255615234e-01,5.079137533903121948e-02,-1.820620745420455933e-01
-3.931174799799919128e-02,-7.357597351074218750e-02,-5.092455744743347168e-01
-7.942352443933486938e-03,2.745753988619981101e-07,5.639677047729492188e-01
-4.031039029359817505e-02,-3.223919868469238281e-02,3.686297535896301270e-01
6.942106783390045166e-02,2.267467975616455078e-02,-3.759588599205017090e-01
5.104644596576690674e-02,1.694927737116813660e-02,-6.480786800384521484e-01
-9.404420852661132812e-03,2.723919972777366638e-02,4.131191968917846680e-01
-1.142538413405418396e-01,-4.345836117863655090e-02,3.517876863479614258e-01
1.016874313354492188e-01,1.031419187784194946e-01,-1.133349612355232239e-01
9.746837615966796875e-02,5.165432393550872803e-02,-6.012457013130187988e-01
5.570373497903347015e-03,8.631938695907592773e-02,3.624160289764404297e-01
-3.889980167150497437e-02,-9.061908721923828125e-02,1.114959735423326492e-02
1.315786410123109818e-02,-6.664097309112548828e-02,4.183276295661926270e-01
-3.900044411420822144e-02,-8.646357059478759766e-02,3.193032741546630859e-01
-7.814204692840576172e-02,-1.147479116916656494e-01,-4.690582305192947388e-02
-4.152282699942588806e-02,-1.664365641772747040e-02,-6.671195030212402344e-01
1.134157180786132812e-01,-5.114029347896575928e-02,2.776361107826232910e-01
1.290422677993774414e-01,1.013766527175903320e-01,3.478536903858184814e-01
-9.536202996969223022e-02,1.059103012084960938e-02,-4.887545704841613770e-01
-1.418067812919616699e-01,-1.038287878036499023e-01,2.256634533405303955e-01
8.837139606475830078e-02,1.040012314915657043e-01,-4.088433682918548584e-01
1.304178219288587570e-02,-8.105111122131347656e-02,-1.869610548019409180e-01
2.005773931741714478e-01,5.595627054572105408e-02,-3.600132465362548828e-02
-9.167516231536865234e-02,-1.156212314963340759e-01,3.233367949724197388e-02
-4.115600511431694031e-02,-8.239640295505523682e-02,-6.793555021286010742e-01
-3.839077055454254150e-02,1.116870641708374023e-01,3.143118321895599365e-01
-9.838736057281494141e-02,7.746965438127517700e-02,2.077142298221588135e-01
-3.901466354727745056e-02,-8.585536479949951172e-02,-4.278442263603210449e-01
-3.830768167972564697e-02,1.150969266891479492e-01,9.894897043704986572e-02
-1.385818868875503540e-01,-1.401278972625732422e-01,4.556640610098838806e-02
1.024533510208129883e-01,7.617696269335283432e-07,-2.385287433862686157e-01
7.397704571485519409e-02,8.412234485149383545e-02,-6.579709053039550781e-01
-6.208789348602294922e-02,-1.708641350269317627e-01,-8.589629828929901123e-02
1.298732869327068329e-02,-8.781075477600097656e-02,-6.032592803239822388e-02
-1.240867376327514648e-01,-2.539141289889812469e-02,-6.110345125198364258e-01
-3.392181172966957092e-02,2.830675782661273843e-07,5.346279144287109375e-01
-9.505581855773925781e-02,2.585916779935359955e-02,8.233886212110519409e-02
6.402565538883209229e-02,1.112236976623535156e-01,-2.917407155036926270e-01
-8.166623115539550781e-02,-7.827846705913543701e-02,-3.158715665340423584e-01
1.816324889659881592e-01,2.811932563781738281e-02,-8.430907875299453735e-02
6.821992248296737671e-02,-7.131457328796386719e-03,-1.576910316944122314e-01
-3.915324062108993530e-02,-8.012175559997558594e-02,-4.680309891700744629e-01
1.268516108393669128e-02,1.252856254577636719e-01,-5.905215144157409668e-01
-4.089878872036933899e-02,7.903575897216796875e-03,-3.494918644428253174e-01
-8.529174327850341797e-02,4.402482509613037109e-02,3.342391252517700195e-01
1.340652704238891602e-01,1.518437862396240234e-01,2.215545624494552612e-01
-6.034338474273681641e-02,2.641845680773258209e-02,-2.078100591897964478e-01
-9.486937522888183594e-02,-2.586216665804386139e-02,-3.129693567752838135e-01
-9.595958143472671509e-02,5.125999450683593750e-06,-4.511852860450744629e-01
6.787148118019104004e-02,-1.577329635620117188e-02,-2.899984717369079590e-01
1.074913740158081055e-01,7.593673103656328749e-07,9.939483553171157837e-02
-9.651785343885421753e-02,-9.876370429992675781e-03,-2.363369762897491455e-01
9.627664089202880859e-02,7.647149118383822497e-07,-7.781158387660980225e-02
-1.175397634506225586e-01,-2.549690008163452148e-02,-5.341879129409790039e-01
6.806550920009613037e-02,-1.096332073211669922e-02,-2.142144739627838135e-01
-1.012238264083862305e-01,2.575978450477123260e-02,-5.794754028320312500e-01
-9.530209004878997803e-02,-1.166212558746337891e-02,3.045410104095935822e-02
-4.027963057160377502e-02,3.351986408233642578e-02,-1.365383863449096680e-01
-1.791954040527343750e-03,8.214197307825088501e-02,-4.104226529598236084e-01
1.277572754770517349e-02,1.140898466110229492e-01,-4.580975174903869629e-01
-3.892023861408233643e-02,-8.977365493774414062e-02,-3.512353301048278809e-01
8.047683537006378174e-02,2.711493038987100590e-07,5.627835988998413086e-01
-3.852508962154388428e-02,-1.061300039291381836e-01,-2.742981016635894775e-01
-2.039432525634765625e-03,8.212999254465103149e-02,-1.202914416790008545e-01
-3.874512761831283569e-02,-9.700644016265869141e-02,1.358096301555633545e-01
-9.392741322517395020e-02,3.600656986236572266e-02,-6.461291313171386719e-01
8.680570125579833984e-02,-5.199801921844482422e-02,-4.248840361833572388e-02
1.338430587202310562e-02,-3.853178024291992188e-02,3.865026831626892090e-01
4.752635955810546875e-03,-5.464283004403114319e-02,-3.502221703529357910e-01
-9.024809300899505615e-02,-1.011966466903686523e-01,2.800741493701934814e-01
1.128729432821273804e-01,1.458234786987304688e-01,3.082763552665710449e-01
-7.255248725414276123e-03,8.429203182458877563e-02,-6.558728218078613281e-01
1.140581369400024414e-01,5.111958459019660950e-02,1.343954503536224365e-01
-1.144585609436035156e-01,2.554654143750667572e-02,2.233102321624755859e-01
-1.405489295721054077e-01,-1.179827451705932617e-01,1.345208734273910522e-01
1.276581268757581711e-02,1.153087615966796875e-01,-5.929687246680259705e-02
1.213818788528442383e-01,5.088352039456367493e-02,2.943157851696014404e-01
1.087682247161865234e-01,5.129009112715721130e-02,6.398773193359375000e-02
-3.868882730603218079e-02,-9.934794902801513672e-02,2.435986250638961792e-01
9.404015541076660156e-02,5.176482722163200378e-02,-4.257714748382568359e-01
-8.855560421943664551e-02,-1.666177660226821899e-01,-1.825416088104248047e-02
9.902858734130859375e-02,-5.160403251647949219e-02,8.216705173254013062e-02
1.298691704869270325e-02,-8.786177635192871094e-02,-2.773696780204772949e-01
6.393299996852874756e-02,1.135228872299194336e-01,-2.550857365131378174e-01
1.285785995423793793e-02,-1.038471460342407227e-01,4.644470289349555969e-02
3.191936016082763672e-02,-1.076453775167465210e-01,2.732989490032196045e-01
8.869922161102294922e-02,1.443988680839538574e-01,2.324606329202651978e-01
-3.578758239746093750e-02,-5.594955757260322571e-02,-5.861749053001403809e-01
-1.125533580780029297e-01,-2.557724155485630035e-02,1.699822992086410522e-01
-9.179037064313888550e-02,7.386577129364013672e-02,2.848620414733886719e-01
1.872497797012329102e-01,9.762042015790939331e-02,1.049896236509084702e-02
-1.019660234451293945e-01,2.574782632291316986e-02,-6.641845684498548508e-03
-9.023307263851165771e-02,-1.014558076858520508e-01,1.893890351057052612e-01
6.473426520824432373e-02,-9.362781047821044922e-02,2.263983041048049927e-01
-9.072586148977279663e-02,9.272611141204833984e-02,1.363491863012313843e-01
1.429877281188964844e-01,1.004767119884490967e-01,2.728863358497619629e-01
-8.988797664642333984e-02,-7.788076996803283691e-02,-2.456390298902988434e-02
6.725098192691802979e-02,3.118824958801269531e-02,4.080740213394165039e-01
6.369844824075698853e-02,1.193431615829467773e-01,-5.144879221916198730e-01
6.375890225172042847e-02,1.178383827209472656e-01,-1.828552186489105225e-01
6.369892507791519165e-02,1.193314790725708008e-01,2.049249261617660522e-01
-3.860121592879295349e-02,-1.029723882675170898e-01,-1.844775378704071045e-01
1.283144298940896988e-02,-1.071616411209106445e-01,2.063418477773666382e-01
1.133735179901123047e-01,5.114165693521499634e-02,-2.418975718319416046e-02
1.290149055421352386e-02,-9.846627712249755859e-02,1.177914366126060486e-01
1.262080017477273941e-02,1.333216428756713867e-01,2.383663952350616455e-01
3.145933151245117188e-03,8.238080888986587524e-02,-1.777847260236740112e-01
-6.530117988586425781e-02,7.907003164291381836e-02,4.762023687362670898e-02
1.275733709335327148e-01,5.068395659327507019e-02,-2.348998934030532837e-01
4.250488243997097015e-03,-8.231201767921447754e-02,-6.803766489028930664e-01
1.277208980172872543e-02,1.145296096801757812e-01,2.855407632887363434e-02
1.214722394943237305e-01,5.088060721755027771e-02,2.224090546369552612e-01
-8.478789776563644409e-02,3.436548468016553670e-07,3.416829109191894531e-01
-1.087288856506347656e-01,-2.563885785639286041e-02,-5.954894796013832092e-02
1.260155998170375824e-02,1.356984376907348633e-01,1.674877852201461792e-01
-4.089476168155670166e-02,8.070349693298339844e-03,-6.346423029899597168e-01
6.359908729791641235e-02,1.218042373657226562e-01,-1.117669641971588135e-01
1.676682680845260620e-01,1.047416925430297852e-01,-4.222564771771430969e-02
1.237201690673828125e-01,7.516288178521790542e-07,1.864544600248336792e-01
6.357365101575851440e-02,1.224399805068969727e-01,1.093505788594484329e-02
-4.067464917898178101e-02,1.718938350677490234e-02,-4.261395037174224854e-01
-1.442853212356567383e-01,-1.255903840065002441e-01,-2.378326281905174255e-02
1.307666953653097153e-02,-7.672035694122314453e-02,-1.329644769430160522e-01
-1.059683561325073242e-01,-1.165436133742332458e-01,1.129519641399383545e-01
-7.217109203338623047e-02,2.622788585722446442e-02,-5.096026659011840820e-01
-1.314592361450195312e-02,8.168916565409745090e-07,-4.743304252624511719e-01
1.528824567794799805e-01,1.500191688537597656e-01,1.490173339843750000e-01
9.592010080814361572e-02,4.979018494486808777e-02,-6.706546545028686523e-01
-7.551909983158111572e-02,-1.654211990535259247e-02,-6.733405590057373047e-01
-9.610576182603836060e-02,-2.583265304565429688e-03,-1.778005957603454590e-01
-1.559499502182006836e-01,-7.468537986278533936e-02,1.655071973800659180e-01
-6.528442353010177612e-02,7.847573608160018921e-02,-7.762920856475830078e-02
-6.897473335266113281e-02,-7.889235019683837891e-02,-6.123336553573608398e-01
6.549903005361557007e-02,-7.464551925659179688e-02,4.358657598495483398e-01
1.410744190216064453e-01,1.511641442775726318e-01,8.034271001815795898e-02
9.130918979644775391e-02,1.038116440176963806e-01,-3.702868521213531494e-01
-4.049624502658843994e-02,2.457034587860107422e-02,-5.864294171333312988e-01
1.139341592788696289e-01,1.312137842178344727e-01,6.321838498115539551e-02
-9.564610570669174194e-02,5.560398101806640625e-03,-1.012060493230819702e-01
7.900810241699218750e-02,5.224935710430145264e-02,3.583734035491943359e-01
-1.238029003143310547e-01,-1.785132586956024170e-01,-5.935424566268920898e-02
7.802306860685348511e-02,-2.590641938149929047e-02,-9.217238426208496094e-02
1.280871499329805374e-02,1.099829673767089844e-01,-4.213393926620483398e-01
-8.497157692909240723e-02,-1.946738958358764648e-01,-8.991058170795440674e-02
1.175179183483123779e-01,8.186841011047363281e-02,-3.162942528724670410e-01
8.210062980651855469e-03,-5.453137308359146118e-02,-6.562191843986511230e-01
-1.164404302835464478e-01,-1.781682223081588745e-01,-1.268595457077026367e-01
-6.912875175476074219e-02,-7.888489216566085815e-02,-4.912869036197662354e-01
1.274383515119552612e-01,1.321467310190200806e-01,3.372108936309814453e-01
-1.079344749450683594e-01,-1.166704744100570679e-01,1.534463465213775635e-01
3.970947116613388062e-02,1.194307282567024231e-01,-6.454752683639526367e-01
-3.861114382743835449e-02,4.275036230683326721e-02,3.737709522247314453e-01
1.248536184430122375e-01,1.914417743682861328e-02,-6.031390428543090820e-01
-6.744289398193359375e-02,2.630407363176345825e-02,-1.519695967435836792e-01
-1.011257544159889221e-01,-9.150779247283935547e-02,5.221038684248924255e-02
-9.265592694282531738e-02,5.853354930877685547e-02,-6.832275073975324631e-03
9.147465229034423828e-02,1.446229070425033569e-01,1.321856677532196045e-01
-3.795766830444335938e-02,-2.677914127707481384e-02,4.454005360603332520e-01
4.315917938947677612e-02,-7.920883595943450928e-02,-6.261241436004638672e-02
1.986193805932998657e-01,7.572366297245025635e-02,-1.344922780990600586e-01
9.801879525184631348e-02,-2.648000232875347137e-02,-5.662393569946289062e-02
9.124326705932617188e-02,1.038158982992172241e-01,-3.142880201339721680e-01
6.378401815891265869e-02,1.172198057174682617e-01,-5.740686058998107910e-01
-1.038708463311195374e-01,4.549898579716682434e-02,2.884950637817382812e-01
1.650144755840301514e-01,1.299908161163330078e-01,2.843048050999641418e-02
2.739379741251468658e-02,5.027480423450469971e-02,-6.607300043106079102e-01
-9.296857565641403198e-02,-5.299460887908935547e-02,1.213247627019882202e-01
2.299436330795288086e-01,4.738426208496093750e-02,-1.040780618786811829e-01
1.863292008638381958e-01,7.280540466308593750e-02,-7.407836616039276123e-03
-1.372142881155014038e-01,-1.555216312408447266e-01,-7.523223757743835449e-02
9.576079994440078735e-02,8.714782446622848511e-02,3.495593070983886719e-01
-9.586635231971740723e-02,1.658558845520019531e-03,-1.393295228481292725e-01
-9.482421912252902985e-03,-8.817324787378311157e-02,3.337496519088745117e-01
6.984855234622955322e-02,3.328776359558105469e-02,-5.010583400726318359e-01
3.537658601999282837e-02,8.654025197029113770e-02,3.589607477188110352e-01
1.219424009323120117e-01,5.086545273661613464e-02,-1.469534337520599365e-01
-5.347015336155891418e-02,3.314561070055788150e-07,3.699055910110473633e-01
1.171790063381195068e-01,8.653485774993896484e-02,-2.598974406719207764e-01
1.118020787835121155e-01,1.605684757232666016e-01,1.825753748416900635e-01
1.001696586608886719e-01,1.032398566603660583e-01,-2.393664568662643433e-01
-5.499694868922233582e-02,8.811964094638824463e-02,3.344948291778564453e-01
-6.498779356479644775e-02,-8.378475904464721680e-02,-6.621390581130981445e-01
1.901199817657470703e-01,9.743519872426986694e-02,-2.305572479963302612e-02
1.428072452545166016e-01,1.004883944988250732e-01,9.739257395267486572e-02
7.307861000299453735e-02,1.663759164512157440e-02,-6.674326658248901367e-01
5.483917146921157837e-02,-3.641176596283912659e-02,5.704168081283569336e-01
2.473247051239013672e-02,-5.399882048368453979e-02,-1.186068728566169739e-01
1.208653524518013000e-01,-3.577387332916259766e-02,2.538668811321258545e-01
9.316456317901611328e-02,7.661988661311625037e-07,3.550592064857482910e-01
1.057500839233398438e-01,5.138738080859184265e-02,-3.478292822837829590e-01
-9.214493632316589355e-02,-6.758594512939453125e-02,-4.722656011581420898e-01
8.533120155334472656e-02,1.041974127292633057e-01,-4.479946792125701904e-01
-3.432266041636466980e-02,-3.800231963396072388e-02,5.210677385330200195e-01
-1.008483171463012695e-01,-2.576583251357078552e-02,2.980279326438903809e-01
-1.115859970450401306e-01,1.679032668471336365e-02,-6.579242944717407227e-01
2.332687377929687500e-03,8.234146982431411743e-02,-3.716515898704528809e-01
1.251761764287948608e-01,2.358293533325195312e-02,-2.776351869106292725e-01
7.814598083496093750e-02,5.227713286876678467e-02,-5.678060650825500488e-01
-1.375137120485305786e-01,-1.521512269973754883e-01,-6.457519251853227615e-03
-1.934194564819335938e-02,-5.541946738958358765e-02,-5.176019072532653809e-01
4.536998271942138672e-02,-5.333361402153968811e-02,-9.872253239154815674e-02
-9.461283683776855469e-03,8.151346833074057940e-07,-3.926653861999511719e-01
-9.537114948034286499e-02,-1.043844223022460938e-02,8.680664002895355225e-02
1.016272306442260742e-01,1.031457856297492981e-01,-1.490774452686309814e-01
6.584820896387100220e-02,-6.598520278930664062e-02,3.423971533775329590e-01
1.648243069648742676e-01,1.318002939224243164e-01,6.337585300207138062e-02
-3.872167691588401794e-02,9.798848628997802734e-02,-7.775115966796875000e-02
1.213219314813613892e-01,-2.948725223541259766e-02,2.929406762123107910e-01
-8.802276104688644409e-02,-5.020988732576370239e-02,-6.619843244552612305e-01
6.436420977115631104e-02,1.028223037719726562e-01,-6.401659846305847168e-01
-3.810297697782516479e-02,-1.235741376876831055e-01,-6.315203905105590820e-01
-3.982711583375930786e-02,5.224180221557617188e-02,-1.166326850652694702e-01
6.366678327322006226e-02,1.201287508010864258e-01,-4.757537841796875000e-01
1.227592378854751587e-01,-9.696602821350097656e-03,-6.570281982421875000e-01
4.821929708123207092e-02,2.076096460223197937e-02,-4.115701913833618164e-01
-4.040475189685821533e-02,2.834331989288330078e-02,-2.686419486999511719e-01
-9.737804532051086426e-02,-2.512407302856445312e-02,-3.968939185142517090e-01
1.398646924644708633e-02,3.621804714202880859e-02,-3.786193728446960449e-01
1.827199012041091919e-01,3.846490383148193359e-02,-4.601623490452766418e-02
-7.322382926940917969e-02,7.868681848049163818e-02,8.354552835226058960e-02
6.848437339067459106e-02,-5.693435668945312500e-04,-6.377868652343750000e-01
-3.937173634767532349e-02,-7.108211517333984375e-02,3.411517143249511719e-01
-9.937870502471923828e-02,2.578951045870780945e-02,3.166961669921875000e-01
-3.124463558197021484e-02,2.688730508089065552e-02,4.471995532512664795e-01
-7.858467102050781250e-02,-7.842751592397689819e-02,-4.109521508216857910e-01
-1.036577224731445312e-01,7.721474766731262207e-02,1.532195955514907837e-01
8.284282684326171875e-02,5.212574824690818787e-02,-5.262145996093750000e-01
1.203796938061714172e-01,4.246103763580322266e-02,-6.655691266059875488e-01
1.122042462229728699e-01,1.550308465957641602e-01,2.356750369071960449e-01
1.117650419473648071e-01,1.610809564590454102e-01,1.134805306792259216e-01
4.341232031583786011e-02,-7.471557706594467163e-02,5.422272682189941406e-01
1.308987438678741455e-01,1.664091832935810089e-02,-6.671891212463378906e-01
-9.408192336559295654e-02,3.326559066772460938e-02,-6.049898862838745117e-01
1.274020876735448837e-02,1.184870004653930664e-01,-6.538223028182983398e-01
1.174137443304061890e-01,8.330273628234863281e-02,-1.871868818998336792e-01
-1.044261455535888672e-01,-2.570818364620208740e-02,1.105224620550870895e-02
-9.224193543195724487e-02,-6.587457656860351562e-02,-4.337033033370971680e-01
1.298128440976142883e-02,8.852529525756835938e-02,-2.406161427497863770e-01
-1.423969566822052002e-01,-9.718143939971923828e-02,2.630932629108428955e-01
5.109417438507080078e-02,5.314910411834716797e-02,4.225152432918548584e-01
4.259811341762542725e-02,3.667605668306350708e-02,5.622371435165405273e-01
-1.497246026992797852e-01,-1.251512914896011353e-01,6.251098215579986572e-02
1.717178337275981903e-02,2.686586242361954646e-07,5.750038623809814453e-01
1.395779941231012344e-02,3.265917301177978516e-02,-4.386486709117889404e-01
-1.615118980407714844e-02,8.183246791304554790e-07,-5.163729786872863770e-01
-8.214163780212402344e-02,-2.606723271310329437e-02,-3.341042995452880859e-01
1.302946358919143677e-01,9.406316280364990234e-02,1.523532122373580933e-01
8.546328544616699219e-02,-5.204127356410026550e-02,3.382165431976318359e-01
2.762627601623535156e-02,-8.356490731239318848e-02,4.429739415645599365e-01
7.030200958251953125e-02,4.454004764556884766e-02,-5.893026590347290039e-01
1.217737570405006409e-01,-2.326571941375732422e-02,2.177749574184417725e-01
9.136044979095458984e-02,7.670591344322019722e-07,-3.321572840213775635e-01
9.334015846252441406e-02,1.447735279798507690e-01,2.941653430461883545e-01
-3.896130621433258057e-02,-8.806264400482177734e-02,6.480560451745986938e-02
1.177408695220947266e-01,5.100087821483612061e-02,-6.137341260910034180e-01
-1.672434806823730469e-02,-5.533508583903312683e-02,-6.010198593139648438e-01
-8.756866306066513062e-02,1.665620505809783936e-02,-6.662753820419311523e-01
2.433276176452636719e-02,-1.081349477171897888e-01,-6.509792804718017578e-01
-9.241720288991928101e-02,6.276273727416992188e-02,3.055718839168548584e-01
-9.690551087260246277e-03,2.253979630768299103e-02,-3.017157316207885742e-01
-1.855346560478210449e-02,-1.159343719482421875e-01,-6.763602495193481445e-01
-8.005523122847080231e-03,3.723963722586631775e-02,5.448142290115356445e-01
-9.327639639377593994e-02,-4.754865169525146484e-02,-3.609139919281005859e-01
1.223243400454521179e-01,-1.568472385406494141e-02,-6.332650780677795410e-01
1.571421623229980469e-01,9.956333786249160767e-02,7.930786162614822388e-02
5.024902150034904480e-02,8.333510160446166992e-02,-6.677151918411254883e-01
-4.108703508973121643e-02,-4.938918352127075195e-02,-6.789511442184448242e-01
-8.876739442348480225e-02,-1.114401146769523621e-01,-2.683568000793457031e-02
-1.835327036678791046e-02,-8.200144767761230469e-02,-6.842359304428100586e-01
1.221908330917358398e-01,7.523580620727443602e-07,3.121420145034790039e-01
-1.251486241817474365e-01,-1.704458333551883698e-02,-6.421378850936889648e-01
8.849847316741943359e-02,7.684238312322122511e-07,-1.499899327754974365e-01
1.299038995057344437e-02,-8.743071556091308594e-02,3.376400768756866455e-01
1.269695721566677094e-02,1.238213777542114258e-01,3.118295073509216309e-01
-6.984746456146240234e-02,-1.716165840625762939e-01,-1.258254945278167725e-01
-1.596128940582275391e-02,2.713354676961898804e-02,3.917913734912872314e-01
-1.459717750549316406e-02,-5.526652187108993530e-02,-4.955105483531951904e-01
-9.260770678520202637e-02,5.938625335693359375e-02,-4.325683414936065674e-02
-4.072349146008491516e-02,1.515614986419677734e-02,-3.285653591156005859e-01
6.480732560157775879e-02,-9.181499481201171875e-02,2.999157607555389404e-01
-9.372556209564208984e-02,-3.959119319915771484e-02,1.037976071238517761e-01
6.583555787801742554e-02,-6.629931926727294922e-02,-6.117828190326690674e-02
1.705037802457809448e-01,7.776331901550292969e-02,-1.154251098632812500e-01
1.305090077221393585e-02,7.991909980773925781e-02,-2.972573637962341309e-01
-2.188396453857421875e-02,8.210582791434717365e-07,-5.811776518821716309e-01
-5.896091461181640625e-03,-5.498606711626052856e-02,-4.522665441036224365e-01
-1.004983186721801758e-01,-2.577147260308265686e-02,-2.570047080516815186e-01
2.133369445800781250e-02,2.773445099592208862e-02,-3.356268107891082764e-01
-2.440798282623291016e-02,-5.558275431394577026e-02,-5.400475859642028809e-01
-2.426086366176605225e-02,8.675339818000793457e-02,3.556569814682006836e-01
-6.053781509399414062e-02,-7.930043339729309082e-02,-3.389175236225128174e-01
6.557202339172363281e-02,-7.283878326416015625e-02,1.016400158405303955e-01
1.296583563089370728e-01,8.530235290527343750e-02,3.335531651973724365e-01
6.976150721311569214e-02,3.112244606018066406e-02,-4.796972572803497314e-01
-5.411834642291069031e-02,-4.337929561734199524e-02,3.543435335159301758e-01
-1.790380477905273438e-02,8.191603910745470785e-07,-5.377309918403625488e-01
1.392975822091102600e-02,2.917826175689697266e-02,-6.050854325294494629e-01
-3.939919546246528625e-02,-6.994616985321044922e-02,-5.302905440330505371e-01
7.391667366027832031e-02,1.049340143799781799e-01,-5.905221700668334961e-01
-1.878857612609863281e-03,-5.485657602548599243e-02,-4.310659766197204590e-01
1.398338750004768372e-02,3.587412834167480469e-02,-6.291052103042602539e-01
-9.336149692535400391e-02,-2.588646300137042999e-02,3.178866505622863770e-01
1.393137499690055847e-02,2.937901020050048828e-02,-5.624572634696960449e-01
-4.051409661769866943e-02,2.381098270416259766e-02,-6.076321005821228027e-01
1.423263084143400192e-02,6.681454181671142578e-02,-6.625598073005676270e-01
6.994478404521942139e-02,3.566539287567138672e-02,-5.226687788963317871e-01
-1.159969568252563477e-01,-1.171907782554626465e-01,1.338385045528411865e-01
-1.121942996978759766e-01,-1.169453784823417664e-01,1.740957647562026978e-01
-9.324708580970764160e-02,4.806053638458251953e-02,1.145935058593750000e-02
-4.036824032664299011e-02,2.987456321716308594e-02,-2.305432111024856567e-01
6.413114070892333984e-02,1.086058616638183594e-01,3.150851428508758545e-01
9.056270122528076172e-02,1.445492953062057495e-01,2.733075022697448730e-01
5.596280097961425781e-03,-5.461562424898147583e-02,-3.894088566303253174e-01
6.968142837285995483e-02,2.914059162139892578e-02,-4.585632085800170898e-01
7.648122310638427734e-02,-5.233079940080642700e-02,4.160101115703582764e-01
-1.456272602081298828e-02,8.175672405741352122e-07,-4.952429234981536865e-01
-8.919227123260498047e-02,-7.791443169116973877e-02,-2.043658345937728882e-01
1.334507390856742859e-02,4.340171813964843750e-02,4.047720134258270264e-01
1.393355429172515869e-02,2.963662147521972656e-02,-5.414214730262756348e-01
-9.196685254573822021e-02,-7.074797153472900391e-02,-2.994064390659332275e-01
-9.228658676147460938e-02,-6.507670879364013672e-02,-5.934432744979858398e-01
-1.062046289443969727e-01,2.567953057587146759e-02,2.970300316810607910e-01
6.954075396060943604e-02,2.564454078674316406e-02,-4.169045984745025635e-01
-3.822119906544685364e-02,1.186946630477905273e-01,2.947497367858886719e-01
1.284000091254711151e-02,-1.060994863510131836e-01,2.970205545425415039e-01
1.311071030795574188e-02,7.249462604522705078e-02,-3.173010051250457764e-01
6.400961428880691528e-02,1.116214990615844727e-01,2.862853929400444031e-02
-1.219027042388916016e-01,-1.273973137140274048e-01,-9.441345185041427612e-02
-1.996429450809955597e-02,-1.785871759057044983e-02,-5.914942026138305664e-01
-3.922995924949645996e-02,-7.695960998535156250e-02,-4.884997308254241943e-01
1.394024305045604706e-02,3.047978878021240234e-02,-4.998571574687957764e-01
-1.436922550201416016e-01,-8.260154724121093750e-02,3.212341368198394775e-01
-4.050108045339584351e-02,2.435779571533203125e-02,-5.657351613044738770e-01
3.065574169158935547e-02,-5.380789190530776978e-02,-3.064455986022949219e-01
7.896244525909423828e-02,1.046083867549896240e-01,-5.282998681068420410e-01
-8.324253559112548828e-02,-1.150770559906959534e-01,-6.686309725046157837e-02
-1.000810861587524414e-01,-1.161636635661125183e-01,9.252990782260894775e-02
-9.245219826698303223e-02,-6.214261054992675781e-02,-6.151580810546875000e-01
1.147429943084716797e-01,5.109751224517822266e-02,3.137783706188201904e-01
-9.218449145555496216e-02,-6.689238548278808594e-02,-5.520910620689392090e-01
-1.191079616546630859e-02,8.163027018781576771e-07,-4.536254703998565674e-01
1.683822721242904663e-01,9.794819355010986328e-02,-7.815856486558914185e-02
6.947850435972213745e-02,2.409982681274414062e-02,-3.963494896888732910e-01
5.955779924988746643e-02,-2.564257383346557617e-02,-1.086164712905883789e-01
8.514189720153808594e-02,5.205164477229118347e-02,-5.057387948036193848e-01
9.488433599472045898e-02,-3.731948882341384888e-02,5.422230958938598633e-01
-7.984519004821777344e-02,-2.610423788428306580e-02,3.392614722251892090e-01
1.171202510595321655e-01,8.734107017517089844e-02,-2.966653406620025635e-01
1.298975050449371338e-01,8.859515190124511719e-02,5.217956379055976868e-02
8.925187587738037109e-02,1.444434672594070435e-01,2.527883946895599365e-01
9.641420841217041016e-02,1.450216770172119141e-01,1.124859601259231567e-01
-6.790673732757568359e-02,-1.714284121990203857e-01,-6.646057218313217163e-02
1.305481195449829102e-01,5.058806389570236206e-02,-3.061318993568420410e-01
-4.051230847835540771e-02,2.389371395111083984e-02,-5.452725291252136230e-01
1.291676145046949387e-02,9.657073020935058594e-02,-3.496618568897247314e-01
-2.021157741546630859e-02,8.125101029872894287e-02,-5.884707570075988770e-01
6.387500464916229248e-02,1.149622201919555664e-01,-3.459204137325286865e-01
1.224733591079711914e-01,1.471254080533981323e-01,7.348693907260894775e-02
8.059191703796386719e-02,1.045032292604446411e-01,-5.079550147056579590e-01
-7.477521896362304688e-02,-7.861178368330001831e-02,-4.699874818325042725e-01
6.869273632764816284e-02,4.601359367370605469e-03,-6.182528734207153320e-01
8.964788913726806641e-02,5.190639942884445190e-02,-4.653842151165008545e-01
6.483283638954162598e-02,9.119379520416259766e-02,8.259338140487670898e-02
-3.908169269561767578e-02,-8.308196067810058594e-02,-4.478182792663574219e-01
-1.612651348114013672e-02,8.144859224557876587e-02,-5.482794046401977539e-01
-1.004564762115478516e-02,8.154133297466614749e-07,-4.128012061119079590e-01
1.101934909820556641e-02,-5.444082617759704590e-02,-6.336801052093505859e-01
8.864462375640869141e-02,1.443944722414016724e-01,2.122628688812255859e-01
-4.055030643939971924e-02,2.233362197875976562e-02,-5.049411058425903320e-01
-9.215215593576431274e-02,-6.746530532836914062e-02,-5.317876935005187988e-01
8.956384658813476562e-02,1.444686502218246460e-01,1.721228063106536865e-01
-1.009420305490493774e-01,-8.826112747192382812e-02,7.198791205883026123e-02
-4.131126403808593750e-02,8.303219374283798970e-07,-6.529745459556579590e-01
-9.333729743957519531e-02,-1.157284826040267944e-01,5.228912085294723511e-02
1.301566213369369507e-01,9.215998649597167969e-02,1.722662299871444702e-01
1.329712104052305222e-02,-4.935431480407714844e-02,4.033175706863403320e-01
9.041345119476318359e-02,1.445372253656387329e-01,1.521371454000473022e-01
-8.957111835479736328e-02,-7.789609581232070923e-02,-1.500653028488159180e-01
2.330720424652099609e-02,2.776624821126461029e-02,-3.958972096443176270e-01
-9.154677391052246094e-03,8.149884820340957958e-07,-3.727053701877593994e-01
-1.408398151397705078e-02,8.154739439487457275e-02,-5.283355712890625000e-01
1.298048198223114014e-01,8.731889724731445312e-02,3.227294981479644775e-02
9.052038192749023438e-02,7.674597100049140863e-07,4.121984839439392090e-01
1.839335560798645020e-01,5.001246929168701172e-02,-2.681396342813968658e-02
-9.101152420043945312e-02,-1.155783981084823608e-01,1.243011467158794403e-02
-9.009885787963867188e-02,2.593903243541717529e-02,-7.812163978815078735e-02
8.377575874328613281e-02,1.042977795004844666e-01,-4.678097367286682129e-01
1.224043071269989014e-01,-1.458346843719482422e-02,1.998889148235321045e-01
-9.995818138122558594e-03,8.174514770507812500e-02,-4.887203872203826904e-01
9.185779094696044922e-02,5.183516815304756165e-02,-4.454888701438903809e-01
-9.637128561735153198e-02,-7.286906242370605469e-03,-2.166976928710937500e-01
-4.057547077536582947e-02,2.128016948699951172e-02,-4.850320219993591309e-01
1.386482715606689453e-01,7.445105438819155097e-07,-6.454662680625915527e-01
-1.143865585327148438e-01,-1.795796751976013184e-01,-4.200714081525802612e-02
6.946911662817001343e-02,2.386188507080078125e-02,-3.562377989292144775e-01
1.229108497500419617e-01,-7.606267929077148438e-03,-6.149426102638244629e-01
6.374955177307128906e-02,1.180748939514160156e-01,-5.539889335632324219e-01
-7.949352264404296875e-03,8.184412866830825806e-02,-4.690377712249755859e-01
-3.895212709903717041e-02,-8.845436573028564453e-02,-4.080929458141326904e-01
-9.370752424001693726e-02,3.990197181701660156e-02,-6.235113143920898438e-01
-5.975329875946044922e-02,-1.706378012895584106e-01,-1.054321229457855225e-01
6.372109800577163696e-02,1.187764406204223633e-01,-5.341345071792602539e-01
-9.834075719118118286e-02,-1.773137003183364868e-01,-1.344079971313476562e-01
-9.213075786828994751e-02,-6.784415245056152344e-02,-4.918816983699798584e-01
1.820794790983200073e-01,3.237187862396240234e-02,-6.517791748046875000e-02
-9.631916135549545288e-02,-6.356000900268554688e-03,-4.326632618904113770e-01
-3.847718238830566406e-03,8.204252272844314575e-02,-4.298943877220153809e-01
-9.887135028839111328e-02,-2.579768560826778412e-02,-2.938085794448852539e-01
-4.063786938786506653e-02,1.869881153106689453e-02,-4.456448256969451904e-01
8.686292171478271484e-02,1.040985658764839172e-01,-4.283416569232940674e-01
-9.510242938995361328e-02,1.519000530242919922e-02,-5.077496170997619629e-01
-7.867491245269775391e-02,-7.842315733432769775e-02,-6.292953491210937500e-01
1.255479753017425537e-01,2.870500087738037109e-02,-2.587915062904357910e-01
-9.623457491397857666e-02,-4.866600036621093750e-03,-1.971902400255203247e-01
-9.062767028808593750e-03,-2.724469639360904694e-02,3.933962881565093994e-01
-9.564525634050369263e-02,5.573630332946777344e-03,-4.698947072029113770e-01
1.268178783357143402e-02,1.257392168045043945e-01,-6.103344559669494629e-01
9.619641304016113281e-02,5.169532820582389832e-02,-4.062246680259704590e-01
-2.306616306304931641e-02,2.701907418668270111e-02,4.295297265052795410e-01
2.679824829101562500e-04,8.224158734083175659e-02,-3.910104334354400635e-01
-6.912933290004730225e-02,4.341570287942886353e-02,3.531081676483154297e-01
6.403894722461700439e-02,1.108938455581665039e-01,1.169683784246444702e-01
-3.870347514748573303e-02,9.872984886169433594e-02,3.353613317012786865e-01
-3.879976645112037659e-02,-9.475791454315185547e-02,2.992114126682281494e-01
1.307844519615173340e-01,1.008046865463256836e-01,1.126913428306579590e-01
6.790766865015029907e-02,-1.488029956817626953e-02,-3.094320595264434814e-01
1.270907931029796600e-02,-1.223512887954711914e-01,-6.318463087081909180e-01
-1.074673458933830261e-01,-1.661824434995651245e-01,-1.378238201141357422e-02
-1.427453160285949707e-01,-9.326469898223876953e-02,2.821234166622161865e-01
4.957914352416992188e-03,8.246845006942749023e-02,-1.971176117658615112e-01
1.248900294303894043e-01,1.964581012725830078e-02,-2.966363430023193359e-01
-1.303605586290359497e-01,-4.380652308464050293e-02,3.409795761108398438e-01
8.173064887523651123e-02,1.322755068540573120e-01,3.358950614929199219e-01
-4.071464389562606812e-02,1.554298400878906250e-02,-4.067428410053253174e-01
-3.837014362215995789e-02,-1.125127077102661133e-01,-6.156219244003295898e-01
2.081656455993652344e-02,2.772612310945987701e-02,-4.560446143150329590e-01
-3.016185760498046875e-02,-2.690474875271320343e-02,4.277123808860778809e-01
1.376986503601074219e-03,8.229524642229080200e-02,-1.585403382778167725e-01
1.813717186450958252e-01,2.563798427581787109e-02,-1.034722849726676941e-01
-1.199954748153686523e-01,2.545733191072940826e-02,-6.328512430191040039e-01
-9.156299382448196411e-02,7.789540290832519531e-02,2.656365931034088135e-01
-9.598329663276672363e-02,-4.135370254516601562e-04,-1.585174500942230225e-01
1.305327750742435455e-02,-7.962393760681152344e-02,-7.862213253974914551e-02
6.368044018745422363e-02,1.197899580001831055e-01,-4.950323402881622314e-01
8.985698223114013672e-02,1.039053499698638916e-01,-3.894934058189392090e-01
1.269629690796136856e-02,1.239382028579711914e-01,-5.711871385574340820e-01
1.000545024871826172e-01,5.157095938920974731e-02,-3.677004873752593994e-01
