-2.213379442691802979e-01,8.426303863525390625e-01,4.698792994022369385e-01
2.202538013458251953e+00,-5.031900405883789062e-01,4.008154273033142090e-01
-1.907471776008605957e+00,-5.280653238296508789e-01,1.817098617553710938e+00
3.729099333286285400e-01,-7.463035583496093750e-01,1.832169294357299805e+00
-1.135833740234375000e+00,-7.186231017112731934e-01,7.728637754917144775e-02
1.277937531471252441e+00,7.264194488525390625e-01,1.424242854118347168e+00
-1.941097259521484375e+00,9.127171635627746582e-01,7.775436043739318848e-01
-6.837038397789001465e-01,5.198383331298828125e-01,1.944545745849609375e+00
6.181811094284057617e-01,-5.008321404457092285e-01,3.536834716796875000e-01
1.734451293945312500e+00,-5.333967208862304688e-01,1.734186768531799316e+00
1.278713941574096680e+00,7.207832336425781250e-01,6.487457454204559326e-02
-8.179035782814025879e-01,-7.937183380126953125e-01,1.301567196846008301e+00
-2.099233150482177734e+00,-3.821589052677154541e-01,6.699595451354980469e-01
-1.718568325042724609e+00,8.305482864379882812e-01,1.845603108406066895e+00
-1.187560439109802246e+00,8.078513145446777344e-01,7.047653198242187500e-03
3.930776119232177734e-01,5.217117071151733398e-01,1.915548324584960938e+00
2.023770809173583984e+00,5.147205591201782227e-01,7.662689089775085449e-01
-3.013043105602264404e-01,-1.668214350938796997e-01,3.536834716796875000e-01
1.250517606735229492e+00,-9.254102706909179688e-01,9.807554483413696289e-01
-1.101513385772705078e+00,9.282255172729492188e-01,1.183783650398254395e+00
7.366199046373367310e-02,-8.560390472412109375e-01,9.790328741073608398e-01
6.683596372604370117e-01,7.971811294555664062e-01,7.815108895301818848e-01
1.393948316574096680e+00,-8.128061294555664062e-01,6.841087341308593750e-02
1.107047438621520996e+00,1.907348632812500000e-06,1.978027343750000000e+00
-3.233023881912231445e-01,-2.591463029384613037e-01,1.961108207702636719e+00
-1.575443387031555176e+00,1.668209433555603027e-01,3.536834716796875000e-01
-2.209284752607345581e-01,8.595390319824218750e-01,1.287567853927612305e+00
-1.311831951141357422e+00,2.231597818536101840e-06,1.976714134216308594e+00
-2.086298465728759766e+00,1.275070011615753174e-01,1.294061064720153809e+00
1.886143684387207031e+00,2.615337669849395752e-01,1.606019854545593262e+00
-1.424840927124023438e+00,-7.632904052734375000e-01,7.915816903114318848e-01
1.200058937072753906e+00,4.281997462385334074e-06,3.536859154701232910e-01
2.101142883300781250e+00,-2.546036541461944580e-01,1.112922906875610352e+00
3.874865770339965820e-01,1.668329536914825439e-01,3.536834716796875000e-01
-5.194057226181030273e-01,-7.983980178833007812e-01,5.752232074737548828e-01
1.046422243118286133e+00,-7.969622611999511719e-01,1.781149864196777344e+00
-1.137055516242980957e+00,-6.354846954345703125e-01,1.866213917732238770e+00
-8.770787119865417480e-01,1.668270975351333618e-01,3.536834716796875000e-01
1.875795960426330566e+00,-8.117675781250000000e-01,8.990417122840881348e-01
6.622627377510070801e-01,-8.811378479003906250e-01,1.287532925605773926e+00
1.280745029449462891e+00,7.060413360595703125e-01,6.900005936622619629e-01
-2.232957482337951660e-01,-7.617301940917968750e-01,1.616237759590148926e+00
7.390105724334716797e-02,-8.262357711791992188e-01,3.687225282192230225e-01
-1.901312828063964844e+00,1.304876953363418579e-01,1.884159803390502930e+00
6.699136495590209961e-01,7.757940292358398438e-01,1.407093286514282227e+00
-2.043789863586425781e+00,-6.422929763793945312e-01,1.214418649673461914e+00
1.781542301177978516e+00,1.668214201927185059e-01,3.536834716796875000e-01
-8.090513348579406738e-01,8.932943344116210938e-01,6.724072098731994629e-01
-2.059225082397460938e+00,3.840939104557037354e-01,5.847015380859375000e-01
-1.403833031654357910e+00,8.994798660278320312e-01,5.747181773185729980e-01
-1.692630410194396973e+00,9.689321517944335938e-01,1.293931722640991211e+00
-1.666797637939453125e+00,-6.727269887924194336e-01,2.432595789432525635e-01
2.111794948577880859e-01,1.907348632812500000e-06,1.982689857482910156e+00
8.490511775016784668e-01,5.008116364479064941e-01,3.536834716796875000e-01
9.375130534172058105e-01,5.228083729743957520e-01,1.898507118225097656e+00
-1.150799512863159180e+00,7.887078523635864258e-01,1.866304397583007812e+00
-1.455937922000885010e-01,5.206198096275329590e-01,1.932411193847656250e+00
-1.429005742073059082e+00,-7.362918853759765625e-01,1.426077365875244141e+00
1.856550455093383789e+00,-9.060392379760742188e-01,3.730419874191284180e-01
2.205958843231201172e+00,3.814697265625000000e-06,6.601379513740539551e-01
1.551292061805725098e+00,-9.172410964965820312e-01,1.401887774467468262e+00
6.583368778228759766e-01,-2.589344084262847900e-01,1.966985702514648438e+00
9.596155881881713867e-01,-8.698883056640625000e-01,4.709236025810241699e-01
-7.689212560653686523e-01,2.007484454225050285e-06,1.979787826538085938e+00
3.709381818771362305e-01,7.952613830566406250e-01,3.702557384967803955e-01
1.657016873359680176e+00,1.926422100950730965e-06,1.975165367126464844e+00
7.370723783969879150e-02,8.503046035766601562e-01,8.772066831588745117e-01
-1.224877238273620605e+00,-1.668217480182647705e-01,3.536834716796875000e-01
-2.031540870666503906e+00,6.432816386222839355e-01,1.216288566589355469e+00
-5.317333936691284180e-01,5.008057951927185059e-01,3.536834716796875000e-01
-1.226167082786560059e+00,5.008155107498168945e-01,3.536834716796875000e-01
1.399448871612548828e+00,5.238227844238281250e-01,1.882700920104980469e+00
1.921637535095214844e+00,5.213115811347961426e-01,1.231621980667114258e+00
-5.246200561523437500e-01,8.112491369247436523e-01,1.633870124816894531e+00
1.197053551673889160e+00,-5.008122920989990234e-01,3.536834716796875000e-01
7.434988021850585938e-02,7.705965042114257812e-01,1.614267587661743164e+00
-6.857220530509948730e-01,-5.213789939880371094e-01,1.920853614807128906e+00
1.665345430374145508e+00,-5.008084774017333984e-01,3.536834716796875000e-01
-1.816747546195983887e+00,8.358383774757385254e-01,3.536834716796875000e-01
-7.624032497406005859e-01,-5.008284449577331543e-01,3.536834716796875000e-01
4.308013990521430969e-02,5.008510947227478027e-01,3.536834716796875000e-01
1.582558274269104004e+00,7.341938018798828125e-01,1.006412029266357422e+00
1.588370442390441895e+00,7.001562118530273438e-01,3.791903555393218994e-01
9.693941473960876465e-01,7.768526077270507812e-01,1.096994876861572266e+00
2.263687103986740112e-01,-8.299136757850646973e-01,1.441460609436035156e+00
6.619682312011718750e-01,-8.851747512817382812e-01,7.740383744239807129e-01
-5.141872763633728027e-01,8.908004760742187500e-01,9.768319725990295410e-01
1.901223301887512207e+00,-6.872167587280273438e-01,1.338509798049926758e+00
-1.929587721824645996e+00,-1.668218970298767090e-01,3.536834716796875000e-01
3.362052887678146362e-02,-5.209729075431823730e-01,1.927379608154296875e+00
1.947098731994628906e+00,-2.595690488815307617e-01,1.501375198364257812e+00
-8.167693018913269043e-01,-8.064861297607421875e-01,8.848504424095153809e-01
1.548306345939636230e+00,-9.347133636474609375e-01,6.763774156570434570e-01
2.020869016647338867e+00,5.008069872856140137e-01,3.536834716796875000e-01
1.297785639762878418e+00,-5.202068090438842773e-01,1.938862800598144531e+00
1.578399688005447388e-01,-1.668717712163925171e-01,3.536834716796875000e-01
-1.125461101531982422e+00,-7.309923171997070312e-01,4.789608716964721680e-01
-1.985306739807128906e+00,3.876691758632659912e-01,1.587422132492065430e+00
-1.511481881141662598e+00,-5.223580002784729004e-01,1.905559539794921875e+00
-1.503432989120483398e+00,5.195705890655517578e-01,1.948624610900878906e+00
8.481835722923278809e-01,-1.668253690004348755e-01,3.536834716796875000e-01
-2.021828651428222656e+00,-1.285459995269775391e-01,1.578548192977905273e+00
2.018768548965454102e+00,-1.668207198381423950e-01,3.536834716796875000e-01
2.125106811523437500e+00,2.538313865661621094e-01,1.020639300346374512e+00
-1.733909010887145996e+00,-7.486972808837890625e-01,1.007740497589111328e+00
6.589217185974121094e-01,2.591646015644073486e-01,1.959847450256347656e+00
-4.123888015747070312e-01,2.589951157569885254e-01,1.965164184570312500e+00
-1.040972471237182617e+00,2.588872611522674561e-01,1.968283653259277344e+00
-2.030547618865966797e+00,-6.433621644973754883e-01,4.101358056068420410e-01
-1.042487502098083496e+00,-2.592639625072479248e-01,1.956594467163085938e+00
3.700045049190521240e-01,8.184576034545898438e-01,1.190337181091308594e+00
-1.406367778778076172e+00,8.830509185791015625e-01,1.613407135009765625e+00
-2.092807769775390625e+00,-1.274023950099945068e-01,1.024426221847534180e+00
2.112844467163085938e+00,-5.089780092239379883e-01,8.461974859237670898e-01
9.439586997032165527e-01,-8.160899281501770020e-01,1.089754104614257812e-01
-1.119253039360046387e+00,-7.821044921875000000e-01,1.098372459411621094e+00
-2.215922921895980835e-01,-8.321771621704101562e-01,1.187941551208496094e+00
-1.107401609420776367e+00,8.797330856323242188e-01,3.692526221275329590e-01
-1.129944920539855957e+00,6.940650939941406250e-01,6.894487142562866211e-01
-8.093752264976501465e-01,8.896656036376953125e-01,1.391531825065612793e+00
-2.215950936079025269e-01,-8.320074081420898438e-01,7.767351865768432617e-01
-1.395081281661987305e+00,9.562158584594726562e-01,9.797284007072448730e-01
3.685529232025146484e-01,-8.544187545776367188e-01,5.712759494781494141e-01
-7.180297374725341797e-02,-5.008720159530639648e-01,3.536834716796875000e-01
1.281658291816711426e+00,-6.994285583496093750e-01,6.904916167259216309e-01
-2.059639930725097656e+00,3.840739428997039795e-01,9.403454661369323730e-01
-6.483178734779357910e-01,8.358362913131713867e-01,3.536834716796875000e-01
-1.694827556610107422e+00,5.008118152618408203e-01,3.536834716796875000e-01
1.546114802360534668e+00,-1.668219566345214844e-01,3.536834716796875000e-01
2.138149976730346680e+00,1.668214052915573120e-01,3.536834716796875000e-01
1.597825646400451660e+00,6.447973251342773438e-01,1.551728844642639160e+00
6.885629296302795410e-01,-8.113403916358947754e-01,1.632920265197753906e+00
-7.175415009260177612e-02,1.668974459171295166e-01,3.536834716796875000e-01
1.197053551673889160e+00,5.008125305175781250e-01,3.536834716796875000e-01
7.327715754508972168e-01,1.668273359537124634e-01,3.536834716796875000e-01
-6.463223099708557129e-01,-1.668266505002975464e-01,3.536834716796875000e-01
-4.166325330734252930e-01,-5.008186101913452148e-01,3.536834716796875000e-01
2.729071080684661865e-01,-5.008611083030700684e-01,3.536834716796875000e-01
5.024346709251403809e-01,-1.668257266283035278e-01,3.536834716796875000e-01
-4.162309169769287109e-01,1.668376624584197998e-01,3.536834716796875000e-01
-1.744881153106689453e+00,-6.901550292968750000e-01,1.548666954040527344e+00
6.756965517997741699e-01,6.961660385131835938e-01,1.738263368606567383e+00
-1.342785477638244629e+00,-5.008081793785095215e-01,3.536834716796875000e-01
9.332280755043029785e-01,-5.204233527183532715e-01,1.935552597045898438e+00
-8.240567445755004883e-01,-7.244606018066406250e-01,1.628674745559692383e+00
9.706727266311645508e-01,7.646837234497070312e-01,5.795882940292358398e-01
-8.779814243316650391e-01,5.008187890052795410e-01,3.536834716796875000e-01
-1.929587721824645996e+00,1.668218821287155151e-01,3.536834716796875000e-01
-1.224877238273620605e+00,1.668217480182647705e-01,3.536834716796875000e-01
-1.575443029403686523e+00,-1.668209433555603027e-01,3.536834716796875000e-01
6.194485425949096680e-01,-8.358544707298278809e-01,3.536834716796875000e-01
-1.761611580848693848e+00,-6.008901596069335938e-01,5.968508720397949219e-01
5.029696822166442871e-01,5.008321404457092285e-01,3.536834716796875000e-01
-8.183342814445495605e-01,7.888298034667968750e-01,1.829448223114013672e+00
-2.051248550415039062e+00,-6.416909098625183105e-01,8.538044691085815430e-01
9.748508930206298828e-01,7.249326705932617188e-01,1.524830341339111328e+00
-1.685800790786743164e+00,-2.593920826911926270e-01,1.952555656433105469e+00
-1.125510334968566895e+00,-7.305603027343750000e-01,1.526687741279602051e+00
1.473867893218994141e+00,-2.587900757789611816e-01,1.971240997314453125e+00
-1.106645941734313965e+00,8.859500885009765625e-01,1.501094937324523926e+00
-5.239505171775817871e-01,-7.178850173950195312e-01,1.732403397560119629e+00
-2.231339663267135620e-01,7.684125900268554688e-01,1.720737457275390625e+00
-1.445125490427017212e-01,1.942515382324927486e-06,1.983036994934082031e+00
1.547478795051574707e+00,-9.395627975463867188e-01,1.087257981300354004e+00
3.718190193176269531e-01,7.734365463256835938e-01,1.509770750999450684e+00
-5.181316137313842773e-01,-8.209609985351562500e-01,9.843212962150573730e-01
-5.195786356925964355e-01,-7.953405380249023438e-01,1.402652740478515625e+00
3.342613205313682556e-02,2.591108381748199463e-01,1.962947845458984375e+00
9.581169486045837402e-01,-8.841276168823242188e-01,1.394554376602172852e+00
1.257452368736267090e+00,-8.750915527343750000e-01,1.506025075912475586e+00
2.078233718872070312e+00,3.871917670039692894e-06,1.295211434364318848e+00
-2.085863113403320312e+00,-3.828054368495941162e-01,1.385794520378112793e+00
1.255453348159790039e+00,-8.895959854125976562e-01,3.696243166923522949e-01
7.448170334100723267e-02,-7.542343139648437500e-01,1.722933411598205566e+00
9.559416770935058594e-01,-9.048404693603515625e-01,1.081771850585937500e+00
3.679158389568328857e-01,-8.701810836791992188e-01,1.080822110176086426e+00
-8.076159358024597168e-01,9.094743728637695312e-01,1.079533100128173828e+00
-2.086284160614013672e+00,1.275073438882827759e-01,7.587838768959045410e-01
1.273673415184020996e+00,7.573633193969726562e-01,9.989175200462341309e-01
6.696913838386535645e-01,7.788486480712890625e-01,4.742596447467803955e-01
-1.100382804870605469e+00,9.375371932983398438e-01,8.751965165138244629e-01
-8.193795680999755859e-01,-7.771043777465820312e-01,4.749668836593627930e-01
-1.403833031654357910e+00,8.994798660278320312e-01,2.679296731948852539e-01
3.702674806118011475e-01,8.119316101074218750e-01,6.763015389442443848e-01
-1.424741625785827637e+00,-7.639369964599609375e-01,1.105434894561767578e+00
-2.220702469348907471e-01,-8.123388290405273438e-01,4.714336991310119629e-01
-1.119442105293273926e+00,-7.805461883544921875e-01,7.866021394729614258e-01
7.390383630990982056e-02,8.258819580078125000e-01,5.726121664047241211e-01
7.377651333808898926e-02,-8.417348861694335938e-01,6.735830307006835938e-01
-2.208710461854934692e-01,8.619451522827148438e-01,7.741988897323608398e-01
1.583727240562438965e+00,7.273464202880859375e-01,6.918493509292602539e-01
6.681994199752807617e-01,7.993984222412109375e-01,1.091184616088867188e+00
7.378508150577545166e-02,8.406286239624023438e-01,1.186538100242614746e+00
-1.396503925323486328e+00,9.470024108886718750e-01,1.289954662322998047e+00
-1.690903902053833008e+00,9.781522750854492188e-01,9.827459454536437988e-01
-1.432981848716735840e+00,-7.105064392089843750e-01,6.509948521852493286e-02
9.560133814811706543e-01,-9.041604995727539062e-01,7.746406197547912598e-01
1.292901873588562012e+00,2.592602074146270752e-01,1.956701278686523438e+00
-5.147149562835693359e-01,8.814573287963867188e-01,1.286149859428405762e+00
-5.152179598808288574e-01,8.725423812866210938e-01,6.723640561103820801e-01
-1.793262958526611328e+00,5.226201415061950684e-01,1.901398658752441406e+00
-1.937908172607421875e+00,9.130783677101135254e-01,1.142591118812561035e+00
-2.030901432037353516e+00,6.433331966400146484e-01,4.101177752017974854e-01
1.641914367675781250e+00,3.866577148437500000e-01,1.817312598228454590e+00
1.836286544799804688e+00,3.776550101974862628e-06,1.709265589714050293e+00
-2.031764030456542969e+00,6.432637572288513184e-01,7.663972377777099609e-01
1.428993463516235352e+00,1.668218374252319336e-01,3.536834716796875000e-01
9.731456041336059570e-01,7.411394119262695312e-01,2.708886563777923584e-01
1.742518424987792969e+00,-2.661631703376770020e-01,1.825589418411254883e+00
1.528006553649902344e+00,-8.215034008026123047e-01,3.421020507812500000e-01
-1.695102095603942871e+00,9.557542800903320312e-01,5.743168592453002930e-01
-1.136447548866271973e+00,5.196920037269592285e-01,1.946798324584960938e+00
5.720986723899841309e-01,-5.206459760665893555e-01,1.932271003723144531e+00
-1.407930374145507812e+00,-2.593382596969604492e-01,1.954299926757812500e+00
-1.427605986595153809e+00,7.877919077873229980e-01,1.875721931457519531e+00
-9.518746733665466309e-01,7.142562866210937500e-01,1.937155127525329590e-01
1.962738037109375000e+00,-7.793487906455993652e-01,5.938874483108520508e-01
-1.587627530097961426e+00,2.279281488881679252e-06,1.974987030029296875e+00
-1.405167341232299805e+00,2.588292956352233887e-01,1.970091819763183594e+00
-1.923474311828613281e+00,6.520057320594787598e-01,1.696513056755065918e+00
5.674894452095031738e-01,1.900196025417244527e-06,1.980835914611816406e+00
3.008309006690979004e-01,-2.590095102787017822e-01,1.965027809143066406e+00
1.199628353118896484e+00,-2.588390409946441650e-01,1.969810485839843750e+00
1.901188254356384277e+00,6.873893737792968750e-01,5.932260155677795410e-01
1.380408644676208496e+00,1.897811898743384518e-06,1.976604461669921875e+00
1.019658565521240234e+00,2.592194676399230957e-01,1.958056449890136719e+00
-1.812146186828613281e+00,9.273216724395751953e-01,1.535496830940246582e+00
2.152794361114501953e+00,3.871917670039692894e-06,9.282281398773193359e-01
-4.151786565780639648e-01,-5.212240219116210938e-01,1.923308372497558594e+00
-2.099409580230712891e+00,-3.821502625942230225e-01,1.113890171051025391e+00
-2.092456817626953125e+00,-1.274080276489257812e-01,5.816500782966613770e-01
2.175173282623291016e+00,-2.522174119949340820e-01,7.505531311035156250e-01
1.233254224061965942e-01,5.211752057075500488e-01,1.923990249633789062e+00
2.179525852203369141e+00,2.520772516727447510e-01,7.501354813575744629e-01
8.362945914268493652e-01,1.897811898743384518e-06,1.979436874389648438e+00
-1.681839823722839355e+00,2.587826848030090332e-01,1.971464157104492188e+00
-5.916949510574340820e-01,-2.591831386089324951e-01,1.959424018859863281e+00
-5.005443096160888672e-01,2.033710416071699001e-06,1.981184005737304688e+00
-5.569938570261001587e-02,-2.590952515602111816e-01,1.962788581848144531e+00
3.009583353996276855e-01,2.591192722320556641e-01,1.961622238159179688e+00
-2.098626136779785156e+00,-3.821882605552673340e-01,4.057876467704772949e-01
9.279733300209045410e-01,-2.588818967342376709e-01,1.968393325805664062e+00
1.453676223754882812e+00,5.540122985839843750e-01,2.065133601427078247e-01
1.332157731056213379e+00,-8.002853393554687500e-01,1.746869087219238281e+00
1.583488941192626953e+00,-7.287244796752929688e-01,1.645019292831420898e+00
2.229761600494384766e+00,-2.504579722881317139e-01,4.852238297462463379e-01
2.055271148681640625e+00,-5.126933455467224121e-01,1.121132135391235352e+00
-4.142671823501586914e-01,5.200718641281127930e-01,1.940822601318359375e+00
-1.432983875274658203e+00,-7.105064392089843750e-01,4.821555912494659424e-01
-6.807988882064819336e-01,2.589527070522308350e-01,1.966496467590332031e+00
-2.059532642364501953e+00,3.840789198875427246e-01,1.209498286247253418e+00
-1.039137363433837891e+00,1.993179239434539340e-06,1.978381156921386719e+00
-2.018042564392089844e+00,1.286068707704544067e-01,1.579297184944152832e+00
2.068033218383789062e+00,2.556709349155426025e-01,1.297553062438964844e+00
3.026037514209747314e-01,-5.208002924919128418e-01,1.929825782775878906e+00
-2.092785835266113281e+00,-1.274027824401855469e-01,1.293000102043151855e+00
-2.086298465728759766e+00,1.275069862604141235e-01,1.025269627571105957e+00
-1.148369908332824707e+00,-5.422964096069335938e-01,7.006927132606506348e-01
-1.459335923194885254e+00,-5.396671295166015625e-01,7.040067911148071289e-01
6.642693281173706055e-01,5.222597122192382812e-01,1.907059669494628906e+00
1.578710556030273438e+00,-5.214847922325134277e-01,1.919055938720703125e+00
-1.977007865905761719e+00,-6.476843357086181641e-01,1.499886751174926758e+00
1.584303140640258789e+00,7.239885330200195312e-01,1.325196862220764160e+00
1.158774733543395996e+00,-8.074407577514648438e-01,1.880645751953125000e-03
1.893402099609375000e+00,-5.231394171714782715e-01,1.513744115829467773e+00
1.783394694328308105e+00,5.008082985877990723e-01,3.536834716796875000e-01
-8.285365700721740723e-01,6.739873886108398438e-01,5.843666195869445801e-01
1.901897788047790527e+00,-5.008095502853393555e-01,3.536834716796875000e-01
-1.873976707458496094e+00,-1.309283077716827393e-01,1.890519618988037109e+00
-1.419747114181518555e+00,8.112452626228332520e-01,4.897594451904296875e-02
1.278715133666992188e+00,7.207832336425781250e-01,3.764733672142028809e-01
1.781541705131530762e+00,-1.668214201927185059e-01,3.536834716796875000e-01
-1.459762811660766602e+00,5.008121728897094727e-01,3.536834716796875000e-01
1.430471777915954590e+00,-5.008069276809692383e-01,3.536834716796875000e-01
-1.109838485717773438e+00,-5.008158683776855469e-01,3.536834716796875000e-01
9.648122787475585938e-01,-5.008156299591064453e-01,3.536834716796875000e-01
-1.780485510826110840e+00,-5.001888275146484375e-01,3.884631395339965820e-01
-9.927447438240051270e-01,-1.668225377798080444e-01,3.536834716796875000e-01
9.637857079505920410e-01,1.668203771114349365e-01,3.536834716796875000e-01
1.967240333557128906e+00,3.919601567758945748e-06,1.496842622756958008e+00
-3.016261160373687744e-01,5.008248686790466309e-01,3.536834716796875000e-01
-6.463221311569213867e-01,1.668266654014587402e-01,3.536834716796875000e-01
2.729071080684661865e-01,5.008611083030700684e-01,3.536834716796875000e-01
1.578399688005447388e-01,1.668717712163925171e-01,3.536834716796875000e-01
-7.175415009260177612e-02,-1.668974310159683228e-01,3.536834716796875000e-01
1.285346508026123047e+00,6.726531982421875000e-01,1.646762013435363770e+00
-1.436928510665893555e+00,-6.849260330200195312e-01,1.648468852043151855e+00
-4.174948036670684814e-01,8.358511328697204590e-01,3.536834716796875000e-01
-2.245274931192398071e-01,-7.107868194580078125e-01,1.838246822357177734e+00
-1.735722422599792480e+00,-7.390136718750000000e-01,1.326873421669006348e+00
3.739432394504547119e-01,7.207231521606445312e-01,1.730525016784667969e+00
1.888384938240051270e+00,-7.500982284545898438e-01,1.116718292236328125e+00
3.708278238773345947e-01,-7.979650497436523438e-01,1.610735893249511719e+00
1.822621345520019531e+00,5.277009606361389160e-01,1.433191776275634766e+00
-8.138708472251892090e-01,8.390626907348632812e-01,1.608550786972045898e+00
7.476103305816650391e-02,7.193298339843750000e-01,1.836079835891723633e+00
1.111668348312377930e+00,5.767946243286132812e-01,7.365783303976058960e-02
-1.432413458824157715e+00,7.142143249511718750e-01,6.910177469253540039e-01
-8.286231756210327148e-01,-6.730327606201171875e-01,1.852446198463439941e+00
3.886669874191284180e-01,-8.358407616615295410e-01,3.536834716796875000e-01
-1.998635292053222656e+00,-3.870252072811126709e-01,1.677232980728149414e+00
1.251858234405517578e+00,-9.156761169433593750e-01,1.291376113891601562e+00
-2.218940854072570801e-01,8.196392059326171875e-01,1.501430630683898926e+00
1.204627990722656250e+00,2.835011482238769531e-01,3.536859154701232910e-01
1.204627037048339844e+00,-2.835009098052978516e-01,3.536859154701232910e-01
7.373829931020736694e-02,-8.465003967285156250e-01,1.289069652557373047e+00
9.805031418800354004e-01,6.711578369140625000e-01,1.747933268547058105e+00
-2.086283683776855469e+00,1.275072097778320312e-01,4.939909279346466064e-01
1.127341866493225098e+00,-7.259445190429687500e-01,1.942300349473953247e-01
1.902024626731872559e+00,6.832904815673828125e-01,3.821786344051361084e-01
-2.220343202352523804e-01,-8.139410018920898438e-01,1.398001790046691895e+00
1.274600505828857422e+00,7.506341934204101562e-01,1.209480762481689453e+00
2.259130001068115234e+00,3.852844201901461929e-06,3.970806896686553955e-01
7.393001019954681396e-02,8.227539062500000000e-01,1.396298050880432129e+00
-1.734441637992858887e+00,-7.458543777465820312e-01,7.974529862403869629e-01
-1.120023846626281738e+00,-7.757520675659179688e-01,1.308531880378723145e+00
9.700852632522583008e-01,7.702732086181640625e-01,1.306922435760498047e+00
-9.579554796218872070e-01,-5.215336084365844727e-01,1.918383598327636719e+00
1.917045593261718750e+00,6.097135543823242188e-01,9.188122153282165527e-01
9.686953425407409668e-01,7.835016250610351562e-01,8.884495496749877930e-01
-1.432981371879577637e+00,-7.105064392089843750e-01,2.734930217266082764e-01
-8.173432946205139160e-01,-8.000249862670898438e-01,1.092530488967895508e+00
-5.184901356697082520e-01,-8.146123886108398438e-01,1.191764235496520996e+00
3.697419762611389160e-01,8.249750137329101562e-01,9.831243753433227539e-01
3.681725859642028809e-01,-8.638486862182617188e-01,1.287629246711730957e+00
6.617997884750366211e-01,-8.875207901000976562e-01,1.080733299255371094e+00
-2.207799851894378662e-01,8.657398223876953125e-01,1.080786585807800293e+00
-1.983616828918457031e+00,6.471503973007202148e-01,1.498651385307312012e+00
-1.927886962890625000e+00,3.904466629028320312e-01,1.785767436027526855e+00
-1.577094554901123047e+00,-5.008109211921691895e-01,3.536834716796875000e-01
6.708195209503173828e-01,-7.633304595947265625e-01,1.832127809524536133e+00
-8.187122941017150879e-01,-7.845878601074218750e-01,6.804336309432983398e-01
3.676555454730987549e-01,-8.766584396362304688e-01,8.753613233566284180e-01
1.250818014144897461e+00,-9.232378005981445312e-01,7.760467529296875000e-01
-5.198143720626831055e-01,-7.911596298217773438e-01,3.707095384597778320e-01
-5.184764862060546875e-01,-8.148689270019531250e-01,7.791982889175415039e-01
-2.214377671480178833e-01,-8.385629653930664062e-01,9.811587333679199219e-01
1.546373963356018066e+00,-9.460296630859375000e-01,8.805703520774841309e-01
1.255453348159790039e+00,-8.895959854125976562e-01,5.739904642105102539e-01
-1.692143321037292480e+00,9.715385437011718750e-01,7.780053615570068359e-01
-1.926372528076171875e+00,9.143847227096557617e-01,5.071288943290710449e-01
-1.396132946014404297e+00,9.494047164916992188e-01,7.756318449974060059e-01
-1.107400774955749512e+00,8.797330856323242188e-01,5.734133720397949219e-01
7.397373765707015991e-02,8.172063827514648438e-01,3.690853714942932129e-01
6.628257632255554199e-01,-8.733921051025390625e-01,5.711285471916198730e-01
-8.070551753044128418e-01,9.157867431640625000e-01,8.743307590484619141e-01
9.945207238197326660e-01,5.377883911132812500e-01,4.880531132221221924e-01
1.569183111190795898e+00,2.593038082122802734e-01,1.955329895019531250e+00
-5.212232470512390137e-01,7.661647796630859375e-01,1.829662322998046875e+00
-1.125461459159851074e+00,-7.309923171997070312e-01,2.716808915138244629e-01
-2.085125684738159180e+00,-5.646495819091796875e-01,6.031068563461303711e-01
-1.754683494567871094e+00,-6.378564834594726562e-01,1.774939417839050293e+00
8.686783909797668457e-01,-8.041036725044250488e-01,1.707526206970214844e+00
-1.107401371002197266e+00,8.797330856323242188e-01,1.654553115367889404e-01
2.015793800354003906e+00,-5.152410864830017090e-01,1.308135986328125000e+00
-2.080561876296997070e+00,-5.853033065795898438e-01,1.032307505607604980e+00
2.062619209289550781e+00,-2.558454573154449463e-01,1.298438787460327148e+00
1.213438630104064941e+00,5.233603715896606445e-01,1.889871597290039062e+00
-1.325436353683471680e+00,-5.220543742179870605e-01,1.910247802734375000e+00
1.255453348159790039e+00,-8.895959854125976562e-01,1.656219512224197388e-01
2.115984439849853516e+00,3.881454176735132933e-06,1.110253691673278809e+00
-1.933556556701660156e+00,9.135711193084716797e-01,1.327298045158386230e+00
-2.043730735778808594e+00,3.848432004451751709e-01,1.393171906471252441e+00
-1.556834101676940918e+00,8.233913779258728027e-01,1.995267868041992188e-01
1.993207931518554688e+00,-7.763943076133728027e-01,4.126479923725128174e-01
1.619528651237487793e+00,5.177326202392578125e-01,1.682457447052001953e+00
2.138764381408691406e+00,-2.533908784389495850e-01,9.303707480430603027e-01
2.148900508880615234e+00,-5.066512227058410645e-01,6.663537621498107910e-01
-1.319292545318603516e+00,5.196297168731689453e-01,1.947708129882812500e+00
-1.931590795516967773e+00,5.008091330528259277e-01,3.536834716796875000e-01
1.547726988792419434e+00,5.008113980293273926e-01,3.536834716796875000e-01
-1.224569559097290039e+00,-2.593019604682922363e-01,1.955451011657714844e+00
2.048997402191162109e+00,5.130928158760070801e-01,5.859872102737426758e-01
1.114990472793579102e+00,-5.203164815902709961e-01,1.937203407287597656e+00
-9.546885490417480469e-01,5.197491049766540527e-01,1.945893287658691406e+00
-1.942248344421386719e+00,9.125867486000061035e-01,9.592266678810119629e-01
2.231432437896728516e+00,2.504041492938995361e-01,4.851193130016326904e-01
-1.222479343414306641e+00,2.588592767715454102e-01,1.969184875488281250e+00
-8.285371065139770508e-01,6.739873886108398438e-01,3.763061463832855225e-01
-8.615145087242126465e-01,-2.592309415340423584e-01,1.957731246948242188e+00
-2.031763553619384766e+00,6.432637572288513184e-01,1.035559058189392090e+00
1.955832123756408691e+00,4.197244644165039062e-01,1.376955509185791016e+00
7.523286938667297363e-01,-5.205344557762145996e-01,1.933908462524414062e+00
8.388420939445495605e-01,2.591886520385742188e-01,1.958954811096191406e+00
-2.354533374309539795e-01,-5.211187005043029785e-01,1.924940109252929688e+00
-8.604802489280700684e-01,2.589196562767028809e-01,1.967388153076171875e+00
-1.699287414550781250e+00,-5.226628184318542480e-01,1.900827407836914062e+00
4.796858131885528564e-01,2.591409981250762939e-01,1.960736274719238281e+00
4.793689548969268799e-01,-2.589696347713470459e-01,1.966051101684570312e+00
-2.339478284120559692e-01,2.590278685092926025e-01,1.964277267456054688e+00
-2.099626064300537109e+00,-3.821397721767425537e-01,9.356098771095275879e-01
1.225387528538703918e-01,-2.590609192848205566e-01,1.963907241821289062e+00
3.891107738018035889e-01,1.893043531708826777e-06,1.981763839721679688e+00
-2.031253337860107422e+00,6.433051228523254395e-01,5.879824757575988770e-01
-3.223216831684112549e-01,1.995563479795237072e-06,1.982111930847167969e+00
-2.093021392822265625e+00,-1.273989528417587280e-01,8.466731309890747070e-01
-2.059511661529541016e+00,3.840801417827606201e-01,7.621420025825500488e-01
3.401275724172592163e-02,1.954883373400662094e-06,1.983612060546875000e+00
-2.059225082397460938e+00,3.840939104557037354e-01,4.078112840652465820e-01
-2.092456817626953125e+00,-1.274080872535705566e-01,4.056829810142517090e-01
1.769025802612304688e+00,-7.981327176094055176e-01,1.352079391479492188e+00
-1.778938293457031250e+00,2.651214572324533947e-06,1.949417114257812500e+00
1.079663634300231934e+00,-1.668220907449722290e-01,3.536834716796875000e-01
9.596135020256042480e-01,-8.698883056640625000e-01,2.671218812465667725e-01
-1.851242065429687500e+00,-3.941543102264404297e-01,1.897778987884521484e+00
7.406219094991683960e-02,-8.062028884887695312e-01,1.503237605094909668e+00
1.550650596618652344e+00,-9.209880828857421875e-01,4.724665582180023193e-01
-1.061719894409179688e+00,7.215740084648132324e-01,3.604144155979156494e-01
-2.089464902877807617e+00,-5.450181961059570312e-01,1.363608717918395996e+00
1.602193593978881836e+00,-6.192035675048828125e-01,1.773351192474365234e+00
1.966256141662597656e+00,5.184321999549865723e-01,1.042851567268371582e+00
1.312229633331298828e+00,-1.668214052915573120e-01,3.536834716796875000e-01
2.258074045181274414e+00,-1.668214797973632812e-01,3.536834716796875000e-01
-1.112679839134216309e+00,8.362617492675781250e-01,1.720133304595947266e+00
1.660884976387023926e+00,-2.591342926025390625e-01,1.960581779479980469e+00
1.742925643920898438e+00,2.661502063274383545e-01,1.825499176979064941e+00
1.660820960998535156e+00,-8.086249828338623047e-01,1.465356588363647461e+00
-7.767241001129150391e-01,8.498044610023498535e-01,5.266017913818359375e-01
-1.931591272354125977e+00,-5.008081197738647461e-01,3.536834716796875000e-01
-5.156778097152709961e-01,8.644046783447265625e-01,4.693711698055267334e-01
-1.717501282691955566e+00,8.452672362327575684e-01,4.704523086547851562e-01
1.867295503616333008e+00,-8.534049987792968750e-01,6.865782141685485840e-01
-9.673829674720764160e-01,7.893140912055969238e-01,1.860064506530761719e+00
1.443735957145690918e+00,-8.099042177200317383e-01,1.647666931152343750e+00
-7.031664848327636719e-01,8.012688755989074707e-01,1.736824989318847656e+00
-1.965522766113281250e+00,-1.294531822204589844e-01,1.775596380233764648e+00
5.058509707450866699e-01,-8.186872601509094238e-01,1.557214736938476562e+00
1.223580718040466309e+00,-7.909239530563354492e-01,1.843405723571777344e+00
1.668810963630676270e+00,-8.358392715454101562e-01,3.536834716796875000e-01
-1.828547596931457520e+00,7.986689805984497070e-01,1.763498306274414062e+00
1.735277175903320312e+00,5.333375334739685059e-01,1.543270587921142578e+00
-1.143885970115661621e+00,-5.792264938354492188e-01,6.572692841291427612e-02
-5.169414281845092773e-01,8.420190811157226562e-01,1.499716758728027344e+00
-1.704689860343933105e+00,9.045982360839843750e-01,1.618477106094360352e+00
9.635501503944396973e-01,-8.324460983276367188e-01,1.612229585647583008e+00
6.651501059532165527e-01,-8.413887023925781250e-01,1.501379966735839844e+00
1.513939976692199707e+00,5.313699245452880859e-01,1.765780448913574219e+00
-5.994415283203125000e-02,8.353808522224426270e-01,1.385182380676269531e+00
-1.890876412391662598e+00,2.618729174137115479e-01,1.875660896301269531e+00
-1.889523386955261230e+00,-2.616854310035705566e-01,1.881474494934082031e+00
1.931874275207519531e+00,-7.823415994644165039e-01,7.771166563034057617e-01
-1.900863647460937500e+00,-6.538312435150146484e-01,1.607486486434936523e+00
-1.736574649810791016e+00,7.344751358032226562e-01,3.788827359676361084e-01
1.558470845222473145e+00,-8.197954893112182617e-01,1.545657157897949219e+00
1.811138153076171875e+00,-2.639513015747070312e-01,1.715421199798583984e+00
1.815327644348144531e+00,2.638163566589355469e-01,1.714543461799621582e+00
1.821487426757812500e+00,-5.277801156044006348e-01,1.621342897415161133e+00
1.770427703857421875e+00,4.043578883283771574e-06,1.818474411964416504e+00
1.453678131103515625e+00,5.540122389793395996e-01,7.942016422748565674e-02
1.955443382263183594e+00,2.593001425266265869e-01,1.499819874763488770e+00
1.878314018249511719e+00,-2.617860138416290283e-01,1.607569575309753418e+00
-1.798547744750976562e+00,3.967028856277465820e-01,1.910051345825195312e+00
-1.210335731506347656e+00,-4.251545667648315430e-01,3.536859154701232910e-01
-1.133163452148437500e+00,-6.675357818603515625e-01,5.867546200752258301e-01
-1.887251377105712891e+00,3.070831326112966053e-06,1.887048721313476562e+00
-1.131743431091308594e+00,-6.792325973510742188e-01,1.749608993530273438e+00
1.900799751281738281e+00,4.034042376588331535e-06,1.602286815643310547e+00
-3.419050574302673340e-01,8.210354447364807129e-01,1.532960891723632812e+00
-1.140955686569213867e+00,-5.217587351799011230e-01,1.914894104003906250e+00
-1.014044761657714844e+00,-7.107639908790588379e-01,3.211419582366943359e-01
-2.091075181961059570e+00,-5.377292633056640625e-01,3.894818127155303955e-01
-1.961683273315429688e+00,1.295150220394134521e-01,1.776444673538208008e+00
9.844779968261718750e-01,6.333179473876953125e-01,1.863242864608764648e+00
-1.870732009410858154e-01,8.358411788940429688e-01,3.536834716796875000e-01
1.584694147109985352e+00,-7.216653823852539062e-01,3.783136010169982910e-01
2.258074045181274414e+00,1.668214797973632812e-01,3.536834716796875000e-01
2.138149976730346680e+00,-1.668212711811065674e-01,3.536834716796875000e-01
2.018768787384033203e+00,1.668206602334976196e-01,3.536834716796875000e-01
-1.613538146018981934e+00,7.871755957603454590e-01,1.882047653198242188e+00
-9.518749713897705078e-01,7.142562866210937500e-01,3.129800260066986084e-01
-2.048565864562988281e+00,1.668213754892349243e-01,3.536834716796875000e-01
2.020869016647338867e+00,-5.008071660995483398e-01,3.536834716796875000e-01
-1.935611128807067871e+00,8.358385562896728516e-01,3.536834716796875000e-01
-9.756137132644653320e-01,8.188641667366027832e-01,1.433277130126953125e-01
1.901898145675659180e+00,5.008094310760498047e-01,3.536834716796875000e-01
-1.811099410057067871e+00,-1.668223589658737183e-01,3.536834716796875000e-01
-1.811099410057067871e+00,1.668223291635513306e-01,3.536834716796875000e-01
1.899919986724853516e+00,-1.668215394020080566e-01,3.536834716796875000e-01
1.899920344352722168e+00,1.668215394020080566e-01,3.536834716796875000e-01
-1.812984704971313477e+00,5.008115172386169434e-01,3.536834716796875000e-01
1.783394694328308105e+00,-5.008085370063781738e-01,3.536834716796875000e-01
-1.932653784751892090e+00,5.350317358970642090e-01,1.709065437316894531e+00
1.663620591163635254e+00,1.668218225240707397e-01,3.536834716796875000e-01
-1.693064570426940918e+00,-1.668223589658737183e-01,3.536834716796875000e-01
-1.693064332008361816e+00,1.668223738670349121e-01,3.536834716796875000e-01
1.665345430374145508e+00,5.008085370063781738e-01,3.536834716796875000e-01
1.663619995117187500e+00,-1.668217778205871582e-01,3.536834716796875000e-01
-1.577094554901123047e+00,5.008109211921691895e-01,3.536834716796875000e-01
1.547727346420288086e+00,-5.008112192153930664e-01,3.536834716796875000e-01
1.430471777915954590e+00,5.008071064949035645e-01,3.536834716796875000e-01
-1.458239436149597168e+00,1.668216288089752197e-01,3.536834716796875000e-01
-1.458239674568176270e+00,-1.668216735124588013e-01,3.536834716796875000e-01
1.546115040779113770e+00,1.668218970298767090e-01,3.536834716796875000e-01
1.195799589157104492e+00,1.668219566345214844e-01,3.536834716796875000e-01
-1.459763050079345703e+00,-5.008121132850646973e-01,3.536834716796875000e-01
1.428993225097656250e+00,-1.668217629194259644e-01,3.536834716796875000e-01
-1.342785477638244629e+00,5.008082389831542969e-01,3.536834716796875000e-01
1.471472740173339844e+00,-8.269854784011840820e-01,1.543127447366714478e-01
1.313596487045288086e+00,5.008084774017333984e-01,3.536834716796875000e-01
1.313596129417419434e+00,-5.008082985877990723e-01,3.536834716796875000e-01
-1.341389775276184082e+00,-1.668218076229095459e-01,3.536834716796875000e-01
-1.341389775276184082e+00,1.668218076229095459e-01,3.536834716796875000e-01
1.312229871749877930e+00,1.668214201927185059e-01,3.536834716796875000e-01
-1.109838485717773438e+00,5.008158087730407715e-01,3.536834716796875000e-01
1.080780863761901855e+00,5.008068084716796875e-01,3.536834716796875000e-01
-1.108677387237548828e+00,1.668226569890975952e-01,3.536834716796875000e-01
1.289105057716369629e+00,6.453800201416015625e-01,1.759634494781494141e+00
1.195799589157104492e+00,-1.668219268321990967e-01,3.536834716796875000e-01
-9.937801957130432129e-01,-5.008128285408020020e-01,3.536834716796875000e-01
1.080780863761901855e+00,-5.008067488670349121e-01,3.536834716796875000e-01
-1.108677625656127930e+00,-1.668227016925811768e-01,3.536834716796875000e-01
1.079663634300231934e+00,1.668221205472946167e-01,3.536834716796875000e-01
-9.937800168991088867e-01,5.008128881454467773e-01,3.536834716796875000e-01
-1.440939903259277344e+00,-6.589136123657226562e-01,1.761226773262023926e+00
8.490511775016784668e-01,-5.008115172386169434e-01,3.536834716796875000e-01
9.648122787475585938e-01,5.008156895637512207e-01,3.536834716796875000e-01
-1.749758362770080566e+00,-6.641302108764648438e-01,1.661266922950744629e+00
-8.770787119865417480e-01,-1.668269932270050049e-01,3.536834716796875000e-01
-9.927445650100708008e-01,1.668225824832916260e-01,3.536834716796875000e-01
9.637857079505920410e-01,-1.668203920125961304e-01,3.536834716796875000e-01
7.350396513938903809e-01,-8.358471989631652832e-01,3.536834716796875000e-01
-7.624029517173767090e-01,5.008284449577331543e-01,3.536834716796875000e-01
-8.779812455177307129e-01,-5.008187294006347656e-01,3.536834716796875000e-01
-1.079203605651855469e+00,8.110915422439575195e-01,4.710197448730468750e-02
7.335222959518432617e-01,5.008183717727661133e-01,3.536834716796875000e-01
8.481838703155517578e-01,1.668253093957901001e-01,3.536834716796875000e-01
7.327718734741210938e-01,-1.668273061513900757e-01,3.536834716796875000e-01
-6.469945907592773438e-01,-5.008238554000854492e-01,3.536834716796875000e-01
-5.328472852706909180e-01,8.358509540557861328e-01,3.536834716796875000e-01
6.775886416435241699e-01,6.701154708862304688e-01,1.850617527961730957e+00
7.335222959518432617e-01,-5.008184313774108887e-01,3.536834716796875000e-01
5.039920210838317871e-01,-8.358411788940429688e-01,3.536834716796875000e-01
-7.615966796875000000e-01,1.668245643377304077e-01,3.536834716796875000e-01
-7.615966796875000000e-01,-1.668245345354080200e-01,3.536834716796875000e-01
-6.469945907592773438e-01,5.008239150047302246e-01,3.536834716796875000e-01
6.175436377525329590e-01,1.668308675289154053e-01,3.536834716796875000e-01
2.734518349170684814e-01,-8.358601927757263184e-01,3.536834716796875000e-01
6.181814670562744141e-01,5.008321404457092285e-01,3.536834716796875000e-01
5.029696822166442871e-01,-5.008321404457092285e-01,3.536834716796875000e-01
-3.022476136684417725e-01,8.358533978462219238e-01,3.536834716796875000e-01
-5.311776399612426758e-01,-1.668198108673095703e-01,3.536834716796875000e-01
6.175439357757568359e-01,-1.668308377265930176e-01,3.536834716796875000e-01
-5.317333936691284180e-01,-5.008058547973632812e-01,3.536834716796875000e-01
-3.016259670257568359e-01,-5.008249282836914062e-01,3.536834716796875000e-01
-4.166325330734252930e-01,5.008186697959899902e-01,3.536834716796875000e-01
1.910314917564392090e+00,6.426839828491210938e-01,8.088909983634948730e-01
3.878634572029113770e-01,-5.008119940757751465e-01,3.536834716796875000e-01
3.878634572029113770e-01,5.008120536804199219e-01,3.536834716796875000e-01
3.874865770339965820e-01,-1.668329983949661255e-01,3.536834716796875000e-01
5.024346709251403809e-01,1.668257713317871094e-01,3.536834716796875000e-01
-5.311776399612426758e-01,1.668197661638259888e-01,3.536834716796875000e-01
1.579617261886596680e-01,-5.008295178413391113e-01,3.536834716796875000e-01
-1.866958588361740112e-01,5.008448362350463867e-01,3.536834716796875000e-01
-4.162310659885406494e-01,-1.668376624584197998e-01,3.536834716796875000e-01
-3.013043105602264404e-01,1.668214201927185059e-01,3.536834716796875000e-01
-1.866958588361740112e-01,-5.008448362350463867e-01,3.536834716796875000e-01
1.894773006439208984e+00,-7.188119888305664062e-01,1.227078318595886230e+00
-7.180297374725341797e-02,5.008720159530639648e-01,3.536834716796875000e-01
4.308013990521430969e-02,-5.008511543273925781e-01,3.536834716796875000e-01
1.579617261886596680e-01,5.008295178413391113e-01,3.536834716796875000e-01
-5.253995060920715332e-01,-6.922130584716796875e-01,1.844315886497497559e+00
-1.689067482948303223e+00,5.195143222808837891e-01,1.949548721313476562e+00
4.303741455078125000e-02,1.668542623519897461e-01,3.536834716796875000e-01
4.303710907697677612e-02,-1.668543070554733276e-01,3.536834716796875000e-01
2.726153433322906494e-01,1.668358445167541504e-01,3.536834716796875000e-01
2.726153433322906494e-01,-1.668358594179153442e-01,3.536834716796875000e-01
-1.864706426858901978e-01,-1.668043732643127441e-01,3.536834716796875000e-01
-1.864706426858901978e-01,1.668044030666351318e-01,3.536834716796875000e-01
3.749776780605316162e-01,6.950502395629882812e-01,1.842317104339599609e+00
-1.061718940734863281e+00,7.215739488601684570e-01,1.614950597286224365e-01
6.737518310546875000e-01,7.229614257812500000e-01,1.626820802688598633e+00
-2.043227672576904297e+00,-6.423383355140686035e-01,6.761132478713989258e-01
1.272726416587829590e+00,-8.081538081169128418e-01,1.073360443115234375e-02
-8.263298869132995605e-01,-6.988706588745117188e-01,1.740019202232360840e+00
2.141226768493652344e+00,-5.872694849967956543e-01,3.536859154701232910e-01
9.776633977890014648e-01,6.981744766235351562e-01,1.635843038558959961e+00
7.468476891517639160e-02,-7.288026809692382812e-01,1.834205269813537598e+00
-2.237489223480224609e-01,7.430162429809570312e-01,1.831869125366210938e+00
1.281625986099243164e+00,6.996622085571289062e-01,1.534978628158569336e+00
-1.128612756729125977e+00,-7.050170898437500000e-01,1.637625813484191895e+00
-5.225151181221008301e-01,-7.433109283447265625e-01,1.621564745903015137e+00
1.127344846725463867e+00,-7.259454727172851562e-01,7.469634711742401123e-02
-1.432952404022216797e+00,-7.106933593750000000e-01,1.536768913269042969e+00
-1.709370374679565430e+00,8.796281814575195312e-01,1.729102492332458496e+00
-1.040180206298828125e+00,-7.124505639076232910e-01,1.992388814687728882e-01
3.718868792057037354e-01,-7.716808319091796875e-01,1.721021652221679688e+00
7.455676048994064331e-02,7.448492050170898438e-01,1.724681377410888672e+00
-2.239094823598861694e-01,-7.363243103027343750e-01,1.726718544960021973e+00
1.049233317375183105e+00,-8.097543716430664062e-01,3.057861328125000000e-02
-8.217911124229431152e-01,-7.499399185180664062e-01,1.518344640731811523e+00
-1.410216331481933594e+00,8.580999374389648438e-01,1.723671078681945801e+00
1.963773727416992188e+00,-5.185980200767517090e-01,1.408452868461608887e+00
3.728809356689453125e-01,7.470817565917968750e-01,1.619641423225402832e+00
1.882062792778015137e+00,-7.810716629028320312e-01,1.007386326789855957e+00
-1.300302982330322266e+00,8.077148199081420898e-01,5.315780639648437500e-03
-8.160920739173889160e-01,8.140668869018554688e-01,1.718469381332397461e+00
-1.740048527717590332e+00,-7.159423828125000000e-01,1.437097549438476562e+00
1.261030077934265137e+00,-8.491239547729492188e-01,1.615605473518371582e+00
1.588285326957702637e+00,7.006626129150390625e-01,1.435315847396850586e+00
6.718243956565856934e-01,7.495012283325195312e-01,1.516443252563476562e+00
-1.700053095817565918e+00,9.293375015258789062e-01,1.508879542350769043e+00
7.427442073822021484e-02,-7.800874710083007812e-01,1.612608432769775391e+00
1.273860573768615723e+00,7.560100555419921875e-01,7.903442382812500000e-01
-2.225259095430374146e-01,7.935657501220703125e-01,1.610668182373046875e+00
3.697786629199981689e-01,-8.239994049072265625e-01,1.501496911048889160e+00
-5.210536122322082520e-01,-7.692174911499023438e-01,1.511638760566711426e+00
-1.402553677558898926e+00,9.077711105346679688e-01,1.504165649414062500e+00
3.707668483257293701e-01,7.995462417602539062e-01,1.400919795036315918e+00
-1.109648704528808594e+00,8.612213134765625000e-01,1.610104322433471680e+00
-2.226598709821701050e-01,-7.879571914672851562e-01,1.506612062454223633e+00
7.413858175277709961e-02,7.967967987060546875e-01,1.504775643348693848e+00
9.608225822448730469e-01,-8.584070205688476562e-01,1.502886772155761719e+00
-1.425728917121887207e+00,-7.575311660766601562e-01,1.316951751708984375e+00
-8.116562962532043457e-01,8.639860153198242188e-01,1.499625086784362793e+00
-1.103575587272644043e+00,9.112339019775390625e-01,1.392947196960449219e+00
1.905736684799194336e+00,6.651086807250976562e-01,7.007127404212951660e-01
-1.122354269027709961e+00,-7.565679550170898438e-01,1.416651129722595215e+00
9.720628261566162109e-01,7.514410018920898438e-01,1.414853334426879883e+00
2.016438007354736328e+00,-2.573339641094207764e-01,1.397043585777282715e+00
-8.194566369056701660e-01,-7.762327194213867188e-01,1.408857345581054688e+00
6.686706542968750000e-01,7.929248809814453125e-01,1.299987912178039551e+00
-9.092649817466735840e-01,8.638424277305603027e-01,7.003688812255859375e-01
2.023290634155273438e+00,2.571131885051727295e-01,1.395844340324401855e+00
1.548591136932373047e+00,-9.330539703369140625e-01,1.295328974723815918e+00
-2.088100433349609375e+00,-5.511970520019531250e-01,4.963859319686889648e-01
-1.695458769798278809e+00,9.538526535034179688e-01,1.400271296501159668e+00
-1.782959103584289551e+00,2.599470019340515137e-01,1.935371398925781250e+00
-1.780487060546875000e+00,-5.001878738403320312e-01,4.957932829856872559e-01
-2.017648696899414062e+00,-6.444033384323120117e-01,1.400649666786193848e+00
1.253905296325683594e+00,-9.008197784423828125e-01,1.397458195686340332e+00
2.034854412078857422e+00,3.910064606316154823e-06,1.393097519874572754e+00
-1.398738980293273926e+00,9.325132369995117188e-01,1.395870923995971680e+00
-1.894577980041503906e+00,9.179854393005371094e-01,1.426694273948669434e+00
-1.735117316246032715e+00,-7.422523498535156250e-01,1.220124840736389160e+00
7.385516166687011719e-02,-8.320770263671875000e-01,1.394879460334777832e+00
9.566182494163513184e-01,-8.984012603759765625e-01,1.288779616355895996e+00
1.583717584609985352e+00,7.273969650268554688e-01,1.218561530113220215e+00
1.863695025444030762e+00,-8.710422515869140625e-01,5.815274119377136230e-01
3.687391877174377441e-01,-8.497943878173828125e-01,1.393268585205078125e+00
-2.212714403867721558e-01,8.454751968383789062e-01,1.393202781677246094e+00
6.632803678512573242e-01,-8.671321868896484375e-01,1.393160462379455566e+00
1.278715014457702637e+00,7.207832336425781250e-01,5.846263170242309570e-01
-5.154880881309509277e-01,8.677616119384765625e-01,1.391616582870483398e+00
-8.081632256507873535e-01,9.033098220825195312e-01,1.286073923110961914e+00
1.314072370529174805e+00,4.642467498779296875e-01,1.904311299324035645e+00
-1.734511971473693848e+00,-7.454805374145507812e-01,1.113757252693176270e+00
1.583137512207031250e+00,7.308006286621093750e-01,1.112309694290161133e+00
1.275058507919311523e+00,7.473125457763671875e-01,1.315310239791870117e+00
1.804744720458984375e+00,-7.946690917015075684e-01,1.252698063850402832e+00
1.581979036331176758e+00,7.375755310058593750e-01,9.008440971374511719e-01
-1.425233840942382812e+00,-7.607402801513671875e-01,1.211004972457885742e+00
1.860113024711608887e+00,-8.885879516601562500e-01,4.770251214504241943e-01
1.900513768196105957e+00,6.906919479370117188e-01,4.873855412006378174e-01
-1.424247741699218750e+00,-7.671232223510742188e-01,1.000213027000427246e+00
-1.892983436584472656e+00,6.544672846794128418e-01,1.797222614288330078e+00
1.274136304855346680e+00,7.540044784545898438e-01,1.104023694992065430e+00
-1.737244248390197754e+00,-7.309036254882812500e-01,6.935827732086181641e-01
-1.119637250900268555e+00,-7.789335250854492188e-01,1.203264713287353516e+00
-1.534083366394042969e+00,-6.834406852722167969e-01,5.882507190108299255e-02
9.697430133819580078e-01,7.735118865966796875e-01,1.201777577400207520e+00
-1.733308315277099609e+00,-7.519044876098632812e-01,9.020495414733886719e-01
1.588371872901916504e+00,7.001562118530273438e-01,4.839585721492767334e-01
1.588370323181152344e+00,7.001562118530273438e-01,2.745156884193420410e-01
-1.118868708610534668e+00,-7.852640151977539062e-01,9.938247203826904297e-01
1.582404255867004395e+00,7.350959777832031250e-01,7.960796952247619629e-01
1.584953427314758301e+00,7.201633453369140625e-01,5.875790119171142578e-01
-1.432982802391052246e+00,-7.105064392089843750e-01,5.866523385047912598e-01
-8.176230192184448242e-01,-7.968769073486328125e-01,1.196862816810607910e+00
-5.186674594879150391e-01,-8.114728927612304688e-01,1.296020746231079102e+00
-1.432981848716735840e+00,-7.105064392089843750e-01,3.777779936790466309e-01
6.684409976005554199e-01,7.960834503173828125e-01,1.195410490036010742e+00
3.701308071613311768e-01,8.153209686279296875e-01,1.294468760490417480e+00
-1.432982802391052246e+00,-7.105064392089843750e-01,1.692755073308944702e-01
9.690418243408203125e-01,7.801818847656250000e-01,9.925603866577148438e-01
-1.692054510116577148e+00,9.720163345336914062e-01,1.189843058586120605e+00
-4.338770210742950439e-01,8.163391947746276855e-01,1.581467628479003906e+00
1.278712749481201172e+00,7.207841873168945312e-01,4.804905652999877930e-01
-1.423750281333923340e+00,-7.703485488891601562e-01,8.953092694282531738e-01
-8.285372257232666016e-01,6.739873886108398438e-01,4.802772402763366699e-01
-2.216654121875762939e-01,-8.290538787841796875e-01,1.291862130165100098e+00
1.251410961151123047e+00,-9.189310073852539062e-01,1.187473773956298828e+00
6.679608225822448730e-01,8.027019500732421875e-01,9.873052835464477539e-01
1.278713703155517578e+00,7.207841873168945312e-01,2.725488245487213135e-01
1.273212671279907227e+00,7.607126235961914062e-01,8.941381573677062988e-01
1.548032522201538086e+00,-9.363145828247070312e-01,1.191106557846069336e+00
7.381048798561096191e-02,8.375091552734375000e-01,1.290336132049560547e+00
-1.968863487243652344e+00,-3.884651064872741699e-01,1.776702404022216797e+00
1.278715133666992188e+00,7.207832336425781250e-01,1.686907857656478882e-01
-1.396027207374572754e+00,9.500837326049804688e-01,1.186187148094177246e+00
-2.081871271133422852e+00,-5.793828964233398438e-01,1.141229510307312012e+00
7.371316105127334595e-02,-8.496103286743164062e-01,1.185374617576599121e+00
-8.170614242553710938e-01,-8.031930923461914062e-01,9.885372519493103027e-01
-5.183119177818298340e-01,-8.177404403686523438e-01,1.087877631187438965e+00
-1.101887941360473633e+00,9.251432418823242188e-01,1.287339925765991211e+00
-1.125458836555480957e+00,-7.309923171997070312e-01,3.752746582031250000e-01
-5.145404934883117676e-01,8.845520019531250000e-01,1.182689785957336426e+00
3.698733448982238770e-01,8.216934204101562500e-01,1.086562156677246094e+00
7.375837117433547974e-02,8.437871932983398438e-01,1.083102703094482422e+00
-1.691478252410888672e+00,9.750890731811523438e-01,1.086124420166015625e+00
9.562811851501464844e-01,-9.015960693359375000e-01,1.185094237327575684e+00
