2.235677242279052734e+00,1.520056724548339844e+00,9.358584284782409668e-01
-2.191939592361450195e+00,-1.405516624450683594e+00,2.271563529968261719e+00
4.155941009521484375e-01,-1.557624816894531250e+00,6.725189089775085449e-02
-4.801330566406250000e-01,1.078180074691772461e+00,2.340871572494506836e+00
-1.696831703186035156e+00,-1.337815821170806885e-01,5.751464888453483582e-02
-7.046081125736236572e-02,1.793503642082214355e+00,1.404285430908203125e-02
2.030641138553619385e-01,-1.237376213073730469e+00,2.386173725128173828e+00
-6.600835323333740234e-01,-2.570124149322509766e+00,1.304597020149230957e+00
9.586863517761230469e-01,2.373857021331787109e+00,2.044874668121337891e+00
1.256259918212890625e+00,2.818366587162017822e-01,2.035021543502807617e+00
5.053427219390869141e-01,1.677912622690200806e-01,4.136142730712890625e-01
-1.897439956665039062e+00,-1.722255229949951172e+00,6.092300415039062500e-01
-1.452028274536132812e+00,-1.377266645431518555e-01,1.691285014152526855e+00
-7.868156433105468750e-01,7.437654733657836914e-01,7.828739881515502930e-01
1.040011882781982422e+00,2.452971935272216797e+00,6.452564597129821777e-01
1.813858032226562500e+00,5.282666683197021484e-01,5.681457370519638062e-02
-6.544012427330017090e-01,-8.436793088912963867e-01,4.508457183837890625e-01
6.692790985107421875e-01,-9.047704935073852539e-01,1.214364647865295410e+00
6.774749606847763062e-02,1.590088844299316406e+00,1.279547691345214844e+00
-1.019839763641357422e+00,-2.006993055343627930e+00,2.387279033660888672e+00
1.152927353978157043e-01,1.811981178434507456e-06,2.446629047393798828e+00
1.856036305427551270e+00,1.552423119544982910e+00,2.070350646972656250e+00
6.469397544860839844e-01,1.266979336738586426e+00,2.204042911529541016e+00
-8.143276572227478027e-01,-7.340780496597290039e-01,2.429676532745361328e+00
9.747900366783142090e-01,1.178616404533386230e+00,4.066181182861328125e-01
-2.076538085937500000e+00,-8.973771333694458008e-01,1.303769707679748535e+00
6.656303256750106812e-02,-1.737209320068359375e+00,1.445201635360717773e+00
1.420155048370361328e+00,3.056001663208007812e-01,9.973290562629699707e-01
-7.785528302192687988e-01,-1.866192936897277832e+00,4.199848175048828125e-01
-1.504259943962097168e+00,-1.973985671997070312e+00,1.521625638008117676e+00
8.578796386718750000e-01,-5.899634361267089844e-01,2.131059885025024414e+00
-8.983550667762756348e-01,2.446707338094711304e-01,2.409375190734863281e+00
-1.156800031661987305e+00,-1.740637570619583130e-01,8.031005859375000000e-01
-2.068029642105102539e+00,-8.411520719528198242e-01,4.194784164428710938e-01
1.631314158439636230e+00,2.009308815002441406e+00,1.333428144454956055e+00
3.087240457534790039e-01,2.438307523727416992e+00,1.471289634704589844e+00
-8.290286660194396973e-01,6.684417724609375000e-01,1.638508319854736328e+00
1.692147731781005859e+00,1.856824159622192383e+00,3.676605224609375000e-01
9.136199951171875000e-01,-5.863664746284484863e-01,4.670696854591369629e-01
2.313717365264892578e+00,9.961802363395690918e-01,1.622763276100158691e+00
-1.695481061935424805e+00,-7.405496239662170410e-01,2.362871646881103516e+00
6.413612514734268188e-02,-2.038518428802490234e+00,6.743407845497131348e-01
-1.994562149047851562e-01,-1.996793985366821289e+00,2.296539068222045898e+00
4.338501021265983582e-02,8.401380777359008789e-01,4.070386886596679688e-01
1.595953404903411865e-01,-8.427642583847045898e-01,4.392547607421875000e-01
2.091741561889648438e-01,2.170030117034912109e+00,6.514307856559753418e-01
-6.213665008544921875e-01,-2.634858846664428711e+00,4.997173845767974854e-01
1.107336997985839844e+00,-2.866368889808654785e-01,1.454707264900207520e+00
-1.362983942031860352e+00,-1.184080362319946289e+00,4.548683166503906250e-01
-4.192027151584625244e-01,1.680288314819335938e-01,4.276142120361328125e-01
1.997665762901306152e-01,7.323927283287048340e-01,2.447095394134521484e+00
1.359570026397705078e+00,1.015687942504882812e+00,2.163191795349121094e+00
1.928681373596191406e+00,7.826505303382873535e-01,7.774232029914855957e-01
-2.755722105503082275e-01,1.519242167472839355e+00,6.517972946166992188e-01
3.431549072265625000e-01,1.852430343627929688e+00,1.958031892776489258e+00
-1.229022026062011719e+00,-2.161853551864624023e+00,8.660354614257812500e-01
-6.610878705978393555e-01,-2.558815956115722656e+00,2.001711368560791016e+00
1.040010094642639160e+00,2.452973365783691406e+00,1.332441568374633789e+00
7.453613281250000000e-01,1.856948256492614746e+00,3.683614730834960938e-01
-1.766097426414489746e+00,-2.876006960868835449e-01,1.077479362487792969e+00
-1.533014297485351562e+00,-1.488802433013916016e+00,2.395344257354736328e+00
7.876371741294860840e-01,1.754760660332976840e-06,2.446080684661865234e+00
1.090928196907043457e+00,5.055089592933654785e-01,4.509038925170898438e-01
-2.137808203697204590e-01,1.155416488647460938e+00,1.750257253646850586e+00
1.716642379760742188e+00,8.032116293907165527e-01,1.455546021461486816e+00
-1.990776062011718750e-01,-1.763657569885253906e+00,1.483734101057052612e-01
4.425695836544036865e-01,-1.463181138038635254e+00,9.967451095581054688e-01
-5.692315697669982910e-01,-1.487012743949890137e+00,2.404489517211914062e+00
4.115991592407226562e-01,-1.242703795433044434e+00,1.691027760505676270e+00
1.204610824584960938e+00,1.804315805435180664e+00,2.136528015136718750e+00
-2.185486793518066406e+00,-1.430816650390625000e+00,1.647913813591003418e+00
1.676207542419433594e+00,1.174141645431518555e+00,3.671798706054687500e-01
-1.333165407180786133e+00,-2.455665171146392822e-01,2.381540775299072266e+00
-1.187313914299011230e+00,2.215919494628906250e-01,1.275991916656494141e+00
-1.369787156581878662e-01,-7.340954542160034180e-01,2.429533958435058594e+00
2.315261363983154297e+00,1.248897075653076172e+00,3.993725478649139404e-01
-5.138311386108398438e-01,1.074361085891723633e+00,1.236687779426574707e+00
-2.186113595962524414e+00,-1.428359031677246094e+00,1.046374917030334473e+00
-4.718864858150482178e-01,-2.435727417469024658e-01,2.443757057189941406e+00
7.308990955352783203e-01,5.057040452957153320e-01,2.163521289825439453e+00
-2.051567316055297852e+00,-9.461812973022460938e-01,1.947811484336853027e+00
4.334350302815437317e-02,-1.680420637130737305e-01,4.273939132690429688e-01
-3.883129656314849854e-01,4.874897003173828125e-01,2.445715427398681641e+00
-1.505661129951477051e+00,-1.966508865356445312e+00,2.093255281448364258e+00
5.768976211547851562e-01,-1.221277713775634766e+00,4.874157607555389404e-01
-3.287801742553710938e-01,-2.369991302490234375e+00,8.975576758384704590e-01
-1.371795058250427246e+00,-1.866895198822021484e+00,4.239120483398437500e-01
3.678615093231201172e-01,-4.882489740848541260e-01,2.434108257293701172e+00
5.437023043632507324e-01,2.513619422912597656e+00,3.850372135639190674e-01
1.224470138549804688e-01,-1.605266094207763672e+00,1.979738473892211914e+00
1.270567893981933594e+00,3.890991138177923858e-06,5.448397994041442871e-01
2.209277629852294922e+00,1.525226712226867676e+00,1.570516824722290039e+00
-1.181531071662902832e+00,2.692155838012695312e-01,5.028221011161804199e-01
5.696973800659179688e-01,2.246662139892578125e+00,1.035950303077697754e+00
2.342529296875000000e-01,1.587095737457275391e+00,3.976528942584991455e-01
-2.286745548248291016e+00,-1.381420850753784180e+00,4.890747070312500000e-01
1.631314635276794434e+00,2.009306430816650391e+00,1.897132277488708496e+00
-1.489497542381286621e+00,-5.110135674476623535e-01,5.645923614501953125e-01
1.213807687163352966e-01,1.277735829353332520e+00,2.137816429138183594e+00
-1.080358862876892090e+00,-1.230637669563293457e+00,2.427657604217529297e+00
1.319872856140136719e+00,2.797863781452178955e-01,1.518934249877929688e+00
-1.918438673019409180e-01,-2.062838077545166016e+00,1.754372477531433105e+00
-5.024945139884948730e-01,1.097947120666503906e+00,4.573716521263122559e-01
1.436349868774414062e+00,8.303898572921752930e-01,9.211692810058593750e-01
1.114348411560058594e+00,-2.864109873771667480e-01,9.518381953239440918e-01
-7.510055601596832275e-02,-1.566712141036987305e+00,7.292518615722656250e-01
-6.399365067481994629e-01,-1.336915969848632812e+00,4.563763439655303955e-01
-1.781949996948242188e+00,-1.746803522109985352e+00,1.088343501091003418e+00
1.824241638183593750e+00,1.059616804122924805e+00,2.014301300048828125e+00
-1.209264755249023438e+00,1.416379511356353760e-01,2.045162677764892578e+00
1.327651381492614746e+00,1.513779759407043457e+00,3.668165206909179688e-01
6.253141760826110840e-01,8.437700271606445312e-01,4.517431259155273438e-01
-1.003020882606506348e+00,-5.054697394371032715e-01,4.499683380126953125e-01
-3.099651932716369629e-01,-2.214829444885253906e+00,4.199581146240234375e-01
-3.041244447231292725e-01,-5.049736499786376953e-01,4.394598007202148438e-01
1.802325248718261719e+00,1.880996108055114746e+00,9.004942178726196289e-01
-1.232259988784790039e+00,-1.485767364501953125e-01,1.841101050376892090e-01
1.343184828758239746e+00,2.203723907470703125e+00,3.676605224609375000e-01
-1.894181817770004272e-01,-1.183619618415832520e+00,4.507427215576171875e-01
1.325592517852783203e+00,2.238696575164794922e+00,1.019952654838562012e+00
-1.654407501220703125e+00,-6.737269163131713867e-01,1.507867425680160522e-01
-1.833230257034301758e+00,-1.704491615295410156e+00,1.877269506454467773e+00
3.359431326389312744e-01,-1.663614273071289062e+00,5.207293629646301270e-01
-1.905312240123748779e-01,-2.117162227630615234e+00,1.289221882820129395e+00
1.420765995979309082e+00,3.100347518920898438e-01,1.874304115772247314e-01
-1.624220848083496094e+00,-4.051347970962524414e-01,2.048857927322387695e+00
-1.957656860351562500e+00,-6.492464542388916016e-01,8.638564944267272949e-01
3.226644098758697510e-01,1.993192672729492188e+00,1.443136632442474365e-01
1.325593113899230957e+00,2.238695144653320312e+00,1.648542165756225586e+00
-7.376127243041992188e-01,7.477381825447082520e-01,2.161622047424316406e+00
3.258441984653472900e-01,1.914267539978027344e+00,1.507935166358947754e+00
-5.870103240013122559e-01,-2.282270193099975586e+00,2.351808071136474609e+00
6.619828939437866211e-01,-8.849792480468750000e-01,1.807996749877929688e+00
-1.531878471374511719e+00,6.940841674804687500e-02,7.390012741088867188e-01
4.497024416923522949e-02,1.217878937721252441e+00,7.533445358276367188e-01
6.818924099206924438e-02,1.535366058349609375e+00,1.772325754165649414e+00
-1.860132217407226562e+00,-6.571186780929565430e-01,1.615569114685058594e+00
-1.206329464912414551e+00,-2.179798126220703125e+00,1.840648770332336426e+00
7.514695525169372559e-01,1.805646300315856934e+00,2.130740642547607422e+00
2.987194061279296875e-01,1.844472050666809082e+00,1.003043532371520996e+00
6.135072708129882812e-01,-9.101788401603698730e-01,2.304171085357666016e+00
-1.884384155273437500e+00,-3.925502002239227295e-01,4.167901575565338135e-01
1.907980918884277344e+00,1.048765540122985840e+00,1.149076700210571289e+00
-1.248371243476867676e+00,-7.369140386581420898e-01,2.400407314300537109e+00
-7.677353024482727051e-01,5.043312907218933105e-01,4.261054992675781250e-01
1.616776466369628906e+00,2.702166736125946045e-01,6.168791055679321289e-01
-1.206261157989501953e+00,-2.180246353149414062e+00,1.293653488159179688e+00
-8.980836868286132812e-01,-2.445970922708511353e-01,2.411667823791503906e+00
-2.239353507757186890e-01,-1.234564661979675293e+00,2.403476715087890625e+00
8.532165288925170898e-01,-1.678150594234466553e-01,4.151210784912109375e-01
1.213670372962951660e+00,1.754760660332976840e-06,2.445733070373535156e+00
-1.021740674972534180e+00,-2.215843439102172852e+00,4.246730804443359375e-01
-8.285529017448425293e-01,6.738109588623046875e-01,1.212866544723510742e+00
6.868848800659179688e-01,-9.030641913414001465e-01,7.924987673759460449e-01
5.683853030204772949e-01,2.173766613006591797e+00,1.733903765678405762e+00
-9.247587323188781738e-01,-2.383900165557861328e+00,1.606320738792419434e+00
-4.289748370647430420e-01,-2.400431156158447266e+00,1.681936264038085938e+00
5.065389871597290039e-01,-5.043863654136657715e-01,4.271678924560546875e-01
1.494937896728515625e+00,5.488466620445251465e-01,1.784438133239746094e+00
-1.009412169456481934e+00,-1.521323323249816895e+00,4.184722900390625000e-01
4.506768584251403809e-01,2.434691935777664185e-01,2.446907997131347656e+00
1.960083246231079102e+00,1.762627601623535156e+00,1.288247823715209961e+00
1.088805198669433594e+00,-2.872343361377716064e-01,1.970112562179565430e+00
1.922406315803527832e+00,1.513903498649597168e+00,3.676605224609375000e-01
2.007350444793701172e+00,8.285211920738220215e-01,2.630529403686523438e-01
-1.834271907806396484e+00,-1.180235266685485840e+00,4.209203720092773438e-01
-7.679223418235778809e-01,-1.682101786136627197e-01,4.396877288818359375e-01
3.931078910827636719e-01,1.182310819625854492e+00,4.393243789672851562e-01
1.440656065940856934e+00,8.400410413742065430e-01,4.057884216308593750e-01
-1.878433227539062500e-01,5.039232373237609863e-01,4.173288345336914062e-01
2.744000256061553955e-01,5.036010742187500000e-01,4.103326797485351562e-01
-1.421847701072692871e+00,-5.302959084510803223e-01,9.633140563964843750e-01
-1.034733772277832031e+00,4.336482882499694824e-01,8.605010509490966797e-01
1.278911590576171875e+00,3.967285010730847716e-06,1.228131890296936035e+00
-1.602513074874877930e+00,-1.521897554397583008e+00,4.223985671997070312e-01
1.444416046142578125e-01,-1.929467558860778809e+00,2.922103703022003174e-01
8.890838623046875000e-01,-5.879498124122619629e-01,1.596804738044738770e+00
-9.252215623855590820e-01,-2.380091190338134766e+00,9.943273663520812988e-01
-1.473712921142578125e+00,-1.373777687549591064e-01,1.297380208969116211e+00
6.513687223196029663e-02,-1.914279937744140625e+00,1.047452330589294434e+00
-1.831812739372253418e+00,-1.710906028747558594e+00,1.484733104705810547e+00
1.663455218076705933e-01,-1.228484272956848145e+00,8.468580245971679688e-01
8.985033035278320312e-01,-5.873417258262634277e-01,1.078833580017089844e+00
4.207916185259819031e-02,-1.463112711906433105e+00,1.984310150146484375e-02
-2.298271656036376953e+00,-1.124617457389831543e+00,8.333320617675781250e-01
-2.124259173870086670e-01,1.211363792419433594e+00,1.039890408515930176e+00
-8.735656738281250000e-02,1.447458028793334961e+00,1.804122924804687500e-01
-1.835230708122253418e+00,-1.695444107055664062e+00,2.278886079788208008e+00
-6.422179937362670898e-02,1.781632900238037109e+00,8.996171951293945312e-01
3.171424865722656250e-01,2.423603057861328125e+00,1.878164291381835938e+00
1.960086226463317871e+00,1.762623786926269531e+00,1.772840499877929688e+00
-9.918813705444335938e-01,4.357201159000396729e-01,1.888264417648315430e+00
1.084571361541748047e+00,7.585266232490539551e-01,2.177472591400146484e+00
-1.975873351097106934e+00,-9.916102290153503418e-01,2.348948001861572266e+00
-1.494642257690429688e+00,1.370397955179214478e-01,3.418899476528167725e-01
1.470927715301513672e+00,1.540269255638122559e+00,2.132447719573974609e+00
2.005074024200439453e+00,1.299307823181152344e+00,1.789801239967346191e+00
-1.371743679046630859e-01,9.789980649948120117e-01,2.446247577667236328e+00
1.088457107543945312e+00,1.265230178833007812e+00,2.214753150939941406e+00
3.882957994937896729e-01,1.537550806999206543e+00,2.146347999572753906e+00
1.325593948364257812e+00,2.238692760467529297e+00,2.016506433486938477e+00
8.681682944297790527e-01,2.203720569610595703e+00,3.676605224609375000e-01
1.628955364227294922e+00,5.717384219169616699e-01,1.140211105346679688e+00
3.825487494468688965e-01,1.013380050659179688e+00,2.181031703948974609e+00
1.800950050354003906e+00,5.290995836257934570e-01,4.214581251144409180e-01
-5.532417297363281250e-01,-2.653998136520385742e+00,9.407191276550292969e-01
-5.043695569038391113e-01,1.064715385437011719e+00,1.977556705474853516e+00
1.566179156303405762e+00,8.300743103027343750e-01,6.442993134260177612e-02
-5.026884675025939941e-01,1.094524383544921875e+00,8.551229834556579590e-01
5.626321434974670410e-01,2.252967834472656250e+00,6.578837633132934570e-01
-1.272545933723449707e+00,-1.740649104118347168e+00,2.413998603820800781e+00
2.087298870086669922e+00,1.285945057868957520e+00,6.789801120758056641e-01
-1.240824818611145020e+00,-8.440851569175720215e-01,4.558935165405273438e-01
-3.074575662612915039e-01,-1.526757001876831055e+00,4.556903839111328125e-01
1.216304302215576172e+00,1.856822967529296875e+00,3.676605224609375000e-01
-7.116889953613281250e-02,1.778226256370544434e+00,4.054071009159088135e-01
6.268069148063659668e-01,1.518729567527770996e+00,4.006452560424804688e-01
7.936916947364807129e-01,2.448511600494384766e+00,1.677829504013061523e+00
-4.764307737350463867e-01,-9.811207652091979980e-01,2.429915904998779297e+00
8.724308013916015625e-02,-1.610986948013305664e+00,2.336154222488403320e+00
7.866260409355163574e-01,2.515756607055664062e+00,8.901696801185607910e-01
6.241452097892761230e-01,-8.421929478645324707e-01,4.322071075439453125e-01
-1.505906820297241211e+00,-1.965191841125488281e+00,1.151190757751464844e+00
1.012146592140197754e+00,-3.700618743896484375e-01,2.365856409072875977e+00
-1.507655262947082520e+00,-1.955871582031250000e+00,7.846149802207946777e-01
-1.238879203796386719e+00,1.411605030298233032e-01,1.632777929306030273e+00
-1.596431255340576172e+00,-8.443335294723510742e-01,4.589538574218750000e-01
-6.650344729423522949e-01,-2.215337753295898438e+00,4.223108291625976562e-01
9.687103033065795898e-01,1.676727682352066040e-01,4.065980911254882812e-01
-1.671063423156738281e+00,-4.028693437576293945e-01,1.458425760269165039e+00
-4.269210696220397949e-01,-1.872580647468566895e+00,4.556617736816406250e-01
1.286477088928222656e+00,3.814697265625000000e-06,1.824378728866577148e+00
2.253999710083007812e-01,-1.158084034919738770e+00,2.994299232959747314e-01
7.403352260589599609e-01,5.054697990417480469e-01,4.498519897460937500e-01
3.483925163745880127e-01,-1.354722023010253906e+00,1.316383957862854004e+00
-1.361276954412460327e-01,2.435174882411956787e-01,2.446359634399414062e+00
-7.223021984100341797e-02,1.680042594671249390e-01,4.223594665527343750e-01
3.900482058525085449e-01,-1.679359376430511475e-01,4.221401214599609375e-01
3.508533835411071777e-01,-1.293660163879394531e+00,2.026909351348876953e+00
5.857830047607421875e-01,2.250080823898315430e+00,1.401910424232482910e+00
1.960085988044738770e+00,1.762624740600585938e+00,6.227471828460693359e-01
-1.887551844120025635e-01,-8.433606624603271484e-01,4.468383789062500000e-01
-1.009004592895507812e+00,-1.184418559074401855e+00,4.577999114990234375e-01
-1.010723114013671875e+00,4.348094463348388672e-01,1.471466541290283203e+00
-6.528222560882568359e-01,-5.053351521492004395e-01,4.469556808471679688e-01
9.764623641967773438e-01,1.515860915184020996e+00,3.810348510742187500e-01
1.591632068157196045e-01,-5.046384334564208984e-01,4.324350357055664062e-01
1.324693918228149414e+00,1.176389098167419434e+00,3.869447708129882812e-01
9.741287231445312500e-01,8.421735763549804688e-01,4.320831298828125000e-01
-3.036021292209625244e-01,-1.680936962366104126e-01,4.326515197753906250e-01
-1.267736434936523438e+00,1.406958699226379395e-01,9.350431561470031738e-01
-1.685016632080078125e+00,-1.339725404977798462e-01,5.190385580062866211e-01
-7.674221396446228027e-01,1.681006848812103271e-01,4.328889846801757812e-01
-1.361291855573654175e-01,-2.435199320316314697e-01,2.446281433105468750e+00
5.796103477478027344e-01,2.088090658187866211e+00,2.079700469970703125e+00
8.746126890182495117e-01,2.555407285690307617e+00,3.676605224609375000e-01
7.064834237098693848e-01,-4.888143539428710938e-01,2.425428867340087891e+00
2.066176891326904297e+00,1.289377093315124512e+00,1.314200758934020996e+00
-9.264391064643859863e-01,-2.370081901550292969e+00,2.059444904327392578e+00
1.213645935058593750e-02,-1.461987853050231934e+00,4.066735804080963135e-01
2.451944351196289062e-01,1.585317492485046387e+00,6.844726204872131348e-02
-9.182912707328796387e-01,-2.437168598175048828e+00,6.452587842941284180e-01
-2.245779037475585938e+00,-1.132283329963684082e+00,1.460261225700378418e+00
-3.039575219154357910e-01,8.405839204788208008e-01,4.122905731201171875e-01
1.455659151077270508e+00,5.632390975952148438e-01,2.109501361846923828e+00
-1.823331832885742188e+00,-6.600901484489440918e-01,2.004315376281738281e+00
5.320820212364196777e-01,1.933281779289245605e+00,7.945537567138671875e-01
-5.030373930931091309e-01,1.088326454162597656e+00,1.561123967170715332e+00
-1.893687397241592407e-01,1.183311223983764648e+00,4.480209350585937500e-01
1.857957839965820312e-01,-1.594969630241394043e+00,1.176129579544067383e+00
-8.347326517105102539e-01,-1.743632316589355469e+00,2.400974750518798828e+00
1.118279457092285156e+00,-2.862842082977294922e-01,5.546313524246215820e-01
-3.729286193847656250e-01,-2.380122423171997070e+00,1.258874893188476562e+00
1.672079086303710938e+00,8.075320124626159668e-01,1.848835706710815430e+00
1.886478662490844727e+00,1.045278549194335938e+00,1.577957153320312500e+00
9.002494812011718750e-01,2.933119237422943115e-01,2.331717491149902344e+00
-2.145608812570571899e-01,1.123062133789062500e+00,2.169548034667968750e+00
1.987126350402832031e+00,1.038506031036376953e+00,5.042980909347534180e-01
-1.422796249389648438e+00,-1.381973624229431152e-01,2.095952510833740234e+00
-4.319881200790405273e-01,-2.347074985504150391e+00,2.053858280181884766e+00
3.965582251548767090e-01,2.203498363494873047e+00,3.666076660156250000e-01
-1.886972427368164062e+00,-6.549522280693054199e-01,1.238353490829467773e+00
9.190636873245239258e-01,1.529067635536193848e+00,2.189681053161621094e+00
-2.128029912710189819e-01,1.195740699768066406e+00,1.439918637275695801e+00
-4.011733531951904297e-01,-1.749037146568298340e+00,2.377425670623779297e+00
-1.189242362976074219e+00,1.419606059789657593e-01,2.361140012741088867e+00
8.166691660881042480e-01,1.006731867790222168e+00,2.232265949249267578e+00
-1.220707893371582031e+00,-2.163903236389160156e+00,2.209252834320068359e+00
-2.188741207122802734e+00,-1.418054580688476562e+00,1.957039117813110352e+00
5.542387366294860840e-01,7.559330463409423828e-01,2.204349040985107422e+00
-1.429550766944885254e+00,-9.860342144966125488e-01,2.391985416412353516e+00
1.794460058212280273e+00,5.065145492553710938e-01,7.839096188545227051e-01
-7.353065609931945801e-01,-1.230339288711547852e+00,2.429502010345458984e+00
-1.323514938354492188e+00,-2.138562679290771484e+00,5.577407479286193848e-01
-1.797895431518554688e+00,-1.239808917045593262e+00,2.371192932128906250e+00
9.067077636718750000e-01,-5.868116021156311035e-01,7.717828154563903809e-01
-1.511984348297119141e+00,-4.921819567680358887e-01,2.373164653778076172e+00
2.261089801788330078e+00,1.515083432197570801e+00,5.799764990806579590e-01
-2.115808486938476562e+00,-8.929287791252136230e-01,7.606863379478454590e-01
1.036230802536010742e+00,2.084556102752685547e+00,2.093105792999267578e+00
3.181663528084754944e-02,-9.840252399444580078e-01,2.407481670379638672e+00
1.325595498085021973e+00,2.238695144653320312e+00,6.668835282325744629e-01
1.528287887573242188e+00,5.466945767402648926e-01,1.484776020050048828e+00
-1.071633219718933105e+00,-4.900577068328857422e-01,2.406120777130126953e+00
-6.523168683052062988e-01,8.409920930862426758e-01,4.175596237182617188e-01
-5.591750144958496094e-01,7.337981462478637695e-01,2.432644844055175781e+00
1.631313323974609375e+00,2.009310245513916016e+00,6.907523870468139648e-01
-2.186046361923217773e+00,-1.428623199462890625e+00,1.345816612243652344e+00
2.169919490814208984e+00,1.052517414093017578e+00,1.879000663757324219e+00
-7.263842821121215820e-01,2.059936377918347716e-06,2.423461437225341797e+00
1.290984153747558594e+00,3.967285010730847716e-06,2.127886056900024414e+00
4.885215759277343750e-01,-1.232734322547912598e+00,8.123379349708557129e-01
-6.423326730728149414e-01,-4.883884191513061523e-01,2.432058334350585938e+00
2.004608511924743652e-01,-7.349409461021423340e-01,2.420864582061767578e+00
-1.794638633728027344e+00,-4.246635437011718750e-01,6.747283786535263062e-02
-7.281034588813781738e-01,4.890838563442230225e-01,2.421060562133789062e+00
1.650946259498596191e+00,1.282572627067565918e+00,2.108030796051025391e+00
6.199243664741516113e-01,4.873944818973541260e-01,2.447323799133300781e+00
5.348524451255798340e-01,-2.435015290975570679e-01,2.445734024047851562e+00
-5.566895604133605957e-01,2.438497543334960938e-01,2.435107707977294922e+00
3.147407621145248413e-02,-4.877139031887054443e-01,2.442728996276855469e+00
-3.042565584182739258e-01,-4.875054359436035156e-01,2.445864200592041016e+00
3.145691007375717163e-02,4.874415397644042969e-01,2.446726322174072266e+00
-3.036732077598571777e-01,1.983642505365423858e-06,2.445991516113281250e+00
-1.380965232849121094e+00,-3.668420314788818359e-01,3.313238322734832764e-01
1.279483795166015625e+00,4.081725819560233504e-06,9.336639046669006348e-01
-1.650837898254394531e+00,-4.038473367691040039e-01,1.750135421752929688e+00
-1.022461891174316406e+00,4.342410266399383545e-01,1.164303898811340332e+00
-4.256869554519653320e-01,-2.458665847778320312e+00,6.397503614425659180e-01
1.553524732589721680e-01,-1.797295808792114258e+00,3.529548645019531250e-02
-6.600434780120849609e-01,-2.570556640625000000e+00,1.648136615753173828e+00
-2.177155971527099609e+00,-1.142302632331848145e+00,2.118352890014648438e+00
-9.716491699218750000e-01,4.366995096206665039e-01,2.208487510681152344e+00
2.120391845703125000e+00,1.542626142501831055e+00,1.961783409118652344e+00
1.362649917602539062e+00,5.496083498001098633e-01,3.310049474239349365e-01
1.802322387695312500e+00,1.880997776985168457e+00,1.567269086837768555e+00
-6.679474711418151855e-01,-2.010422468185424805e+00,2.374303340911865234e+00
-1.892335414886474609e-01,-2.170843601226806641e+00,7.507970929145812988e-01
-1.375037312507629395e+00,-2.004206657409667969e+00,2.397871494293212891e+00
-1.504602789878845215e+00,-1.972159385681152344e+00,1.804784774780273438e+00
-9.424358010292053223e-01,-2.278234481811523438e+00,2.365332126617431641e+00
-2.186327219009399414e+00,-1.427523612976074219e+00,7.493104338645935059e-01
1.594128966331481934e+00,8.591169714927673340e-01,6.420173645019531250e-01
1.283041000366210938e+00,3.776550101974862628e-06,1.524586796760559082e+00
1.776884675025939941e+00,1.822336554527282715e+00,2.057984352111816406e+00
-1.963184952735900879e+00,-1.522246956825256348e+00,4.247846603393554688e-01
-2.052579402923583984e+00,-9.000902175903320312e-01,1.582309365272521973e+00
1.851692199707031250e+00,7.901157736778259277e-01,1.060477018356323242e+00
-1.890497207641601562e+00,-3.922549486160278320e-01,7.783636450767517090e-01
1.040009856224060059e+00,2.452973365783691406e+00,9.868757128715515137e-01
-2.220368862152099609e+00,-1.135993599891662598e+00,1.737281203269958496e+00
3.353828489780426025e-01,-1.677501678466796875e+00,7.985219955444335938e-01
3.178324103355407715e-01,2.113058090209960938e+00,9.336848258972167969e-01
6.606571674346923828e-01,-9.032497406005859375e-01,1.491237759590148926e+00
1.916569709777832031e+00,1.047650098800659180e+00,8.726938962936401367e-01
2.225940227508544922e+00,1.521964788436889648e+00,1.295190095901489258e+00
1.266158819198608398e+00,5.297241210937500000e-01,9.514045715332031250e-01
7.879478335380554199e-01,2.503183841705322266e+00,1.232482910156250000e+00
2.074359893798828125e+00,1.288046956062316895e+00,1.040151834487915039e+00
6.469749659299850464e-02,1.968566894531250000e+00,2.336975038051605225e-01
-1.466421365737915039e+00,-4.937248229980468750e-01,6.661865115165710449e-02
1.486156225204467773e+00,1.811491012573242188e+00,2.105261325836181641e+00
-2.270266056060791016e+00,-1.128707766532897949e+00,1.188493967056274414e+00
-9.133838415145874023e-01,-1.483553528785705566e+00,2.422148227691650391e+00
1.325594782829284668e+00,2.238695144653320312e+00,1.377102136611938477e+00
3.298751637339591980e-02,1.020240664482116699e+00,2.128051757812500000e+00
6.678565591573715210e-02,-1.709487915039062500e+00,1.735869765281677246e+00
1.189637422561645508e+00,1.530786752700805664e+00,2.180891513824462891e+00
-1.205360412597656250e+00,-2.186084270477294922e+00,1.564130663871765137e+00
3.718978464603424072e-01,-9.851660728454589844e-01,2.398724079132080078e+00
1.434946537017822266e+00,4.129457473754882812e-01,1.243363022804260254e+00
-2.105409145355224609e+00,-8.941072821617126465e-01,1.029197812080383301e+00
9.972076416015625000e-01,5.067545771598815918e-01,2.147256851196289062e+00
-1.694491386413574219e+00,-1.338197290897369385e-01,7.963488698005676270e-01
6.531201601028442383e-01,1.531977176666259766e+00,2.174815654754638672e+00
-4.007816314697265625e-02,1.454363107681274414e+00,1.077669978141784668e+00
5.441425442695617676e-01,2.507567405700683594e+00,1.572848439216613770e+00
-1.894782930612564087e-01,-2.160806655883789062e+00,1.015780568122863770e+00
-9.893276095390319824e-01,-9.816172719001770020e-01,2.426070690155029297e+00
-1.874637603759765625e-02,1.457477569580078125e+00,1.534679532051086426e+00
1.631314039230346680e+00,2.009309291839599609e+00,1.056459426879882812e+00
6.466804444789886475e-02,1.972451210021972656e+00,7.696226239204406738e-01
-1.871817588806152344e+00,-6.561753749847412109e-01,4.183044433593750000e-01
-9.251788258552551270e-01,-2.380441665649414062e+00,1.342442035675048828e+00
1.040011644363403320e+00,2.452971458435058594e+00,1.772177696228027344e+00
1.941557884216308594e+00,1.290185332298278809e+00,2.061198234558105469e+00
-1.345469832420349121e+00,-1.234023451805114746e+00,2.406795024871826172e+00
-1.174638628959655762e+00,-1.483346819877624512e+00,2.423201560974121094e+00
-1.397553235292434692e-01,-1.490967631340026855e+00,2.384272575378417969e+00
-2.256590366363525391e+00,-1.130704522132873535e+00,5.755419731140136719e-01
-2.076895713806152344e+00,-6.396198868751525879e-01,5.846142172813415527e-01
-1.410844027996063232e-01,-1.752044081687927246e+00,2.364333629608154297e+00
-2.208280861377716064e-01,7.324846982955932617e-01,2.446082115173339844e+00
3.848502933979034424e-01,1.272355318069458008e+00,2.170934677124023438e+00
1.366850733757019043e+00,1.274419426918029785e+00,2.158242225646972656e+00
1.990054696798324585e-01,-2.435376942157745361e-01,2.446007728576660156e+00
1.006254076957702637e+00,-4.261255264282226562e-01,1.247023701667785645e+00
-5.583263039588928223e-01,-7.326855063438415527e-01,2.444151878356933594e+00
-1.543301224708557129e+00,-1.744650483131408691e+00,2.396538257598876953e+00
-1.927578002214431763e-01,-2.025072097778320312e+00,2.043029069900512695e+00
7.846086025238037109e-01,2.534958839416503906e+00,6.357544064521789551e-01
4.544944763183593750e-01,-7.355721592903137207e-01,2.414337158203125000e+00
1.085515260696411133e+00,1.011024713516235352e+00,2.199141025543212891e+00
-9.839925765991210938e-01,1.754760660332976840e-06,2.404062747955322266e+00
3.672113418579101562e-01,4.873809814453125000e-01,2.447530269622802734e+00
1.354846954345703125e+00,5.492312312126159668e-01,7.873474061489105225e-02
8.164599537849426270e-01,7.557671666145324707e-01,2.205990791320800781e+00
-2.224623113870620728e-01,-9.826795458793640137e-01,2.417835712432861328e+00
-2.145195007324218750e-01,1.428890228271484375e+00,3.974670469760894775e-01
-4.795827865600585938e-01,-1.232595682144165039e+00,2.415637493133544922e+00
1.989762037992477417e-01,2.435021102428436279e-01,2.447113990783691406e+00
3.665611445903778076e-01,1.811981178434507456e-06,2.446424007415771484e+00
-7.306457161903381348e-01,-9.795551896095275879e-01,2.441958904266357422e+00
5.019187927246093750e-02,-1.617008686065673828e+00,9.663984179496765137e-01
1.615964889526367188e+00,2.702426910400390625e-01,3.371447622776031494e-01
-2.161273956298828125e-01,-1.752262830734252930e+00,3.994882106781005859e-01
6.474746763706207275e-02,1.962561607360839844e+00,5.016646981239318848e-01
-1.699937701225280762e+00,-9.887965917587280273e-01,2.370685577392578125e+00
7.294626235961914062e-01,2.280621051788330078e+00,2.044017791748046875e+00
-1.219522476196289062e+00,-4.366970062255859375e-02,4.066378772258758545e-01
2.641582489013671875e-02,1.292625546455383301e+00,4.042089879512786865e-01
1.998097419738769531e+00,7.759200930595397949e-01,5.017728805541992188e-01
7.885816693305969238e-01,-2.436588853597640991e-01,2.440740585327148438e+00
3.251145780086517334e-01,1.932372093200683594e+00,1.228428721427917480e+00
-8.321381807327270508e-01,6.334400177001953125e-01,1.968833327293395996e+00
7.444286346435546875e-02,1.804304718971252441e+00,1.095785021781921387e+00
-2.075102090835571289e+00,-1.180411696434020996e+00,4.225139617919921875e-01
5.095767974853515625e-02,1.467655301094055176e+00,2.009492158889770508e+00
1.683306813240051270e+00,1.513904333114624023e+00,3.676605224609375000e-01
-1.364228010177612305e+00,-1.521668553352355957e+00,4.208211898803710938e-01
-1.133627891540527344e+00,-1.866606831550598145e+00,4.223346710205078125e-01
1.453491449356079102e+00,1.856819748878479004e+00,3.676605224609375000e-01
1.105121731758117676e+00,2.203714847564697266e+00,3.676605224609375000e-01
2.759661674499511719e-01,8.435457944869995117e-01,4.488916397094726562e-01
1.653564453125000000e+00,9.407728314399719238e-01,3.401861488819122314e-01
6.320724487304687500e-01,2.203722476959228516e+00,3.676605224609375000e-01
-1.005481123924255371e+00,-8.439331650733947754e-01,4.538679122924804688e-01
2.936471402645111084e-01,1.611755847930908203e+00,1.037752151489257812e+00
-1.595365524291992188e+00,-1.180051803588867188e+00,4.193391799926757812e-01
9.803231358528137207e-01,1.856825828552246094e+00,3.676605224609375000e-01
-7.774424552917480469e-01,-1.527349472045898438e+00,4.597387313842773438e-01
-1.993929386138916016e+00,-1.495811104774475098e+00,2.359516620635986328e+00
-1.001604318618774414e+00,-1.683113425970077515e-01,4.460906982421875000e-01
2.163453340530395508e+00,1.513902306556701660e+00,3.676605224609375000e-01
1.407608866691589355e+00,2.145662307739257812e-01,5.289239287376403809e-01
-4.228079020977020264e-01,-1.183846831321716309e+00,4.527521133422851562e-01
7.034092545509338379e-01,2.434704005718231201e-01,2.446702003479003906e+00
1.207093834877014160e+00,8.411099910736083984e-01,4.189519882202148438e-01
4.369613528251647949e-02,-1.183380126953125000e+00,4.487361907958984375e-01
7.420395016670227051e-01,1.180098056793212891e+00,4.197044372558593750e-01
-1.237807869911193848e+00,-5.055701136589050293e-01,4.519872665405273438e-01
-4.213310182094573975e-01,-8.435322642326354980e-01,4.488401412963867188e-01
-5.352715849876403809e-01,5.041382908821105957e-01,4.225873947143554688e-01
1.424943685531616211e+00,3.403539657592773438e-01,7.676863074302673340e-01
3.917465209960937500e-01,-8.424639701843261719e-01,4.357318878173828125e-01
-1.777205467224121094e+00,-1.747811436653137207e+00,8.059273958206176758e-01
-5.354087948799133301e-01,-1.681486517190933228e-01,4.361639022827148438e-01
-7.237319648265838623e-02,-5.048511624336242676e-01,4.359474182128906250e-01
7.367651462554931641e-01,1.677363365888595581e-01,4.101095199584960938e-01
6.214169263839721680e-01,-1.678772270679473877e-01,4.186325073242187500e-01
5.055514574050903320e-01,5.034027695655822754e-01,4.068355560302734375e-01
4.333038255572319031e-02,5.037602186203002930e-01,4.138307571411132812e-01
1.588339209556579590e-01,1.679220944643020630e-01,4.188604354858398438e-01
-1.040430068969726562e-01,-1.978114128112792969e+00,1.449897170066833496e+00
4.562244415283203125e-01,1.868430614471435547e+00,2.829663157463073730e-01
7.319515198469161987e-02,9.138393402099609375e-01,2.327101945877075195e+00
-1.536333322525024414e+00,4.052734375000000000e-02,9.661031961441040039e-01
-1.784076690673828125e-01,1.434163212776184082e+00,8.406878709793090820e-01
4.373655319213867188e-01,-1.239363789558410645e+00,1.140601754188537598e+00
1.550347805023193359e-01,1.793625116348266602e+00,1.477432250976562500e-02
1.008241891860961914e+00,-4.072332382202148438e-01,1.797382473945617676e+00
1.505728363990783691e+00,2.092082262039184570e+00,2.064553260803222656e+00
7.099726796150207520e-01,-7.362049221992492676e-01,2.407774925231933594e+00
1.357727646827697754e+00,7.616544961929321289e-01,2.145237445831298828e+00
-7.542133331298828125e-02,1.777464151382446289e+00,6.292884945869445801e-01
3.356597721576690674e-01,-1.670628547668457031e+00,2.425561398267745972e-01
6.251335144042968750e-01,-9.090513586997985840e-01,2.081262350082397461e+00
4.817272126674652100e-01,1.806594014167785645e+00,2.126625061035156250e+00
1.802323341369628906e+00,1.880997300148010254e+00,1.184423446655273438e+00
1.960083842277526855e+00,1.762627601623535156e+00,1.001584172248840332e+00
-6.583728790283203125e-01,-2.589381217956542969e+00,7.132509946823120117e-01
-1.770375251770019531e+00,-1.749263525009155273e+00,4.315826296806335449e-01
-1.046210289001464844e+00,4.330918788909912109e-01,5.594949126243591309e-01
-4.243371486663818359e-01,-2.482591629028320312e+00,1.060312032699584961e+00
-1.183155417442321777e+00,2.558307647705078125e-01,7.219155430793762207e-01
1.631313443183898926e+00,2.009308815002441406e+00,1.613424658775329590e+00
-1.000677108764648438e+00,1.681554764509201050e-01,4.364223480224609375e-01
3.824285864830017090e-01,1.801816105842590332e+00,6.052589416503906250e-02
-7.696142196655273438e-01,7.451537847518920898e-01,1.408905029296875000e+00
2.943878173828125000e-01,1.843697905540466309e+00,1.709915399551391602e+00
-4.052980244159698486e-01,-2.014204502105712891e+00,2.359944820404052734e+00
-1.419290423393249512e+00,-1.623659878969192505e-01,7.714557647705078125e-02
8.681364059448242188e-01,-5.893012881278991699e-01,1.915945649147033691e+00
-8.258619308471679688e-01,7.040910720825195312e-01,4.787264764308929443e-01
-2.026302218437194824e-01,1.616729736328125000e+00,2.439990192651748657e-01
-5.421372652053833008e-01,-1.527056694030761719e+00,4.577121734619140625e-01
-2.076915502548217773e+00,-1.243375539779663086e+00,2.349236488342285156e+00
1.641368031501770020e+00,1.021700024604797363e+00,2.116788387298583984e+00
-8.273187875747680664e-01,6.876983642578125000e-01,1.000950574874877930e+00
1.285544395446777344e+00,2.808922827243804932e-01,1.825522065162658691e+00
3.517333865165710449e-01,-1.271759033203125000e+00,2.237175464630126953e+00
1.080548286437988281e+00,-2.875002324581146240e-01,2.180433034896850586e+00
6.793603897094726562e-01,-9.037945270538330078e-01,1.002596735954284668e+00
-1.996318817138671875e+00,-9.064622521400451660e-01,2.158289432525634766e+00
1.611935734748840332e+00,4.847469329833984375e-01,2.163505554199218750e-02
1.802321434020996094e+00,1.880997061729431152e+00,1.858500361442565918e+00
1.424999237060546875e-01,-1.929844260215759277e+00,5.152552723884582520e-01
8.890476226806640625e-01,-5.879518985748291016e-01,1.389048457145690918e+00
-5.037202835083007812e-01,1.076230049133300781e+00,1.768222332000732422e+00
1.003326058387756348e+00,-4.539995193481445312e-01,5.990856885910034180e-01
-1.406957626342773438e+00,5.569457698584301397e-06,2.054302990436553955e-01
-1.192025542259216309e+00,1.827869415283203125e-01,1.842795729637145996e+00
-2.146924585103988647e-01,1.117523193359375000e+00,1.963315963745117188e+00
-1.007872581481933594e+00,4.349474906921386719e-01,1.677570819854736328e+00
1.914392948150634766e+00,1.174199700355529785e+00,3.676605224609375000e-01
1.641267776489257812e+00,8.105210661888122559e-01,2.051879167556762695e+00
4.211473464965820312e-01,-1.241466403007507324e+00,1.469541549682617188e+00
1.105303764343261719e+00,-2.867013812065124512e-01,1.658316969871520996e+00
1.846893310546875000e+00,9.533300399780273438e-01,2.686599791049957275e-01
-7.739123106002807617e-01,-1.184183239936828613e+00,4.557762145996093750e-01
1.207046627998352051e+00,1.683908104896545410e-01,4.510688781738281250e-01
-1.231729507446289062e+00,-2.161185979843139648e+00,1.068218231201171875e+00
-1.494110941886901855e+00,-2.028134346008300781e+00,5.965136289596557617e-01
-8.339015841484069824e-01,6.135807037353515625e-01,2.302429437637329102e+00
-1.437508583068847656e+00,-1.379607319831848145e-01,1.892283916473388672e+00
2.047187805175781250e+00,1.292463302612304688e+00,1.593966126441955566e+00
-1.834326148033142090e+00,-1.699532508850097656e+00,2.076996326446533203e+00
2.099676132202148438e-01,2.170198202133178711e+00,3.037161231040954590e-01
-1.804551124572753906e+00,-6.616058349609375000e-01,2.203107357025146484e+00
7.996237874031066895e-01,2.392080307006835938e+00,1.869092822074890137e+00
-1.884576797485351562e+00,-9.191173315048217773e-01,4.189547598361968994e-01
3.786315917968750000e-01,-1.246977090835571289e+00,3.899343907833099365e-01
-2.125421911478042603e-01,1.206496238708496094e+00,1.238692879676818848e+00
2.165119647979736328e+00,1.533870339393615723e+00,1.764124155044555664e+00
1.226548194885253906e+00,2.313010931015014648e+00,1.175339579582214355e+00
1.266525864601135254e+00,5.076729655265808105e-01,2.132975578308105469e+00
-5.025897026062011719e-01,1.096257209777832031e+00,6.558837890625000000e-01
1.114831924438476562e+00,-2.863952219486236572e-01,7.529439926147460938e-01
7.384786605834960938e-01,-5.042022466659545898e-01,4.236497879028320312e-01
1.802323341369628906e+00,1.880997300148010254e+00,6.185802817344665527e-01
1.960086941719055176e+00,1.762621879577636719e+00,1.969675898551940918e+00
3.026117682456970215e-01,2.490787029266357422e+00,1.660643935203552246e+00
1.107284545898437500e+00,-2.866385579109191895e-01,1.152554631233215332e+00
-1.464182853698730469e+00,-1.375305205583572388e-01,1.493100404739379883e+00
1.040009737014770508e+00,2.452973365783691406e+00,3.907952904701232910e-01
1.864473223686218262e+00,8.176923394203186035e-01,1.289167404174804688e-01
1.245285034179687500e+00,4.158020146860508248e-06,7.415041923522949219e-01
1.960083603858947754e+00,1.762627601623535156e+00,1.577826142311096191e+00
1.903296947479248047e+00,1.143742561340332031e+00,1.848388075828552246e+00
1.226550102233886719e+00,2.313009500503540039e+00,8.698463439941406250e-01
1.004399776458740234e+00,-4.437932968139648438e-01,9.211958050727844238e-01
-1.831482529640197754e+00,-1.712401390075683594e+00,1.679114937782287598e+00
1.702148437500000000e+00,8.046174645423889160e-01,1.649284362792968750e+00
-1.482677459716796875e+00,-1.372321993112564087e-01,1.103471040725708008e+00
-1.841823577880859375e+00,-6.585966348648071289e-01,1.808562278747558594e+00
1.661841034889221191e+00,1.546293497085571289e+00,2.101663589477539062e+00
-1.832774519920349121e+00,-1.706549644470214844e+00,1.292232275009155273e+00
-2.025122791528701782e-01,1.621466636657714844e+00,8.034805059432983398e-01
8.898448944091796875e-02,1.473208904266357422e+00,7.061675935983657837e-02
5.136680603027343750e-02,-1.947688460350036621e+00,8.586219549179077148e-01
-1.683157920837402344e+00,-4.022847712039947510e-01,1.266826272010803223e+00
-8.534049987792968750e-02,-1.974452614784240723e+00,1.215617656707763672e+00
-9.081153869628906250e-01,5.073547072242945433e-06,4.384167492389678955e-01
3.364695012569427490e-01,-1.650536537170410156e+00,9.884399175643920898e-01
1.226545333862304688e+00,2.313011646270751953e+00,1.794980168342590332e+00
-7.539920806884765625e-01,7.464153766632080078e-01,1.835111856460571289e+00
6.641944497823715210e-02,-1.755138397216796875e+00,1.254436492919921875e+00
8.491306304931640625e-01,-5.905277729034423828e-01,2.348473787307739258e+00
1.725745201110839844e+00,8.023281693458557129e-01,1.264772295951843262e+00
6.775825470685958862e-02,1.588578224182128906e+00,9.949993491172790527e-01
1.006247878074645996e+00,-4.262104034423828125e-01,1.573938608169555664e+00
1.802323341369628906e+00,1.880998015403747559e+00,1.375153183937072754e+00
7.889167666435241699e-01,2.493945598602294922e+00,1.493121027946472168e+00
-2.200201511383056641e+00,-1.138938546180725098e+00,1.925945997238159180e+00
-1.675424575805664062e+00,-1.341265887022018433e-01,9.848220348358154297e-01
4.210453033447265625e-01,-1.556738734245300293e+00,3.900466859340667725e-01
-1.494318008422851562e+00,1.370449811220169067e-01,5.309420824050903320e-01
1.960084438323974609e+00,1.762627601623535156e+00,8.117625117301940918e-01
1.085701823234558105e+00,-1.677551269531250000e-01,4.115972518920898438e-01
1.960083842277526855e+00,1.762625694274902344e+00,4.343469142913818359e-01
-1.874253273010253906e+00,-6.559790372848510742e-01,1.425809025764465332e+00
1.226546287536621094e+00,2.313011407852172852e+00,4.654255509376525879e-01
1.328144073486328125e+00,2.795200347900390625e-01,1.320045471191406250e+00
-1.904896736145019531e+00,-6.535047888755798340e-01,1.052045464515686035e+00
-1.807637929916381836e+00,-1.492977976799011230e+00,2.373998165130615234e+00
1.621468544006347656e+00,2.700646817684173584e-01,8.036628365516662598e-01
-4.456357955932617188e-01,-2.396805286407470703e+00,1.874408245086669922e+00
1.222398400306701660e+00,2.087085008621215820e+00,2.083498477935791016e+00
1.089022874832153320e+00,2.542324662208557129e-01,2.112623691558837891e+00
-2.027157545089721680e-01,1.613094329833984375e+00,4.303451478481292725e-01
1.620224952697753906e+00,2.701047360897064209e-01,1.509915143251419067e-01
1.902081489562988281e+00,1.049529314041137695e+00,1.335085391998291016e+00
-1.967082023620605469e+00,-4.953985214233398438e-01,5.477523803710937500e-01
-1.686723709106445312e+00,-1.339449286460876465e-01,3.341692984104156494e-01
-1.505086779594421387e+00,-1.969574928283691406e+00,1.335837721824645996e+00
1.438295364379882812e+00,4.372472763061523438e-01,1.602958083152770996e+00
-1.199887990951538086e+00,-2.221562862396240234e+00,6.666079759597778320e-01
-1.244410514831542969e+00,1.410715132951736450e-01,1.431726455688476562e+00
1.930810928344726562e+00,1.045806407928466797e+00,6.891573667526245117e-01
-2.143825888633728027e-01,1.130493164062500000e+00,2.377270698547363281e+00
-1.615182042121887207e+00,-1.237473130226135254e+00,2.385571479797363281e+00
1.632041931152343750e-01,-1.598640680313110352e+00,1.516232013702392578e+00
-9.256741404533386230e-01,-2.376375198364257812e+00,1.876371383666992188e+00
8.531558513641357422e-01,2.085970401763916016e+00,2.087731361389160156e+00
-1.506729602813720703e+00,-1.960808753967285156e+00,9.674946665763854980e-01
-2.106676340103149414e+00,-1.538631916046142578e+00,5.370130538940429688e-01
-1.884353637695312500e+00,-3.925523161888122559e-01,9.611027240753173828e-01
-1.206868529319763184e+00,-2.176315307617187500e+00,2.027398109436035156e+00
-2.034987449645996094e+00,-9.020828008651733398e-01,1.771266460418701172e+00
1.631313085556030273e+00,2.009310245513916016e+00,8.731713891029357910e-01
1.022285103797912598e+00,1.804129600524902344e+00,2.137351036071777344e+00
1.807155609130859375e+00,5.286990404129028320e-01,2.388824373483657837e-01
-4.276688992977142334e-01,-2.423565864562988281e+00,1.501251339912414551e+00
-5.029361844062805176e-01,1.090118408203125000e+00,1.055606365203857422e+00
-1.912440508604049683e-01,-2.087793350219726562e+00,1.565749287605285645e+00
1.631313323974609375e+00,2.009309291839599609e+00,5.090176463127136230e-01
1.804509162902832031e+00,5.288696885108947754e-01,6.040052771568298340e-01
-1.514958977699279785e+00,-7.390840053558349609e-01,2.378015995025634766e+00
-1.887477874755859375e+00,-3.924010396003723145e-01,2.363256812095642090e-01
-1.280702590942382812e+00,-4.217507839202880859e-01,9.346249103546142578e-01
2.079492568969726562e+00,1.287213444709777832e+00,8.591368198394775391e-01
9.090115427970886230e-01,1.262694239616394043e+00,2.230376243591308594e+00
6.567133665084838867e-01,-9.575471878051757812e-01,5.658616423606872559e-01
1.512094497680664062e+00,5.477395653724670410e-01,1.006102442741394043e+00
-1.258641242980957031e+00,1.408422887325286865e-01,1.132496595382690430e+00
1.602964699268341064e-01,1.183810710906982422e+00,4.524135589599609375e-01
2.230827331542968750e+00,1.521007776260375977e+00,1.114851474761962891e+00
-5.536086857318878174e-02,1.282285690307617188e+00,2.109884738922119141e+00
-1.590128898620605469e+00,-3.082056045532226562e-01,1.586868762969970703e+00
-1.352804064750671387e+00,-1.486060857772827148e+00,2.409352779388427734e+00
-5.074911117553710938e-01,-2.410999059677124023e+00,2.257161617279052734e+00
6.463500857353210449e-02,1.976491928100585938e+00,5.557189881801605225e-02
2.245481014251708984e+00,1.518139004707336426e+00,7.575352191925048828e-01
-1.251938939094543457e+00,-9.841654896736145020e-01,2.406413078308105469e+00
2.111904919147491455e-01,1.541332960128784180e+00,2.127027988433837891e+00
-1.334467172622680664e+00,-4.913560748100280762e-01,2.385934829711914062e+00
-7.643582224845886230e-01,-2.279823064804077148e+00,2.360007286071777344e+00
-7.285404205322265625e-01,7.484707236289978027e-01,2.382207393646240234e+00
-1.196964263916015625e+00,-2.005609750747680664e+00,2.392560482025146484e+00
-1.607455253601074219e+00,-4.059461057186126709e-01,2.251403570175170898e+00
1.040010809898376465e+00,2.452972412109375000e+00,1.595080256462097168e+00
2.115669488906860352e+00,1.074138164520263672e+00,1.712171554565429688e+00
2.084113210439682007e-01,1.017557859420776367e+00,2.148827075958251953e+00
-4.232420325279235840e-01,-2.501993656158447266e+00,4.687252640724182129e-01
-2.289071083068847656e+00,-1.125961899757385254e+00,1.009461522102355957e+00
5.555645823478698730e-01,1.009103178977966309e+00,2.213999271392822266e+00
-2.090473651885986328e+00,-8.957995176315307617e-01,5.854386687278747559e-01
-1.157781839370727539e+00,-2.451596409082412720e-01,2.394190788269042969e+00
-1.096804261207580566e+00,-1.741847991943359375e+00,2.408770084381103516e+00
-6.605582833290100098e-01,-2.564781665802001953e+00,1.823811888694763184e+00
-8.434879183769226074e-01,-2.008383035659790039e+00,2.382019042968750000e+00
2.156894207000732422e+00,1.175534963607788086e+00,3.794384002685546875e-01
-1.073661565780639648e+00,-7.358416318893432617e-01,2.411493301391601562e+00
3.812696635723114014e-01,7.584103345870971680e-01,2.178756713867187500e+00
6.718337535858154297e-02,-1.660159111022949219e+00,2.135958433151245117e+00
5.631015896797180176e-01,2.246516227722167969e+00,8.323147296905517578e-01
-1.897430419921875000e-01,-2.149769306182861328e+00,5.775274634361267090e-01
4.260625839233398438e-01,-1.555922865867614746e+00,7.133702039718627930e-01
1.464562416076660156e+00,1.847191154956817627e-01,3.336270153522491455e-01
-6.599855422973632812e-01,-2.571228981018066406e+00,1.050265312194824219e+00
-6.611608862876892090e-01,-1.745789885520935059e+00,2.391604900360107422e+00
3.937841653823852539e-01,1.520624041557312012e+00,4.137172698974609375e-01
1.535403251647949219e+00,5.462358593940734863e-01,1.290505528450012207e+00
-9.251481890678405762e-01,-2.380695343017578125e+00,1.167735695838928223e+00
2.675167918205261230e-01,-1.468334197998046875e+00,5.555915832519531250e-02
6.411147862672805786e-02,-2.041311264038085938e+00,4.082666039466857910e-01
-8.988659977912902832e-01,-4.893639981746673584e-01,2.416871547698974609e+00
-9.251341223716735840e-01,-2.380813598632812500e+00,8.217411637306213379e-01
-8.998978137969970703e-01,4.899201095104217529e-01,2.408120155334472656e+00
-1.586568236351013184e+00,-2.851314544677734375e-01,1.348087430000305176e+00
1.040010213851928711e+00,2.452973365783691406e+00,1.159076571464538574e+00
2.313717365264892578e+00,9.961797595024108887e-01,1.802935481071472168e+00
-7.411444783210754395e-01,-1.485293269157409668e+00,2.413290500640869141e+00
-3.115510344505310059e-01,-1.489300608634948730e+00,2.392793655395507812e+00
-7.266526818275451660e-01,-2.441855520009994507e-01,2.424574851989746094e+00
-1.733672738075256348e+00,-7.499513626098632812e-01,3.782497942447662354e-01
2.335229396820068359e+00,1.423130035400390625e+00,4.559808373451232910e-01
-9.225093126296997070e-01,-2.402425289154052734e+00,4.776774346828460693e-01
3.202747181057929993e-02,-1.236209034919738770e+00,2.393366813659667969e+00
1.042482852935791016e+00,1.792907710296276491e-06,2.445872306823730469e+00
-6.601028442382812500e-01,-2.569883823394775391e+00,1.475708246231079102e+00
-9.061350822448730469e-01,-1.228825330734252930e+00,2.438765048980712891e+00
-2.318139791488647461e+00,-1.180597782135009766e+00,4.241209030151367188e-01
-7.268718481063842773e-01,2.442591041326522827e-01,2.422290325164794922e+00
7.873082756996154785e-01,2.509272098541259766e+00,1.060680270195007324e+00
-5.563268661499023438e-01,1.850128114710969385e-06,2.436267375946044922e+00
1.040010094642639160e+00,2.452973842620849609e+00,8.156600594520568848e-01
-4.230872392654418945e-01,-2.504736423492431641e+00,8.037594556808471680e-01
6.477493047714233398e-02,-1.959105491638183594e+00,1.448150575160980225e-01
5.461660623550415039e-01,2.479698657989501953e+00,1.405039191246032715e+00
2.016614824533462524e-01,-9.846017360687255859e-01,2.403107643127441406e+00
-5.576255321502685547e-01,4.882592260837554932e-01,2.433902263641357422e+00
4.796466827392578125e-01,6.143650412559509277e-01,2.443297624588012695e+00
-3.877221643924713135e-01,2.435035854578018188e-01,2.445752620697021484e+00
5.368192791938781738e-01,-4.885393083095550537e-01,2.429776668548583984e+00
-3.061545789241790771e-01,9.790554046630859375e-01,2.445840835571289062e+00
6.187455654144287109e-01,1.811981178434507456e-06,2.446218490600585938e+00
3.204832077026367188e-01,2.193690061569213867e+00,7.759965062141418457e-01
-3.897812068462371826e-01,-7.333741784095764160e-01,2.437043190002441406e+00
3.163043782114982605e-02,-7.345251441001892090e-01,2.425201416015625000e+00
