-8.087940216064453125e-01,1.040956139564514160e+00,2.691454887390136719e-01
5.860628485679626465e-01,-1.930352210998535156e+00,1.787831544876098633e+00
-7.982463836669921875e-01,-1.343654036521911621e+00,6.440643221139907837e-02
6.667278409004211426e-01,5.241920948028564453e-01,1.877106666564941406e+00
8.146390914916992188e-01,1.798261642456054688e+00,5.841778516769409180e-01
8.274993896484375000e-01,-5.919240713119506836e-01,3.694262504577636719e-01
-7.511262893676757812e-01,-7.466469407081604004e-01,1.729061961174011230e+00
-4.673070013523101807e-01,1.721290588378906250e+00,1.736101150512695312e+00
5.763490200042724609e-01,-2.064088821411132812e+00,4.081573486328125000e-01
-7.073010802268981934e-01,-2.038626194000244141e+00,1.306812882423400879e+00
-4.162306189537048340e-01,-1.668375432491302490e-01,3.536834716796875000e-01
-4.390681087970733643e-01,2.221589565277099609e+00,3.996407985687255859e-01
-8.241472244262695312e-01,4.438338875770568848e-01,1.397671222686767578e+00
8.315286636352539062e-01,5.916575193405151367e-01,6.757137775421142578e-01
3.923420011997222900e-01,-7.804361581802368164e-01,1.951615333557128906e+00
6.085984110832214355e-01,1.620054244995117188e+00,1.662191748619079590e+00
8.581151962280273438e-01,-1.184832811355590820e+00,1.194137811660766602e+00
-1.447029113769531250e-01,1.926198592627770267e-06,1.972457885742187500e+00
1.587820351123809814e-01,1.172628998756408691e+00,3.536834716796875000e-01
7.088749855756759644e-02,-1.200339317321777344e+00,3.536855876445770264e-01
-2.382846772670745850e-01,-1.573397517204284668e+00,1.963210105895996094e+00
8.443603515625000000e-01,-2.951133549213409424e-01,1.289997935295104980e+00
-4.474405646324157715e-01,-2.073299884796142578e+00,4.072598218917846680e-01
6.349094957113265991e-02,2.118525981903076172e+00,1.109931588172912598e+00
-8.565559387207031250e-01,-1.035546898841857910e+00,8.821818232536315918e-01
-8.477907180786132812e-01,1.639135718345642090e+00,8.913790583610534668e-01
-5.601119995117187500e-02,1.039465069770812988e+00,1.979763031005859375e+00
6.373573839664459229e-02,-2.088128089904785156e+00,1.024931669235229492e+00
2.726150453090667725e-01,1.668357998132705688e-01,3.536834716796875000e-01
8.323888778686523438e-01,1.188167452812194824e+00,1.093484520912170410e+00
-8.506650924682617188e-01,-1.474161148071289062e-01,9.797024130821228027e-01
7.186331152915954590e-01,-1.467378258705139160e+00,4.898643493652343750e-02
2.786462306976318359e-01,2.200752019882202148e+00,3.536834716796875000e-01
7.989139556884765625e-01,1.192505717277526855e+00,6.425902992486953735e-02
8.454890251159667969e-01,-1.955699920654296875e+00,1.047792792320251465e+00
-7.413396835327148438e-01,1.048595666885375977e+00,1.736307501792907715e+00
-8.300619125366210938e-01,4.435478150844573975e-01,5.730012655258178711e-01
1.579617261886596680e-01,-5.008290410041809082e-01,3.536834716796875000e-01
-5.328468084335327148e-01,-8.358501195907592773e-01,3.536834716796875000e-01
-8.018903732299804688e-01,-1.343121409416198730e+00,1.519841432571411133e+00
-8.434324264526367188e-01,1.037033081054687500e+00,1.090032577514648438e+00
-4.205499291419982910e-01,1.511858940124511719e+00,3.536834716796875000e-01
6.733953952789306641e-01,-1.318791747093200684e+00,1.885231971740722656e+00
8.334074020385742188e-01,5.915358066558837891e-01,1.293555378913879395e+00
-8.503293991088867188e-01,-1.638678431510925293e+00,7.872860431671142578e-01
-7.746276855468750000e-01,-1.486406028270721436e-01,1.613718628883361816e+00
-5.049293637275695801e-01,5.209822058677673340e-01,1.926865577697753906e+00
8.094577789306640625e-01,-1.191136598587036133e+00,5.784155130386352539e-01
8.290100097656250000e-01,4.581213033816311508e-06,5.723978877067565918e-01
6.652668118476867676e-01,-2.616598010063171387e-01,1.882420539855957031e+00
-1.930697411298751831e-01,-2.012268066406250000e+00,1.580694675445556641e+00
-3.016258180141448975e-01,5.008244514465332031e-01,3.536834716796875000e-01
-2.349128723144531250e-01,-7.792045474052429199e-01,1.964312553405761719e+00
6.680344790220260620e-02,1.707316398620605469e+00,1.929102897644042969e+00
-5.083732604980468750e-01,2.017510890960693359e+00,1.257007837295532227e+00
1.225624829530715942e-01,5.179464221000671387e-01,1.974012374877929688e+00
4.855808913707733154e-01,1.046581268310546875e+00,1.924872398376464844e+00
5.837881565093994141e-01,1.961683273315429688e+00,1.134964227676391602e+00
4.370880126953125000e-02,-1.854317545890808105e+00,3.536834716796875000e-01
-7.329128384590148926e-01,-1.750342369079589844e+00,1.830091238021850586e+00
7.989139556884765625e-01,1.192503213882446289e+00,5.790792703628540039e-01
7.836598157882690430e-01,-8.126147389411926270e-01,1.619785308837890625e+00
8.605499267578125000e-01,-5.897916555404663086e-01,8.780175447463989258e-01
-4.205497503280639648e-01,-1.511858582496643066e+00,3.536834716796875000e-01
-8.289384841918945312e-01,-4.436026215553283691e-01,5.730715990066528320e-01
-7.736007571220397949e-01,1.854329943656921387e+00,3.536834716796875000e-01
-7.285064458847045898e-02,1.854333639144897461e+00,3.536834716796875000e-01
5.039904713630676270e-01,8.358406424522399902e-01,3.536825180053710938e-01
5.076839923858642578e-01,1.511866450309753418e+00,3.536834716796875000e-01
1.266148388385772705e-01,-1.858238577842712402e+00,1.901519775390625000e+00
2.142572700977325439e-01,-1.305582523345947266e+00,1.966485977172851562e+00
2.295655757188796997e-01,1.950264573097229004e+00,1.500493049621582031e+00
-7.892789840698242188e-01,1.649615287780761719e+00,1.423640966415405273e+00
-4.186140596866607666e-01,1.309065341949462891e+00,1.945016860961914062e+00
-4.473900496959686279e-01,-2.074162006378173828e+00,9.390208125114440918e-01
3.915139734745025635e-01,-1.511858224868774414e+00,3.536834716796875000e-01
3.198917508125305176e-01,-2.061925411224365234e+00,1.389489054679870605e+00
3.009155094623565674e-01,2.190917712141526863e-06,1.959548950195312500e+00
-8.430833816528320312e-01,-7.392233610153198242e-01,1.293703079223632812e+00
-7.615169882774353027e-01,1.428348541259765625e+00,5.960052460432052612e-02
-6.027622222900390625e-01,-1.314679384231567383e+00,1.910527229309082031e+00
7.608890533447265625e-01,8.958876132965087891e-01,1.623490452766418457e+00
-5.036745071411132812e-01,-2.599801719188690186e-01,1.934741973876953125e+00
-4.440238177776336670e-01,2.133788108825683594e+00,8.435381650924682617e-01
-8.101253509521484375e-01,1.341918945312500000e+00,5.796591043472290039e-01
8.710174560546875000e-01,-1.483610987663269043e+00,8.866738677024841309e-01
8.155698776245117188e-01,-1.492621541023254395e+00,1.521357536315917969e+00
8.466844558715820312e-01,2.950381040573120117e-01,9.805105328559875488e-01
8.505907058715820312e-01,-1.791221380233764648e+00,5.818914771080017090e-01
-8.488063812255859375e-01,-1.638951063156127930e+00,1.204301118850708008e+00
-7.982463836669921875e-01,-1.343654036521911621e+00,4.770242273807525635e-01
7.846955657005310059e-01,6.300210770859848708e-07,1.569623947143554688e+00
-8.487567901611328125e-01,4.426436126232147217e-01,9.809252619743347168e-01
-8.290128707885742188e-01,-1.949356436729431152e+00,4.809499979019165039e-01
3.886666893959045410e-01,-8.358400464057922363e-01,3.536834716796875000e-01
-7.194610685110092163e-02,8.358495235443115234e-01,3.536825180053710938e-01
5.024343729019165039e-01,-1.668257266283035278e-01,3.536834716796875000e-01
-1.944669634103775024e-01,1.954421997070312500e+00,1.499667525291442871e+00
3.156884312629699707e-01,2.166267395019531250e+00,7.516261339187622070e-01
-6.463217139244079590e-01,1.668265312910079956e-01,3.536834716796875000e-01
-7.194641232490539551e-02,-8.358495235443115234e-01,3.536834716796875000e-01
2.142552137374877930e-01,1.305570483207702637e+00,1.966560363769531250e+00
1.225627884268760681e-01,-5.179458260536193848e-01,1.974370956420898438e+00
-7.222785949707031250e-01,1.494842618703842163e-01,1.835672736167907715e+00
-2.126371562480926514e-01,1.202622413635253906e+00,3.536855876445770264e-01
8.219299316406250000e-01,1.491587042808532715e+00,1.309443950653076172e+00
3.193136453628540039e-01,-2.076273441314697266e+00,6.716657876968383789e-01
-1.913575679063796997e-01,-2.083005428314208984e+00,6.707467436790466309e-01
8.316621780395507812e-01,1.490006685256958008e+00,7.867248654365539551e-01
8.426666259765625000e-01,8.879573345184326172e-01,8.820272684097290039e-01
3.935723900794982910e-01,1.854320168495178223e+00,3.536834716796875000e-01
-8.432989120483398438e-01,1.475344300270080566e-01,1.186306595802307129e+00
-8.208761215209960938e-01,-1.478958874940872192e-01,3.689733743667602539e-01
-8.426628112792968750e-01,7.392570972442626953e-01,7.781282067298889160e-01
8.170051574707031250e-01,2.959948182106018066e-01,3.692727684974670410e-01
-3.031909167766571045e-01,-1.172616958618164062e+00,3.536834716796875000e-01
-8.429880142211914062e-01,1.475387662649154663e-01,7.756782174110412598e-01
4.348113760352134705e-02,1.511860489845275879e+00,3.536834716796875000e-01
6.214542388916015625e-01,-9.094080924987792969e-01,6.929965019226074219e-01
5.055724978446960449e-01,-1.172629475593566895e+00,3.536834716796875000e-01
-5.328469872474670410e-01,8.358503580093383789e-01,3.536825180053710938e-01
-1.864703297615051270e-01,1.668043136596679688e-01,3.536834716796875000e-01
3.878631591796875000e-01,5.008115172386169434e-01,3.536834716796875000e-01
4.303710907697677612e-02,-1.668541282415390015e-01,3.536834716796875000e-01
-8.559312820434570312e-01,-1.943634867668151855e+00,1.000883460044860840e+00
-3.016259670257568359e-01,-5.008243918418884277e-01,3.536834716796875000e-01
-7.995805740356445312e-01,-1.041999578475952148e+00,2.694155871868133545e-01
-7.164444327354431152e-01,1.935669898986816406e+00,6.857200264930725098e-01
-7.331268489360809326e-02,2.200751543045043945e+00,3.536834716796875000e-01
4.308013990521430969e-02,5.008506774902343750e-01,3.536834716796875000e-01
6.780675649642944336e-01,1.327941417694091797e+00,1.828931808471679688e+00
-7.247131317853927612e-02,-1.511870265007019043e+00,3.536834716796875000e-01
-4.227601587772369385e-01,1.854328274726867676e+00,3.536834716796875000e-01
8.107957839965820312e-01,-1.493397831916809082e+00,3.741763234138488770e-01
-4.548737108707427979e-01,-1.941617965698242188e+00,1.783480286598205566e+00
-6.127290725708007812e-01,-1.063161253929138184e+00,5.896421670913696289e-01
5.055724978446960449e-01,1.172629356384277344e+00,3.536834716796875000e-01
-8.357372283935546875e-01,1.338179469108581543e+00,1.304228663444519043e+00
-7.443169355392456055e-01,-1.621998786926269531e+00,2.447341829538345337e-01
5.029690265655517578e-01,-5.008317232131958008e-01,3.536834716796875000e-01
-8.324911594390869141e-01,8.380903601646423340e-01,1.357085227966308594e+00
7.150478959083557129e-01,-1.137172102928161621e+00,4.068946838378906250e-02
-6.900091171264648438e-01,1.054409027099609375e+00,6.890966892242431641e-01
3.982807099819183350e-01,1.577090740203857422e+00,1.944382667541503906e+00
5.746473670005798340e-01,2.087545394897460938e+00,4.951483011245727539e-01
3.979579210281372070e-01,-1.575811743736267090e+00,1.950915336608886719e+00
-8.510951995849609375e-01,-1.335937023162841797e+00,1.093678832054138184e+00
3.360168263316154480e-02,-1.039232134819030762e+00,1.981517791748046875e+00
-4.164555966854095459e-01,-1.043480396270751953e+00,1.948730468750000000e+00
8.170785903930664062e-01,8.904392123222351074e-01,4.732617139816284180e-01
-2.382117360830307007e-01,1.572918176651000977e+00,1.965681076049804688e+00
7.975740432739257812e-01,1.495546102523803711e+00,1.679028272628784180e-01
-1.886113286018371582e-01,2.196627140045166016e+00,6.611202955245971680e-01
-8.275499343872070312e-01,-1.038831233978271484e+00,1.404442667961120605e+00
-7.457180023193359375e-01,4.476279318332672119e-01,1.726477980613708496e+00
-7.177457809448242188e-01,7.493416666984558105e-01,1.842305302619934082e+00
-7.651300430297851562e-01,1.348489761352539062e+00,1.632298231124877930e+00
8.429613113403320312e-01,-1.792714953422546387e+00,1.419624090194702148e+00
3.022705912590026855e-01,7.796650528907775879e-01,1.959656715393066406e+00
4.811728596687316895e-01,2.599438726902008057e-01,1.935814857482910156e+00
8.576908111572265625e-01,-8.865011930465698242e-01,1.086494088172912598e+00
8.081531524658203125e-01,1.191309094429016113e+00,1.410169005393981934e+00
-3.247272372245788574e-01,7.797855138778686523e-01,1.958345413208007812e+00
-8.013830184936523438e-01,-4.449350535869598389e-01,1.505733966827392578e+00
-5.345064997673034668e-01,1.172613978385925293e+00,3.536834716796875000e-01
8.329591751098632812e-01,-5.915726423263549805e-01,1.397599458694458008e+00
-7.996826171875000000e-01,1.482376605272293091e-01,1.504448533058166504e+00
-3.234303891658782959e-01,2.592486441135406494e-01,1.957919120788574219e+00
-8.452682495117187500e-01,-4.428123235702514648e-01,1.187284111976623535e+00
-8.461256027221679688e-01,-7.389778494834899902e-01,7.778338193893432617e-01
5.762624144554138184e-01,-2.065295696258544922e+00,8.517683148384094238e-01
-8.456220626831054688e-01,1.336736559867858887e+00,9.905094504356384277e-01
8.222341537475585938e-01,2.958262860774993896e-01,1.397055149078369141e+00
8.134489059448242188e-01,1.798494815826416016e+00,8.974297642707824707e-01
6.241722106933593750e-01,-1.523726940155029297e+00,6.986083984375000000e-01
8.438634872436523438e-01,4.217922651150729507e-06,1.186079740524291992e+00
5.762943029403686523e-01,-2.064856529235839844e+00,1.210453748703002930e+00
8.275671005249023438e-01,-2.956545650959014893e-01,4.707586467266082764e-01
5.932501554489135742e-01,1.831401824951171875e+00,1.432443380355834961e+00
-1.913530379533767700e-01,-2.083253860473632812e+00,1.204826951026916504e+00
8.328428268432617188e-01,8.889101147651672363e-01,1.193077087402343750e+00
7.878360748291015625e-01,-1.193941593170166016e+00,1.624673604965209961e+00
-6.099929809570312500e-01,-1.681722164154052734e+00,5.953924655914306641e-01
8.537969589233398438e-01,-2.948091924190521240e-01,9.797488451004028320e-01
-8.411931991577148438e-01,-1.475686430931091309e-01,1.289941430091857910e+00
7.975740432739257812e-01,1.495545983314514160e+00,4.782460033893585205e-01
7.309703826904296875e-01,-5.981534123420715332e-01,1.837529420852661133e+00
-7.249755859375000000e-01,-4.486306607723236084e-01,1.837046980857849121e+00
-8.245277404785156250e-01,7.407211661338806152e-01,4.722012281417846680e-01
-8.262643814086914062e-01,-7.405812144279479980e-01,4.721121191978454590e-01
-8.548154830932617188e-01,-4.423503279685974121e-01,8.777700662612915039e-01
-8.349332809448242188e-01,-1.476693153381347656e-01,6.741482615470886230e-01
8.534994125366210938e-01,4.068613179697422311e-06,8.768709897994995117e-01
-7.257919907569885254e-01,1.830471992492675781e+00,1.154991984367370605e+00
-8.015880584716796875e-01,-1.647408127784729004e+00,1.527871727943420410e+00
-8.488512039184570312e-01,-1.336264967918395996e+00,7.833006381988525391e-01
-8.304452896118164062e-01,1.642241597175598145e+00,5.814141631126403809e-01
-7.514171600341796875e-01,-1.047454237937927246e+00,1.734417438507080078e+00
8.616333007812500000e-01,-1.485135793685913086e+00,1.199308753013610840e+00
8.675327301025390625e-01,-1.183609843254089355e+00,8.828482031822204590e-01
8.135242462158203125e-01,5.928192138671875000e-01,3.699890077114105225e-01
-7.067800164222717285e-01,-2.044511318206787109e+00,7.656931877136230469e-01
8.333873748779296875e-01,2.954668402671813965e-01,6.745245456695556641e-01
8.430690765380859375e-01,5.909125208854675293e-01,9.824279546737670898e-01
7.778778076171875000e-01,-2.972565889358520508e-01,1.613777279853820801e+00
-1.967426985502243042e-01,-1.860207557678222656e+00,1.894027829170227051e+00
-6.469939947128295898e-01,5.008233785629272461e-01,3.536834716796875000e-01
5.762947797775268555e-01,-1.046756386756896973e+00,1.923474311828613281e+00
-6.469939947128295898e-01,-5.008233785629272461e-01,3.536834716796875000e-01
5.786349177360534668e-01,2.032641887664794922e+00,8.552735447883605957e-01
-8.444871902465820312e-01,7.391102910041809082e-01,1.086506605148315430e+00
-7.171586155891418457e-01,-1.927669525146484375e+00,1.603259205818176270e+00
3.233872652053833008e-01,-1.975185394287109375e+00,1.681547403335571289e+00
7.657680511474609375e-01,5.959007740020751953e-01,1.618417024612426758e+00
3.305621743202209473e-01,1.797204017639160156e+00,1.718841195106506348e+00
-1.464872658252716064e-01,-1.304818987846374512e+00,1.971228599548339844e+00
3.935702443122863770e-01,-1.854310870170593262e+00,3.536834716796875000e-01
7.440652847290039062e-01,2.983456850051879883e-01,1.725665688514709473e+00
5.795753598213195801e-01,-2.019665241241455078e+00,1.490988612174987793e+00
7.945554256439208984e-01,9.404573440551757812e-01,1.975482106208801270e-01
-5.084752440452575684e-01,1.047110438346862793e+00,1.920755386352539062e+00
-7.413793802261352539e-01,1.134403824806213379e+00,1.624488830566406250e-02
3.194340169429779053e-01,2.073344707489013672e+00,1.206961750984191895e+00
5.757915973663330078e-01,7.853290438652038574e-01,1.901197433471679688e+00
5.723719596862792969e-01,2.172291260649217293e-06,1.911828994750976562e+00
4.814099669456481934e-01,-5.198730826377868652e-01,1.944177627563476562e+00
-5.126020312309265137e-01,-1.577933192253112793e+00,1.940072059631347656e+00
-3.239435553550720215e-01,-5.190495848655700684e-01,1.957073211669921875e+00
3.907195329666137695e-01,-2.594276964664459229e-01,1.951900482177734375e+00
3.335021808743476868e-02,-2.585200965404510498e-01,1.981266975402832031e+00
3.335098177194595337e-02,2.585257589817047119e-01,1.981087684631347656e+00
1.246298924088478088e-01,-1.571301102638244629e+00,1.973968505859375000e+00
-4.498934745788574219e-01,-2.029846191406250000e+00,1.487539052963256836e+00
-1.464590430259704590e-01,1.304568171501159668e+00,1.972772598266601562e+00
-1.912619769573211670e-01,2.087020397186279297e+00,1.204253792762756348e+00
-2.342617809772491455e-01,5.184726715087890625e-01,1.965624809265136719e+00
6.373628228902816772e-02,-2.088060379028320312e+00,4.938314855098724365e-01
6.406613439321517944e-02,-2.047114849090576172e+00,1.482006072998046875e+00
3.193047642707824707e-01,-2.076493263244628906e+00,1.116720557212829590e+00
-5.054716467857360840e-01,-7.816388607025146484e-01,1.939217567443847656e+00
3.033902645111083984e-01,-1.042143702507019043e+00,1.959043502807617188e+00
6.772960424423217773e-01,-1.588683247566223145e+00,1.885165214538574219e+00
3.913011848926544189e-01,5.193542838096618652e-01,1.952073097229003906e+00
3.348571807146072388e-02,7.776089310646057129e-01,1.980896949768066406e+00
-4.129621088504791260e-01,1.744627866173686925e-06,1.950100898742675781e+00
-1.899037957191467285e-01,2.143151283264160156e+00,9.296392798423767090e-01
-2.339286059141159058e-01,-2.590067982673645020e-01,1.964932441711425781e+00
6.304617971181869507e-02,2.173732280731201172e+00,8.379481434822082520e-01
-3.060566782951354980e-01,-1.854309678077697754e+00,3.536834716796875000e-01
-4.564701020717620850e-01,1.913304328918457031e+00,1.509290337562561035e+00
6.373626738786697388e-02,-2.088060379028320312e+00,7.585384845733642578e-01
2.132452279329299927e-01,1.041158795356750488e+00,1.966731071472167969e+00
-7.483668327331542969e-01,1.576373100280761719e+00,3.398940861225128174e-01
3.348335251212120056e-02,-7.775568366050720215e-01,1.981435775756835938e+00
7.443075180053710938e-01,-1.854318857192993164e+00,3.536834716796875000e-01
6.571868807077407837e-02,1.841974258422851562e+00,1.708127975463867188e+00
6.261392682790756226e-02,2.227382183074951172e+00,5.716692805290222168e-01
-1.913575679063796997e-01,-2.083005428314208984e+00,4.062331914901733398e-01
-4.474087357521057129e-01,-2.073866367340087891e+00,1.207823276519775391e+00
-4.474135637283325195e-01,-2.073778629302978516e+00,6.724011301994323730e-01
-1.913499385118484497e-01,-2.083323955535888672e+00,9.367181062698364258e-01
-1.978061646223068237e-01,1.816209793090820312e+00,1.713967561721801758e+00
-6.113672256469726562e-01,-1.370942711830139160e+00,6.978259086608886719e-01
8.454093933105468750e-01,-1.956477165222167969e+00,7.753765583038330078e-01
8.094577789306640625e-01,-1.191136956214904785e+00,2.696542441844940186e-01
8.545570373535156250e-01,-8.868048787117004395e-01,7.782307267189025879e-01
7.443063259124755859e-01,1.854319572448730469e+00,3.536834716796875000e-01
6.538264155387878418e-01,-9.972782135009765625e-01,2.626416087150573730e-01
3.193202614784240723e-01,-2.076108455657958984e+00,4.067983925342559814e-01
6.175430417060852051e-01,1.668307334184646606e-01,3.536834716796875000e-01
8.358287811279296875e-01,-8.886207342147827148e-01,1.400801301002502441e+00
-5.792045593261718750e-01,2.002455234527587891e+00,1.031173229217529297e+00
-6.565011739730834961e-01,-1.854323863983154297e+00,3.536834716796875000e-01
1.602816730737686157e-01,1.854322791099548340e+00,3.536834716796875000e-01
-8.101253509521484375e-01,1.341920018196105957e+00,2.702328562736511230e-01
2.754479944705963135e-01,1.511866688728332520e+00,3.536834716796875000e-01
-1.884419173002243042e-01,1.511859655380249023e+00,3.536834716796875000e-01
1.594467163085937500e-01,-1.511875987052917480e+00,3.536834716796875000e-01
7.341918945312500000e-01,-8.984761834144592285e-01,1.841675162315368652e+00
-5.345064997673034668e-01,-1.172614097595214844e+00,3.536834716796875000e-01
2.734512388706207275e-01,8.358596563339233398e-01,3.536834716796875000e-01
-3.022468388080596924e-01,8.358525633811950684e-01,3.536834716796875000e-01
-3.022469878196716309e-01,-8.358527421951293945e-01,3.536834716796875000e-01
1.582870483398437500e-01,-8.358559012413024902e-01,3.536834716796875000e-01
-7.180266827344894409e-02,-5.008715391159057617e-01,3.536834716796875000e-01
-4.162306189537048340e-01,1.668374836444854736e-01,3.536834716796875000e-01
2.726150453090667725e-01,-1.668357402086257935e-01,3.536834716796875000e-01
-1.864703297615051270e-01,-1.668041646480560303e-01,3.536834716796875000e-01
4.303710907697677612e-02,1.668541729450225830e-01,3.536834716796875000e-01
-7.702159881591796875e-01,7.451061010360717773e-01,1.619532227516174316e+00
-7.941923141479492188e-01,1.042609572410583496e+00,1.514773726463317871e+00
-7.512798309326171875e-01,-1.350512027740478516e+00,1.741702556610107422e+00
-7.238550186157226562e-01,-1.494589596986770630e-01,1.835361480712890625e+00
7.925701141357421875e-01,-1.802580475807189941e+00,1.640940546989440918e+00
7.555522918701171875e-01,1.198127031326293945e+00,1.630367279052734375e+00
-8.378686904907226562e-01,1.640913248062133789e+00,1.205740809440612793e+00
7.763195037841796875e-01,1.499000668525695801e+00,1.527859330177307129e+00
-6.201763153076171875e-01,1.369656324386596680e+00,1.875312566757202148e+00
6.228075027465820312e-01,-1.215327858924865723e+00,6.954299807548522949e-01
7.455682754516601562e-01,1.811782002449035645e+00,1.115465641021728516e+00
7.828196287155151367e-01,-5.416308641433715820e-01,1.606990814208984375e+00
-8.016538619995117188e-01,-7.425675988197326660e-01,1.508823990821838379e+00
-6.432422399520874023e-01,-1.395451545715332031e+00,3.321005105972290039e-01
6.181808114051818848e-01,5.008317828178405762e-01,3.536825180053710938e-01
4.040800333023071289e-01,-1.862537503242492676e+00,1.882780075073242188e+00
6.414458900690078735e-02,2.037437915802001953e+00,1.392689347267150879e+00
-6.622326374053955078e-01,-8.537759184837341309e-01,5.759124755859375000e-01
8.651485443115234375e-01,-1.788371086120605469e+00,1.205785751342773438e+00
-7.434850931167602539e-01,-1.137626171112060547e+00,4.469680786132812500e-02
-8.235845565795898438e-01,1.478520780801773071e-01,4.707797169685363770e-01
8.383550643920898438e-01,-1.187394261360168457e+00,1.405535697937011719e+00
-8.470993041992187500e-01,-1.036617755889892578e+00,1.193240284919738770e+00
8.132390975952148438e-01,8.908130526542663574e-01,1.404254436492919922e+00
4.881141483783721924e-01,1.312999486923217773e+00,1.920855522155761719e+00
8.510398864746093750e-01,-5.904048085212707520e-01,1.187614917755126953e+00
8.285789489746093750e-01,1.490507006645202637e+00,1.099098443984985352e+00
6.214542388916015625e-01,-9.094081521034240723e-01,4.833436608314514160e-01
-8.448295593261718750e-01,-1.336851835250854492e+00,1.302934646606445312e+00
-8.369216918945312500e-01,1.037770390510559082e+00,1.298625111579895020e+00
8.389568328857421875e-01,1.187313675880432129e+00,8.856106400489807129e-01
-8.493051528930664062e-01,-7.387211322784423828e-01,1.085934996604919434e+00
8.745431900024414062e-01,-1.786532044410705566e+00,8.914613127708435059e-01
-8.550825119018554688e-01,-1.637827515602111816e+00,9.946813583374023438e-01
-8.499708175659179688e-01,1.036292552947998047e+00,8.828170299530029297e-01
8.107957839965820312e-01,-1.493397355079650879e+00,5.810592770576477051e-01
-8.422584533691406250e-01,4.429580271244049072e-01,1.187674283981323242e+00
-8.443183898925781250e-01,1.336925625801086426e+00,7.836884856224060059e-01
8.402194976806640625e-01,2.952467203140258789e-01,1.187167882919311523e+00
7.989139556884765625e-01,1.192505598068237305e+00,3.729009926319122314e-01
-7.995805740356445312e-01,-1.041999578475952148e+00,4.749670326709747314e-01
-8.087940216064453125e-01,1.040955901145935059e+00,4.744914174079895020e-01
2.743038833141326904e-01,-1.172632455825805664e+00,3.536834716796875000e-01
-6.266493201255798340e-01,1.637010455131530762e+00,1.638320922851562500e+00
8.297052383422851562e-01,8.892147541046142578e-01,6.776084899902343750e-01
-8.497276306152343750e-01,1.474309116601943970e-01,9.798028469085693359e-01
8.470506668090820312e-01,-2.950268089771270752e-01,7.756359577178955078e-01
8.392105102539062500e-01,-5.911681056022644043e-01,6.751477122306823730e-01
-8.421850204467773438e-01,4.429610073566436768e-01,7.765524387359619141e-01
8.204898834228515625e-01,4.280209395801648498e-06,3.689410388469696045e-01
6.451564282178878784e-02,-1.991312026977539062e+00,1.676860451698303223e+00
4.254199266433715820e-01,1.960882425308227539e+00,1.454222679138183594e+00
-7.213713526725769043e-01,1.880234718322753906e+00,9.642504453659057617e-01
4.867459833621978760e-01,-1.309319019317626953e+00,1.943503379821777344e+00
-8.496170043945312500e-01,-1.944976806640625000e+00,1.211815476417541504e+00
6.715347170829772949e-01,1.053762793540954590e+00,1.869389533996582031e+00
-7.037286758422851562e-01,1.975986838340759277e+00,4.875202775001525879e-01
6.444312334060668945e-01,1.126660346984863281e+00,1.602227687835693359e-01
6.415516734123229980e-01,1.210694670677185059e+00,6.898775100708007812e-01
6.373572349548339844e-02,-2.088128089904785156e+00,1.293634295463562012e+00
-8.492603302001953125e-01,-1.945052742958068848e+00,6.880425810813903809e-01
-4.628467857837677002e-01,-1.800370216369628906e+00,1.910430908203125000e+00
7.327712774276733398e-01,-1.668272316455841064e-01,3.536834716796875000e-01
6.239767074584960938e-01,-1.511872172355651855e+00,3.536834716796875000e-01
7.649784088134765625e-01,-1.500843644142150879e+00,1.743450284004211426e+00
-4.184440374374389648e-01,-1.308533310890197754e+00,1.948289871215820312e+00
3.178925514221191406e-01,2.111597061157226562e+00,1.022687673568725586e+00
-5.954092144966125488e-01,2.195537035731831565e-06,1.904908180236816406e+00
-5.998834967613220215e-01,-1.048352241516113281e+00,1.911188125610351562e+00
-3.259049057960510254e-01,1.042214274406433105e+00,1.958517074584960938e+00
-5.064325332641601562e-01,7.831248044967651367e-01,1.923900604248046875e+00
5.743963718414306641e-01,-7.834269404411315918e-01,1.920816421508789062e+00
-4.212115108966827393e-01,1.577618837356567383e+00,1.941662788391113281e+00
-8.217658996582031250e-01,-4.439492225646972656e-01,3.693209886550903320e-01
2.155001759529113770e-01,1.572785735130310059e+00,1.966370582580566406e+00
8.461352586746215820e-01,-1.949571609497070312e+00,1.323496699333190918e+00
-7.067781090736389160e-01,-2.044533252716064453e+00,1.034604191780090332e+00
-1.916900575160980225e-01,-2.069309234619140625e+00,1.387474775314331055e+00
-5.039923191070556641e-01,2.601443827152252197e-01,1.929651260375976562e+00
-4.420232176780700684e-01,2.169240474700927734e+00,6.643028259277343750e-01
-5.659820511937141418e-02,1.570139765739440918e+00,1.979900360107421875e+00
-8.191375732421875000e-01,4.440762996673583984e-01,3.694268763065338135e-01
3.010331690311431885e-01,2.591840028762817383e-01,1.959612846374511719e+00
-5.043048262596130371e-01,-5.203422307968139648e-01,1.937054634094238281e+00
-2.357788830995559692e-01,-1.041501998901367188e+00,1.963970184326171875e+00
-5.660781636834144592e-02,-1.570407271385192871e+00,1.978534698486328125e+00
-6.099929809570312500e-01,-1.681722164154052734e+00,3.834063708782196045e-01
5.765975713729858398e-01,2.060678482055664062e+00,6.742131114006042480e-01
3.142779469490051270e-01,2.201290607452392578e+00,5.740351676940917969e-01
7.096323966979980469e-01,1.664533972740173340e+00,1.497727394104003906e+00
-8.241122364997863770e-01,1.817941665649414062e-06,1.404111862182617188e+00
3.376106172800064087e-02,-1.303128957748413086e+00,1.981595993041992188e+00
3.376480191946029663e-02,1.303275465965270996e+00,1.980692863464355469e+00
-1.448809057474136353e-01,-5.180812478065490723e-01,1.972174644470214844e+00
2.124708443880081177e-01,-7.789720892906188965e-01,1.966786384582519531e+00
3.014963567256927490e-01,-5.188943743705749512e-01,1.959351539611816406e+00
1.225038915872573853e-01,1.724399567137879785e-06,1.974196434020996094e+00
-1.452452093362808228e-01,7.783952951431274414e-01,1.972685813903808594e+00
2.116242945194244385e-01,-2.589803636074066162e-01,1.967005729675292969e+00
5.762782096862792969e-01,-2.065076351165771484e+00,1.030591607093811035e+00
8.261680603027343750e-01,4.041790816700085998e-06,1.395730376243591309e+00
3.192970454692840576e-01,-2.076659679412841797e+00,9.379935860633850098e-01
-5.566490069031715393e-02,5.175946950912475586e-01,1.979608535766601562e+00
-1.446665972471237183e-01,2.587921917438507080e-01,1.972550392150878906e+00
5.762966871261596680e-01,-2.064809322357177734e+00,6.738622784614562988e-01
-7.075712680816650391e-01,-2.035585880279541016e+00,5.880636572837829590e-01
6.349221467971801758e-01,1.538391351699829102e+00,5.352935791015625000e-01
9.791525453329086304e-02,2.155029296875000000e+00,3.536855876445770264e-01
-1.877438575029373169e-01,2.232474327087402344e+00,4.849435389041900635e-01
3.598144277930259705e-02,1.936149835586547852e+00,1.562015533447265625e+00
6.655318140983581543e-01,2.617640197277069092e-01,1.879185676574707031e+00
-6.463217139244079590e-01,-1.668265461921691895e-01,3.536834716796875000e-01
-8.241934180259704590e-01,-2.769638001918792725e-01,1.407702445983886719e+00
4.894456267356872559e-01,2.145566940307617188e+00,3.536855876445770264e-01
-7.982463836669921875e-01,-1.343654394149780273e+00,2.705822587013244629e-01
-6.448488235473632812e-01,-1.032197833061218262e+00,1.926046758890151978e-01
-6.539840698242187500e-01,1.033083558082580566e+00,1.927697658538818359e-01
7.522447109222412109e-01,-8.554104566574096680e-01,5.960254669189453125e-01
-6.901125907897949219e-01,5.247111320495605469e-01,1.869028091430664062e+00
8.468586802482604980e-01,-1.942687988281250000e+00,5.056588649749755859e-01
-6.143243908882141113e-01,-1.868058443069458008e+00,1.858727455139160156e+00
7.231864929199218750e-01,4.544854164123535156e-06,1.835255265235900879e+00
-6.428332328796386719e-01,-1.488169670104980469e+00,1.913118362426757812e-01
-2.937198877334594727e-01,2.151878356933593750e+00,3.536855876445770264e-01
7.894917130470275879e-01,-1.360661387443542480e+00,1.627561569213867188e+00
-8.254558444023132324e-01,2.773869633674621582e-01,1.394540786743164062e+00
-7.017858624458312988e-01,-1.591927409172058105e+00,1.868589401245117188e+00
-7.544565200805664062e-01,1.507823944091796875e+00,1.588682532310485840e+00
4.972855150699615479e-01,1.602142572402954102e+00,1.816430091857910156e+00
7.945548892021179199e-01,-1.640132427215576172e+00,1.622376441955566406e+00
-4.472309350967407227e-01,2.076973438262939453e+00,1.117523670196533203e+00
-7.641904950141906738e-01,8.360914587974548340e-01,3.567438125610351562e-01
-7.626571655273437500e-01,-1.963460922241210938e+00,1.436792135238647461e+00
-7.083654403686523438e-01,-2.026666641235351562e+00,4.106155335903167725e-01
-6.917331814765930176e-01,-7.882410287857055664e-01,1.871170043945312500e+00
7.080278396606445312e-01,9.010132551193237305e-01,1.846876144409179688e+00
-7.308271527290344238e-01,1.773795127868652344e+00,1.350283503532409668e+00
3.543378710746765137e-01,1.207193374633789062e+00,3.536855876445770264e-01
7.350399494171142578e-01,8.358466625213623047e-01,3.536834716796875000e-01
-6.437740325927734375e-01,1.988730788230895996e+00,8.101546764373779297e-01
7.874751091003417969e-01,2.725734412670135498e-01,1.543989181518554688e+00
8.107957839965820312e-01,-1.493397593498229980e+00,1.676617413759231567e-01
-7.076196670532226562e-01,1.356888055801391602e+00,6.906719803810119629e-01
-7.561172842979431152e-01,-1.489151000976562500e+00,5.917785689234733582e-02
-8.256860375404357910e-01,-5.546392798423767090e-01,1.405385017395019531e+00
-1.944327354431152344e-01,-1.955737113952636719e+00,1.778044819831848145e+00
6.194472908973693848e-01,-8.358539342880249023e-01,3.536834716796875000e-01
6.982899308204650879e-01,-1.906614184379577637e+00,1.690690040588378906e+00
-4.618137776851654053e-01,1.818634033203125000e+00,1.621116280555725098e+00
6.444312334060668945e-01,1.126675605773925781e+00,3.575741350650787354e-01
-7.216979563236236572e-02,-1.172626376152038574e+00,3.536834716796875000e-01
-6.432420015335083008e-01,-1.395497322082519531e+00,7.904968410730361938e-02
-6.442776322364807129e-01,-1.161666870117187500e+00,2.569465637207031250e-01
4.697380065917968750e-01,2.186765432357788086e+00,5.015739202499389648e-01
-7.216979563236236572e-02,1.172626495361328125e+00,3.536834716796875000e-01
-7.249340415000915527e-01,-1.840171813964843750e+00,1.715180516242980957e+00
-8.286556601524353027e-01,-8.342316746711730957e-01,1.396899223327636719e+00
-5.217435956001281738e-01,1.606075406074523926e+00,1.796323776245117188e+00
-5.750633031129837036e-02,-1.856964945793151855e+00,1.907082557678222656e+00
7.369737625122070312e-01,-1.200533509254455566e+00,1.847854137420654297e+00
6.001501083374023438e-01,1.736376762390136719e+00,1.543915987014770508e+00
-6.546374559402465820e-01,1.180347681045532227e+00,4.218769073486328125e-01
6.941947937011718750e-01,1.512346863746643066e+00,1.648928999900817871e+00
6.210259795188903809e-01,1.448947906494140625e+00,1.795078396797180176e+00
-3.345436751842498779e-01,-1.861539244651794434e+00,1.887139320373535156e+00
-6.947625279426574707e-01,1.054310441017150879e+00,1.865175247192382812e+00
5.873056054115295410e-01,1.913249969482421875e+00,1.325667500495910645e+00
3.335117697715759277e-01,1.724008560180664062e+00,1.830214500427246094e+00
6.106271743774414062e-01,9.104581475257873535e-01,3.791458010673522949e-01
7.335216999053955078e-01,-5.008179545402526855e-01,3.536834716796875000e-01
-7.534445524215698242e-01,1.519212722778320312e+00,1.533340364694595337e-01
-4.521748125553131104e-01,1.989386558532714844e+00,1.403278589248657227e+00
3.276774883270263672e-01,1.868783950805664062e+00,1.609924316406250000e+00
-1.994296014308929443e-01,1.749001502990722656e+00,1.823740005493164062e+00
6.625528633594512939e-02,1.775361061096191406e+00,1.817440867424011230e+00
7.019901275634765625e-01,1.205067157745361328e+00,1.854833006858825684e+00
-1.961555629968643188e-01,1.884600639343261719e+00,1.605959177017211914e+00
3.220923244953155518e-01,2.007380008697509766e+00,1.399035811424255371e+00
6.763067245483398438e-01,1.825343847274780273e+00,1.337919473648071289e+00
-6.561352610588073730e-01,1.518964052200317383e+00,4.021997451782226562e-01
-1.928147524595260620e-01,2.022771358489990234e+00,1.395616888999938965e+00
-7.507076263427734375e-01,-1.656520485877990723e+00,1.750955462455749512e+00
-6.888684630393981934e-01,-2.620221376419067383e-01,1.871263504028320312e+00
-6.889681220054626465e-01,2.620598971843719482e-01,1.870087623596191406e+00
6.232649832963943481e-02,2.262897014617919922e+00,3.968997001647949219e-01
-3.518036603927612305e-01,1.957591533660888672e+00,1.468565940856933594e+00
7.319011688232421875e-01,-1.814457654953002930e+00,1.759821534156799316e+00
7.916186451911926270e-01,5.477195978164672852e-01,1.512505531311035156e+00
-6.539840698242187500e-01,1.033083438873291016e+00,3.114523291587829590e-01
-6.539840698242187500e-01,1.033083677291870117e+00,7.413482666015625000e-02
-6.448488235473632812e-01,-1.032197594642639160e+00,3.111853003501892090e-01
7.366762161254882812e-01,1.505443096160888672e+00,5.857459902763366699e-01
-7.802405953407287598e-01,-8.536517024040222168e-01,5.742664337158203125e-01
-5.439672470092773438e-01,2.009944915771484375e+00,1.143520474433898926e+00
-2.010901421308517456e-01,1.680344581604003906e+00,1.935879945755004883e+00
-6.565011739730834961e-01,1.854324102401733398e+00,3.536834716796875000e-01
-7.735992074012756348e-01,-1.854318618774414062e+00,3.536834716796875000e-01
6.272497177124023438e-01,-1.854319095611572266e+00,3.536834716796875000e-01
6.272546052932739258e-01,1.854328513145446777e+00,3.536834716796875000e-01
-5.395637154579162598e-01,-1.854311823844909668e+00,3.536834716796875000e-01
-8.380565643310546875e-01,7.396292686462402344e-01,1.294413328170776367e+00
-5.395638942718505859e-01,1.854325056076049805e+00,3.536834716796875000e-01
5.103500485420227051e-01,-1.854320168495178223e+00,3.536834716796875000e-01
5.103506445884704590e-01,1.854323387145996094e+00,3.536834716796875000e-01
-3.060560524463653564e-01,1.854323029518127441e+00,3.536834716796875000e-01
-4.227578639984130859e-01,-1.854316234588623047e+00,3.536825180053710938e-01
2.768942117691040039e-01,-1.854318976402282715e+00,3.536834716796875000e-01
-1.894319057464599609e-01,-1.854306340217590332e+00,3.536834716796875000e-01
2.768963575363159180e-01,1.854332566261291504e+00,3.536834716796875000e-01
-1.894319057464599609e-01,1.854319691658020020e+00,3.536834716796875000e-01
1.602813750505447388e-01,-1.854317903518676758e+00,3.536834716796875000e-01
4.371093586087226868e-02,1.854327201843261719e+00,3.536834716796875000e-01
-7.285186648368835449e-02,-1.854322671890258789e+00,3.536834716796875000e-01
-7.033661007881164551e-01,1.332131505012512207e+00,1.803142547607421875e+00
-5.367450118064880371e-01,-1.511866569519042969e+00,3.536834716796875000e-01
-5.367450118064880371e-01,1.511866211891174316e+00,3.536834716796875000e-01
5.076842904090881348e-01,-1.511866092681884766e+00,3.536834716796875000e-01
-3.044579923152923584e-01,-1.511861562728881836e+00,3.536834716796875000e-01
7.111148834228515625e-01,1.818529129028320312e+00,1.226118445396423340e+00
3.915136754512786865e-01,1.511857867240905762e+00,3.536834716796875000e-01
-3.044579923152923584e-01,1.511861681938171387e+00,3.536834716796875000e-01
2.754479944705963135e-01,-1.511866688728332520e+00,3.536834716796875000e-01
-1.884419173002243042e-01,-1.511859655380249023e+00,3.536834716796875000e-01
1.594467163085937500e-01,1.511875987052917480e+00,3.536834716796875000e-01
-7.247131317853927612e-02,1.511870384216308594e+00,3.536834716796875000e-01
4.348113760352134705e-02,-1.511860370635986328e+00,3.536834716796875000e-01
6.213747859001159668e-01,-1.172618508338928223e+00,3.536834716796875000e-01
-4.188006520271301270e-01,1.172626495361328125e+00,3.536834716796875000e-01
-6.484454274177551270e-01,8.360010385513305664e-01,3.557319641113281250e-01
-4.188006520271301270e-01,-1.172626614570617676e+00,3.536834716796875000e-01
3.898828029632568359e-01,-1.172611474990844727e+00,3.536834716796875000e-01
-1.876588463783264160e-01,-1.172626852989196777e+00,3.536834716796875000e-01
-7.256097793579101562e-01,-1.354259967803955078e+00,1.854233860969543457e+00
4.329864308238029480e-02,1.172614693641662598e+00,3.536834716796875000e-01
7.335216999053955078e-01,5.008180737495422363e-01,3.536834716796875000e-01
5.039904713630676270e-01,-8.358404636383056641e-01,3.536834716796875000e-01
-7.615960240364074707e-01,1.668229103088378906e-01,3.536834716796875000e-01
-5.317329168319702148e-01,-5.008054375648498535e-01,3.536834716796875000e-01
-5.317329168319702148e-01,5.008055567741394043e-01,3.536834716796875000e-01
-4.174945056438446045e-01,8.358503580093383789e-01,3.536834716796875000e-01
-4.174943566322326660e-01,-8.358504176139831543e-01,3.536834716796875000e-01
7.327712774276733398e-01,1.668270677328109741e-01,3.536834716796875000e-01
3.886666893959045410e-01,8.358400464057922363e-01,3.536834716796875000e-01
6.181808114051818848e-01,-5.008317232131958008e-01,3.536834716796875000e-01
7.211928963661193848e-01,1.472605586051940918e+00,8.478641510009765625e-02
2.734512388706207275e-01,-8.358595967292785645e-01,3.536834716796875000e-01
1.582870483398437500e-01,8.358561396598815918e-01,3.536834716796875000e-01
-1.870724409818649292e-01,8.358405828475952148e-01,3.536834716796875000e-01
-1.870724409818649292e-01,-8.358405828475952148e-01,3.536834716796875000e-01
4.316253587603569031e-02,-8.358308076858520508e-01,3.536834716796875000e-01
5.024343729019165039e-01,1.668254435062408447e-01,3.536834716796875000e-01
6.175430417060852051e-01,-1.668307483196258545e-01,3.536834716796875000e-01
4.316253587603569031e-02,8.358307480812072754e-01,3.536834716796875000e-01
5.029693245887756348e-01,5.008315443992614746e-01,3.536825180053710938e-01
3.878631591796875000e-01,-5.008115768432617188e-01,3.536834716796875000e-01
-4.166320562362670898e-01,5.008181929588317871e-01,3.536834716796875000e-01
-4.166320562362670898e-01,-5.008182525634765625e-01,3.536834716796875000e-01
8.128686547279357910e-01,1.400956392288208008e+00,1.379648208618164062e+00
2.729067802429199219e-01,5.008607506752014160e-01,3.536834716796875000e-01
-7.258548736572265625e-01,-1.050348877906799316e+00,1.846456289291381836e+00
-5.311772227287292480e-01,-1.668196469545364380e-01,3.536834716796875000e-01
-5.311772227287292480e-01,1.668196618556976318e-01,3.536834716796875000e-01
2.729067802429199219e-01,-5.008607506752014160e-01,3.536834716796875000e-01
-1.866955459117889404e-01,5.008443593978881836e-01,3.536834716796875000e-01
-1.866955459117889404e-01,-5.008444190025329590e-01,3.536834716796875000e-01
-7.180266827344894409e-02,5.008715987205505371e-01,3.536834716796875000e-01
4.308013990521430969e-02,-5.008507370948791504e-01,3.536834716796875000e-01
1.579617261886596680e-01,5.008289813995361328e-01,3.536834716796875000e-01
7.288722991943359375e-01,1.201581358909606934e+00,1.742051005363464355e+00
3.874862492084503174e-01,-1.668328791856765747e-01,3.536834716796875000e-01
3.874859511852264404e-01,1.668328493833541870e-01,3.536834716796875000e-01
-3.013040125370025635e-01,-1.668213307857513428e-01,3.536834716796875000e-01
-3.013040125370025635e-01,1.668212413787841797e-01,3.536834716796875000e-01
1.578396558761596680e-01,1.668716520071029663e-01,3.536834716796875000e-01
1.578396558761596680e-01,-1.668714880943298340e-01,3.536834716796875000e-01
-7.175415009260177612e-02,-1.668972969055175781e-01,3.536834716796875000e-01
-7.175415009260177612e-02,1.668971925973892212e-01,3.536834716796875000e-01
7.596683502197265625e-01,-8.960063457489013672e-01,1.729938626289367676e+00
7.563982009887695312e-01,-5.965127348899841309e-01,1.726054668426513672e+00
7.343378067016601562e-01,8.984621167182922363e-01,1.734680771827697754e+00
-7.504100799560546875e-01,-4.474004507064819336e-01,1.725602626800537109e+00
-7.477016448974609375e-01,1.490747183561325073e-01,1.724317073822021484e+00
7.486047744750976562e-01,4.138946223974926397e-06,1.723924040794372559e+00
-8.282098770141601562e-01,5.563280582427978516e-01,1.379034996032714844e+00
-1.906312555074691772e-01,2.200745582580566406e+00,3.536834716796875000e-01
-7.437591552734375000e-01,7.472417354583740234e-01,1.730439066886901855e+00
-7.762670516967773438e-01,-1.651942729949951172e+00,1.638890981674194336e+00
7.393150329589843750e-01,5.976083278656005859e-01,1.729244351387023926e+00
7.625274658203125000e-01,-1.197219610214233398e+00,1.735727190971374512e+00
-7.915544509887695312e-01,1.344630837440490723e+00,1.521549463272094727e+00
-6.140975952148437500e-01,1.995038270950317383e+00,9.199250340461730957e-01
-7.767343521118164062e-01,-1.044586420059204102e+00,1.623452425003051758e+00
7.796716690063476562e-01,1.805107712745666504e+00,1.005916595458984375e+00
-7.721090316772460938e-01,4.463512599468231201e-01,1.615835189819335938e+00
7.903928756713867188e-01,-1.496713399887084961e+00,1.631883144378662109e+00
7.133959531784057617e-01,1.134545445442199707e+00,1.749610900878906250e-02
-7.678928375244140625e-01,1.045588612556457520e+00,1.625008821487426758e+00
-7.767038345336914062e-01,-1.346799731254577637e+00,1.630252480506896973e+00
-7.492685317993164062e-01,-1.490493714809417725e-01,1.724024891853332520e+00
7.527122497558593750e-01,-2.980675101280212402e-01,1.724053740501403809e+00
8.178806304931640625e-01,-1.797624945640563965e+00,1.529778003692626953e+00
-7.964210510253906250e-01,7.429904937744140625e-01,1.509682416915893555e+00
-8.266801834106445312e-01,-1.642913818359375000e+00,1.417860507965087891e+00
7.819757461547851562e-01,1.194701552391052246e+00,1.519754648208618164e+00
-7.763671875000000000e-01,-7.446093559265136719e-01,1.618453145027160645e+00
-7.735776901245117188e-01,1.486580520868301392e-01,1.613902211189270020e+00
-8.007268905639648438e-01,-1.482200324535369873e-01,1.504277825355529785e+00
-7.756023406982421875e-01,-4.461817443370819092e-01,1.615224123001098633e+00
8.038892745971679688e-01,-2.964175343513488770e-01,1.504346728324890137e+00
8.405370712280273438e-01,-1.488563060760498047e+00,1.411828160285949707e+00
7.871856689453125000e-01,8.933377861976623535e-01,1.513361811637878418e+00
-8.018169403076171875e-01,-1.041746020317077637e+00,1.513519287109375000e+00
8.129091262817382812e-01,-1.190691590309143066e+00,1.514654159545898438e+00
8.099040985107421875e-01,-8.911348581314086914e-01,1.509629964828491211e+00
-7.982482910156250000e-01,4.450867772102355957e-01,1.506247043609619141e+00
8.070850372314453125e-01,-5.932419300079345703e-01,1.506169676780700684e+00
-8.255453109741210938e-01,1.478208750486373901e-01,1.396007180213928223e+00
-8.272638320922851562e-01,-4.436828196048736572e-01,1.397196769714355469e+00
8.094577789306640625e-01,-1.191138982772827148e+00,6.418548524379730225e-02
-8.177347183227539062e-01,1.340808629989624023e+00,1.411829948425292969e+00
-8.271512985229492188e-01,-1.339433312416076660e+00,1.410382032394409180e+00
8.258237838745117188e-01,1.189017891883850098e+00,1.302744150161743164e+00
6.661936640739440918e-01,-5.237773060798645020e-01,1.883584976196289062e+00
7.858584523200988770e-01,-1.085214257240295410e+00,1.626729011535644531e+00
3.960641324520111084e-01,2.200751543045043945e+00,3.536834716796875000e-01
-7.234678268432617188e-01,1.971790909767150879e+00,3.811700344085693359e-01
-8.202486038208007812e-01,1.039658665657043457e+00,1.405560731887817383e+00
7.393178939819335938e-01,-1.505013704299926758e+00,1.856100082397460938e+00
5.900264382362365723e-01,-1.864765405654907227e+00,1.873085975646972656e+00
8.514709472656250000e-01,-8.871043920516967773e-01,1.294369578361511230e+00
8.179283142089843750e-01,5.925350189208984375e-01,1.399891018867492676e+00
8.289995193481445312e-01,1.795450568199157715e+00,7.915081381797790527e-01
-8.223838806152343750e-01,7.408944368362426758e-01,1.400849699974060059e+00
6.379433721303939819e-02,2.080852031707763672e+00,1.294824004173278809e+00
8.297405242919921875e-01,-2.955832481384277344e-01,1.395912647247314453e+00
-8.265838623046875000e-01,-1.478036344051361084e-01,1.395849466323852539e+00
-6.838684082031250000e-01,1.980207800865173340e+00,5.944465398788452148e-01
-6.280231475830078125e-01,-1.678493022918701172e+00,7.002456784248352051e-01
-8.457441329956054688e-01,-1.945800304412841797e+00,1.317933201789855957e+00
-6.735954284667968750e-01,1.670333266258239746e+00,1.549131751060485840e+00
-6.099929809570312500e-01,-1.681722164154052734e+00,4.893392920494079590e-01
-8.345384597778320312e-01,1.641509175300598145e+00,1.311248302459716797e+00
8.619956970214843750e-01,-1.788988471031188965e+00,1.311273932456970215e+00
-8.456516265869140625e-01,-1.639516115188598633e+00,1.309658169746398926e+00
-8.527793884277343750e-01,-1.944304585456848145e+00,1.106175541877746582e+00
-8.411865234375000000e-01,1.640318155288696289e+00,1.100612044334411621e+00
-6.127290725708007812e-01,-1.063161253929138184e+00,6.948168873786926270e-01
8.682909011840820312e-01,-1.787755846977233887e+00,1.100673556327819824e+00
8.252601623535156250e-01,1.491046905517578125e+00,1.204082012176513672e+00
-8.590745925903320312e-01,-1.942966580390930176e+00,8.959143161773681641e-01
-8.390331268310546875e-01,1.337698459625244141e+00,1.199290394783020020e+00
8.584966659545898438e-01,-1.485645294189453125e+00,1.304227113723754883e+00
6.214542388916015625e-01,-9.094080924987792969e-01,5.880975127220153809e-01
8.318862915039062500e-01,1.489969730377197266e+00,9.944640994071960449e-01
-8.519496917724609375e-01,-1.638388633728027344e+00,1.099318861961364746e+00
8.647594451904296875e-01,-1.484627604484558105e+00,1.094762802124023438e+00
5.838745236396789551e-01,-1.960479736328125000e+00,1.687694787979125977e+00
8.549900054931640625e-01,-1.185238003730773926e+00,1.298602461814880371e+00
-8.444938659667968750e-01,1.639726161956787109e+00,9.958330988883972168e-01
8.290891647338867188e-01,1.188594102859497070e+00,1.197929620742797852e+00
8.714218139648437500e-01,-1.787143230438232422e+00,9.959068298339843750e-01
-8.479681015014648438e-01,-1.336393356323242188e+00,1.198120713233947754e+00
-8.439731597900390625e-01,-1.036971926689147949e+00,1.297625541687011719e+00
8.296499252319335938e-01,8.892198204994201660e-01,1.297457098960876465e+00
-8.423328399658203125e-01,1.337216734886169434e+00,1.094726204872131348e+00
-8.182868957519531250e-01,-1.951636314392089844e+00,3.772738575935363770e-01
-8.401470184326171875e-01,1.037405252456665039e+00,1.194146871566772461e+00
-8.542118072509765625e-01,-1.335482001304626465e+00,9.895799160003662109e-01
8.612289428710937500e-01,-1.184429407119750977e+00,1.090044498443603516e+00
8.365316390991210938e-01,5.913342237472534180e-01,1.189498543739318848e+00
8.361282348632812500e-01,8.885924220085144043e-01,1.089056730270385742e+00
-8.502140045166015625e-01,-1.036264896392822266e+00,1.089225292205810547e+00
-8.397283554077148438e-01,-1.947078227996826172e+00,5.845016241073608398e-01
-8.565111160278320312e-01,-1.943511962890625000e+00,7.917335629463195801e-01
-4.532186388969421387e-01,-1.970904350280761719e+00,1.683754086494445801e+00
-8.391456604003906250e-01,4.431084394454956055e-01,1.291570663452148438e+00
8.479290008544921875e-01,-5.906057357788085938e-01,1.291506528854370117e+00
8.074588775634765625e-01,1.799665927886962891e+00,4.804975688457489014e-01
8.678750991821289062e-01,-1.484120965003967285e+00,9.905602931976318359e-01
8.218193054199218750e-01,1.796856045722961426e+00,6.878398060798645020e-01
-8.421573638916015625e-01,-4.429627954959869385e-01,1.291146159172058105e+00
8.371067047119140625e-01,2.953469157218933105e-01,1.291020154953002930e+00
8.356781005859375000e-01,1.187738418579101562e+00,9.893875122070312500e-01
-8.412132263183593750e-01,7.393745183944702148e-01,1.190282821655273438e+00
-8.401899337768554688e-01,1.475844681262969971e-01,1.290082931518554688e+00
8.474674224853515625e-01,-2.950130105018615723e-01,1.186228632926940918e+00
-8.443021774291992188e-01,-1.475185751914978027e-01,1.186176776885986328e+00
8.407554626464843750e-01,4.124343377043260261e-06,1.289834737777709961e+00
5.821871161460876465e-01,-1.580692410469055176e+00,1.925969123840332031e+00
8.545866012573242188e-01,-8.868021368980407715e-01,1.190247178077697754e+00
-8.461999893188476562e-01,-7.389718294143676758e-01,1.189634680747985840e+00
-8.444967269897460938e-01,1.639725327491760254e+00,7.877880930900573730e-01
8.541383743286132812e-01,-5.902052521705627441e-01,1.084092378616333008e+00
-8.483676910400390625e-01,-4.426621794700622559e-01,1.083790302276611328e+00
7.975740432739257812e-01,1.495546340942382812e+00,3.747146427631378174e-01
8.667173385620117188e-01,-1.788064122200012207e+00,7.882527112960815430e-01
8.459186553955078125e-01,-1.792134046554565430e+00,4.784870743751525879e-01
8.578071594238281250e-01,-1.789808511734008789e+00,6.851423382759094238e-01
-8.467063903808593750e-01,1.036661982536315918e+00,9.862643480300903320e-01
8.643321990966796875e-01,-1.184025049209594727e+00,9.862940907478332520e-01
8.351831436157226562e-01,1.489434003829956055e+00,8.901542425155639648e-01
-8.477506637573242188e-01,7.388466596603393555e-01,9.830753803253173828e-01
8.607969284057617188e-01,-8.861997127532958984e-01,9.830800890922546387e-01
3.245368897914886475e-01,-1.946658134460449219e+00,1.780976057052612305e+00
-8.234405517578125000e-01,1.643496990203857422e+00,4.782157838344573975e-01
8.470067977905273438e-01,3.701150262713781558e-06,1.082685470581054688e+00
-8.374500274658203125e-01,1.640987157821655273e+00,6.845977902412414551e-01
-8.533191680908203125e-01,-1.035913109779357910e+00,9.855518937110900879e-01
8.398056030273437500e-01,5.911234617233276367e-01,1.085791349411010742e+00
-8.524475097656250000e-01,-7.384676337242126465e-01,9.825707674026489258e-01
8.394021987915039062e-01,8.882746696472167969e-01,9.853814244270324707e-01
