1.503202438354492188e+00,-1.380869626998901367e+00,8.252714276313781738e-01
-2.340617656707763672e+00,2.796323776245117188e+00,3.885403275489807129e-01
4.632725715637207031e-01,1.737387299537658691e+00,2.428236961364746094e+00
-1.209778308868408203e+00,-3.656864166259765625e-02,5.148435831069946289e-01
6.410270184278488159e-02,2.042506694793701172e+00,5.511474609375000000e-02
-1.897483348846435547e+00,1.736818552017211914e+00,2.430693149566650391e+00
-5.272693559527397156e-02,-7.348001599311828613e-01,2.422408580780029297e+00
-4.431724548339843750e-03,-2.463688611984252930e+00,7.130065560340881348e-02
-6.054177880287170410e-01,3.185389518737792969e+00,1.591455698013305664e+00
9.934360384941101074e-01,5.480937957763671875e-01,9.111415147781372070e-01
-6.031284332275390625e-01,-1.997370362281799316e+00,1.570714592933654785e+00
-1.434812903404235840e+00,1.472162604331970215e+00,8.177757263183593750e-02
-7.294447422027587891e-01,7.343516945838928223e-01,2.426909446716308594e+00
1.592254638671875000e-01,-8.408095836639404297e-01,4.150438308715820312e-01
1.100349426269531250e+00,2.868622541427612305e-01,2.385891675949096680e+00
1.014639139175415039e+00,-2.637091159820556641e+00,1.046668648719787598e+00
-1.612531661987304688e+00,9.499279856681823730e-01,1.380120515823364258e+00
-1.042952895164489746e+00,3.278303861618041992e+00,3.731346130371093750e-01
-1.881806850433349609e-01,8.407939672470092773e-01,4.150438308715820312e-01
-1.869981646537780762e+00,2.667889118194580078e+00,1.584291696548461914e+00
-7.572724819183349609e-01,2.258688211441040039e+00,2.430832862854003906e+00
3.141333758831024170e-01,2.204874515533447266e+00,1.275539159774780273e+00
6.174478530883789062e-01,-1.498202323913574219e+00,1.686361670494079590e+00
-1.047928810119628906e+00,-4.330095648765563965e-01,1.670097827911376953e+00
1.145039558410644531e+00,-5.714319944381713867e-01,1.450799584388732910e+00
-4.320144653320312500e-03,2.985346555709838867e+00,5.355483889579772949e-01
-7.950903773307800293e-01,-1.050490379333496094e+00,8.613650202751159668e-01
-8.179664611816406250e-03,2.986498117446899414e+00,2.429542303085327148e+00
-2.028078079223632812e+00,1.964905619621276855e+00,8.790589570999145508e-01
7.252025604248046875e-01,1.202059507369995117e+00,1.635720133781433105e+00
6.202885508537292480e-01,1.459101676940917969e+00,6.298095583915710449e-01
1.087185382843017578e+00,-5.037744045257568359e-01,4.150438308715820312e-01
7.487188577651977539e-01,-1.865308523178100586e+00,4.150438308715820312e-01
1.155114695429801941e-01,2.442041933536529541e-01,2.424754142761230469e+00
-9.018414020538330078e-01,2.213792562484741211e+00,4.150438308715820312e-01
6.072608754038810730e-02,-2.461812973022460938e+00,1.061587810516357422e+00
-1.503509283065795898e+00,2.800287723541259766e+00,2.432978153228759766e+00
1.664896011352539062e+00,-2.197445392608642578e+00,4.421714544296264648e-01
-2.379436492919921875e-01,-1.748355507850646973e+00,6.189831495285034180e-01
-4.313040077686309814e-01,-1.080683708190917969e+00,1.661672592163085938e+00
3.897830247879028320e-01,1.678214967250823975e-01,4.150438308715820312e-01
-1.611751556396484375e+00,9.500158429145812988e-01,2.261992216110229492e+00
-1.594167470932006836e+00,2.786270141601562500e+00,7.909740805625915527e-01
-1.152434825897216797e+00,2.174377414121408947e-06,2.425462722778320312e+00
-3.957650363445281982e-01,1.482311367988586426e+00,2.428485393524169922e+00
-1.001746773719787598e+00,8.407989144325256348e-01,4.150438308715820312e-01
6.907554268836975098e-01,-4.888124465942382812e-01,2.218316078186035156e+00
-4.186968803405761719e-01,-1.678262352943420410e-01,4.150438308715820312e-01
-7.949592471122741699e-01,-1.051971435546875000e+00,2.407058954238891602e+00
1.621187210083007812e+00,-2.058909893035888672e+00,1.233099699020385742e+00
-1.925188064575195312e+00,1.716356515884399414e+00,1.633148789405822754e+00
7.108414769172668457e-01,9.816215038299560547e-01,2.426027297973632812e+00
1.514631271362304688e+00,-1.465734243392944336e+00,3.778171539306640625e-02
1.726606369018554688e+00,-1.072270035743713379e+00,1.554576516151428223e+00
-7.832763791084289551e-01,3.080954551696777344e+00,2.432942867279052734e+00
-5.399255156517028809e-01,1.520826339721679688e+00,4.150438308715820312e-01
5.777465552091598511e-02,2.828089714050292969e+00,1.668380856513977051e+00
-1.282360076904296875e+00,1.404600143432617188e-01,1.227807283401489258e+00
-2.226679801940917969e+00,2.456659078598022461e+00,2.184395790100097656e+00
-3.608901798725128174e-01,3.606571197509765625e+00,3.996743559837341309e-01
1.100656509399414062e+00,2.868523597717285156e-01,1.659183621406555176e+00
-1.742849349975585938e+00,1.298254013061523438e+00,7.135095000267028809e-01
6.396765112876892090e-01,-2.567087888717651367e+00,4.150438308715820312e-01
-1.173693180084228516e+00,1.482153534889221191e+00,2.429297447204589844e+00
-5.470981448888778687e-02,2.258905887603759766e+00,2.430105209350585938e+00
9.296360611915588379e-01,-1.994038462638854980e+00,1.309673309326171875e+00
8.585360646247863770e-01,-1.179568767547607422e+00,4.150438308715820312e-01
-1.603958904743194580e-01,3.363989353179931641e+00,1.085306048393249512e+00
-1.394325256347656250e+00,4.162541925907135010e-01,1.903803706169128418e+00
-1.619976282119750977e+00,2.213790893554687500e+00,4.150438308715820312e-01
-1.080758690834045410e+00,2.993843078613281250e+00,1.159057021141052246e+00
6.581081449985504150e-02,-1.830592155456542969e+00,1.522354722023010254e+00
5.069774985313415527e-01,8.407938480377197266e-01,4.150438308715820312e-01
3.173591569066047668e-02,9.815285205841064453e-01,2.426743984222412109e+00
1.033201575279235840e+00,-1.047926425933837891e+00,1.914457321166992188e+00
2.961730957031250000e-02,1.951949119567871094e+00,7.472099065780639648e-01
-4.731128513813018799e-01,-2.442061156034469604e-01,2.424117088317871094e+00
1.086061716079711914e+00,1.678103655576705933e-01,4.150438308715820312e-01
-1.505208015441894531e+00,6.857708692550659180e-01,8.170416355133056641e-01
3.142157793045043945e-01,2.202829837799072266e+00,1.906639337539672852e+00
3.030155003070831299e-01,-1.040856957435607910e+00,1.968973159790039062e+00
-1.047693252563476562e+00,-4.330217540264129639e-01,9.596012830734252930e-01
-2.156584501266479492e+00,2.554611206054687500e+00,1.004115223884582520e+00
-1.333397984504699707e+00,2.885630130767822266e+00,1.853763937950134277e+00
1.241222381591796875e+00,-1.423446297645568848e+00,1.450850367546081543e+00
-3.832874298095703125e-01,-1.404247522354125977e+00,1.149601817131042480e+00
1.217951774597167969e+00,4.806518518307711929e-06,1.137620091438293457e+00
-4.212821722030639648e-01,-1.179576039314270020e+00,4.150438308715820312e-01
-4.311297535896301270e-01,2.567082881927490234e+00,4.150438308715820312e-01
1.299500465393066406e+00,-8.436596989631652832e-01,9.358900189399719238e-01
2.770806849002838135e-01,-1.520826697349548340e+00,4.150438308715820312e-01
-1.079774856567382812e+00,1.302544355392456055e+00,7.635345458984375000e-01
1.572433412075042725e-01,1.490982651710510254e+00,2.106018066406250000e-01
5.775291472673416138e-02,2.830858230590820312e+00,1.090768218040466309e+00
1.191361427307128906e+00,-2.839283049106597900e-01,1.947439193725585938e+00
-8.831832408905029297e-01,-5.037867426872253418e-01,4.150438308715820312e-01
-6.048705577850341797e-01,3.191571235656738281e+00,7.318170070648193359e-01
-1.582325935363769531e+00,9.533488154411315918e-01,2.464944422245025635e-01
-1.653636097908020020e+00,2.258409261703491211e+00,2.431761264801025391e+00
-2.127924442291259766e+00,2.211602449417114258e+00,1.430121541023254395e+00
6.205989122390747070e-01,1.869201582849200349e-06,2.423592567443847656e+00
5.912714004516601562e-01,1.529074549674987793e+00,1.234791040420532227e+00
-1.927157402038574219e+00,1.715938091278076172e+00,4.233605861663818359e-01
-1.414104700088500977e+00,4.886996746063232422e-01,2.426998615264892578e+00
5.243012309074401855e-01,-2.780765533447265625e+00,9.376380443572998047e-01
-9.834377765655517578e-01,-4.889014363288879395e-01,2.424024105072021484e+00
-1.735854864120483398e+00,1.252921104431152344e+00,1.861616492271423340e+00
-1.604767590761184692e-01,3.360689163208007812e+00,1.779517173767089844e+00
-3.212814331054687500e-01,3.326865434646606445e-01,4.150463640689849854e-01
-2.129810810089111328e+00,2.211072444915771484e+00,4.193435609340667725e-01
-1.190976500511169434e+00,1.995577096939086914e+00,2.430615901947021484e+00
1.287196278572082520e+00,-2.463502407073974609e+00,6.475671529769897461e-01
2.802978456020355225e-01,-2.213794708251953125e+00,4.150438308715820312e-01
-1.517498612403869629e+00,3.133203506469726562e+00,4.389245510101318359e-01
6.860725581645965576e-02,-1.483454704284667969e+00,1.881946682929992676e+00
5.380443930625915527e-01,-2.300076007843017578e+00,1.275602340698242188e+00
-1.268843412399291992e+00,2.567084074020385742e+00,4.150438308715820312e-01
-6.418952941894531250e-01,2.441553473472595215e-01,2.425553798675537109e+00
-3.052072525024414062e-01,-6.650198698043823242e-01,4.150463640689849854e-01
5.905656814575195312e-01,1.529189229011535645e+00,1.995931625366210938e+00
3.151069581508636475e-02,-2.442598789930343628e-01,2.423583984375000000e+00
-3.029613494873046875e-01,2.061172246932983398e+00,3.984484672546386719e-01
-1.251577734947204590e+00,1.865312457084655762e+00,4.150438308715820312e-01
-1.822989463806152344e+00,1.464480042457580566e+00,1.169836878776550293e+00
3.898887634277343750e-01,1.881415486335754395e+00,3.935800194740295410e-01
6.217690706253051758e-01,4.888447821140289307e-01,2.424851417541503906e+00
1.215479969978332520e+00,-1.520824193954467773e+00,4.150438308715820312e-01
5.059503316879272461e-01,-5.037998557090759277e-01,4.150438308715820312e-01
8.548698425292968750e-01,8.867753148078918457e-01,1.293888688087463379e+00
1.524353027343750000e-01,2.596187353134155273e+00,2.132266759872436523e+00
-1.161658048629760742e+00,9.813650250434875488e-01,2.428001880645751953e+00
1.132011294364929199e+00,-2.442495226860046387e-01,2.422423362731933594e+00
4.513206481933593750e-01,1.869391798973083496e+00,1.590850234031677246e+00
-1.082910776138305664e+00,1.138245940208435059e+00,5.017280578613281250e-02
-1.395195960998535156e+00,4.162125289440155029e-01,4.419131278991699219e-01
-7.661091685295104980e-01,1.678134649991989136e-01,4.150438308715820312e-01
-1.209836125373840332e+00,-3.607463836669921875e-02,1.870335340499877930e+00
-9.255056381225585938e-01,-7.325701713562011719e-01,2.011698007583618164e+00
-7.950453162193298340e-01,-1.050999641418457031e+00,1.366887807846069336e+00
4.521293640136718750e-01,1.869233012199401855e+00,9.327316284179687500e-01
2.656841278076171875e-02,2.471331834793090820e+00,4.150463640689849854e-01
9.794502258300781250e-01,5.821126699447631836e-01,1.997400760650634766e+00
-1.933136731386184692e-01,-2.002179622650146484e+00,2.327801436185836792e-01
4.329254105687141418e-02,-1.678430140018463135e-01,4.150438308715820312e-01
-2.026314735412597656e+00,1.965340733528137207e+00,2.006527662277221680e+00
6.444015353918075562e-02,-2.000705718994140625e+00,8.564739823341369629e-01
1.673237800598144531e+00,-1.630165338516235352e+00,4.352429211139678955e-01
5.967597663402557373e-02,-2.592125415802001953e+00,5.448428392410278320e-01
-2.208707183599472046e-01,-8.619155883789062500e-01,2.019815921783447266e+00
-1.123588800430297852e+00,2.526615858078002930e+00,2.431890964508056641e+00
1.402905464172363281e+00,-1.114223480224609375e+00,4.446899294853210449e-01
-4.139483571052551270e-01,2.800704240798950195e+00,2.431849479675292969e+00
1.437520027160644531e+00,-1.964705109596252441e+00,7.440685629844665527e-01
-1.870858669281005859e+00,2.664451599121093750e+00,2.028471231460571289e+00
-1.876101136207580566e+00,2.567082405090332031e+00,4.150438308715820312e-01
-4.015925228595733643e-01,1.995788693428039551e+00,2.429798126220703125e+00
8.546609878540039062e-01,8.867951631546020508e-01,6.757643222808837891e-01
-7.956513762474060059e-01,2.926029682159423828e+00,4.150438308715820312e-01
3.228599578142166138e-02,1.737285375595092773e+00,2.428691387176513672e+00
-7.446424961090087891e-01,1.737097024917602539e+00,2.429498672485351562e+00
9.910302758216857910e-01,-2.213787555694580078e+00,4.150438308715820312e-01
7.256927490234375000e-01,1.201993942260742188e+00,1.001261591911315918e+00
-7.354336380958557129e-01,1.230551838874816895e+00,2.428194522857666016e+00
-4.751440286636352539e-01,-7.347423434257507324e-01,2.422853946685791016e+00
3.722616434097290039e-01,1.230735898017883301e+00,2.427027225494384766e+00
-1.969615072011947632e-01,-1.851073265075683594e+00,1.147894978523254395e+00
-3.917070329189300537e-01,9.814693927764892578e-01,2.427190303802490234e+00
-1.594870567321777344e+00,2.783089637756347656e+00,1.208436131477355957e+00
-1.009079813957214355e+00,1.520822525024414062e+00,4.150438308715820312e-01
-3.050567507743835449e-01,4.887811541557312012e-01,2.425828933715820312e+00
1.598358154296875000e+00,-1.644827723503112793e+00,1.205608487129211426e+00
1.260919928550720215e+00,-2.329300880432128906e+00,1.164754867553710938e+00
1.191360473632812500e+00,-2.839283347129821777e-01,7.464587092399597168e-01
-7.708975076675415039e-01,1.179570317268371582e+00,4.150438308715820312e-01
7.378695607185363770e-01,5.037856101989746094e-01,4.150438308715820312e-01
8.532101511955261230e-01,-1.678138822317123413e-01,4.150438308715820312e-01
1.588980108499526978e-01,5.037971735000610352e-01,4.150438308715820312e-01
1.393579483032226562e+00,-1.115434050559997559e+00,1.222122192382812500e+00
-1.080302238464355469e+00,2.996805191040039062e+00,7.586671113967895508e-01
1.647942185401916504e+00,-1.927864074707031250e+00,1.483712792396545410e-01
-7.951270937919616699e-01,-1.050084114074707031e+00,4.609082043170928955e-01
-1.394661903381347656e+00,4.162379503250122070e-01,1.506824970245361328e+00
-1.081224083900451660e+00,2.990824222564697266e+00,1.567123651504516602e+00
-6.051670908927917480e-01,3.188232421875000000e+00,1.196063518524169922e+00
3.067312240600585938e-01,2.224168539047241211e+00,8.423326015472412109e-01
-1.603434681892395020e-01,3.366125106811523438e+00,6.361724734306335449e-01
7.518493533134460449e-01,-7.796286344528198242e-01,1.959957122802734375e+00
-9.252271652221679688e-01,-7.325921654701232910e-01,1.179363965988159180e+00
2.759298682212829590e-01,1.179581999778747559e+00,4.150438308715820312e-01
1.770485877990722656e+00,-2.169607877731323242e+00,8.159176707267761230e-01
3.807080090045928955e-01,1.793710231781005859e+00,1.526737213134765625e-02
-1.754560232162475586e+00,1.374180793762207031e+00,3.348678648471832275e-01
3.781287670135498047e-01,-6.167612075805664062e-01,2.405061006546020508e+00
-2.227379322052001953e+00,2.456437587738037109e+00,1.801232814788818359e+00
-7.950057983398437500e-01,-1.051421165466308594e+00,1.777292728424072266e+00
1.558053493499755859e-01,-2.125858783721923828e+00,1.374244689941406250e-03
-1.615101695060729980e+00,1.482065677642822266e+00,2.429754734039306641e+00
3.047819137573242188e-01,2.224616289138793945e+00,2.313906431198120117e+00
-1.949234127998352051e+00,2.526328086853027344e+00,2.432745933532714844e+00
1.547336578369140625e-01,2.595581531524658203e+00,7.488281130790710449e-01
-3.758630752563476562e-01,-1.405331492424011230e+00,7.153301835060119629e-01
8.544912338256835938e-01,8.868116736412048340e-01,1.817765116691589355e+00
-1.166759490966796875e+00,-1.423231512308120728e-01,1.444423913955688477e+00
-1.792383193969726562e-01,1.758871436119079590e+00,6.910034269094467163e-02
-1.282233238220214844e+00,1.404617279767990112e-01,8.358770608901977539e-01
-2.629413604736328125e-01,-1.421820521354675293e+00,1.721062541007995605e+00
-8.392968773841857910e-01,3.087768554687500000e+00,1.865728974342346191e+00
-5.580493211746215820e-01,3.278306245803833008e+00,3.731346130371093750e-01
4.507951736450195312e-01,1.869494795799255371e+00,2.037303686141967773e+00
-7.781854271888732910e-01,1.865318536758422852e+00,4.150438308715820312e-01
9.933883547782897949e-01,5.485467910766601562e-01,1.338316917419433594e+00
1.612316817045211792e-01,-1.865307688713073730e+00,4.150438308715820312e-01
-7.682800292968750000e-03,2.986350536346435547e+00,2.066114187240600586e+00
-1.251697540283203125e-02,-2.122909784317016602e+00,1.322675108909606934e+00
7.248086929321289062e-01,1.202111840248107910e+00,2.066664457321166992e+00
3.921939134597778320e-01,-1.179560780525207520e+00,4.150438308715820312e-01
-1.158262014389038086e+00,2.926036596298217773e+00,4.150438308715820312e-01
7.393966317176818848e-01,-8.407999277114868164e-01,4.150438308715820312e-01
-4.348078966140747070e-01,2.926031827926635742e+00,4.150438308715820312e-01
-3.049873411655426025e-01,1.179566383361816406e+00,4.150438308715820312e-01
-7.889208793640136719e-01,2.567091703414916992e+00,4.150438308715820312e-01
3.432499766349792480e-01,-2.623118638992309570e+00,1.209559440612792969e+00
1.340834021568298340e+00,-1.865307211875915527e+00,4.150438308715820312e-01
-8.831832408905029297e-01,5.037865042686462402e-01,4.150438308715820312e-01
-9.250907897949218750e-01,-7.326030731201171875e-01,7.711241245269775391e-01
2.847447991371154785e-01,7.344593405723571777e-01,2.425839424133300781e+00
-2.007793188095092773e+00,2.914262056350708008e+00,3.731346130371093750e-01
6.349615454673767090e-01,-2.213793992996215820e+00,4.150438308715820312e-01
-9.831042885780334473e-01,4.887302219867706299e-01,2.426544189453125000e+00
-2.205102443695068359e-01,1.964569037227192894e-06,2.424479484558105469e+00
-1.821920394897460938e+00,1.464671611785888672e+00,2.127786874771118164e+00
6.276751756668090820e-01,-1.520832180976867676e+00,4.150438308715820312e-01
-1.895584017038345337e-01,1.520819664001464844e+00,4.150438308715820312e-01
-1.395074844360351562e+00,4.162180721759796143e-01,1.019045948982238770e+00
1.202885985374450684e+00,-1.678103953599929810e-01,4.150438308715820312e-01
-6.521590948104858398e-01,8.407893180847167969e-01,4.150438308715820312e-01
-2.157387018203735352e+00,2.551842689514160156e+00,1.356221556663513184e+00
3.318545520305633545e-01,-1.983473300933837891e+00,1.355694770812988281e+00
6.250576376914978027e-01,1.179567694664001465e+00,4.150438308715820312e-01
-7.259719818830490112e-02,-1.179575920104980469e+00,4.150438308715820312e-01
-1.609791040420532227e+00,1.865311384201049805e+00,4.150438308715820312e-01
-1.259494900703430176e+00,2.213791370391845703e+00,4.150438308715820312e-01
1.213131904602050781e+00,-8.520356416702270508e-01,1.645043134689331055e+00
-2.155793190002441406e+00,2.557346343994140625e+00,6.562858223915100098e-01
1.218277931213378906e+00,4.577636445901589468e-06,2.145649909973144531e+00
3.004101514816284180e-01,-2.545348167419433594e+00,2.998589873313903809e-01
1.533746719360351562e-01,2.595939874649047852e+00,1.434014558792114258e+00
8.871439695358276367e-01,-1.559403419494628906e+00,1.484384179115295410e+00
1.019137382507324219e+00,-5.795569419860839844e-01,1.884264469146728516e+00
3.298988342285156250e-01,-2.546094655990600586e+00,7.824676632881164551e-01
-1.504480361938476562e+00,6.858294606208801270e-01,1.686157822608947754e+00
2.436895370483398438e-01,2.238633871078491211e+00,2.912560999393463135e-01
-7.290054112672805786e-02,-1.520830035209655762e+00,4.150438308715820312e-01
7.685425877571105957e-01,-2.687814712524414062e+00,7.048774361610412598e-01
-1.582323074340820312e+00,9.533489942550659180e-01,6.230505108833312988e-01
-1.735577702522277832e+00,1.251111984252929688e+00,1.474690198898315430e+00
-1.417252421379089355e+00,1.132567763328552246e+00,6.198883056640625000e-05
-1.612943649291992188e+00,9.498813152313232422e-01,9.984276890754699707e-01
1.206640958786010742e+00,-8.407943248748779297e-01,4.150438308715820312e-01
1.559042572975158691e+00,-2.363315582275390625e+00,1.009655475616455078e+00
-1.504887580871582031e+00,6.857963204383850098e-01,1.200202584266662598e+00
1.588980108499526978e-01,-5.037972927093505859e-01,4.150438308715820312e-01
1.592254638671875000e-01,8.408094048500061035e-01,4.150438308715820312e-01
-1.504149436950683594e+00,6.858562827110290527e-01,2.082556009292602539e+00
3.678375184535980225e-01,-2.442349642515182495e-01,2.423229694366455078e+00
5.054122805595397949e-01,-1.678143292665481567e-01,4.150438308715820312e-01
-8.822755217552185059e-01,-1.678155362606048584e-01,4.150438308715820312e-01
7.371142506599426270e-01,1.678158938884735107e-01,4.150438308715820312e-01
4.329254105687141418e-02,1.678430289030075073e-01,4.150438308715820312e-01
9.142178297042846680e-01,-1.301795005798339844e+00,1.730266571044921875e+00
1.218080520629882812e+00,4.577636445901589468e-06,1.535948753356933594e+00
-9.253654479980468750e-01,-7.325816154479980469e-01,1.592308878898620605e+00
3.187235891819000244e-01,-1.636530995368957520e+00,1.640754699707031250e+00
-1.047725677490234375e+00,-4.330198466777801514e-01,2.084909677505493164e+00
-1.564207077026367188e-01,-2.092320919036865234e+00,6.281024217605590820e-01
5.908708572387695312e-01,1.529139518737792969e+00,1.667237997055053711e+00
-5.091593861579895020e-01,-9.799041748046875000e-01,2.207400798797607422e+00
4.517259597778320312e-01,1.869311451911926270e+00,1.260354757308959961e+00
-1.612079620361328125e+00,9.499790668487548828e-01,1.865312814712524414e+00
-1.166628837585449219e+00,-1.423253268003463745e-01,1.045014142990112305e+00
9.451518058776855469e-01,-2.310901403427124023e+00,1.234548568725585938e+00
1.100359916687011719e+00,2.868620753288269043e-01,7.541702389717102051e-01
6.013749837875366211e-01,-1.719517707824707031e+00,1.452062487602233887e+00
-1.281629562377929688e+00,1.404716521501541138e-01,2.130447864532470703e+00
-9.544787406921386719e-01,2.800494670867919922e+00,2.432409286499023438e+00
-2.027384757995605469e+00,1.965076804161071777e+00,1.249276995658874512e+00
-2.321824580430984497e-01,2.526924371719360352e+00,2.430968284606933594e+00
-2.128611087799072266e+00,2.211410284042358398e+00,1.059130191802978516e+00
9.790725708007812500e-01,5.821371078491210938e-01,2.422176837921142578e+00
8.542032241821289062e-01,8.868405222892761230e-01,2.137470483779907227e+00
1.228372901678085327e-01,-7.779922485351562500e-01,1.976870536804199219e+00
4.886224269866943359e-01,-1.314366698265075684e+00,1.912443161010742188e+00
-1.332107782363891602e+00,2.892513751983642578e+00,9.367300271987915039e-01
-8.385127186775207520e-01,3.094231128692626953e+00,9.796368479728698730e-01
-5.868511199951171875e-01,2.526799917221069336e+00,2.431335449218750000e+00
1.349323987960815430e+00,-2.213795661926269531e+00,4.150438308715820312e-01
-1.868956208229064941e+00,2.671907901763916016e+00,1.065001010894775391e+00
-5.011098980903625488e-01,-1.122512817382812500e+00,9.519831538200378418e-01
-2.116132974624633789e+00,2.258264780044555664e+00,2.432240009307861328e+00
7.254943847656250000e-01,1.202021956443786621e+00,1.316991448402404785e+00
-1.332686543464660645e+00,2.889426231384277344e+00,1.348069429397583008e+00
1.190657615661621094e+00,-5.684880614280700684e-01,1.044203639030456543e+00
1.274251937866210938e+00,-8.461081385612487793e-01,1.333786010742187500e+00
9.934718608856201172e-01,5.477542877197265625e-01,5.932029485702514648e-01
1.100625038146972656e+00,2.868536412715911865e-01,2.071244716644287109e+00
9.797286987304687500e-01,5.820947289466857910e-01,1.684352397918701172e+00
-1.595730900764465332e+00,2.779190063476562500e+00,1.720228552818298340e+00
-1.429320812225341797e+00,1.230424165725708008e+00,2.428924560546875000e+00
1.030935287475585938e+00,-2.518843650817871094e+00,4.713409245014190674e-01
-7.949779629707336426e-01,-1.051735877990722656e+00,2.089740037918090820e+00
-1.604389101266860962e-01,3.362170696258544922e+00,1.467177748680114746e+00
1.191361427307128906e+00,-2.839279472827911377e-01,1.340866327285766602e+00
-6.238937377929687500e-03,2.985919713973999023e+00,1.352681279182434082e+00
-1.282064437866210938e+00,1.404647827148437500e-01,1.624730229377746582e+00
-8.388636112213134766e-01,3.091334342956542969e+00,1.376797199249267578e+00
1.100490570068359375e+00,2.868580818176269531e-01,1.153434991836547852e+00
-2.012045234441757202e-01,-1.675657272338867188e+00,1.551628708839416504e+00
6.205453872680664062e-01,1.455547332763671875e+00,2.295508146286010742e+00
1.318777084350585938e+00,-1.696957111358642578e+00,1.332100868225097656e+00
-1.358372926712036133e+00,1.736952900886535645e+00,2.430133819580078125e+00
8.547649383544921875e-01,8.867850899696350098e-01,9.837287664413452148e-01
1.216071322560310364e-01,2.527050018310546875e+00,2.430601596832275391e+00
1.234870672225952148e+00,-2.001238584518432617e+00,1.278301239013671875e+00
-1.047827720642089844e+00,-4.330147206783294678e-01,1.363600611686706543e+00
-5.027416348457336426e-01,-1.093609809875488281e+00,1.256224751472473145e+00
1.408813953399658203e+00,-1.751430511474609375e+00,5.795623734593391418e-02
1.333736419677734375e+00,-1.696633577346801758e+00,8.466033935546875000e-01
3.922443389892578125e-01,1.561419606208801270e+00,3.912194669246673584e-01
-1.067478775978088379e+00,1.208521842956542969e+00,3.559405505657196045e-01
-1.868288040161132812e+00,2.674539566040039062e+00,7.247694134712219238e-01
2.031212598085403442e-01,1.482438921928405762e+00,2.427854061126708984e+00
1.566218256950378418e+00,-1.365551948547363281e+00,3.338281214237213135e-01
1.218178749084472656e+00,4.348754828242817894e-06,1.838678717613220215e+00
-1.166242599487304688e+00,-1.423315554857254028e-01,2.158643960952758789e+00
2.368099987506866455e-01,-2.293241500854492188e+00,1.301540374755859375e+00
-1.381610482931137085e-01,1.230655789375305176e+00,2.427565097808837891e+00
1.191360473632812500e+00,-2.839285135269165039e-01,1.642272949218750000e+00
-1.047595024108886719e+00,-4.330263435840606689e-01,6.591900587081909180e-01
-8.115145564079284668e-01,-2.441856861114501953e-01,2.424473285675048828e+00
9.601801633834838867e-01,1.831054646572738420e-06,2.423233985900878906e+00
-8.150227069854736328e-01,-7.347049713134765625e-01,2.423213005065917969e+00
-2.209241837263107300e-01,-4.889621138572692871e-01,2.423219680786132812e+00
-1.370376944541931152e-01,7.344102859497070312e-01,2.426284790039062500e+00
-4.533840119838714600e-01,-1.968007087707519531e+00,1.315322875976562500e+00
7.904549837112426758e-01,-2.442376613616943359e-01,2.422783374786376953e+00
-6.430452466011047363e-01,-4.889300465583801270e-01,2.423664569854736328e+00
7.903234958648681641e-01,2.441970407962799072e-01,2.424043178558349609e+00
4.520199000835418701e-01,2.441947758197784424e-01,2.424399375915527344e+00
1.217856407165527344e+00,4.768371582031250000e-06,8.419396877288818359e-01
6.292039155960083008e-01,-1.988585591316223145e+00,1.333458900451660156e+00
5.915699005126953125e-01,1.529026746749877930e+00,9.138159155845642090e-01
-3.283954262733459473e-01,3.081148386001586914e+00,2.432471275329589844e+00
1.714290618896484375e+00,-1.901198983192443848e+00,1.005566835403442383e+00
1.779335021972656250e+00,-1.886273741722106934e+00,5.264178514480590820e-01
-1.505516052246093750e+00,6.857467293739318848e-01,4.371554553508758545e-01
1.407959938049316406e+00,-1.113567590713500977e+00,9.276037216186523438e-01
-5.360040068626403809e-01,-8.408038020133972168e-01,4.150438308715820312e-01
-1.925884246826171875e+00,1.716208577156066895e+00,1.069281578063964844e+00
-1.688841819763183594e+00,1.213607192039489746e+00,5.817291140556335449e-02
-1.718918800354003906e+00,1.209215402603149414e+00,1.084102153778076172e+00
1.515173912048339844e+00,-1.378924131393432617e+00,1.113538742065429688e+00
-1.394997596740722656e+00,4.162217378616333008e-01,7.296757102012634277e-01
-5.461936593055725098e-01,2.213791370391845703e+00,4.150438308715820312e-01
1.229557991027832031e+00,-1.425341248512268066e+00,7.525817751884460449e-01
1.176416397094726562e+00,-5.694075226783752441e-01,7.488915920257568359e-01
-7.980257868766784668e-01,3.427663803100585938e+00,4.132183790206909180e-01
1.191361427307128906e+00,-2.839283049106597900e-01,1.042494058609008789e+00
7.255859375000000000e-01,1.202007889747619629e+00,6.878080368041992188e-01
1.669224739074707031e+00,-1.630953311920166016e+00,7.189921140670776367e-01
-1.548558473587036133e+00,1.995472669601440430e+00,2.430986404418945312e+00
-2.127050876617431641e+00,2.211847305297851562e+00,1.902305245399475098e+00
-1.318863153457641602e+00,8.618288040161132812e-01,3.183673024177551270e-01
-2.026627540588378906e+00,1.965262889862060547e+00,1.719373703002929688e+00
-1.924872398376464844e+00,1.716423749923706055e+00,1.920399069786071777e+00
-2.028770923614501953e+00,1.964735031127929688e+00,5.124056935310363770e-01
-1.291391849517822266e+00,2.258522510528564453e+00,2.431385517120361328e+00
3.056926727294921875e-01,2.224407196044921875e+00,1.626211524009704590e+00
-1.717644691467285156e+00,1.209401965141296387e+00,2.242784261703491211e+00
-3.791561722755432129e-01,3.282982349395751953e+00,8.715028166770935059e-01
-5.348840355873107910e-01,-5.037734508514404297e-01,4.150438308715820312e-01
2.915039658546447754e-01,-2.766372680664062500e+00,6.131685972213745117e-01
-1.925500869750976562e+00,1.716289997100830078e+00,1.349676132202148438e+00
-2.004587411880493164e+00,1.995350599288940430e+00,2.431458950042724609e+00
-1.288813948631286621e+00,1.645097732543945312e+00,2.459774762392044067e-01
-1.578354477882385254e+00,2.526456594467163086e+00,2.432362079620361328e+00
-1.926412582397460938e+00,1.716096758842468262e+00,7.913033962249755859e-01
-3.491691648960113525e-01,-1.393600702285766602e+00,1.424934387207031250e+00
6.640829443931579590e-01,-1.042069554328918457e+00,1.959612846374511719e+00
-1.469586938619613647e-01,-1.309017181396484375e+00,1.945396423339843750e+00
-1.967592239379882812e-01,-1.859567642211914062e+00,8.718118071556091309e-01
-2.129119873046875000e+00,2.211266517639160156e+00,7.837914824485778809e-01
-8.381478786468505859e-01,1.995667815208435059e+00,2.430250644683837891e+00
1.529083251953125000e-01,2.596062183380126953e+00,1.781093358993530273e+00
1.207738637924194336e+00,-1.235834121704101562e+00,1.648566365242004395e+00
2.061108350753784180e-01,1.995956420898437500e+00,2.429168701171875000e+00
-7.383346557617187500e-02,2.216386556625366211e+00,4.272413253784179688e-01
1.013550639152526855e+00,-3.567008972167968750e-01,2.142599821090698242e+00
-5.348837375640869141e-01,5.037736296653747559e-01,4.150438308715820312e-01
-1.227613687515258789e+00,2.800393819808959961e+00,2.432692527770996094e+00
3.660583496093750000e-01,-6.217018961906433105e-01,2.133221626281738281e+00
-1.822461128234863281e+00,1.464574813842773438e+00,1.643524408340454102e+00
-1.924988925457000732e-01,2.035853862762451172e+00,1.434698402881622314e-01
6.547555327415466309e-01,-2.645818948745727539e+00,1.133488655090332031e+00
-5.030702948570251465e-01,-1.087740898132324219e+00,6.565108895301818848e-01
-1.165102005004882812e+00,1.447052121162414551e+00,7.797576487064361572e-02
1.568083763122558594e+00,-2.319031715393066406e+00,6.639786958694458008e-01
-3.793399631977081299e-01,3.279718399047851562e+00,1.331606388092041016e+00
-6.834635734558105469e-01,2.800601959228515625e+00,2.432128906250000000e+00
3.367996215820312500e-02,-1.041657567024230957e+00,1.962801933288574219e+00
-3.121971189975738525e-01,1.737202405929565430e+00,2.429050445556640625e+00
-8.259872198104858398e-01,1.482226729393005371e+00,2.428937435150146484e+00
-8.542743325233459473e-01,2.526708841323852539e+00,2.431612014770507812e+00
2.452268600463867188e-01,-2.177694559097290039e+00,7.703369259834289551e-01
-1.778559565544128418e+00,3.026358604431152344e+00,4.491851627826690674e-01
-1.023189187049865723e+00,2.258602380752563477e+00,2.431107997894287109e+00
-5.139350891113281250e-03,2.985591650009155273e+00,8.843365311622619629e-01
3.203179240226745605e-01,2.051403522491455078e+00,5.850674510002136230e-01
8.558575510978698730e-01,8.407942652702331543e-01,4.150438308715820312e-01
-1.093760371208190918e+00,1.737012743949890137e+00,2.429859638214111328e+00
-1.331650853157043457e+00,2.894949913024902344e+00,6.122595071792602539e-01
-1.081605792045593262e+00,2.988354206085205078e+00,1.900986433029174805e+00
-2.229908466339111328e+00,2.455638647079467773e+00,4.180105626583099365e-01
-4.930241405963897705e-01,2.258770227432250977e+00,2.430559158325195312e+00
-5.091578364372253418e-01,-9.799032211303710938e-01,1.891573905944824219e+00
-8.175175189971923828e-01,9.814127683639526367e-01,2.427639484405517578e+00
-1.080229878425598145e+00,1.230491042137145996e+00,2.428558349609375000e+00
-1.505076289176940918e+00,7.342616319656372070e-01,2.427727222442626953e+00
-1.596173644065856934e+00,2.777194499969482422e+00,1.982038855552673340e+00
-1.071429610252380371e+00,7.343112230300903320e-01,2.427270889282226562e+00
7.497594952583312988e-01,-5.187570452690124512e-01,1.961442947387695312e+00
-1.409950256347656250e-01,1.995859622955322266e+00,2.429528236389160156e+00
-8.382353186607360840e-01,3.096513271331787109e+00,6.666952371597290039e-01
-1.166532516479492188e+00,-1.423270404338836670e-01,7.482711672782897949e-01
1.473407864570617676e+00,-1.100732684135437012e+00,1.507006645202636719e+00
1.017441391944885254e+00,-2.616761207580566406e+00,7.145170569419860840e-01
-1.238971710205078125e+00,2.441268414258956909e-01,2.426183223724365234e+00
1.157135739922523499e-01,-4.890014231204986572e-01,2.422864437103271484e+00
1.998186409473419189e-01,4.888124763965606689e-01,2.425296306610107422e+00
2.835353016853332520e-01,1.745223926263861358e-06,2.423947811126708984e+00
-7.262355089187622070e-01,1.926422100950730965e-06,2.425013065338134766e+00
-1.869465112686157227e+00,2.669910907745361328e+00,1.323064208030700684e+00
1.217328310012817383e+00,1.869201582849200349e-06,2.422962665557861328e+00
-4.788057208061218262e-01,1.230598926544189453e+00,2.427923679351806641e+00
-5.343509465456008911e-02,1.482388734817504883e+00,2.428124427795410156e+00
3.203179836273193359e-01,2.051403522491455078e+00,5.509582534432411194e-02
1.674423217773437500e+00,-1.629935860633850098e+00,1.527834981679916382e-01
6.284576058387756348e-01,1.230784416198730469e+00,2.426756858825683594e+00
-1.067343235015869141e+00,-2.441759854555130005e-01,2.424743652343750000e+00
1.104549884796142578e+00,-1.984632492065429688e+00,4.150463640689849854e-01
4.554285407066345215e-01,9.815937876701354980e-01,2.426297187805175781e+00
1.280446767807006836e+00,-2.503017902374267578e+00,8.996416926383972168e-01
1.169117316603660583e-01,1.230690240859985352e+00,2.427295684814453125e+00
-1.626061797142028809e+00,1.736883759498596191e+00,2.430411338806152344e+00
-1.823303222656250000e+00,1.464423775672912598e+00,8.893693089485168457e-01
-4.749067723751068115e-01,7.343747019767761230e-01,2.426641464233398438e+00
-8.964084982872009277e-01,2.441406995058059692e-01,2.425822257995605469e+00
-1.595298409461975098e+00,2.781152725219726562e+00,1.462579011917114258e+00
1.539449691772460938e-01,2.595790386199951172e+00,1.090188980102539062e+00
5.385106205940246582e-01,7.344813942909240723e-01,2.425571918487548828e+00
-9.675312042236328125e-02,-2.105005025863647461e+00,1.083981037139892578e+00
-5.582008361816406250e-01,4.887630343437194824e-01,2.426095962524414062e+00
-3.887726068496704102e-01,2.441633045673370361e-01,2.425286293029785156e+00
-5.256973206996917725e-02,4.888154566287994385e-01,2.425562381744384766e+00
-1.365124136209487915e-01,2.442054450511932373e-01,2.425020217895507812e+00
4.808804988861083984e-01,-7.782760262489318848e-01,1.973947525024414062e+00
-1.333039641380310059e+00,2.887542247772216797e+00,1.598992466926574707e+00
-1.569640517234802246e+00,2.897262573242187500e+00,3.731369078159332275e-01
-3.794657886028289795e-01,3.277493000030517578e+00,1.645134091377258301e+00
5.945296958088874817e-02,-2.619780540466308594e+00,2.966338992118835449e-01
-1.422731757164001465e+00,9.813306331634521484e-01,2.428277015686035156e+00
2.895080447196960449e-01,-2.815896987915039062e+00,1.012511134147644043e+00
-1.115246653556823730e+00,1.678109318017959595e-01,4.150438308715820312e-01
-2.126697063446044922e+00,2.211946964263916016e+00,2.191318988800048828e+00
1.566216111183166504e+00,-1.365546226501464844e+00,5.885229110717773438e-01
3.214325010776519775e-02,1.940727088367566466e-06,2.424213409423828125e+00
-2.205677777528762817e-01,-2.442136704921722412e-01,2.423850059509277344e+00
-3.178213536739349365e-01,3.291545867919921875e+00,4.150438308715820312e-01
-4.728559255599975586e-01,1.888275050987431314e-06,2.424745559692382812e+00
-1.632001638412475586e+00,2.567088603973388672e+00,4.150438308715820312e-01
6.248283386230468750e-02,-2.243464946746826172e+00,9.175318479537963867e-01
1.290391921997070312e+00,-8.445434570312500000e-01,6.435676217079162598e-01
5.260094404220581055e-01,-2.757246971130371094e+00,6.961883306503295898e-01
-8.390780687332153320e-01,3.089566230773925781e+00,1.619308710098266602e+00
-1.862280368804931641e+00,2.213791608810424805e+00,4.150438308715820312e-01
-6.055746674537658691e-01,3.183647155761718750e+00,1.833629131317138672e+00
-1.584571003913879395e+00,1.545491218566894531e+00,3.457186818122863770e-01
7.934858798980712891e-01,7.345011830329895020e-01,2.425302982330322266e+00
-1.028370380401611328e+00,2.567084550857543945e+00,4.150438308715820312e-01
-9.249887466430664062e-01,-7.326118946075439453e-01,4.670313894748687744e-01
2.146773487329483032e-01,-1.308142185211181641e+00,1.950736045837402344e+00
-1.931828260421752930e-01,2.567083358764648438e+00,4.150438308715820312e-01
4.217193648219108582e-02,1.789043426513671875e+00,-1.083183288574218750e-02
1.297459125518798828e+00,-1.479353427886962891e+00,1.310596466064453125e-01
-1.014378070831298828e+00,1.865310311317443848e+00,4.150438308715820312e-01
9.796615242958068848e-01,-1.520826697349548340e+00,4.150438308715820312e-01
-1.267846703529357910e+00,3.235379219055175781e+00,4.295583963394165039e-01
-5.427613854408264160e-01,1.865314602851867676e+00,4.150438308715820312e-01
5.133749246597290039e-01,-1.865310192108154297e+00,4.150438308715820312e-01
1.092863082885742188e+00,-1.179568171501159668e+00,4.150438308715820312e-01
-7.741204500198364258e-01,1.520823359489440918e+00,4.150438308715820312e-01
-7.985935211181640625e-01,-1.042111754417419434e+00,1.095370769500732422e+00
-3.062618970870971680e-01,-1.520821452140808105e+00,4.150438308715820312e-01
-5.825328826904296875e-02,2.793061971664428711e+00,4.150463640689849854e-01
-1.116414785385131836e+00,5.037833452224731445e-01,4.150438308715820312e-01
9.725381135940551758e-01,-8.407980203628540039e-01,4.150438308715820312e-01
8.540829420089721680e-01,-5.037791132926940918e-01,4.150438308715820312e-01
-7.351875305175781250e-03,2.986251831054687500e+00,1.826541900634765625e+00
6.250576376914978027e-01,-1.179568052291870117e+00,4.150438308715820312e-01
-1.394067764282226562e+00,4.162663519382476807e-01,2.206614255905151367e+00
-5.376739501953125000e-01,1.179563522338867188e+00,4.150438308715820312e-01
5.069778561592102051e-01,-8.407942056655883789e-01,4.150438308715820312e-01
-7.259689271450042725e-02,1.179576039314270020e+00,4.150438308715820312e-01
1.597235053777694702e-01,-1.179578423500061035e+00,4.150438308715820312e-01
-5.758158564567565918e-01,3.518608093261718750e+00,4.061227440834045410e-01
-2.784328460693359375e-01,-9.966671466827392578e-01,4.150463640689849854e-01
5.059503316879272461e-01,5.037997961044311523e-01,4.150438308715820312e-01
-4.199680984020233154e-01,8.408042192459106445e-01,4.150438308715820312e-01
-5.343249440193176270e-01,1.678083389997482300e-01,4.150438308715820312e-01
-7.237228006124496460e-02,-8.408032059669494629e-01,4.150438308715820312e-01
-6.501516699790954590e-01,-1.678147912025451660e-01,4.150438308715820312e-01
-7.222793251276016235e-02,-5.038399696350097656e-01,4.150438308715820312e-01
-7.222778350114822388e-02,5.038399100303649902e-01,4.150438308715820312e-01
-6.050180196762084961e-01,3.189910411834716797e+00,9.627972245216369629e-01
2.742309570312500000e-01,-1.678244918584823608e-01,4.150438308715820312e-01
-1.875752210617065430e-01,-1.677928864955902100e-01,4.150438308715820312e-01
-1.453328728675842285e-01,2.800805807113647461e+00,2.431571960449218750e+00
1.559595108032226562e+00,-1.652416467666625977e+00,9.208287000656127930e-01
-1.533927917480468750e-01,3.111894845962524414e+00,4.150463640689849854e-01
-3.792477250099182129e-01,3.281359195709228516e+00,1.100247740745544434e+00
-7.100249826908111572e-02,-2.131406784057617188e+00,2.744483947753906250e-02
1.771802902221679688e+00,-2.169260740280151367e+00,1.102294325828552246e+00
-1.905542016029357910e-01,-1.865296006202697754e+00,4.150438308715820312e-01
-3.790657818317413330e-01,3.284589767456054688e+00,6.448283195495605469e-01
-2.208720892667770386e-01,-8.619165420532226562e-01,2.341008424758911133e+00
1.016918659210205078e+00,-1.691869735717773438e+00,1.358100891113281250e+00
7.663643360137939453e-01,-2.708528041839599609e+00,9.497351050376892090e-01
5.773551762104034424e-02,2.832934856414794922e+00,6.871256828308105469e-01
-1.603710949420928955e-01,3.365066051483154297e+00,8.597358465194702148e-01
-7.417021989822387695e-01,3.139731407165527344e+00,3.829345703125000000e-01
4.510469436645507812e-01,1.869444489479064941e+00,1.813153028488159180e+00
1.371597290039062500e+00,-1.660498976707458496e+00,3.343878090381622314e-01
-5.619777441024780273e-01,-9.821084141731262207e-01,2.422308444976806641e+00
-1.924550056457519531e+00,1.716492533683776855e+00,2.212150812149047852e+00
-1.384773969650268555e+00,8.601865768432617188e-01,6.552972793579101562e-01
1.133275032043457031e+00,-8.597784042358398438e-01,1.865163207054138184e+00
-2.158824205398559570e+00,2.546880722045898438e+00,1.987254858016967773e+00
2.264003753662109375e-01,2.242601633071899414e+00,6.258615255355834961e-01
-3.867673873901367188e-01,-1.403739452362060547e+00,9.313900470733642578e-01
1.099517822265625000e+00,-5.743700265884399414e-01,1.661984682083129883e+00
-1.823945999145507812e+00,1.464308381080627441e+00,5.184195041656494141e-01
5.910720825195312500e-01,1.529107689857482910e+00,1.450281023979187012e+00
6.219736337661743164e-01,-4.890102744102478027e-01,2.422329902648925781e+00
1.217761039733886719e+00,4.653930773201864213e-06,5.481339693069458008e-01
9.935066103935241699e-01,5.474309921264648438e-01,2.210965156555175781e+00
7.250061035156250000e-01,1.202085375785827637e+00,1.850242018699645996e+00
6.791778206825256348e-01,-1.330115914344787598e+00,1.815550804138183594e+00
-1.688839912414550781e+00,1.213607311248779297e+00,5.242335200309753418e-01
9.934124350547790527e-01,5.483188629150390625e-01,1.124175429344177246e+00
-9.254074096679687500e-01,-7.325778007507324219e-01,2.224421024322509766e+00
-1.875750720500946045e-01,1.677927374839782715e-01,4.150438308715820312e-01
-2.157998085021972656e+00,2.549736499786376953e+00,1.624006152153015137e+00
3.064365386962890625e-01,2.224236011505126953e+00,1.064814329147338867e+00
4.505834579467773438e-01,1.869534254074096680e+00,2.263551473617553711e+00
-1.490510582923889160e+00,2.047358512878417969e+00,4.150463640689849854e-01
8.546810150146484375e-01,8.867938518524169922e-01,1.607009530067443848e+00
-1.971157342195510864e-01,-1.844825744628906250e+00,1.426748275756835938e+00
-3.052072525024414062e-01,6.650151014328002930e-01,4.150463640689849854e-01
4.601477384567260742e-01,1.482493519783020020e+00,2.427583217620849609e+00
-9.254350662231445312e-01,-7.325759530067443848e-01,1.801084518432617188e+00
-1.514804065227508545e-01,-1.616055846214294434e+00,1.745333671569824219e+00
1.552791595458984375e-01,2.595438241958618164e+00,5.222555398941040039e-01
-7.171814143657684326e-02,1.496157169342041016e+00,2.460765838623046875e-01
1.285713165998458862e-01,-1.620994806289672852e+00,1.720139503479003906e+00
-1.047909736633300781e+00,-4.330110847949981689e-01,1.876520514488220215e+00
-9.252958297729492188e-01,-7.325867414474487305e-01,1.385141849517822266e+00
1.100723266601562500e+00,2.868501245975494385e-01,1.864238500595092773e+00
7.458762824535369873e-02,-7.409925460815429688e-01,2.262338876724243164e+00
-7.950268983840942383e-01,-1.051206588745117188e+00,1.571300625801086426e+00
-2.409887313842773438e-01,-1.327281594276428223e+00,4.150463640689849854e-01
-9.251585006713867188e-01,-7.325983047485351562e-01,9.747607111930847168e-01
-7.489989697933197021e-02,-1.906464815139770508e+00,6.448211669921875000e-01
-1.593750000000000000e+00,2.788157939910888672e+00,5.432047843933105469e-01
1.100588798522949219e+00,2.868547737598419189e-01,1.455811262130737305e+00
7.404812574386596680e-01,-2.304626464843750000e+00,1.258347511291503906e+00
3.428182899951934814e-01,-1.493011474609375000e+00,1.782584190368652344e+00
1.481125831604003906e+00,-1.384457230567932129e+00,1.313089251518249512e+00
1.528863906860351562e-01,-2.502463340759277344e+00,1.236903309822082520e+00
-1.166687965393066406e+00,-1.423241794109344482e-01,1.646232247352600098e+00
1.175026893615722656e+00,-5.694971084594726562e-01,1.245347857475280762e+00
-1.047760009765625000e+00,-4.330185949802398682e-01,1.161022901535034180e+00
-7.951060533523559570e-01,-1.050293922424316406e+00,6.608143448829650879e-01
1.100424766540527344e+00,2.868601381778717041e-01,9.533294439315795898e-01
-1.166693687438964844e+00,-1.423241198062896729e-01,1.244097828865051270e+00
-1.281804084777832031e+00,1.404688954353332520e-01,1.926694035530090332e+00
1.218015670776367188e+00,4.539489509625127539e-06,1.336113810539245605e+00
3.203171491622924805e-01,2.051405906677246094e+00,3.197277784347534180e-01
-1.282235145568847656e+00,1.404618024826049805e-01,1.425540924072265625e+00
1.668663024902343750e-01,-2.505909681320190430e+00,8.868811130523681641e-01
1.348886042833328247e-01,-1.979666113853454590e+00,1.372318267822265625e+00
-1.394494056701660156e+00,4.162460267543792725e-01,1.704439401626586914e+00
1.656331181526184082e+00,-2.019461631774902344e+00,7.572715878486633301e-01
3.755737096071243286e-02,-2.303802251815795898e+00,1.261489868164062500e+00
-1.564216613769531250e-01,-2.092320442199707031e+00,4.044699072837829590e-01
-1.611916542053222656e+00,9.499974846839904785e-01,2.062574148178100586e+00
-7.684916257858276367e-01,-8.407975435256958008e-01,4.150438308715820312e-01
-1.504315376281738281e+00,6.858427524566650391e-01,1.883382797241210938e+00
6.287879496812820435e-02,2.194257259368896484e+00,2.271307259798049927e-01
1.297855377197265625e+00,-8.438198566436767578e-01,1.132557153701782227e+00
5.453144907951354980e-01,-2.491433143615722656e+00,1.230885624885559082e+00
1.631901502609252930e+00,-2.006433486938476562e+00,3.279025256633758545e-01
-3.078697025775909424e-01,1.865312337875366211e+00,4.150438308715820312e-01
5.778098851442337036e-02,2.827333450317382812e+00,1.921971440315246582e+00
1.038289308547973633e+00,-2.465470790863037109e+00,1.157156705856323242e+00
1.081201195716857910e+00,-1.368624091148376465e+00,1.578583717346191406e+00
-1.394827842712402344e+00,4.162301421165466309e-01,1.310744881629943848e+00
-1.247885584831237793e+00,8.488883972167968750e-01,5.153932571411132812e-01
-1.504644393920898438e+00,6.858161091804504395e-01,1.490663886070251465e+00
-1.282296180725097656e+00,1.404606997966766357e-01,1.031330227851867676e+00
-1.612241744995117188e+00,9.499605894088745117e-01,1.669979333877563477e+00
-1.822137832641601562e+00,1.464631915092468262e+00,1.932600021362304688e+00
-3.277863264083862305e-01,-1.048231482505798340e+00,1.912094116210937500e+00
-1.282171249389648438e+00,1.404629796743392944e-01,6.412512063980102539e-01
-4.430770874023437500e-03,-2.463689327239990234e+00,4.137631058692932129e-01
-2.026103496551513672e+00,1.965392827987670898e+00,2.200542449951171875e+00
-1.165101051330566406e+00,1.447049021720886230e+00,3.275887966156005859e-01
1.402403831481933594e+00,-1.114289879798889160e+00,7.342867851257324219e-01
1.191361427307128906e+00,-2.839283645153045654e-01,2.153344154357910156e+00
1.730078697204589844e+00,-2.180261373519897461e+00,6.290081739425659180e-01
-3.212823867797851562e-01,-3.326852321624755859e-01,4.150463640689849854e-01
-3.266429901123046875e-01,5.617141596303554252e-06,4.150463640689849854e-01
-1.505048751831054688e+00,6.857837438583374023e-01,1.008116722106933594e+00
1.440404653549194336e+00,-2.005110979080200195e+00,1.261420249938964844e+00
6.202269196510314941e-01,1.459937095642089844e+00,4.392297267913818359e-01
-1.822673797607421875e+00,1.464536428451538086e+00,1.452962875366210938e+00
1.726600646972656250e+00,-1.072273015975952148e+00,1.364016056060791016e+00
-1.948310881853103638e-01,2.926035165786743164e+00,4.150438308715820312e-01
-1.612738609313964844e+00,9.499044418334960938e-01,1.188673973083496094e+00
-2.127403259277343750e+00,2.211749315261840820e+00,1.712127327919006348e+00
-1.115246891975402832e+00,-1.678112745285034180e-01,4.150438308715820312e-01
-1.505245208740234375e+00,6.857672929763793945e-01,6.267938017845153809e-01
-1.717867851257324219e+00,1.209369659423828125e+00,2.045044422149658203e+00
-9.138383269309997559e-01,2.861289978027343750e-01,4.150463640689849854e-01
-1.718714714050292969e+00,1.209245920181274414e+00,1.273297071456909180e+00
-2.026858806610107422e+00,1.965206265449523926e+00,1.530196666717529297e+00
-1.694859981536865234e+00,1.230384469032287598e+00,2.429200172424316406e+00
8.919972181320190430e-01,-2.606196641921997070e+00,5.737218856811523438e-01
-1.613147735595703125e+00,9.498577713966369629e-01,8.091840744018554688e-01
-2.228573322296142578e+00,2.456060647964477539e+00,1.147752404212951660e+00
-2.137597799301147461e+00,2.526262521743774414e+00,2.432940959930419922e+00
-6.793975830078125000e-03,2.986085653305053711e+00,1.588799834251403809e+00
-1.719120979309082031e+00,1.209186315536499023e+00,8.959959149360656738e-01
-1.582325935363769531e+00,9.533494114875793457e-01,4.345583915710449219e-01
-1.582325935363769531e+00,9.533488154411315918e-01,5.867278948426246643e-02
1.779335021972656250e+00,-1.886273741722106934e+00,3.389895558357238770e-01
-1.718301773071289062e+00,1.209305405616760254e+00,1.655764102935791016e+00
-1.929662466049194336e+00,2.258324861526489258e+00,2.432047367095947266e+00
-1.688842773437500000e+00,1.213608026504516602e+00,2.443939149379730225e-01
-1.823554992675781250e+00,1.464378833770751953e+00,7.035447359085083008e-01
9.705297350883483887e-01,5.037831664085388184e-01,4.150438308715820312e-01
1.100294113159179688e+00,2.868641316890716553e-01,5.557540655136108398e-01
-2.128268718719482422e+00,2.211505651473999023e+00,1.243993043899536133e+00
-1.643333435058593750e-01,3.393355607986450195e+00,4.306878447532653809e-01
-2.027732849121093750e+00,1.964991092681884766e+00,1.063629031181335449e+00
-1.762889385223388672e+00,2.526391506195068359e+00,2.432553291320800781e+00
-1.047600746154785156e+00,-4.330252110958099365e-01,4.597643911838531494e-01
3.142390251159667969e-01,2.202234745025634766e+00,2.091099739074707031e+00
1.245995640754699707e+00,-1.072586059570312500e+00,1.724144935607910156e+00
-1.820794343948364258e+00,1.995401620864868164e+00,2.431267738342285156e+00
-1.926761627197265625e+00,1.716022491455078125e+00,6.070252656936645508e-01
3.898878097534179688e-01,1.881418466567993164e+00,1.763561964035034180e-01
-2.028422355651855469e+00,1.964820981025695801e+00,6.953803896903991699e-01
1.304073333740234375e-01,1.603972077369689941e+00,6.925293058156967163e-02
-1.395418763160705566e+00,2.526521444320678711e+00,2.432172298431396484e+00
8.465694785118103027e-01,-1.043591022491455078e+00,1.947868347167968750e+00
9.339726567268371582e-01,-7.805805802345275879e-01,1.950122833251953125e+00
-6.009081006050109863e-01,3.081028699874877930e+00,2.432753562927246094e+00
-2.129457473754882812e+00,2.211171865463256836e+00,6.012628078460693359e-01
5.776443332433700562e-02,2.829177379608154297e+00,1.418667912483215332e+00
3.034883737564086914e-01,-2.468989372253417969e+00,1.357376128435134888e-01
3.811893463134765625e-01,1.883121490478515625e+00,6.117448210716247559e-01
3.389198333024978638e-02,-1.308186054229736328e+00,1.950476646423339844e+00
-4.416612088680267334e-01,-1.925556302070617676e+00,1.608126640319824219e+00
-1.009797096252441406e+00,1.067586302757263184e+00,1.992077529430389404e-01
-1.471771836280822754e+00,2.258469104766845703e+00,2.431572914123535156e+00
-1.598801851272583008e+00,1.469557762145996094e+00,1.563015729188919067e-01
1.298960208892822266e+00,-2.394624710083007812e+00,4.815553128719329834e-01
-2.784328460693359375e-01,9.966671466827392578e-01,4.150463640689849854e-01
4.829604923725128174e-01,-1.040933489799499512e+00,1.968448638916015625e+00
-1.334703445434570312e+00,9.923152923583984375e-01,7.669128477573394775e-02
-1.460677236318588257e-01,-1.042469501495361328e+00,1.956513404846191406e+00
-2.229075431823730469e+00,2.455902099609375000e+00,8.725567460060119629e-01
-1.794378757476806641e+00,1.482028484344482422e+00,2.429940223693847656e+00
-1.870503544807434082e+00,2.665838241577148438e+00,1.849327325820922852e+00
8.540086746215820312e-01,8.868589401245117188e-01,2.353336811065673828e+00
3.353870287537574768e-02,2.800872087478637695e+00,2.431386470794677734e+00
3.014382719993591309e-01,-7.775191068649291992e-01,1.981782913208007812e+00
1.191361427307128906e+00,-2.839280962944030762e-01,5.500674247741699219e-01
-1.369080901145935059e+00,1.995524764060974121e+00,2.430800437927246094e+00
-1.437471985816955566e+00,1.482101678848266602e+00,2.429570674896240234e+00
-4.093192219734191895e-01,2.526862621307373047e+00,2.431151390075683594e+00
