6.445632874965667725e-02,-1.109336465597152710e-01,1.281001567840576172e+00
-7.642187476158142090e-01,4.519325792789459229e-01,9.497165679931640625e-02
7.366906404495239258e-01,-3.434341251850128174e-01,3.237867355346679688e-02
8.406043648719787598e-01,-4.694177806377410889e-01,9.542059898376464844e-01
5.226348713040351868e-02,1.657035350799560547e-01,4.256036281585693359e-01
-3.905808925628662109e-01,5.886601209640502930e-01,1.031319618225097656e+00
-7.078749537467956543e-01,-6.520324200391769409e-02,1.046782493591308594e+00
2.101307176053524017e-02,-3.914730548858642578e-01,-1.084045413881540298e-02
3.341915607452392578e-01,-3.776161074638366699e-01,5.868749618530273438e-01
-5.188546180725097656e-01,1.200124546885490417e-01,5.200935006141662598e-01
-1.610253751277923584e-01,-1.473417282104492188e-01,7.655845284461975098e-01
3.849445879459381104e-01,5.002135594622814097e-07,9.019718170166015625e-01
1.663436926901340485e-02,3.221101760864257812e-01,9.900743961334228516e-01
7.735252380371093750e-01,-2.158943563699722290e-01,4.942876994609832764e-01
4.168713390827178955e-01,-5.299600586295127869e-02,2.891728878021240234e-01
-2.896780371665954590e-01,2.606027126312255859e-01,1.679165661334991455e-01
-7.256682515144348145e-01,4.947059154510498047e-01,5.763459801673889160e-01
2.947568893432617188e-03,-2.424232065677642822e-01,3.902651965618133545e-01
-2.333173751831054688e-01,3.737769126892089844e-01,6.752431988716125488e-01
-4.145261943340301514e-01,1.810558140277862549e-01,1.132809162139892578e+00
-1.841456592082977295e-01,1.002521365880966187e-01,1.446477055549621582e+00
2.428799420595169067e-01,3.381447792053222656e-01,1.272785186767578125e+00
-1.513060033321380615e-01,-3.995219767093658447e-01,1.258827447891235352e+00
4.877476394176483154e-01,-4.079607427120208740e-01,9.161691665649414062e-01
5.983870625495910645e-01,-4.852430820465087891e-01,3.348556458950042725e-01
6.964613199234008789e-01,-1.379071772098541260e-01,8.629820346832275391e-01
-2.634506523609161377e-01,-3.461241722106933594e-02,3.521505594253540039e-01
-2.938819825649261475e-01,-1.243934705853462219e-01,1.072401642799377441e+00
3.307816982269287109e-01,8.603678643703460693e-02,5.901184082031250000e-01
8.537598848342895508e-01,-5.096495151519775391e-01,6.124023199081420898e-01
-4.589200019836425781e-01,-2.499127388000488281e-02,8.065801858901977539e-01
-6.380348205566406250e-01,1.906778663396835327e-01,2.271774262189865112e-01
2.040176391601562500e-01,-2.586552500724792480e-01,8.613064289093017578e-01
-7.055269479751586914e-01,1.925625801086425781e-01,8.760847449302673340e-01
9.139175415039062500e-01,-4.084020256996154785e-01,2.993462979793548584e-01
2.804367840290069580e-01,-3.318204879760742188e-01,2.872430384159088135e-01
1.190328970551490784e-01,-5.124945938587188721e-02,1.805539131164550781e-01
-8.943760395050048828e-01,3.771114647388458252e-01,3.497482240200042725e-01
2.242320030927658081e-02,2.164912223815917969e-01,7.128988504409790039e-01
4.602520763874053955e-01,-2.480414509773254395e-01,7.253074645996093750e-02
5.195012092590332031e-01,-1.600725650787353516e-01,6.365942358970642090e-01
-4.913868606090545654e-01,3.781955242156982422e-01,4.058343470096588135e-01
-4.243206679821014404e-01,2.756765186786651611e-01,8.729395866394042969e-01
8.922128081321716309e-01,-2.769300937652587891e-01,7.504571080207824707e-01
-4.747513830661773682e-01,4.669554233551025391e-01,6.905457973480224609e-01
-2.413060665130615234e-01,3.142994344234466553e-01,4.218463003635406494e-01
2.973955571651458740e-01,1.704740524291992188e-01,3.365414440631866455e-01
-5.724822729825973511e-02,1.535805612802505493e-01,1.748867034912109375e-01
-5.012030005455017090e-01,3.258218765258789062e-01,4.899841174483299255e-02
3.640747070312500000e-02,-3.070842027664184570e-01,6.306178569793701172e-01
6.218602061271667480e-01,-3.865952491760253906e-01,5.936028957366943359e-01
2.590907216072082520e-01,-1.209060922265052795e-01,1.126443505287170410e+00
-2.239816188812255859e-01,4.019328951835632324e-01,9.469680786132812500e-01
-3.562990128993988037e-01,-6.560492515563964844e-02,5.847828388214111328e-01
6.402196884155273438e-01,-1.586576849222183228e-01,2.800915241241455078e-01
-7.197582721710205078e-01,2.582502663135528564e-01,4.804746806621551514e-01
1.602223217487335205e-01,1.108566820621490479e-01,1.282144308090209961e+00
4.637417495250701904e-01,-1.948506087064743042e-01,9.905467033386230469e-01
-3.748441934585571289e-01,5.105181410908699036e-02,1.685009002685546875e-01
-6.009842157363891602e-01,2.805001735687255859e-01,6.804914474487304688e-01
2.095277309417724609e-01,1.149585247039794922e-01,7.750802636146545410e-01
2.977440059185028076e-01,-1.671597957611083984e-01,5.307853817939758301e-01
-1.046224981546401978e-01,-6.570658087730407715e-02,9.615752696990966797e-01
1.042424812912940979e-01,-4.132368564605712891e-01,1.904025226831436157e-01
-1.276583820581436157e-01,-5.116942152380943298e-02,1.754958629608154297e-01
-6.484847068786621094e-01,4.573235511779785156e-01,2.809466421604156494e-01
-1.613976657390594482e-01,-1.407363414764404297e-01,5.336495637893676758e-01
-4.590721130371093750e-01,3.791608214378356934e-01,1.063284039497375488e+00
-1.535911560058593750e-01,2.015556246042251587e-01,9.214417934417724609e-01
7.317402362823486328e-01,-5.449144840240478516e-01,7.896133065223693848e-01
6.688552498817443848e-01,-3.298992812633514404e-01,9.700520038604736328e-01
-2.977798283100128174e-01,6.812311708927154541e-02,8.865675926208496094e-01
7.785868048667907715e-01,-4.655363559722900391e-01,4.334982335567474365e-01
-3.957617282867431641e-01,1.259664297103881836e-01,3.671667277812957764e-01
5.375335738062858582e-02,1.314957141876220703e-01,9.623253345489501953e-01
5.702039003372192383e-01,-3.385233879089355469e-01,2.113879323005676270e-01
5.281514525413513184e-01,-9.230303764343261719e-02,4.417749047279357910e-01
-6.614287942647933960e-02,2.635149955749511719e-01,5.415241718292236328e-01
3.514866828918457031e-01,-3.795750439167022705e-01,7.846062779426574707e-01
-8.876678347587585449e-02,-2.224160879850387573e-01,1.283884882926940918e+00
4.366399943828582764e-01,-4.434864521026611328e-01,4.240438640117645264e-01
7.785868048667907715e-01,-4.655363559722900391e-01,1.654818654060363770e-01
-1.164657529443502426e-02,5.417574197053909302e-02,1.319450616836547852e+00
5.222772955894470215e-01,-5.791401863098144531e-02,7.944933772087097168e-01
-6.164735555648803711e-01,6.074300780892372131e-02,7.699575424194335938e-01
-4.913867115974426270e-01,3.781955242156982422e-01,2.259274274110794067e-01
-6.696586608886718750e-01,2.639244794845581055e-01,4.223602265119552612e-02
-4.094287157058715820e-01,3.458268642425537109e-01,5.622864961624145508e-01
1.747489869594573975e-01,1.740058511495590210e-01,5.972194671630859375e-01
2.990983426570892334e-01,-2.574718892574310303e-01,1.013399958610534668e+00
-7.871818542480468750e-01,3.231191933155059814e-01,2.143917828798294067e-01
-3.642108440399169922e-01,4.360172450542449951e-01,8.288577198982238770e-01
-4.755476415157318115e-01,6.585989892482757568e-02,9.567611217498779297e-01
2.613458335399627686e-01,-1.541541516780853271e-01,1.869561672210693359e-01
1.700718700885772705e-01,-2.820539474487304688e-01,4.938445091247558594e-01
-7.299072295427322388e-02,-5.850635096430778503e-02,1.185091614723205566e+00
8.299719095230102539e-01,-2.663662731647491455e-01,9.447770118713378906e-01
1.167668700218200684e-01,1.024549007415771484e-01,2.780120670795440674e-01
-4.894879460334777832e-01,1.731750965118408203e-01,1.290444880723953247e-01
7.395145893096923828e-01,-2.929702401161193848e-01,3.209918141365051270e-01
-5.678415894508361816e-01,4.304728507995605469e-01,5.509712100028991699e-01
3.448934555053710938e-01,1.277923502129851840e-06,4.341107010841369629e-01
5.893783271312713623e-02,-2.160814255475997925e-01,7.716438770294189453e-01
1.948028653860092163e-01,-3.177092075347900391e-01,6.887620687484741211e-01
-1.556219309568405151e-01,2.430417537689208984e-01,2.956445217132568359e-01
1.229116767644882202e-01,-2.643241882324218750e-01,2.742261886596679688e-01
4.900169372558593750e-01,-3.253055214881896973e-01,6.781731843948364258e-01
-1.458430290222167969e-02,-1.444040983915328979e-01,2.531536817550659180e-01
-8.171807527542114258e-01,4.849753379821777344e-01,2.535229325294494629e-01
-1.097414493560791016e-01,3.015418946743011475e-01,8.001620173454284668e-01
-5.938341617584228516e-01,1.684148311614990234e-01,3.813104033470153809e-01
4.780886471271514893e-01,-2.008032798767089844e-01,2.722439467906951904e-01
-8.195180892944335938e-01,3.183972239494323730e-01,5.904545187950134277e-01
5.910966396331787109e-01,-5.158805847167968750e-01,5.051612854003906250e-01
2.944118976593017578e-01,1.316070552093151491e-06,1.989874243736267090e-01
4.123312532901763916e-01,7.845640182495117188e-03,7.026119828224182129e-01
2.118106186389923096e-01,8.352518081665039062e-02,4.448893666267395020e-01
-4.344268739223480225e-01,-6.333737075328826904e-02,1.035011291503906250e+00
-8.171807527542114258e-01,4.849753379821777344e-01,4.323690831661224365e-01
-6.505976915359497070e-01,4.490356445312500000e-01,7.054092288017272949e-01
9.186623096466064453e-01,-3.740715980529785156e-01,5.717442035675048828e-01
-5.532063245773315430e-01,-6.651294231414794922e-02,9.364786148071289062e-01
-3.106187283992767334e-01,2.624096274375915527e-01,9.753057956695556641e-01
-5.066172480583190918e-01,6.091158837080001831e-02,1.110261440277099609e+00
-6.790450215339660645e-02,-1.906046867370605469e-01,6.537118554115295410e-01
6.247564554214477539e-01,-2.434674054384231567e-01,1.587009429931640625e-02
-1.236299127340316772e-01,3.177462816238403320e-01,1.044855356216430664e+00
6.368252635002136230e-01,-4.733329713344573975e-01,9.371416568756103516e-01
-7.119970321655273438e-01,3.340977132320404053e-01,3.517950475215911865e-01
8.087704181671142578e-01,-3.989031314849853516e-01,7.315093874931335449e-01
2.414530962705612183e-01,6.735949218273162842e-02,9.102222919464111328e-01
1.304319798946380615e-01,-1.778978258371353149e-01,1.165407299995422363e+00
2.091100960969924927e-01,4.317270168030518107e-07,1.189245343208312988e+00
-2.485987842082977295e-01,-6.770689785480499268e-02,8.994731903076171875e-01
-7.986205816268920898e-02,3.617718107307155151e-07,1.443244099617004395e+00
-4.189085662364959717e-01,2.843713760375976562e-01,3.250250220298767090e-01
6.464359760284423828e-01,-1.518813371658325195e-01,4.937988221645355225e-01
4.602582752704620361e-01,-3.051986694335937500e-01,5.408395528793334961e-01
-2.333666980266571045e-01,5.111805722117424011e-02,1.725587844848632812e-01
7.912212014198303223e-01,-3.251538276672363281e-01,1.753314137458801270e-01
8.964538574218750000e-03,2.081810683012008667e-01,8.531310558319091797e-01
-6.102170944213867188e-01,1.155931800603866577e-01,6.410894393920898438e-01
-7.123047709465026855e-01,2.232382297515869141e-01,6.151167154312133789e-01
-4.550302028656005859e-01,4.477881491184234619e-01,9.335157275199890137e-01
-4.595485627651214600e-01,-2.091312408447265625e-02,6.660696268081665039e-01
3.414970338344573975e-01,-6.394614279270172119e-02,1.016118764877319336e+00
2.147089503705501556e-02,-3.346984386444091797e-01,4.966741800308227539e-01
3.771250545978546143e-01,-2.633254528045654297e-01,2.031756490468978882e-01
-2.564709484577178955e-01,-1.131658554077148438e-01,6.741796731948852539e-01
1.065188273787498474e-01,-3.567490577697753906e-01,3.725335597991943359e-01
-3.617137074470520020e-01,-2.101111412048339844e-02,4.565604925155639648e-01
-3.447049260139465332e-01,1.610977649688720703e-01,2.422146499156951904e-01
5.938862562179565430e-01,-1.984391808509826660e-01,9.535386562347412109e-01
-8.404183387756347656e-02,-1.410443037748336792e-01,4.111157059669494629e-01
4.294908046722412109e-01,1.049041770784242544e-06,5.381963849067687988e-01
8.419706821441650391e-01,-3.507155776023864746e-01,4.074078202247619629e-01
-6.729302555322647095e-02,2.158901691436767578e-01,3.921826183795928955e-01
7.491621971130371094e-01,-4.406568408012390137e-01,5.603907704353332520e-01
6.659551858901977539e-01,-2.620589733123779297e-01,5.822996497154235840e-01
1.339678764343261719e-01,-3.243799209594726562e-01,9.680785983800888062e-02
-7.041005492210388184e-01,6.485550105571746826e-02,1.025204658508300781e+00
6.218601465225219727e-01,-3.865952491760253906e-01,7.816527783870697021e-02
4.333814978599548340e-01,-1.449151039123535156e-01,1.628478914499282837e-01
-4.189086556434631348e-01,2.843713760375976562e-01,1.714981049299240112e-01
6.319128870964050293e-01,-9.530758857727050781e-02,7.348812818527221680e-01
4.367721974849700928e-01,-4.427103996276855469e-01,6.951464414596557617e-01
-6.809012889862060547e-01,3.569254875183105469e-01,1.486361622810363770e-01
-3.753485083580017090e-01,3.043498396873474121e-01,1.127272367477416992e+00
-3.546092808246612549e-01,-7.952094078063964844e-02,7.534481883049011230e-01
7.860682010650634766e-01,-3.034987449645996094e-01,8.296852111816406250e-01
-7.787868976593017578e-01,3.243451714515686035e-01,6.531585752964019775e-02
-3.674545288085937500e-01,2.626800537109375000e-02,2.922579944133758545e-01
5.469028353691101074e-01,-2.020940780639648438e-01,1.666351258754730225e-01
-1.064317226409912109e-01,3.012209236621856689e-01,6.534550189971923828e-01
4.844573885202407837e-02,5.121723189949989319e-02,1.778144836425781250e-01
-4.189083874225616455e-01,2.843713760375976562e-01,4.492577910423278809e-01
-4.641897976398468018e-01,9.171962738037109375e-03,5.325265526771545410e-01
-5.138482451438903809e-01,2.464817166328430176e-01,1.098199248313903809e+00
-6.103777885437011719e-01,3.489361107349395752e-01,4.223751723766326904e-01
2.147657424211502075e-02,-3.339939117431640625e-01,2.854458689689636230e-01
4.236044287681579590e-01,-3.761798739433288574e-01,3.214857578277587891e-01
3.103625476360321045e-01,4.709506034851074219e-02,7.955865263938903809e-01
-4.488035440444946289e-01,1.380405277013778687e-01,8.609068393707275391e-01
7.912207841873168945e-01,-3.251533508300781250e-01,5.588427782058715820e-01
4.868377447128295898e-01,-2.724102437496185303e-01,8.981428146362304688e-01
-1.566282659769058228e-01,2.252149581909179688e-01,1.734613031148910522e-01
-4.606655836105346680e-01,5.048416256904602051e-01,1.085093021392822266e+00
-7.099525332450866699e-01,2.125909328460693359e-01,3.522558510303497314e-01
5.960418581962585449e-01,-4.693852365016937256e-01,2.144896984100341797e-01
-8.943762779235839844e-01,3.771115541458129883e-01,2.290261834859848022e-01
-2.350763678550720215e-01,3.539764881134033203e-01,5.561895370483398438e-01
3.015842437744140625e-01,-8.697792887687683105e-02,2.890566885471343994e-01
5.192816257476806641e-01,-4.037356376647949219e-02,6.457922458648681641e-01
8.555870056152343750e-01,-5.043201446533203125e-01,3.417593240737915039e-01
-3.263387978076934814e-01,2.070180773735046387e-01,8.650715351104736328e-01
6.672513484954833984e-01,-2.684059143066406250e-01,2.082021981477737427e-01
5.666186213493347168e-01,-2.245221138000488281e-01,7.254806160926818848e-01
-3.774819970130920410e-01,1.304537355899810791e-01,9.784600734710693359e-01
6.752395629882812500e-02,1.892377436161041260e-01,5.475804209709167480e-01
-2.596210539340972900e-01,-7.770848274230957031e-02,4.796775579452514648e-01
1.230520606040954590e-01,2.235066592693328857e-01,1.275475621223449707e+00
5.281506180763244629e-01,-9.230279922485351562e-02,3.007507324218750000e-01
1.015928611159324646e-01,4.061720346726360731e-07,1.296563744544982910e+00
-5.531907677650451660e-01,3.966538012027740479e-01,9.739303588867187500e-01
-5.353152751922607422e-01,2.791395783424377441e-01,1.548141390085220337e-01
-2.700924873352050781e-02,-2.400048226118087769e-01,5.557959079742431641e-01
-6.452561616897583008e-01,4.699833393096923828e-01,3.972454667091369629e-01
1.901168823242187500e-01,5.136029422283172607e-02,1.874761581420898438e-01
2.924847602844238281e-01,-2.171914577484130859e-01,4.257165491580963135e-01
1.380096375942230225e-02,1.604452133178710938e-01,3.167567253112792969e-01
2.994235455989837646e-01,1.511793136596679688e-01,5.010005235671997070e-01
-5.000137165188789368e-02,-1.106655299663543701e-01,1.285166621208190918e+00
-1.649259477853775024e-01,-7.823181152343750000e-02,3.133181631565093994e-01
-8.429181575775146484e-01,3.863275349140167236e-01,4.842309355735778809e-01
4.410897493362426758e-01,-4.174304008483886719e-01,5.789299011230468750e-01
2.636698782444000244e-01,4.555361954317049822e-07,1.089371204376220703e+00
-2.290627956390380859e-01,2.749851346015930176e-01,8.782775402069091797e-01
-6.614385247230529785e-01,4.065301418304443359e-01,4.820159822702407837e-02
5.386334061622619629e-01,-1.370181590318679810e-01,8.767595291137695312e-01
1.981573104858398438e-01,-2.715222835540771484e-01,3.852459490299224854e-01
2.135846912860870361e-01,5.910348892211914062e-02,3.156973123550415039e-01
-5.487182736396789551e-01,6.902410089969635010e-02,8.585822582244873047e-01
8.768417835235595703e-01,-4.156604409217834473e-01,1.832403540611267090e-01
4.265755414962768555e-01,-9.552431106567382812e-02,8.372811675071716309e-01
7.935769557952880859e-01,-1.856824606657028198e-01,8.387799263000488281e-01
4.405519366264343262e-01,-1.969420909881591797e-01,5.276409983634948730e-01
5.543803572654724121e-01,-4.897484481334686279e-01,8.656013011932373047e-01
-4.894886314868927002e-01,1.731753349304199219e-01,4.159130752086639404e-01
-7.599654793739318848e-02,-3.395559489727020264e-01,1.206131935119628906e+00
2.713676393032073975e-01,1.513293832540512085e-01,6.549813747406005859e-01
-1.323349028825759888e-01,-1.365430653095245361e-01,8.842024803161621094e-01
8.384612947702407837e-02,-1.538806259632110596e-01,1.809866428375244141e-01
-6.614391803741455078e-01,4.065306186676025391e-01,4.987426698207855225e-01
-9.240142256021499634e-02,5.115956068038940430e-02,1.751928329467773438e-01
-5.422217845916748047e-01,3.960027545690536499e-02,6.005908250808715820e-01
-5.819774270057678223e-01,3.665070533752441406e-01,1.083987429738044739e-01
-4.894887804985046387e-01,1.731753349304199219e-01,2.361370772123336792e-01
-1.397390663623809814e-01,2.797675728797912598e-01,4.654827117919921875e-01
7.091106772422790527e-01,-3.955731391906738281e-01,3.192864954471588135e-01
2.001674026250839233e-01,-2.438430786132812500e-01,2.032403498888015747e-01
-3.158868253231048584e-01,3.984363079071044922e-01,6.096199154853820801e-01
3.759329020977020264e-01,-1.572790294885635376e-01,2.515554428100585938e-01
-3.260321617126464844e-01,3.148822784423828125e-01,5.040256977081298828e-01
-8.372559547424316406e-01,3.873415589332580566e-01,1.371331810951232910e-01
-5.705794692039489746e-01,4.180839061737060547e-01,3.425295948982238770e-01
6.464362144470214844e-01,-1.518814116716384888e-01,3.856088221073150635e-01
-4.905505180358886719e-01,3.826565742492675781e-01,6.194471716880798340e-01
1.321075391024351120e-02,-5.121679231524467468e-02,1.781191825866699219e-01
3.099729418754577637e-01,5.080962181091308594e-02,6.898190379142761230e-01
7.369471788406372070e-01,-2.933325767517089844e-01,4.267907738685607910e-01
-6.912907958030700684e-01,1.281447410583496094e-01,7.078979611396789551e-01
5.476325750350952148e-01,-3.315186202526092529e-01,9.600889682769775391e-01
-2.688171267509460449e-01,1.533393114805221558e-01,1.700646877288818359e-01
-5.669483542442321777e-01,2.448206394910812378e-01,3.264021873474121094e-02
5.226653218269348145e-01,-6.018304824829101562e-02,5.429736375808715820e-01
-1.872038245201110840e-01,3.570631292859616224e-07,1.417430162429809570e+00
1.338409334421157837e-01,-2.884700894355773926e-01,7.742452621459960938e-01
7.471840381622314453e-01,-4.410442709922790527e-01,6.679443269968032837e-02
7.785868048667907715e-01,-4.655363559722900391e-01,2.838687002658843994e-01
8.162626624107360840e-01,-5.408544540405273438e-01,7.039325237274169922e-01
-7.397790551185607910e-01,4.459893703460693359e-01,1.955602914094924927e-01
7.480068802833557129e-01,-3.965533375740051270e-01,9.744341373443603516e-01
4.217643737792968750e-01,-3.470316529273986816e-01,8.646361827850341797e-01
-5.572980642318725586e-01,-2.652406692504882812e-02,7.747874259948730469e-01
3.142575621604919434e-01,1.003599166870117188e-02,3.218847513198852539e-01
-6.305160373449325562e-02,1.010250672698020935e-01,1.434512257575988770e+00
3.007445335388183594e-01,-3.738279640674591064e-01,6.955070495605468750e-01
3.771253824234008789e-01,-2.633259296417236328e-01,4.831652641296386719e-01
-2.974505424499511719e-01,4.723844826221466064e-01,9.412848949432373047e-01
-2.563933134078979492e-01,-1.140491962432861328e-01,7.763339281082153320e-01
5.213172435760498047e-01,-4.464242458343505859e-01,2.790386974811553955e-01
8.419706821441650391e-01,-3.507155478000640869e-01,2.586175501346588135e-01
-2.407381385564804077e-01,2.902500629425048828e-01,3.217926025390625000e-01
-1.611042618751525879e-01,-1.459376811981201172e-01,6.649683713912963867e-01
-3.712143003940582275e-01,6.484985419774602633e-07,8.775846958160400391e-01
-6.780716776847839355e-02,1.946136951446533203e-01,2.690298259258270264e-01
-3.348762392997741699e-01,2.420456409454345703e-01,3.598879873752593994e-01
-6.808333098888397217e-02,-1.832199096679687500e-01,7.549746632575988770e-01
-7.871818542480468750e-01,3.231191933155059814e-01,4.167144596576690674e-01
-2.648246288299560547e-01,-1.913714408874511719e-02,2.534667849540710449e-01
2.220143079757690430e-01,2.251783013343811035e-01,1.262578725814819336e+00
8.224706649780273438e-01,-3.492971062660217285e-01,8.414459228515625000e-02
3.601090013980865479e-01,-3.868069648742675781e-01,4.915499687194824219e-01
-2.573863565921783447e-01,-1.028637886047363281e-01,5.754055380821228027e-01
4.602585732936859131e-01,-3.051986694335937500e-01,1.706289649009704590e-01
2.036177217960357666e-01,1.963400840759277344e-01,7.199273705482482910e-01
-6.748238801956176758e-01,3.540475368499755859e-01,6.993383765220642090e-01
5.574627518653869629e-01,-3.419215679168701172e-01,1.901507377624511719e-02
3.812289237976074219e-02,-3.440846204757690430e-01,8.896514773368835449e-02
-6.617026329040527344e-01,1.887669712305068970e-01,5.183706283569335938e-01
6.124734878540039062e-03,-3.404606580734252930e-01,3.919009268283843994e-01
5.469023585319519043e-01,-2.020938396453857422e-01,5.850219726562500000e-02
-5.064597129821777344e-01,2.831916809082031250e-01,2.813681066036224365e-01
3.072315752506256104e-01,-7.689094543457031250e-02,4.805619716644287109e-01
6.812565326690673828e-01,-3.370079994201660156e-01,1.368868947029113770e-01
3.605296313762664795e-01,-1.896478831768035889e-01,1.044207215309143066e+00
6.417892128229141235e-02,1.104558333754539490e-01,1.288345932960510254e+00
-4.620712101459503174e-01,-6.293155252933502197e-02,9.058206081390380859e-01
1.092121973633766174e-01,-2.899134159088134766e-01,5.678811669349670410e-01
1.850798130035400391e-01,-3.648267984390258789e-01,2.087597548961639404e-01
-7.157586216926574707e-01,2.606472074985504150e-01,2.286767959594726562e-01
-5.762131214141845703e-01,3.925929069519042969e-01,6.838867068290710449e-01
2.127004265785217285e-01,-7.127475738525390625e-02,1.832748353481292725e-01
1.041386425495147705e-01,2.071495950222015381e-01,8.637325763702392578e-01
1.113401129841804504e-01,2.371225357055664062e-01,7.409112453460693359e-01
7.735254764556884766e-01,-2.158944606781005859e-01,3.657366931438446045e-01
1.161544397473335266e-01,1.176626682281494141e-01,3.736791908740997314e-01
-3.542658984661102295e-01,3.475737571716308594e-01,8.613026142120361328e-01
3.041884899139404297e-01,8.689396828413009644e-02,3.798306286334991455e-01
8.577799797058105469e-01,-4.915436804294586182e-01,2.353179901838302612e-01
1.655468642711639404e-01,-1.145414933562278748e-01,1.225087523460388184e+00
-6.008650064468383789e-01,3.417993485927581787e-01,1.793718338012695312e-02
1.948637366294860840e-01,-3.168723583221435547e-01,5.944479107856750488e-01
-7.431671619415283203e-01,4.041929543018341064e-01,5.601893663406372070e-01
8.431077003479003906e-01,-4.222646653652191162e-01,4.856524467468261719e-01
7.007374167442321777e-01,-4.263246059417724609e-01,4.665203690528869629e-01
7.014085054397583008e-01,-2.005652189254760742e-01,9.316132068634033203e-01
-7.397788763046264648e-01,4.459891319274902344e-01,4.650555253028869629e-01
5.142787098884582520e-01,-4.809005260467529297e-01,3.911682069301605225e-01
-4.890300631523132324e-01,3.907697200775146484e-01,5.251789689064025879e-01
-6.480817198753356934e-01,4.589042663574218750e-01,6.100308299064636230e-01
-1.514472961425781250e-01,3.169927597045898438e-01,5.626452565193176270e-01
-3.911943435668945312e-01,4.395154714584350586e-01,7.159649729728698730e-01
1.049612089991569519e-01,-3.954014778137207031e-01,4.694488272070884705e-02
-6.824639439582824707e-02,-1.764814853668212891e-01,4.939752221107482910e-01
5.417673587799072266e-01,-3.462536334991455078e-01,1.088589429855346680e-01
5.146605372428894043e-01,-4.790296554565429688e-01,5.387113690376281738e-01
3.574439585208892822e-01,-4.061455726623535156e-01,3.983657658100128174e-01
-4.113586246967315674e-01,1.534213572740554810e-01,1.718282699584960938e-01
3.604714870452880859e-01,8.507978916168212891e-02,4.618906974792480469e-01
1.049997806549072266e-01,-3.944442272186279297e-01,2.791909873485565186e-01
-5.677947402000427246e-01,4.306859970092773438e-01,4.602128565311431885e-01
2.040051221847534180e-01,3.383302688598632812e-01,1.190948486328125000e+00
-3.681304678320884705e-02,1.316378414630889893e-01,9.601221084594726562e-01
-7.173812389373779297e-02,3.205288648605346680e-01,9.704406261444091797e-01
4.185225665569305420e-01,-3.708457946777343750e-02,3.971401751041412354e-01
5.550714135169982910e-01,-2.499206066131591797e-01,2.424822896718978882e-01
2.783608138561248779e-01,-3.515784740447998047e-01,3.750143349170684814e-01
-1.631322801113128662e-01,-1.100065708160400391e-01,4.403918385505676270e-01
5.417671799659729004e-01,-3.462536334991455078e-01,5.984890460968017578e-01
-4.366555809974670410e-01,2.495058327913284302e-01,9.065580368041992188e-02
-4.913866817951202393e-01,3.781955242156982422e-01,3.155270218849182129e-01
-6.906479597091674805e-01,1.252346038818359375e-01,8.197051882743835449e-01
-8.171807527542114258e-01,4.849755764007568359e-01,3.425610363483428955e-01
-5.705794095993041992e-01,4.180839061737060547e-01,2.534994482994079590e-01
2.304210327565670013e-02,1.396546363830566406e-01,2.103759646415710449e-01
-5.914381146430969238e-01,1.556324958801269531e-01,5.615273714065551758e-01
-6.118194386363029480e-02,2.029400616884231567e-01,9.071345329284667969e-01
-3.829510211944580078e-01,4.216646030545234680e-02,3.982168436050415039e-01
-5.715430974960327148e-01,4.947876930236816406e-02,6.855712532997131348e-01
8.318295478820800781e-01,-2.810055911540985107e-01,4.831040799617767334e-01
-6.056964993476867676e-01,2.317075729370117188e-01,1.321499645709991455e-01
5.983017086982727051e-01,-4.856014251708984375e-01,4.225833117961883545e-01
2.692120373249053955e-01,-1.882815062999725342e-01,1.058293819427490234e+00
7.007381319999694824e-01,-4.263248443603515625e-01,1.664810180664062500e-01
4.944608211517333984e-01,-2.429544329643249512e-01,6.446958780288696289e-01
1.080890372395515442e-01,-3.177771568298339844e-01,6.874929666519165039e-01
4.894598424434661865e-01,-3.689106702804565430e-01,2.573199272155761719e-01
-6.582689285278320312e-02,2.765786647796630859e-01,7.299519181251525879e-01
-5.669273138046264648e-01,1.675239652395248413e-01,4.633598327636718750e-01
6.659551262855529785e-01,-2.620589733123779297e-01,9.687377512454986572e-02
-6.978653669357299805e-01,2.637012004852294922e-01,6.899651885032653809e-01
-5.733140707015991211e-01,1.583700180053710938e-01,2.741153240203857422e-01
5.093407630920410156e-02,-3.455355465412139893e-01,1.916381865739822388e-01
2.781074047088623047e-01,-3.539822101593017578e-01,5.263522267341613770e-01
5.998979210853576660e-01,-3.990243077278137207e-01,9.618172645568847656e-01
2.244257926940917969e-02,2.140879631042480469e-01,6.156181097030639648e-01
1.135940030217170715e-01,1.812007427215576172e-01,6.562402248382568359e-01
-1.694203168153762817e-01,-3.391913771629333496e-01,1.201566219329833984e+00
8.723842501640319824e-01,-4.553225040435791016e-01,4.092736840248107910e-01
-3.348762392997741699e-01,2.420456409454345703e-01,2.663461267948150635e-01
8.826078772544860840e-01,-3.320067822933197021e-01,9.570837020874023438e-01
3.940253257751464844e-01,-1.406891345977783203e-01,5.710108876228332520e-01
-3.984101414680480957e-01,4.172544479370117188e-01,6.079038977622985840e-01
-3.149188160896301270e-01,4.064092636108398438e-01,7.000549435615539551e-01
4.105982780456542969e-01,-1.280577480792999268e-01,1.015615582466125488e+00
-3.424905240535736084e-01,-6.308613717555999756e-02,1.042816400527954102e+00
-5.281707644462585449e-01,3.161971271038055420e-01,1.054369807243347168e+00
7.433703541755676270e-01,-2.636433839797973633e-01,9.657845497131347656e-01
-3.549652174115180969e-02,3.161811828613281250e-01,1.054483890533447266e+00
-1.504477560520172119e-01,3.347239494323730469e-01,7.152956724166870117e-01
-6.749191284179687500e-01,3.536720275878906250e-01,2.313125580549240112e-01
-8.189420700073242188e-01,4.635988771915435791e-01,1.639935225248336792e-01
-1.546739339828491211e-01,2.598395347595214844e-01,3.864929080009460449e-01
6.776826977729797363e-01,-1.519980430603027344e-01,7.844266891479492188e-01
-2.422792017459869385e-01,3.285589218139648438e-01,9.783036708831787109e-01
2.668108940124511719e-01,-2.621147930622100830e-01,2.468538284301757812e-01
2.536280155181884766e-01,1.772281974554061890e-01,5.762135386466979980e-01
-4.276826381683349609e-01,6.103515488575794734e-07,9.573426246643066406e-01
3.685061931610107422e-01,-3.258695602416992188e-01,2.890124320983886719e-01
1.324409693479537964e-01,-2.864809036254882812e-01,1.687219142913818359e-01
-6.620662212371826172e-01,1.887376904487609863e-01,4.370733499526977539e-01
-1.282443255186080933e-01,4.877972975373268127e-02,1.486702322959899902e+00
-2.418867498636245728e-01,2.773127555847167969e-01,2.315136641263961792e-01
4.153947234153747559e-01,-2.585703134536743164e-01,1.004928827285766602e+00
8.937713503837585449e-01,-2.826538085937500000e-01,8.312533497810363770e-01
-1.098321527242660522e-01,2.751978337764739990e-01,8.766326904296875000e-01
4.182168841361999512e-01,-3.486776351928710938e-02,7.845957875251770020e-01
3.710477650165557861e-01,-3.074283599853515625e-01,6.005957126617431641e-01
3.969024717807769775e-01,-2.520243525505065918e-01,1.218676567077636719e-01
-7.277647256851196289e-01,2.931916713714599609e-01,1.355529725551605225e-01
3.980396986007690430e-01,-6.577511876821517944e-02,9.593837261199951172e-01
7.103424053639173508e-03,-5.506480112671852112e-02,1.292008042335510254e+00
7.173614110797643661e-03,-1.665869504213333130e-01,1.282070398330688477e+00
-6.948625296354293823e-02,-1.251842975616455078e-01,3.078829944133758545e-01
5.839038491249084473e-01,-1.398556232452392578e-01,6.790494918823242188e-01
-6.995595991611480713e-02,-1.057136058807373047e-01,1.806967109441757202e-01
-6.380348205566406250e-01,1.906779557466506958e-01,3.069631755352020264e-01
1.106599792838096619e-01,-2.539947032928466797e-01,4.493371546268463135e-01
-3.278690278530120850e-01,2.997534275054931641e-01,4.138403236865997314e-01
4.342422485351562500e-01,1.239776565853389911e-06,6.268956065177917480e-01
3.015842437744140625e-01,-8.697805553674697876e-02,1.985632330179214478e-01
6.319679617881774902e-01,-9.557914733886718750e-02,8.465669155120849609e-01
-6.431870460510253906e-01,1.902618706226348877e-01,6.335607767105102539e-01
4.635543823242187500e-01,-8.175703883171081543e-02,5.903338193893432617e-01
7.942230254411697388e-02,-3.395240306854248047e-01,-2.194643020629882812e-03
3.098431229591369629e-01,4.947593765791680198e-07,9.248559474945068359e-01
1.986016631126403809e-01,-2.654016017913818359e-01,2.935516238212585449e-01
1.173697263002395630e-01,8.750343322753906250e-02,1.819280982017517090e-01
-5.595847368240356445e-01,4.678375720977783203e-01,6.948612928390502930e-01
-1.987257003784179688e-01,-4.513477161526679993e-02,2.060516327619552612e-01
1.149965673685073853e-01,1.463959217071533203e-01,4.669438004493713379e-01
-7.871813774108886719e-01,3.231190145015716553e-01,5.202041268348693848e-01
-3.230212330818176270e-01,-6.839950382709503174e-02,8.779799938201904297e-01
5.563036799430847168e-01,-2.750482559204101562e-01,1.426641792058944702e-01
1.388335227966308594e-02,-2.433060407638549805e-01,6.681388616561889648e-01
-7.712709903717041016e-01,2.524161338806152344e-01,5.744419693946838379e-01
8.232905268669128418e-01,-4.599282741546630859e-01,6.627319455146789551e-01
-8.759391307830810547e-01,4.514838755130767822e-01,3.058001697063446045e-01
-7.585079669952392578e-01,2.538616955280303955e-01,2.922179996967315674e-01
7.962046861648559570e-01,-3.294445276260375977e-01,9.728503227233886719e-01
1.963073760271072388e-01,-1.817149072885513306e-01,1.126027822494506836e+00
-3.166711330413818359e-01,3.998958468437194824e-01,9.573698043823242188e-01
3.124980032444000244e-01,-1.252623498439788818e-01,1.058929800987243652e+00
4.579210281372070312e-02,-2.458819895982742310e-01,3.271594047546386719e-01
-5.382750034332275391e-01,1.190731301903724670e-01,6.021804809570312500e-01
2.825782597064971924e-01,5.557890608906745911e-02,4.493980407714843750e-01
8.193588256835937500e-01,-4.269135296344757080e-01,1.139828488230705261e-01
-3.426441550254821777e-01,1.780717372894287109e-01,4.003127813339233398e-01
-7.573325634002685547e-01,2.539947926998138428e-01,3.947482109069824219e-01
-1.097679138183593750e-01,-3.378961086273193359e-01,1.274059653282165527e+00
4.005798101425170898e-01,-4.194634258747100830e-01,8.574185371398925781e-01
-7.111157178878784180e-01,3.440220952033996582e-01,3.756284713745117188e-02
-4.596336185932159424e-01,1.211448237299919128e-01,1.122722268104553223e+00
-6.106593608856201172e-01,2.581846714019775391e-01,2.068969607353210449e-01
-5.076514482498168945e-01,2.909209728240966797e-01,3.565109074115753174e-01
7.619538307189941406e-01,-2.170163691043853760e-01,2.912750244140625000e-01
6.625631451606750488e-01,-3.419278264045715332e-01,1.907515525817871094e-02
8.419704437255859375e-01,-3.507154881954193115e-01,5.085864067077636719e-01
5.654095411300659180e-01,-1.587768644094467163e-01,2.825460433959960938e-01
-3.979316651821136475e-01,6.879719346761703491e-02,8.656363487243652344e-01
4.593002200126647949e-01,-3.108091354370117188e-01,3.227044641971588135e-01
-8.904304504394531250e-01,3.778182566165924072e-01,4.239822328090667725e-01
-5.243162512779235840e-01,6.484985419774602633e-07,9.527544975280761719e-01
7.029601931571960449e-01,-4.657797515392303467e-01,9.700620174407958984e-01
3.572841584682464600e-01,-4.073047637939453125e-01,3.095822036266326904e-01
8.419706821441650391e-01,-3.507155478000640869e-01,3.326364159584045410e-01
-4.462197721004486084e-01,3.077082633972167969e-01,1.106606602668762207e+00
6.055319309234619141e-01,-1.350039988756179810e-01,9.079732894897460938e-01
-4.744297564029693604e-01,6.916966289281845093e-02,8.540720939636230469e-01
2.356712222099304199e-01,-2.623040080070495605e-01,9.761130809783935547e-01
-5.641354322433471680e-01,3.629848659038543701e-01,2.049853801727294922e-01
-2.061820924282073975e-01,3.449905812740325928e-01,8.772122859954833984e-01
2.256831526756286621e-02,1.984894275665283203e-01,4.899977147579193115e-01
2.079376727342605591e-01,1.368522644042968750e-01,5.349301099777221680e-01
7.298192977905273438e-01,-2.942265570163726807e-01,5.325058102607727051e-01
-3.033601343631744385e-01,2.768773734569549561e-01,8.636791706085205078e-01
4.698381423950195312e-01,-1.632776856422424316e-01,1.019033789634704590e-01
-4.006826579570770264e-01,2.075298279523849487e-01,8.598024845123291016e-01
5.127378702163696289e-01,-2.049987912178039551e-01,8.858840465545654297e-01
-2.518498301506042480e-01,2.054911255836486816e-01,8.808364868164062500e-01
-3.493786454200744629e-01,1.376096755266189575e-01,8.675684928894042969e-01
2.301678657531738281e-01,8.927979320287704468e-02,7.097416520118713379e-01
-4.794586077332496643e-02,1.061144694685935974e-01,1.355624914169311523e+00
-4.159606695175170898e-01,5.680869817733764648e-01,1.096263289451599121e+00
-2.701426744461059570e-01,5.531310875994677190e-07,9.146320819854736328e-01
4.837217330932617188e-01,-2.439956367015838623e-01,2.141226083040237427e-01
-5.111541599035263062e-02,-2.818019986152648926e-01,1.266016006469726562e+00
8.304745554924011230e-01,-3.984062373638153076e-01,9.649713039398193359e-01
-2.747666835784912109e-01,1.365945041179656982e-01,8.833053112030029297e-01
-3.957617282867431641e-01,1.259664595127105713e-01,2.791497707366943359e-01
-1.629507392644882202e-01,1.534734070301055908e-01,1.729197502136230469e-01
1.444606035947799683e-01,5.681871622800827026e-02,1.237290859222412109e+00
-3.991461098194122314e-01,5.143393874168395996e-01,1.049063920974731445e+00
-4.985929727554321289e-01,2.321951389312744141e-01,5.889800935983657837e-02
7.298190593719482422e-01,-2.942264378070831299e-01,9.200591593980789185e-02
1.809002608060836792e-01,2.783156633377075195e-01,1.287467837333679199e+00
-5.294041633605957031e-01,1.994472295045852661e-01,1.822955310344696045e-01
5.191082358360290527e-01,-3.935480117797851562e-02,7.172521948814392090e-01
-4.716201499104499817e-02,3.935510335395520087e-07,1.379774212837219238e+00
6.426017880439758301e-01,-2.638625204563140869e-01,9.640946388244628906e-01
1.901004016399383545e-01,-1.540132164955139160e-01,1.839120388031005859e-01
4.699792265892028809e-01,-1.317618787288665771e-01,9.582149982452392578e-01
-3.372135758399963379e-01,-5.666592344641685486e-02,5.169248580932617188e-01
-2.937078475952148438e-02,-2.398142069578170776e-01,4.534300267696380615e-01
-4.430432021617889404e-01,4.484074413776397705e-01,1.045782327651977539e+00
7.208273410797119141e-01,-2.953914701938629150e-01,2.460616976022720337e-01
-3.395893871784210205e-01,1.532402336597442627e-01,1.680357456207275391e-01
5.687562227249145508e-01,-2.640227377414703369e-01,9.628562927246093750e-01
-3.040003776550292969e-01,5.108484253287315369e-02,1.705327033996582031e-01
6.574647426605224609e-01,-2.271483391523361206e-01,2.783929407596588135e-01
4.825811684131622314e-01,-3.370089232921600342e-01,9.263122081756591797e-01
-8.564241528511047363e-01,3.579955101013183594e-01,2.935186624526977539e-01
-1.628295928239822388e-01,5.113794282078742981e-02,1.738817691802978516e-01
6.064634323120117188e-01,-2.320939451456069946e-01,5.593956112861633301e-01
-2.201385423541069031e-02,5.120398104190826416e-02,1.765029430389404297e-01
5.678510665893554688e-01,-6.903804838657379150e-02,8.581457138061523438e-01
7.644259333610534668e-01,-2.035797387361526489e-01,9.005243778228759766e-01
5.281511545181274414e-01,-9.230279922485351562e-02,3.710781633853912354e-01
1.410116553306579590e-01,-5.546215921640396118e-02,1.279375910758972168e+00
8.857984542846679688e-01,-4.851145744323730469e-01,5.555326938629150391e-01
-8.211639523506164551e-02,-1.315738707780838013e-01,9.611997604370117188e-01
-4.011775255203247070e-01,6.532986462116241455e-02,9.732079505920410156e-01
3.421841263771057129e-01,-2.640830278396606445e-01,2.712478637695312500e-01
5.838744640350341797e-01,-7.787885516881942749e-02,6.477352976799011230e-01
-1.734799146652221680e-01,-6.598581373691558838e-02,9.529170989990234375e-01
4.185224473476409912e-01,-3.708457946777343750e-02,4.664373695850372314e-01
-3.546579778194427490e-01,-7.912111282348632812e-02,6.844445466995239258e-01
-4.583288431167602539e-01,-2.882337570190429688e-02,7.345388531684875488e-01
7.325649261474609375e-03,-1.454638540744781494e-01,1.879186928272247314e-01
6.064629554748535156e-01,-2.320937663316726685e-01,1.233563199639320374e-01
-3.812834024429321289e-01,3.702873587608337402e-01,1.108612060546875000e+00
-4.610860645771026611e-01,-1.094794273376464844e-02,5.983262658119201660e-01
3.578952252864837646e-01,-4.028701782226562500e-01,6.714287996292114258e-01
3.631238937377929688e-01,1.382827690576959867e-06,5.216601490974426270e-01
2.169480547308921814e-02,-3.069028854370117188e-01,5.638813376426696777e-01
-2.350494265556335449e-02,-1.639652252197265625e-01,3.893802165985107422e-01
2.779415547847747803e-01,-3.555669784545898438e-01,6.185357570648193359e-01
-4.429869651794433594e-01,4.119915887713432312e-02,4.765417277812957764e-01
-2.011662274599075317e-01,4.413248598575592041e-01,8.967113494873046875e-01
6.729040145874023438e-01,-3.975168466567993164e-01,9.695138931274414062e-01
2.031834125518798828e-01,2.023158073425292969e-01,6.525103449821472168e-01
-6.803491115570068359e-01,2.627134919166564941e-01,5.703872442245483398e-01
-3.153764307498931885e-01,3.325173258781433105e-01,9.539549350738525391e-01
-2.617260217666625977e-01,-5.402159690856933594e-02,4.164971709251403809e-01
7.452569007873535156e-01,-3.664332628250122070e-01,5.850312709808349609e-01
-6.610163450241088867e-01,4.081852436065673828e-01,3.766720592975616455e-01
-2.657448053359985352e-01,-8.786916732788085938e-03,1.874288916587829590e-01
-6.696586608886718750e-01,2.639244794845581055e-01,1.203027293086051941e-01
-7.871813774108886719e-01,3.231190443038940430e-01,1.395754963159561157e-01
-8.609678745269775391e-01,4.546661674976348877e-01,3.824731409549713135e-01
4.698379039764404297e-01,-1.632775664329528809e-01,2.147448658943176270e-01
2.143411338329315186e-01,4.868388175964355469e-02,2.506280541419982910e-01
-4.463982582092285156e-01,1.235173270106315613e-01,4.180029332637786865e-01
2.128022015094757080e-01,6.987547874450683594e-02,3.805663883686065674e-01
2.834712266921997070e-01,-6.116349250078201294e-02,1.102469325065612793e+00
-4.834802150726318359e-01,1.821998208761215210e-01,1.121011972427368164e+00
-1.612288653850555420e-01,-1.437146663665771484e-01,5.989823937416076660e-01
-4.379913210868835449e-01,2.420038729906082153e-01,1.132756710052490234e+00
-1.642906218767166138e-01,-8.948302268981933594e-02,3.776269555091857910e-01
2.993996441364288330e-01,1.514003276824951172e-01,4.357809424400329590e-01
-6.793019920587539673e-02,-1.895422935485839844e-01,5.886071920394897461e-01
-7.895338535308837891e-01,4.698500335216522217e-01,4.993551671504974365e-01
-1.779794692993164062e-03,-3.395653963088989258e-01,2.089813165366649628e-02
7.517604827880859375e-01,-5.478378534317016602e-01,7.065252661705017090e-01
9.028353691101074219e-01,-4.105712771415710449e-01,3.737551867961883545e-01
2.314123511314392090e-01,-5.883009731769561768e-02,1.174871683120727539e+00
-1.010634899139404297e-01,2.001171410083770752e-01,1.939517110586166382e-01
5.889058113098144531e-02,-2.469393610954284668e-01,7.138727903366088867e-01
-4.039776325225830078e-01,2.196646779775619507e-01,1.370965540409088135e-01
1.207939088344573975e-01,1.647524386644363403e-01,1.300970315933227539e+00
-5.399568080902099609e-01,1.985954642295837402e-01,9.919524937868118286e-02
2.354965209960937500e-01,1.607869118452072144e-01,3.240358829498291016e-01
2.639617770910263062e-02,5.580480024218559265e-02,1.268928408622741699e+00
-9.024291485548019409e-02,-1.697919070720672607e-01,1.249012351036071777e+00
-2.269134521484375000e-01,-4.468051716685295105e-02,2.969399988651275635e-01
-7.435295581817626953e-01,3.629983365535736084e-01,1.929309070110321045e-01
-6.972119957208633423e-02,-1.154446601867675781e-01,2.443865984678268433e-01
1.081255152821540833e-01,-3.168876171112060547e-01,6.246511936187744141e-01
-5.691016912460327148e-01,4.247686862945556641e-01,6.135032773017883301e-01
6.020457744598388672e-01,-5.259761810302734375e-01,8.467931747436523438e-01
7.640921473503112793e-01,-2.111430168151855469e-01,4.275836050510406494e-01
-6.688322126865386963e-02,2.328557968139648438e-01,4.525610208511352539e-01
-6.606454402208328247e-02,2.667124271392822266e-01,6.041465401649475098e-01
1.620194911956787109e-01,4.150250276779843261e-07,1.259342074394226074e+00
-6.758575141429901123e-02,2.037925720214843750e-01,3.308535814285278320e-01
-4.818248748779296875e-01,2.851977944374084473e-01,1.863876283168792725e-01
2.106979340314865112e-01,-1.174976974725723267e-01,1.179261326789855957e+00
4.499743580818176270e-01,-3.654129505157470703e-01,6.530340313911437988e-01
-4.189088642597198486e-01,2.843716144561767578e-01,3.869476318359375000e-01
-5.115509033203125000e-02,-5.663897097110748291e-02,1.242909431457519531e+00
-4.165974855422973633e-01,2.993540763854980469e-01,5.091966390609741211e-01
-1.561247855424880981e-01,2.341368198394775391e-01,2.346353083848953247e-01
-6.614385843276977539e-01,4.065301418304443359e-01,5.603863596916198730e-01
-4.189086556434631348e-01,2.843713760375976562e-01,2.634255886077880859e-01
6.890670955181121826e-02,-1.777352988719940186e-01,1.167093753814697266e+00
1.097869575023651123e-01,-2.756500244140625000e-01,5.080733895301818848e-01
-3.267662525177001953e-01,4.311653077602386475e-01,7.803442478179931641e-01
1.841078102588653564e-01,-5.688633769750595093e-02,1.235161185264587402e+00
3.121664524078369141e-01,1.344680754300497938e-06,2.576815783977508545e-01
4.333823919296264648e-01,-1.449153423309326172e-01,2.688845694065093994e-01
1.141939312219619751e-01,1.663122177124023438e-01,5.937809348106384277e-01
-4.786856770515441895e-01,1.031451225280761719e-01,4.777056872844696045e-01
4.602585136890411377e-01,-3.051986694335937500e-01,1.098773181438446045e-01
-5.209132432937622070e-01,4.162771999835968018e-01,6.755394935607910156e-01
3.597297668457031250e-01,8.510369807481765747e-02,5.226024985313415527e-01
7.785862684249877930e-01,-4.655358791351318359e-01,4.940600395202636719e-01
-2.366401553153991699e-01,3.363754749298095703e-01,4.983006119728088379e-01
-7.397790551185607910e-01,4.459893703460693359e-01,4.045464992523193359e-01
-3.892338573932647705e-01,-5.856808647513389587e-02,6.349732875823974609e-01
-5.012028813362121582e-01,3.258218765258789062e-01,1.093515008687973022e-01
3.453943729400634766e-01,1.277923502129851840e-06,3.738305568695068359e-01
-2.340034395456314087e-01,3.660480976104736328e-01,6.151224970817565918e-01
7.007380723953247070e-01,-4.263248443603515625e-01,5.276919603347778320e-01
7.785868048667907715e-01,-4.655363559722900391e-01,3.733737170696258545e-01
1.556401252746582031e-01,9.168210625648498535e-02,3.366274833679199219e-01
-4.913867115974426270e-01,3.781955242156982422e-01,4.665356278419494629e-01
-1.290412843227386475e-01,-2.814505994319915771e-01,1.268180608749389648e+00
-1.508796662092208862e-01,3.270580768585205078e-01,6.227689981460571289e-01
-7.408125400543212891e-01,4.046143293380737305e-01,6.678131222724914551e-02
4.828552007675170898e-01,-5.636880919337272644e-02,4.984972476959228516e-01
-3.170224726200103760e-01,3.890826702117919922e-01,5.506722927093505859e-01
6.218606829643249512e-01,-3.865954875946044922e-01,1.860565133392810822e-02
2.397567629814147949e-01,1.480836272239685059e-01,7.052576541900634766e-01
5.145070552825927734e-01,-4.797828197479248047e-01,4.793093800544738770e-01
4.367702007293701172e-01,-4.427220821380615234e-01,4.834294021129608154e-01
-6.614384055137634277e-01,4.065301418304443359e-01,1.075729355216026306e-01
1.043291389942169189e-01,-4.110789299011230469e-01,1.041378751397132874e-01
7.007380723953247070e-01,-4.263248443603515625e-01,1.072064191102981567e-01
-5.677631497383117676e-01,4.308264255523681641e-01,4.003121852874755859e-01
1.845335364341735840e-01,3.400380909442901611e-01,1.263115763664245605e+00
7.785866856575012207e-01,-4.655361175537109375e-01,2.245638966560363770e-01
7.827410697937011719e-01,-4.668239355087280273e-01,9.655110836029052734e-01
4.365104138851165771e-01,-4.442446231842041016e-01,3.651223778724670410e-01
-7.109055519104003906e-01,3.342571556568145752e-01,2.736431956291198730e-01
-6.484847068786621094e-01,4.573235511779785156e-01,3.399203419685363770e-01
-1.654922813177108765e-01,-6.819653511047363281e-02,2.487124651670455933e-01
1.795060634613037109e-01,1.661623865365982056e-01,1.286415457725524902e+00
8.419706821441650391e-01,-3.507155478000640869e-01,1.607983410358428955e-01
8.225554972887039185e-02,5.461577698588371277e-02,1.305683135986328125e+00
5.213172435760498047e-01,-4.464242458343505859e-01,3.376116752624511719e-01
-3.687506914138793945e-01,3.694462776184082031e-02,2.249981611967086792e-01
2.599227800965309143e-02,4.066630197030463023e-07,1.297116756439208984e+00
5.213171839714050293e-01,-4.464242458343505859e-01,2.207431048154830933e-01
-7.277649641036987305e-01,2.931916713714599609e-01,6.073882803320884705e-02
8.241286873817443848e-02,-5.472023040056228638e-02,1.302442669868469238e+00
7.007381319999694824e-01,-4.263248443603515625e-01,5.894033908843994141e-01
-1.474948078393936157e-01,3.868210285418172134e-07,1.461557388305664062e+00
5.324096679687500000e-01,-4.000656008720397949e-01,9.525573253631591797e-01
5.983870029449462891e-01,-4.852430820465087891e-01,2.767605483531951904e-01
2.098490856587886810e-02,-3.950269222259521484e-01,4.691497609019279480e-02
-3.366425335407257080e-01,2.274961471557617188e-01,1.743139624595642090e-01
8.420374393463134766e-01,-4.951557815074920654e-01,4.380099475383758545e-01
7.928876876831054688e-01,-2.860520184040069580e-01,4.147183001041412354e-01
-7.100721001625061035e-01,2.131304740905761719e-01,5.380230545997619629e-01
-8.521718978881835938e-01,4.565359055995941162e-01,2.105117738246917725e-01
-3.118270821869373322e-02,-2.225463092327117920e-01,1.282877087593078613e+00
-2.417325973510742188e-02,-2.402337789535522461e-01,6.250860691070556641e-01
2.420184314250946045e-01,2.813240885734558105e-01,1.268948674201965332e+00
8.023393154144287109e-01,-3.718795776367187500e-01,2.935644388198852539e-01
2.992867529392242432e-01,1.524744033813476562e-01,5.994804501533508301e-01
1.231768801808357239e-01,-1.120987981557846069e-01,1.262958765029907227e+00
-5.020907521247863770e-01,5.743889510631561279e-02,5.649123191833496094e-01
4.750036597251892090e-01,-7.017497718334197998e-02,8.228685855865478516e-01
-6.875328421592712402e-01,3.042142391204833984e-01,4.865835607051849365e-01
-1.832735538482666016e-01,3.086721301078796387e-01,4.865838587284088135e-01
7.785866856575012207e-01,-4.655363559722900391e-01,1.065631061792373657e-01
-1.919410228729248047e-01,-1.358251869678497314e-01,7.200042605400085449e-01
-1.256439685821533203e-01,-1.390318572521209717e-01,4.705075025558471680e-01
-5.721374228596687317e-02,-5.118034407496452332e-02,1.768074035644531250e-01
1.142607480287551880e-01,1.646561622619628906e-01,5.287731885910034180e-01
-2.338729798793792725e-01,2.558780014514923096e-01,1.695854663848876953e-01
4.363713264465332031e-01,-1.654372513294219971e-01,5.975912213325500488e-01
-4.980407655239105225e-02,-1.651992946863174438e-01,1.296352624893188477e+00
1.982947140932083130e-01,-2.696282863616943359e-01,4.475924670696258545e-01
5.532608032226562500e-01,-2.868489325046539307e-01,2.468963526189327240e-02
-3.059945106506347656e-01,1.065618693828582764e-01,1.696743667125701904e-01
-6.873300075531005859e-01,1.782059818506240845e-01,6.842217445373535156e-01
-2.926376275718212128e-02,5.234945192933082581e-02,1.376177906990051270e+00
7.083740085363388062e-03,-1.097693592309951782e-01,1.299091339111328125e+00
-6.605517864227294922e-01,1.888600885868072510e-01,5.734606981277465820e-01
3.156292438507080078e-01,-3.012657165527343750e-03,7.733285427093505859e-01
-3.014755249023437500e-02,4.025128532703092787e-07,1.327542781829833984e+00
-4.291975498199462891e-01,4.444400668144226074e-01,6.443492174148559570e-01
8.526898026466369629e-01,-4.649530649185180664e-01,1.841440200805664062e-01
7.266865968704223633e-01,-3.310177326202392578e-01,3.583245873451232910e-01
-5.399568080902099609e-01,1.985954195261001587e-01,4.444763064384460449e-02
-7.100004553794860840e-01,2.128067016601562500e-01,4.262264966964721680e-01
-1.814816296100616455e-01,4.942726343870162964e-02,1.466577053070068359e+00
-6.209960952401161194e-02,4.977650567889213562e-02,1.455897569656372070e+00
5.969914197921752930e-01,-4.822090864181518555e-01,8.984599113464355469e-01
8.570253849029541016e-01,-5.001218318939208984e-01,6.768147349357604980e-01
-7.397788763046264648e-01,4.459891319274902344e-01,5.260356068611145020e-01
-2.046369910240173340e-01,2.638264000415802002e-01,2.680776119232177734e-01
3.132531642913818359e-01,-3.787532746791839600e-01,3.442089557647705078e-01
6.464362144470214844e-01,-1.518813818693161011e-01,4.394805729389190674e-01
3.432412743568420410e-01,-5.303511396050453186e-02,2.915902137756347656e-01
4.634270370006561279e-01,-2.866489887237548828e-01,6.403190493583679199e-01
7.298188209533691406e-01,-2.942262291908264160e-01,5.862719416618347168e-01
-8.564240336418151855e-01,3.579955101013183594e-01,1.777676343917846680e-01
-3.419825732707977295e-01,-1.259192079305648804e-01,1.048752784729003906e+00
-1.553958058357238770e-01,2.715686261653900146e-01,9.046483039855957031e-01
7.664229869842529297e-01,-2.894825637340545654e-01,3.682449162006378174e-01
-6.380343437194824219e-01,1.906777918338775635e-01,3.605251908302307129e-01
3.530737161636352539e-01,-3.525329232215881348e-01,8.307888507843017578e-01
-1.124325543642044067e-01,9.844635426998138428e-02,1.474468708038330078e+00
1.793043464422225952e-01,2.210337817668914795e-01,1.294549345970153809e+00
1.538527011871337891e-01,-2.546055912971496582e-01,8.103506565093994141e-01
6.064634323120117188e-01,-2.320938408374786377e-01,6.997131556272506714e-02
-7.135109305381774902e-01,2.286939620971679688e-01,2.800610363483428955e-01
