8.984237313270568848e-01,5.907714366912841797e-01,7.591500282287597656e-01
-9.278096556663513184e-01,-6.676042079925537109e-01,2.687506079673767090e-01
2.674652077257633209e-02,-3.925418257713317871e-01,1.289244532585144043e+00
2.937441468238830566e-01,-2.052085399627685547e-01,5.060913041234016418e-02
-1.543109714984893799e-01,2.662696838378906250e-01,7.012411355972290039e-01
5.981183052062988281e-01,5.254026055335998535e-01,2.518463134765625000e-02
2.346052527427673340e-01,3.266245126724243164e-01,1.331629872322082520e+00
-4.451665878295898438e-01,-4.465106129646301270e-01,7.273597717285156250e-01
3.741040229797363281e-01,-8.464037626981735229e-02,6.728588938713073730e-01
-3.455170989036560059e-01,1.124716997146606445e-01,1.257118225097656250e+00
-5.025512576103210449e-01,-2.578516006469726562e-01,1.324874907732009888e-01
1.086044386029243469e-01,3.050124645233154297e-01,2.284445166587829590e-01
4.891108572483062744e-01,-1.634298861026763916e-01,1.314581394195556641e+00
-6.491200625896453857e-02,-3.144237995147705078e-01,4.087103307247161865e-01
4.389983415603637695e-01,4.296839237213134766e-01,6.065641641616821289e-01
1.041378736495971680e+00,5.001394748687744141e-01,2.899429202079772949e-01
6.508986949920654297e-01,1.515916734933853149e-01,2.784475684165954590e-01
3.100769035518169403e-02,-6.555403023958206177e-02,9.665064811706542969e-01
-2.884464263916015625e-01,1.311572790145874023e-01,2.906524538993835449e-01
-8.720418214797973633e-01,-4.192323684692382812e-01,6.575424075126647949e-01
-5.108591914176940918e-01,-2.450479865074157715e-01,1.109260559082031250e+00
1.478242427110671997e-01,4.567533731460571289e-02,1.582970738410949707e+00
-3.781354427337646484e-01,-4.224390909075737000e-02,6.406869292259216309e-01
-7.441299408674240112e-02,3.324796259403228760e-01,1.118476390838623047e+00
6.775695681571960449e-01,2.782208621501922607e-01,8.533084392547607422e-01
-5.995840430259704590e-01,-4.953334033489227295e-01,3.921840190887451172e-01
-8.236680030822753906e-01,-3.897746205329895020e-01,6.433227658271789551e-02
7.419875860214233398e-01,5.846734046936035156e-01,4.419221282005310059e-01
1.524800062179565430e-01,2.769582271575927734e-01,8.630559444427490234e-01
1.333129871636629105e-02,-5.168418213725090027e-02,2.071223258972167969e-01
3.592939376831054688e-01,1.344680754300497938e-06,3.420754969120025635e-01
-1.532148271799087524e-01,-2.857096195220947266e-01,7.284497022628784180e-01
-1.984126269817352295e-01,-1.788596063852310181e-01,1.155475497245788574e+00
4.389981031417846680e-01,4.296836853027343750e-01,2.791766226291656494e-01
1.108990088105201721e-01,2.480771541595458984e-01,5.448620319366455078e-01
8.424079418182373047e-01,3.506444990634918213e-01,8.785521984100341797e-02
5.359384417533874512e-01,1.379036903381347656e-01,5.567638874053955078e-01
-3.644567728042602539e-01,-2.739133834838867188e-01,3.930053710937500000e-01
-6.096239089965820312e-01,-2.526605129241943359e-01,5.787926912307739258e-01
8.424074649810791016e-01,3.506442606449127197e-01,5.857098102569580078e-01
8.517672419548034668e-01,6.683178544044494629e-01,1.441862583160400391e-01
2.883313894271850586e-01,-2.567143440246582031e-01,4.509985148906707764e-01
-2.253034859895706177e-01,6.779408454895019531e-02,8.967833518981933594e-01
2.017163038253784180e-01,-2.008585929870605469e-01,1.152345657348632812e+00
3.047169446945190430e-01,5.350395664572715759e-02,1.340080142021179199e+00
4.161862134933471680e-01,3.424417674541473389e-01,8.928780555725097656e-01
2.702728286385536194e-02,5.071600675582885742e-01,1.300438284873962402e+00
-9.072282314300537109e-01,-6.613941192626953125e-01,5.362577438354492188e-01
-7.965562343597412109e-01,-3.217501342296600342e-01,3.640841543674468994e-01
6.077787876129150391e-01,5.268129110336303711e-01,8.056588768959045410e-01
1.161909922957420349e-01,-1.167340278625488281e-01,6.376272439956665039e-01
1.038259267807006836e+00,5.171884298324584961e-01,5.436071753501892090e-01
-4.832036793231964111e-01,-1.324298381805419922e-01,8.492593169212341309e-01
8.041441440582275391e-01,3.568626642227172852e-01,3.384667932987213135e-01
-6.106246635317802429e-02,1.638118773698806763e-01,3.863935470581054688e-01
4.272130727767944336e-01,1.001479625701904297e-01,8.385319113731384277e-01
-2.158813476562500000e-01,-1.346673965454101562e-01,2.360842823982238770e-01
5.173964500427246094e-01,2.839537262916564941e-01,1.026785224676132202e-01
-6.375821828842163086e-01,-5.000717639923095703e-01,1.610250771045684814e-01
2.694127559661865234e-01,3.702795207500457764e-01,4.262252748012542725e-01
-3.334301710128784180e-01,-3.271317183971405029e-01,9.870867729187011719e-01
7.140043377876281738e-01,6.757650375366210938e-01,6.515005230903625488e-01
4.169048964977264404e-01,-2.534437179565429688e-02,1.227432191371917725e-01
-9.950928688049316406e-01,-4.941658675670623779e-01,4.085064530372619629e-01
9.419465065002441406e-01,6.870797872543334961e-01,4.043090641498565674e-01
2.262557893991470337e-01,5.245208853921212722e-07,8.300693035125732422e-01
-3.587689101696014404e-01,-4.526352882385253906e-02,4.191522002220153809e-01
-6.375825405120849609e-01,-5.000720024108886719e-01,6.303632855415344238e-01
1.797649860382080078e-01,9.090472012758255005e-02,2.075268477201461792e-01
-1.458908058702945709e-02,1.356535255908966064e-01,8.979811668395996094e-01
-1.282862871885299683e-01,-2.641816735267639160e-01,9.616401195526123047e-01
-3.738493323326110840e-01,-6.087959930300712585e-02,1.111271381378173828e+00
6.696219444274902344e-01,5.406053066253662109e-01,2.443643063306808472e-01
-2.228210307657718658e-02,-2.588696777820587158e-01,2.066237926483154297e-01
3.361291289329528809e-01,2.594098448753356934e-01,2.133595943450927734e-01
1.135769933462142944e-01,-1.815993785858154297e-01,3.653900027275085449e-01
6.684383749961853027e-01,2.742228507995605469e-01,4.705978333950042725e-01
2.808317244052886963e-01,3.280603885650634766e-01,6.880711317062377930e-01
-2.218539714813232422e-01,4.476181790232658386e-02,5.496792197227478027e-01
-8.028941154479980469e-01,-5.289444923400878906e-01,3.658905029296875000e-01
-2.627920508384704590e-01,-2.875182032585144043e-01,5.615167617797851562e-01
-9.910404682159423828e-01,-4.951644539833068848e-01,1.983621120452880859e-01
-9.805343300104141235e-02,-3.672526478767395020e-01,1.124105095863342285e+00
-5.535857677459716797e-01,-2.770703136920928955e-01,3.189330995082855225e-01
-1.878239363431930542e-01,2.254785746335983276e-01,1.260257959365844727e+00
2.098342627286911011e-01,-1.107382774353027344e-01,2.130554169416427612e-01
-1.491546630859375000e-03,-1.936937272548675537e-01,8.059197664260864258e-01
-4.858608245849609375e-01,-4.076790809631347656e-01,5.217751860618591309e-01
-7.858318090438842773e-01,-5.814599990844726562e-01,7.399383187294006348e-02
9.002134799957275391e-01,6.985179185867309570e-01,6.028298735618591309e-01
2.281087823212146759e-02,1.683518886566162109e-01,6.918830871582031250e-01
6.615565419197082520e-01,2.405126094818115234e-01,6.543018817901611328e-01
-6.416946053504943848e-01,-3.449044227600097656e-01,4.535460472106933594e-02
3.901843428611755371e-01,-1.685605049133300781e-01,2.740142643451690674e-01
2.195701599121093750e-01,-8.962133526802062988e-02,4.865473806858062744e-01
5.958961248397827148e-01,4.957091808319091797e-01,5.092628598213195801e-01
9.289005994796752930e-01,4.116723537445068359e-01,7.403169274330139160e-01
-1.799139976501464844e-01,2.276610732078552246e-01,5.272105336189270020e-01
9.472343921661376953e-01,5.023481845855712891e-01,1.370254456996917725e-01
-6.992176175117492676e-02,1.071386337280273438e-01,2.128225713968276978e-01
7.891489863395690918e-01,4.183652698993682861e-01,8.630216121673583984e-01
-3.313201963901519775e-01,-2.713317871093750000e-01,7.365142703056335449e-01
-7.834200263023376465e-01,-5.888814926147460938e-01,6.793044805526733398e-01
-1.234211698174476624e-01,4.768371582031250000e-07,1.022767424583435059e+00
-4.858609139919281006e-01,-4.076790809631347656e-01,2.233865261077880859e-01
4.806243777275085449e-01,1.555196046829223633e-01,2.151894569396972656e-01
6.655218601226806641e-01,3.434545695781707764e-01,3.255724906921386719e-02
-6.145939230918884277e-01,-3.679355680942535400e-01,7.360115051269531250e-01
9.315769672393798828e-01,4.049449861049652100e-01,4.412939250469207764e-01
3.988921642303466797e-01,8.384137600660324097e-02,6.665072441101074219e-01
5.536494851112365723e-01,2.880496978759765625e-01,2.963446080684661865e-01
-6.582611054182052612e-02,-2.765889167785644531e-01,5.703762769699096680e-01
2.720048129558563232e-01,4.120502471923828125e-01,2.204006910324096680e-01
7.852963209152221680e-01,5.468606948852539062e-01,5.342555046081542969e-02
4.389978349208831787e-01,4.296832084655761719e-01,1.048016324639320374e-01
-4.917192459106445312e-01,-1.876301765441894531e-01,4.542027115821838379e-01
5.428754687309265137e-01,1.785190105438232422e-01,7.500927448272705078e-01
-3.669919967651367188e-01,-2.245211601257324219e-02,8.158114552497863770e-01
3.815728724002838135e-01,1.688811779022216797e-01,1.258364319801330566e+00
5.298736095428466797e-01,1.023945808410644531e-01,3.722888231277465820e-01
-2.301974296569824219e-01,4.462731257081031799e-02,7.094573974609375000e-01
-1.588476598262786865e-01,2.084534466266632080e-01,8.503062725067138672e-01
-8.761016130447387695e-01,-4.351549148559570312e-01,4.992355108261108398e-01
-7.375135421752929688e-01,-3.373098373413085938e-01,6.368856430053710938e-01
1.097857654094696045e-01,2.757034301757812500e-01,3.839569091796875000e-01
9.177401065826416016e-01,3.384017348289489746e-01,2.258624285459518433e-01
8.048046827316284180e-01,6.524460315704345703e-01,2.935516238212585449e-01
7.796013951301574707e-01,2.598695755004882812e-01,2.190523147583007812e-01
-6.946122646331787109e-01,-3.366362750530242920e-01,2.494445741176605225e-01
-5.972686409950256348e-01,-1.867396831512451172e-01,7.164297103881835938e-01
-2.150778770446777344e-01,4.487094655632972717e-02,3.922332823276519775e-01
-4.262965321540832520e-01,-1.923670321702957153e-01,9.769303798675537109e-01
4.216673672199249268e-01,5.990624427795410156e-02,4.699424505233764648e-01
-2.131948769092559814e-01,-2.748599648475646973e-01,4.047527313232421875e-01
-4.257247745990753174e-01,-3.701583743095397949e-01,1.109260559082031250e+00
-3.989321291446685791e-01,-2.855045795440673828e-01,2.434130758047103882e-01
-1.501632668077945709e-02,2.786743044853210449e-01,8.498222827911376953e-01
1.251827925443649292e-01,-2.837779819965362549e-01,1.253853917121887207e+00
4.389981031417846680e-01,4.296836853027343750e-01,4.560560584068298340e-01
1.427604705095291138e-01,2.240179330110549927e-01,1.271525144577026367e+00
-6.946122646331787109e-01,-3.366362452507019043e-01,4.878057837486267090e-01
2.521479725837707520e-01,-2.334044575691223145e-01,5.929691791534423828e-01
8.210685253143310547e-01,4.505865573883056641e-01,2.213781625032424927e-01
5.467723011970520020e-01,4.149577915668487549e-01,8.804321289062500000e-01
-7.834194898605346680e-01,-5.888812541961669922e-01,5.015450716018676758e-01
6.755926609039306641e-01,3.777546882629394531e-01,5.753768682479858398e-01
2.583765983581542969e-01,9.671204537153244019e-02,1.501322507858276367e+00
5.958964228630065918e-01,4.957094192504882812e-01,3.625094592571258545e-01
3.279418945312500000e-01,5.362040549516677856e-02,2.077371180057525635e-01
5.897614955902099609e-01,5.214927196502685547e-01,6.524853110313415527e-01
1.022839322686195374e-01,3.835908472537994385e-01,1.328260660171508789e+00
6.615567803382873535e-01,2.405128479003906250e-01,1.329284608364105225e-01
5.118534564971923828e-01,2.046451866626739502e-01,8.895294666290283203e-01
-1.536209732294082642e-01,-2.785050868988037109e-01,2.613238394260406494e-01
-9.950928688049316406e-01,-4.941657185554504395e-01,5.532908439636230469e-01
4.008737206459045410e-01,-5.349894985556602478e-02,1.340231537818908691e+00
1.170545667409896851e-01,-9.529733657836914062e-02,7.789442539215087891e-01
7.698022127151489258e-01,4.941320419311523438e-01,5.488609075546264648e-01
-8.720417618751525879e-01,-4.192321300506591797e-01,2.202392518520355225e-01
-3.430601060390472412e-01,-1.746377944946289062e-01,5.959005355834960938e-01
7.896409630775451660e-01,3.185112476348876953e-01,7.142072916030883789e-01
-3.564355373382568359e-01,-2.458516955375671387e-01,1.103064775466918945e+00
9.528870582580566406e-01,6.108703017234802246e-01,2.287249714136123657e-01
1.094125360250473022e-01,2.849545478820800781e-01,7.280843853950500488e-01
-7.821506857872009277e-01,-5.392916202545166016e-01,2.262310683727264404e-01
7.377474904060363770e-01,5.782781243324279785e-01,8.065366744995117188e-01
2.895219326019287109e-01,1.449584942747605965e-06,5.675021409988403320e-01
-3.075904846191406250e-01,-4.338091611862182617e-02,2.883007824420928955e-01
-3.442593216896057129e-01,6.548087298870086670e-02,1.063902854919433594e+00
2.162082940340042114e-01,-2.297306060791015625e-02,6.943389773368835449e-01
-2.262078821659088135e-01,-3.067641556262969971e-01,1.112411975860595703e+00
-2.912225425243377686e-01,-1.661198735237121582e-01,4.342842102050781250e-01
-5.271415710449218750e-01,-4.172627925872802734e-01,6.227020174264907837e-02
-4.917189776897430420e-01,-1.876299381256103516e-01,6.010156273841857910e-01
-9.633886814117431641e-01,-6.436452269554138184e-01,3.980081081390380859e-01
1.027546674013137817e-01,6.822654604911804199e-02,8.834433555603027344e-01
-4.072693288326263428e-01,-3.598198890686035156e-01,6.214218139648437500e-01
3.563369810581207275e-01,5.288097213451692369e-07,7.820448875427246094e-01
-7.902862131595611572e-02,-1.266263127326965332e-01,1.037863492965698242e+00
-1.895368099212646484e-01,4.528325051069259644e-02,2.067272961139678955e-01
-2.269760072231292725e-01,-6.181788444519042969e-02,1.082173347473144531e+00
-9.040787220001220703e-01,-5.888339877128601074e-01,1.601159572601318359e-01
2.287525683641433716e-02,1.603689193725585938e-01,4.966648817062377930e-01
2.784673571586608887e-01,3.505563735961914062e-01,5.577788949012756348e-01
5.465121269226074219e-01,3.230102062225341797e-01,4.778605401515960693e-01
1.141557395458221436e-01,-1.672418117523193359e-01,4.958492815494537354e-01
-6.717570871114730835e-02,2.207407951354980469e-01,6.143072247505187988e-01
-1.718912124633789062e-01,1.367950290441513062e-01,6.256527304649353027e-01
7.343485355377197266e-01,6.095407009124755859e-01,1.560793966054916382e-01
-1.604325026273727417e-01,1.578195095062255859e-01,3.047830164432525635e-01
4.893584921956062317e-02,1.551533639430999756e-01,2.074999809265136719e-01
1.929956823587417603e-01,3.425900936126708984e-01,3.151666224002838135e-01
-4.917192757129669189e-01,-1.876301765441894531e-01,2.372125238180160522e-01
3.782529830932617188e-01,-1.691878437995910645e-01,3.997094631195068359e-01
8.041441440582275391e-01,3.568626940250396729e-01,4.657856523990631104e-01
-9.341430664062500000e-02,-1.551073640584945679e-01,2.065780162811279297e-01
2.719418406486511230e-01,-1.604041010141372681e-01,3.161668777465820312e-01
8.453582227230072021e-02,-1.551458090543746948e-01,2.071413993835449219e-01
3.751506805419921875e-01,3.822550177574157715e-01,7.505689859390258789e-01
9.922242760658264160e-01,6.118596792221069336e-01,6.791610717773437500e-01
-1.501640975475311279e-01,-3.397452831268310547e-01,4.965066313743591309e-01
-6.252617835998535156e-01,-2.689526975154876709e-01,1.491644233465194702e-01
7.079840898513793945e-01,3.997094631195068359e-01,2.282559126615524292e-01
1.007264018058776855e+00,5.820336341857910156e-01,3.985195755958557129e-01
2.211679331958293915e-02,-2.544674873352050781e-01,3.247729539871215820e-01
2.889500260353088379e-01,2.158647328615188599e-01,1.334438800811767578e+00
-5.499042272567749023e-01,-5.116407871246337891e-01,5.041558742523193359e-01
5.152545571327209473e-01,4.761209487915039062e-01,1.894519031047821045e-01
-1.612505912780761719e-01,-3.065365850925445557e-01,8.510271906852722168e-01
2.260593883693218231e-02,-1.938223838806152344e-01,6.200960874557495117e-01
-4.941972196102142334e-01,-3.632006645202636719e-01,4.081552028656005859e-01
-7.132966518402099609e-01,-4.430569112300872803e-01,3.417873382568359375e-02
3.934510052204132080e-01,-1.448554992675781250e-01,1.158380135893821716e-01
-9.128006696701049805e-01,-4.709937572479248047e-01,1.080636605620384216e-01
-2.843260169029235840e-01,5.722046125811175443e-07,9.810192584991455078e-01
3.530710041522979736e-01,4.378745555877685547e-01,3.642169237136840820e-01
-2.966046035289764404e-01,-1.168247014284133911e-01,1.189683437347412109e+00
8.048046827316284180e-01,6.524460315704345703e-01,5.195971727371215820e-01
4.891525208950042725e-02,-3.569985926151275635e-01,1.176485300064086914e+00
-7.375142574310302734e-01,-3.373100757598876953e-01,1.373687684535980225e-01
-6.432011127471923828e-01,-4.780416488647460938e-01,2.786572277545928955e-01
3.324236869812011719e-01,-1.721452474594116211e-01,5.288310050964355469e-01
2.221326716244220734e-02,-2.425601482391357422e-01,4.822897315025329590e-01
-2.785301208496093750e-01,5.435944103737710975e-07,1.169322252273559570e+00
6.684385538101196289e-01,2.742228507995605469e-01,3.203729093074798584e-01
-1.715791225433349609e-01,1.368101239204406738e-01,7.587588429450988770e-01
9.315772056579589844e-01,4.049451351165771484e-01,3.206695616245269775e-01
5.695350170135498047e-01,2.356746643781661987e-01,3.992455899715423584e-01
-9.973709583282470703e-01,-5.626243352890014648e-01,2.929354906082153320e-01
-6.687574088573455811e-02,2.331852912902832031e-01,4.840545654296875000e-01
7.393414378166198730e-01,4.425347447395324707e-01,3.061485290527343750e-02
-8.546047210693359375e-01,-6.322302818298339844e-01,3.544915616512298584e-01
-1.552503108978271484e-01,2.296521365642547607e-01,4.019106924533843994e-01
9.610618352890014648e-01,5.040216445922851562e-01,8.033921718597412109e-01
4.520618915557861328e-01,-8.212755620479583740e-02,2.159164398908615112e-01
-9.123086929321289062e-01,-4.437533617019653320e-01,3.247231841087341309e-01
-2.354829609394073486e-01,-3.494138717651367188e-01,6.815069317817687988e-01
1.259367316961288452e-01,-6.803474575281143188e-02,8.893716335296630859e-01
-3.727386519312858582e-02,-1.997571289539337158e-01,9.399752616882324219e-01
-4.438892900943756104e-01,-3.547253310680389404e-01,1.320641040802001953e-01
3.214079737663269043e-01,-5.798816680908203125e-02,1.919125318527221680e-01
1.034179627895355225e-01,1.410532146692276001e-01,1.545371532440185547e+00
-1.662499904632568359e-01,1.370678693056106567e-01,4.638604521751403809e-01
7.462615966796875000e-01,2.920948565006256104e-01,5.820251107215881348e-01
2.701997458934783936e-01,-1.506794691085815430e-01,6.650779247283935547e-01
-7.571793794631958008e-01,-4.262938499450683594e-01,5.737161040306091309e-01
4.430261254310607910e-01,5.171919614076614380e-02,2.099194526672363281e-01
1.968424171209335327e-01,2.896308898925781250e-01,6.004830598831176758e-01
6.790867447853088379e-01,4.168179929256439209e-01,8.709278106689453125e-01
8.262518048286437988e-01,5.098891258239746094e-01,7.778265476226806641e-01
-4.492494463920593262e-01,-8.768081665039062500e-02,7.546865940093994141e-01
3.718899488449096680e-01,3.624110221862792969e-01,1.999156475067138672e-01
7.842674255371093750e-01,5.525843501091003418e-01,2.386959791183471680e-01
-1.289141774177551270e-01,-5.167278647422790527e-02,2.067353725433349609e-01
-6.666380912065505981e-02,-2.419319152832031250e-01,6.740795969963073730e-01
3.714434802532196045e-01,1.554010212421417236e-01,2.127285003662109375e-01
9.762437343597412109e-01,6.039005517959594727e-01,5.658920407295227051e-01
-7.913715839385986328e-01,-3.955590426921844482e-01,4.438909888267517090e-01
2.279534786939620972e-01,2.592155933380126953e-01,2.109205722808837891e-01
-4.917189180850982666e-01,-1.876299381256103516e-01,3.453210294246673584e-01
4.419155716896057129e-01,2.576788961887359619e-01,1.919300556182861328e-01
5.294696092605590820e-01,4.446646869182586670e-01,4.520010948181152344e-02
6.627271771430969238e-01,5.659263134002685547e-01,5.868252515792846680e-01
6.379197239875793457e-01,3.191056251525878906e-01,2.026760876178741455e-01
-5.625577569007873535e-01,-4.543848037719726562e-01,6.985525488853454590e-01
-1.127017214894294739e-01,2.896592319011688232e-01,1.217679381370544434e+00
7.462623119354248047e-01,2.920954525470733643e-01,9.133941680192947388e-02
5.420351028442382812e-01,1.736004352569580078e-01,1.293997168540954590e-01
-4.072697758674621582e-01,-3.598203659057617188e-01,3.460525572299957275e-01
1.200360059738159180e-01,-5.168158560991287231e-02,2.073717117309570312e-01
9.315762519836425781e-01,4.049446284770965576e-01,5.647535324096679688e-01
-3.503673076629638672e-01,-1.144561767578125000e-01,5.083858966827392578e-01
-6.164408922195434570e-01,-2.890329360961914062e-01,4.334777593612670898e-01
-7.174050807952880859e-01,-5.232291221618652344e-01,4.509908854961395264e-01
-3.742062151432037354e-01,-3.140838146209716797e-01,8.905820846557617188e-01
-2.517094910144805908e-01,-1.667666435241699219e-01,3.364565968513488770e-01
2.632592618465423584e-01,1.552827954292297363e-01,2.102901935577392578e-01
1.124656647443771362e-01,4.807810187339782715e-01,1.245025157928466797e+00
5.897611379623413086e-01,5.214927196502685547e-01,1.306887716054916382e-01
-4.072696268558502197e-01,-3.598198890686035156e-01,4.672267138957977295e-01
-6.946410238742828369e-02,1.260845661163330078e-01,7.362442016601562500e-01
-5.903930589556694031e-02,6.536834686994552612e-02,9.721014499664306641e-01
1.014667868614196777e+00,4.555442035198211670e-01,4.029699563980102539e-01
5.325677394866943359e-01,7.953256368637084961e-02,2.643133401870727539e-01
-7.913711071014404297e-01,-3.955588042736053467e-01,2.906567454338073730e-01
9.220609664916992188e-01,6.937186121940612793e-01,2.837792932987213135e-01
3.565509319305419922e-01,4.126217365264892578e-01,5.167049765586853027e-01
1.951035112142562866e-01,3.135745525360107422e-01,4.710911512374877930e-01
-1.501934528350830078e-01,-3.392269611358642578e-01,3.452236950397491455e-01
-4.750698506832122803e-01,-4.652557373046875000e-01,6.301013231277465820e-01
4.889587312936782837e-02,5.169330537319183350e-02,2.073526382446289062e-01
9.261727929115295410e-01,4.016540050506591797e-01,1.416955590248107910e-01
5.458712577819824219e-02,2.465918362140655518e-01,2.937948405742645264e-01
5.639129504561424255e-02,2.067441195249557495e-01,8.679215908050537109e-01
-1.581771373748779297e-01,-3.062385320663452148e-01,6.277206540107727051e-01
-5.940973758697509766e-01,-4.308899939060211182e-01,5.685650706291198730e-01
3.176758289337158203e-01,1.420974740540259518e-06,4.691358804702758789e-01
-1.557124257087707520e-01,-2.949094474315643311e-01,1.185365676879882812e+00
8.578717708587646484e-01,2.776303291320800781e-01,3.041848540306091309e-01
-6.477231532335281372e-02,-3.202056884765625000e-01,2.869967520236968994e-01
4.293189048767089844e-01,8.286061882972717285e-02,5.683335661888122559e-01
8.559268116950988770e-01,4.466675221920013428e-01,5.891370773315429688e-02
-7.178306579589843750e-01,-2.584686279296875000e-01,4.279827773571014404e-01
2.100865691900253296e-01,-1.072633266448974609e-01,3.757101297378540039e-01
-7.184939980506896973e-01,-5.194694995880126953e-01,5.706487894058227539e-01
1.014667987823486328e+00,4.555443823337554932e-01,1.952792257070541382e-01
1.964727789163589478e-01,1.374089866876602173e-01,1.582929611206054688e+00
5.286453962326049805e-01,4.105267524719238281e-01,5.228484869003295898e-01
-6.675631552934646606e-02,2.381265163421630859e-01,7.402575612068176270e-01
-8.416283130645751953e-01,-6.243280768394470215e-01,2.429171651601791382e-01
2.293720655143260956e-02,1.526799201965332031e-01,3.048590123653411865e-01
1.115895882248878479e-01,2.309422492980957031e-01,6.446606516838073730e-01
-5.170089751482009888e-02,-3.413813710212707520e-01,1.256251096725463867e+00
8.048050403594970703e-01,6.524462699890136719e-01,4.057546854019165039e-01
-8.546047806739807129e-01,-6.322305202484130859e-01,6.150498986244201660e-01
7.419877648353576660e-01,5.846734046936035156e-01,3.273107707500457764e-01
-7.448617219924926758e-01,-3.430741727352142334e-01,2.919721603393554688e-02
5.552749335765838623e-02,-1.358369290828704834e-01,8.951373100280761719e-01
-9.913604259490966797e-01,-5.643126964569091797e-01,4.853384196758270264e-01
2.284457162022590637e-02,1.641547679901123047e-01,5.937698483467102051e-01
6.593365669250488281e-01,5.343419909477233887e-01,4.374447464942932129e-01
5.987138152122497559e-01,2.086993604898452759e-01,8.477256298065185547e-01
-2.655270397663116455e-01,1.684412211179733276e-01,1.262905001640319824e+00
6.420631408691406250e-01,2.286419272422790527e-01,5.510752797126770020e-01
3.241089284420013428e-01,-8.369326591491699219e-02,9.022033214569091797e-02
-6.110556721687316895e-01,-2.603018283843994141e-01,2.439596503973007202e-01
5.766701698303222656e-01,1.563817709684371948e-01,4.525076150894165039e-01
8.740741014480590820e-01,5.565370917320251465e-01,1.074528694152832031e-01
3.595036864280700684e-01,3.911960124969482422e-01,6.434365510940551758e-01
-1.419766247272491455e-01,-1.863143295049667358e-01,1.078626155853271484e+00
-6.375823020935058594e-01,-5.000717639923095703e-01,4.646301269531250000e-02
-4.089393615722656250e-01,-1.257805824279785156e-01,1.050905942916870117e+00
5.152543783187866211e-01,4.761207103729248047e-01,6.902199983596801758e-01
-5.675151944160461426e-01,-4.319517612457275391e-01,3.110974133014678955e-01
3.732419013977050781e-01,1.252535867024562322e-06,6.110354661941528320e-01
5.206143260002136230e-01,4.498655796051025391e-01,3.959872424602508545e-01
-6.985320150852203369e-02,1.100101470947265625e-01,3.095077574253082275e-01
-2.631865739822387695e-01,3.756928443908691406e-02,7.969071865081787109e-01
1.980638802051544189e-01,2.728116512298583984e-01,7.002909779548645020e-01
-2.105898857116699219e-01,4.494340717792510986e-02,2.986880540847778320e-01
1.963793933391571045e-01,-1.543980538845062256e-01,6.074578762054443359e-01
8.496801853179931641e-01,6.704208850860595703e-01,7.533216476440429688e-01
4.108264446258544922e-01,-8.345670253038406372e-02,3.064263761043548584e-01
-6.432009935379028320e-01,-4.780416488647460938e-01,4.849902093410491943e-01
-6.230127811431884766e-01,-5.572001934051513672e-01,3.265679776668548584e-01
-5.625573396682739258e-01,-4.543845653533935547e-01,1.917388886213302612e-01
8.722295761108398438e-01,6.935054063796997070e-01,4.653249979019165039e-01
1.917667090892791748e-01,3.595120906829833984e-01,2.242321670055389404e-01
-2.985717654228210449e-01,1.175984144210815430e-01,1.177668452262878418e+00
-1.935949325561523438e-01,2.265566438436508179e-01,6.221435666084289551e-01
2.890798747539520264e-01,-7.349042594432830811e-02,7.200536727905273438e-01
-1.502453535795211792e-01,6.581275910139083862e-02,9.583053588867187500e-01
-2.231158465147018433e-01,1.696408241987228394e-01,3.712298870086669922e-01
-5.675150752067565918e-01,-4.319517612457275391e-01,4.599859416484832764e-01
-7.068097591400146484e-01,-2.597165703773498535e-01,5.368514657020568848e-01
4.276815652847290039e-01,4.214755892753601074e-01,8.471398353576660156e-01
3.513835370540618896e-01,4.501218795776367188e-01,2.467660456895828247e-01
3.462939262390136719e-01,-8.553676307201385498e-02,5.559037923812866211e-01
-4.907145500183105469e-01,-3.817813396453857422e-01,3.150955140590667725e-01
-7.174052000045776367e-01,-5.232291221618652344e-01,3.340274095535278320e-01
5.640200972557067871e-01,3.459434509277343750e-01,5.452728271484375000e-02
-7.111384272575378418e-01,-5.448648929595947266e-01,1.311169415712356567e-01
-6.267919540405273438e-01,-3.465394079685211182e-01,5.579092502593994141e-01
5.285067558288574219e-01,4.016586244106292725e-01,2.400497347116470337e-01
6.209167242050170898e-01,3.448282480239868164e-01,8.781931400299072266e-01
2.737179994583129883e-01,3.957498073577880859e-01,3.097476065158843994e-01
4.123224020004272461e-01,-7.911682128906250000e-03,7.025961279869079590e-01
5.351886749267578125e-01,1.590585410594940186e-01,6.618177890777587891e-01
2.206240594387054443e-02,2.612707614898681641e-01,7.338638305664062500e-01
2.028779387474060059e-01,-2.065167427062988281e-01,5.219143629074096680e-01
6.656564474105834961e-01,2.456295937299728394e-01,4.265475273132324219e-02
-6.172027587890625000e-01,-3.479398190975189209e-01,2.039578258991241455e-01
6.627277135848999023e-01,5.659265518188476562e-01,1.013912931084632874e-01
6.318758726119995117e-01,4.421622455120086670e-01,2.806091308593750000e-02
-3.967306613922119141e-01,-1.259196400642395020e-01,6.674944758415222168e-01
3.036468029022216797e-01,-1.597966849803924561e-01,1.329348683357238770e-01
5.152545571327209473e-01,4.761209487915039062e-01,5.992135405540466309e-01
-8.546046018600463867e-01,-6.322302818298339844e-01,4.690745472908020020e-01
6.863032579421997070e-01,4.793369770050048828e-01,5.772624015808105469e-01
-2.643897831439971924e-01,2.402710914611816406e-02,6.255441308021545410e-01
-9.212598800659179688e-01,-5.840072631835937500e-01,5.785606503486633301e-01
-3.906726241111755371e-01,-2.174797058105468750e-01,4.564245641231536865e-01
7.343489527702331543e-01,6.095411777496337891e-01,5.525777935981750488e-01
6.627277135848999023e-01,5.659265518188476562e-01,6.759502887725830078e-01
2.286107465624809265e-02,-1.621360778808593750e-01,7.268197536468505859e-01
4.413571357727050781e-01,4.158692359924316406e-01,7.024421691894531250e-01
5.904018878936767578e-01,1.554650366306304932e-01,2.140698432922363281e-01
-8.879743814468383789e-01,-4.817030429840087891e-01,4.250256121158599854e-01
-4.418879747390747070e-01,-1.833394616842269897e-01,1.109260559082031250e+00
-7.111383676528930664e-01,-5.448646545410156250e-01,6.546224951744079590e-01
6.634140610694885254e-01,2.496111392974853516e-01,7.715151906013488770e-01
7.398930191993713379e-01,4.902503788471221924e-01,8.634121417999267578e-01
3.525198400020599365e-01,3.519796729087829590e-01,8.341932296752929688e-01
-7.834191918373107910e-01,-5.888810157775878906e-01,5.897372364997863770e-01
-2.367803901433944702e-01,-5.186591669917106628e-02,2.189736366271972656e-01
-5.213464498519897461e-01,-3.796966075897216797e-01,7.159879803657531738e-01
-2.576710581779479980e-01,-2.351769059896469116e-01,1.185429692268371582e+00
4.389980137348175049e-01,4.296836853027343750e-01,1.917758136987686157e-01
5.958963036537170410e-01,4.957091808319091797e-01,2.756085097789764404e-01
8.692135810852050781e-01,4.171543121337890625e-01,3.797473013401031494e-01
8.048044443130493164e-01,6.524457931518554688e-01,6.063516139984130859e-01
7.588324546813964844e-01,2.173191010951995850e-01,2.916812002658843994e-01
-3.748402595520019531e-01,-4.229712486267089844e-02,5.497103929519653320e-01
8.424079418182373047e-01,3.506444990634918213e-01,1.851403713226318359e-01
7.708596587181091309e-01,3.426708281040191650e-01,2.563810348510742188e-02
4.389984309673309326e-01,4.296839237213134766e-01,3.672021329402923584e-01
7.281906008720397949e-01,3.460782468318939209e-01,8.704986572265625000e-01
-6.189620867371559143e-02,2.053090929985046387e-01,8.827025890350341797e-01
2.290426753461360931e-02,1.567437648773193359e-01,4.004101455211639404e-01
-7.111383676528930664e-01,-5.448646545410156250e-01,4.603241011500358582e-02
-2.105767726898193359e-01,2.251857072114944458e-01,7.498548626899719238e-01
-1.104467734694480896e-01,1.386553496122360229e-01,8.513560295104980469e-01
6.696215867996215820e-01,5.406053066253662109e-01,3.301861584186553955e-01
-4.922164380550384521e-01,-1.908547878265380859e-01,7.888473272323608398e-01
-2.648055851459503174e-01,1.934361457824707031e-02,4.552716016769409180e-01
3.219826817512512207e-01,6.346297264099121094e-02,8.253735303878784180e-01
-7.834196090698242188e-01,-5.888812541961669922e-01,1.582321077585220337e-01
9.261718392372131348e-01,4.016532897949218750e-01,6.569464206695556641e-01
4.634112417697906494e-01,2.731396853923797607e-01,8.925204277038574219e-01
5.206142067909240723e-01,4.498653411865234375e-01,3.078714013099670410e-01
9.870650768280029297e-01,6.006713509559631348e-01,3.195980787277221680e-01
7.343484163284301758e-01,6.095407009124755859e-01,7.276306301355361938e-02
9.396667480468750000e-01,6.878407001495361328e-01,5.307168364524841309e-01
4.669927954673767090e-01,3.519769608974456787e-01,1.078033447265625000e-01
3.013778626918792725e-01,-1.325855255126953125e-01,2.442010492086410522e-01
5.650607347488403320e-01,2.740823626518249512e-01,8.852398395538330078e-01
8.048050403594970703e-01,6.524462699890136719e-01,2.101922631263732910e-01
3.608810901641845703e-01,-8.506659418344497681e-02,3.718426525592803955e-01
-4.770678579807281494e-01,-1.320716142654418945e-01,9.534151554107666016e-01
8.248081803321838379e-01,3.528314828872680664e-01,8.289461135864257812e-01
-7.420714944601058960e-02,-2.961744070053100586e-01,1.177587509155273438e+00
1.756936609745025635e-01,2.703056633472442627e-01,1.336754798889160156e+00
8.426185250282287598e-01,4.317164123058319092e-01,7.948248386383056641e-01
-9.123086929321289062e-01,-4.437533020973205566e-01,5.718925595283508301e-01
8.081223964691162109e-01,5.887474417686462402e-01,7.668268680572509766e-01
3.739387392997741699e-01,-1.104307547211647034e-01,1.288763761520385742e+00
1.996046453714370728e-01,-7.850763201713562012e-02,5.644271373748779297e-01
7.786437869071960449e-02,4.935264996674959548e-07,9.194614887237548828e-01
3.168044984340667725e-02,6.697627902030944824e-02,9.223878383636474609e-01
-5.778684616088867188e-01,-4.637083411216735840e-01,1.049761921167373657e-01
-8.236680030822753906e-01,-3.897746205329895020e-01,1.626089513301849365e-01
-5.144235491752624512e-01,-3.348164558410644531e-01,9.818084537982940674e-02
1.014667749404907227e+00,4.555442035198211670e-01,4.976849257946014404e-01
1.034317612648010254e+00,5.182273983955383301e-01,4.491946399211883545e-01
1.865522712469100952e-01,-2.299685627222061157e-01,1.225610256195068359e+00
-3.270118534564971924e-01,-1.804543882608413696e-01,1.139027476310729980e+00
1.047000065445899963e-01,1.389632225036621094e-01,8.466215133666992188e-01
9.718878865242004395e-01,6.669549942016601562e-01,6.175190806388854980e-01
6.007676124572753906e-01,2.326461225748062134e-01,4.768725335597991943e-01
-6.252615451812744141e-01,-2.689525485038757324e-01,6.953918188810348511e-02
7.062938213348388672e-01,2.972754538059234619e-01,4.045223891735076904e-01
5.468091964721679688e-01,1.583087295293807983e-01,3.184457421302795410e-01
8.742676377296447754e-01,6.947462558746337891e-01,3.471960425376892090e-01
-1.419692952185869217e-02,4.774332182932994328e-07,9.693708419799804688e-01
-2.420202791690826416e-01,-2.758307456970214844e-01,4.783315956592559814e-01
1.044891327619552612e-01,5.010284185409545898e-01,1.320986866950988770e+00
9.319706559181213379e-01,5.204383134841918945e-01,7.318475246429443359e-01
7.084316611289978027e-01,5.437090396881103516e-01,3.583097457885742188e-02
9.979479312896728516e-01,5.278159379959106445e-01,2.216741889715194702e-01
-7.375146150588989258e-01,-3.373103141784667969e-01,7.156028747558593750e-01
-6.946122646331787109e-01,-3.366362452507019043e-01,3.280957043170928955e-01
-8.236680030822753906e-01,-3.897745907306671143e-01,5.924247503280639648e-01
-5.450804233551025391e-01,-2.780334651470184326e-01,4.039459228515625000e-01
6.538645029067993164e-01,2.520947456359863281e-01,2.392394989728927612e-01
3.825578093528747559e-01,5.365431681275367737e-02,1.335414052009582520e+00
-8.447120189666748047e-01,-4.581213295459747314e-01,3.602627515792846680e-01
5.170996189117431641e-01,3.436180949211120605e-01,8.856396675109863281e-01
1.775751113891601562e-01,1.363754222438728902e-06,2.075802534818649292e-01
-8.429589271545410156e-01,-5.316632986068725586e-01,8.928985148668289185e-02
2.847647070884704590e-01,5.357561576602165587e-07,7.529263496398925781e-01
4.019663333892822266e-01,1.239776565853389911e-06,2.781591713428497314e-01
-4.072696864604949951e-01,-3.598198890686035156e-01,2.262621968984603882e-01
6.446676254272460938e-01,3.052625060081481934e-01,5.524789094924926758e-01
6.318336129188537598e-01,4.892050325870513916e-01,8.679690361022949219e-01
-7.479290962219238281e-01,-3.288507461547851562e-01,4.241061210632324219e-01
9.786400794982910156e-01,6.031854748725891113e-01,4.661187529563903809e-01
1.775729358196258545e-01,3.808866441249847412e-01,1.340042710304260254e+00
-2.650351226329803467e-01,1.675295829772949219e-02,2.536694407463073730e-01
9.082000702619552612e-02,-1.563071161508560181e-01,5.779068470001220703e-01
2.925049960613250732e-01,-2.169978618621826172e-01,3.624939024448394775e-01
3.528430163860321045e-01,-1.476190388202667236e-01,5.184602737426757812e-02
-4.680280983448028564e-01,-3.072761595249176025e-01,1.109260559082031250e+00
4.191541075706481934e-01,4.166626930236816406e-02,7.863528132438659668e-01
-3.960551023483276367e-01,-2.618095874786376953e-01,3.150051832199096680e-01
1.134583577513694763e-01,-1.845388412475585938e-01,2.701360881328582764e-01
4.920471087098121643e-02,2.598302662372589111e-01,2.184972763061523438e-01
-4.517168998718261719e-01,-2.581120431423187256e-01,1.972627639770507812e-01
-1.844225972890853882e-01,-1.238823458552360535e-01,1.080335736274719238e+00
2.799406349658966064e-01,1.570404171943664551e-01,1.380479335784912109e+00
-6.164407730102539062e-01,-2.890329360961914062e-01,3.582727015018463135e-01
-3.603301942348480225e-02,-6.445900350809097290e-02,1.000553369522094727e+00
1.053248643875122070e+00,5.132366418838500977e-01,3.751568496227264404e-01
-6.082789897918701172e-01,-1.930799633264541626e-01,6.429443359375000000e-01
-8.425917625427246094e-01,-6.061082482337951660e-01,1.149520874023437500e-01
3.272650241851806641e-01,-1.724781990051269531e-01,6.230238080024719238e-01
-9.664068222045898438e-01,-5.713232159614562988e-01,2.261566072702407837e-01
-7.913711071014404297e-01,-3.955588936805725098e-01,3.668569922447204590e-01
5.412307381629943848e-01,1.688940525054931641e-01,8.233273029327392578e-01
7.896402478218078613e-01,3.185110092163085938e-01,6.356437802314758301e-01
9.159842729568481445e-01,5.847504138946533203e-01,1.612222194671630859e-01
-2.091439813375473022e-01,4.482269559957785532e-07,1.046632170677185059e+00
1.286061108112335205e-01,2.081409990787506104e-01,8.535242080688476562e-01
-9.248614907264709473e-01,-6.750140190124511719e-01,4.662624895572662354e-01
8.742675781250000000e-01,6.947462558746337891e-01,2.088195681571960449e-01
-8.136196136474609375e-01,-4.959347248077392578e-01,4.304846227169036865e-01
6.593360900878906250e-01,5.343417525291442871e-01,5.207853317260742188e-01
4.196423590183258057e-01,4.520773887634277344e-02,3.982025086879730225e-01
-4.917182028293609619e-01,-1.876296997070312500e-01,5.273426771163940430e-01
-2.477604597806930542e-01,-2.112171649932861328e-01,3.942730724811553955e-01
3.970713615417480469e-01,-8.390007168054580688e-02,7.577667385339736938e-02
-4.607533216476440430e-01,-1.881902068853378296e-01,8.905820846557617188e-01
8.578710556030273438e-01,2.776299417018890381e-01,2.312661707401275635e-01
1.499999910593032837e-01,4.959106831847748253e-07,8.803541660308837891e-01
-6.219597458839416504e-01,-3.184783458709716797e-01,2.859613001346588135e-01
-6.644723415374755859e-01,-4.182859957218170166e-01,5.797224044799804688e-01
2.240633964538574219e-02,-2.185122966766357422e-01,5.502865314483642578e-01
2.192513942718505859e-01,-7.588935643434524536e-02,6.456484794616699219e-01
8.192441463470458984e-01,4.429235458374023438e-01,5.384411215782165527e-01
8.065856993198394775e-02,2.770616114139556885e-01,8.622524738311767578e-01
-9.950928688049316406e-01,-4.941657185554504395e-01,3.141610622406005859e-01
-3.382222056388854980e-01,5.847416818141937256e-02,1.185896992683410645e+00
-1.020048141479492188e+00,-5.562531352043151855e-01,3.832324147224426270e-01
-3.684870898723602295e-01,-3.476619720458984375e-02,7.111309766769409180e-01
-9.368255734443664551e-02,-2.590768039226531982e-01,2.091779708862304688e-01
-8.435361385345458984e-01,-4.583713412284851074e-01,6.414825469255447388e-02
9.315764904022216797e-01,4.049446880817413330e-01,2.493139654397964478e-01
-1.435209661722183228e-01,-6.286717951297760010e-02,1.049684762954711914e+00
9.177401065826416016e-01,3.384016454219818115e-01,2.970782518386840820e-01
1.201412901282310486e-01,1.551268994808197021e-01,2.070643901824951172e-01
1.334411557763814926e-02,-1.551346629858016968e-01,2.069749832153320312e-01
6.629303097724914551e-02,-3.403913080692291260e-01,1.261313676834106445e+00
1.200415045022964478e-01,5.168396979570388794e-02,2.075188159942626953e-01
-2.222625724971294403e-02,5.169857293367385864e-02,2.071864604949951172e-01
-5.775695666670799255e-02,-5.166603624820709229e-02,2.069561481475830078e-01
-6.527674198150634766e-02,-2.993412017822265625e-01,5.033935308456420898e-01
8.393249474465847015e-03,-1.300621777772903442e-01,9.846482276916503906e-01
-2.357067614793777466e-01,-3.468866348266601562e-01,5.885629057884216309e-01
-9.950926303863525391e-01,-4.941656291484832764e-01,4.803385734558105469e-01
6.000884771347045898e-01,2.476825267076492310e-01,6.809186935424804688e-02
-7.189550399780273438e-01,-5.178775787353515625e-01,2.477413862943649292e-01
-6.697239726781845093e-02,-2.291772365570068359e-01,7.426564097404479980e-01
-2.593658305704593658e-02,1.809292435646057129e-01,7.400491237640380859e-01
7.462618350982666016e-01,2.920950353145599365e-01,1.671414077281951904e-01
-1.920466572046279907e-01,2.877364158630371094e-01,1.229502558708190918e+00
4.432592689990997314e-01,-1.077249348163604736e-01,1.330688834190368652e+00
-6.170929074287414551e-01,-4.424727559089660645e-01,7.398860454559326172e-01
-5.738836526870727539e-01,-3.465811014175415039e-01,6.015801429748535156e-02
6.486083567142486572e-02,4.418976902961730957e-01,1.323842048645019531e+00
-3.383023142814636230e-01,-2.138209342956542969e-01,6.528802514076232910e-01
4.778263568878173828e-01,8.129693567752838135e-02,4.125900268554687500e-01
-8.008239418268203735e-02,-1.923059225082397461e-01,1.016817569732666016e+00
-4.386430382728576660e-01,-1.635974496603012085e-01,3.822085857391357422e-01
1.562213152647018433e-01,2.590832114219665527e-01,2.093029022216796875e-01
1.413665711879730225e-01,4.399808347225189209e-01,1.331113576889038086e+00
7.146663665771484375e-01,5.424211621284484863e-01,1.925704926252365112e-01
-8.416278362274169922e-01,-6.243279576301574707e-01,5.480889678001403809e-01
-5.385421589016914368e-02,2.968997955322265625e-01,1.173116207122802734e+00
4.152140319347381592e-01,-1.307415962219238281e-02,1.898352056741714478e-01
3.546991348266601562e-01,-1.707077920436859131e-01,4.636228978633880615e-01
-7.492670416831970215e-01,-3.904905319213867188e-01,1.781167536973953247e-01
-3.708721697330474854e-01,6.039481982588768005e-02,1.126312494277954102e+00
4.536138772964477539e-01,-2.200250178575515747e-01,1.302334189414978027e+00
2.139810174703598022e-01,4.616983607411384583e-02,1.567631006240844727e+00
2.165197581052780151e-01,-1.868510246276855469e-02,7.655460834503173828e-01
1.172135397791862488e-01,-9.135866165161132812e-02,7.112493515014648438e-01
5.152545571327209473e-01,4.761209487915039062e-01,1.035314947366714478e-01
-4.858611524105072021e-01,-4.076795578002929688e-01,1.352926641702651978e-01
4.103097319602966309e-01,-1.640468537807464600e-01,1.308214426040649414e+00
1.014667868614196777e+00,4.555442631244659424e-01,3.330377042293548584e-01
1.120604127645492554e-01,2.192521095275878906e-01,7.127468585968017578e-01
-9.248612523078918457e-01,-6.750140190124511719e-01,3.523663282394409180e-01
-1.511426419019699097e-01,-3.224012851715087891e-01,5.615104436874389648e-01
-1.862938404083251953e-01,-3.089650571346282959e-01,7.821630835533142090e-01
-5.590069293975830078e-01,-3.564376831054687500e-01,2.364987134933471680e-01
1.391734331846237183e-01,3.264495134353637695e-01,1.332528710365295410e+00
-4.010659754276275635e-01,-3.072770535945892334e-01,1.109260559082031250e+00
8.074679970741271973e-01,6.446776390075683594e-01,1.000732406973838806e-01
3.171154856681823730e-01,-2.415176928043365479e-01,5.092921257019042969e-01
5.955712795257568359e-01,5.250306725502014160e-01,7.188644409179687500e-01
6.001784205436706543e-01,4.777140617370605469e-01,5.729061961174011230e-01
3.386242389678955078e-01,1.382827690576959867e-06,4.049087464809417725e-01
1.104485094547271729e-01,2.592577934265136719e-01,4.797425866127014160e-01
3.265830874443054199e-01,1.616764366626739502e-01,1.332664012908935547e+00
-1.725988388061523438e-01,1.367607712745666504e-01,6.916305422782897949e-01
2.126910388469696045e-01,2.157220244407653809e-01,1.335541248321533203e+00
5.475783348083496094e-02,2.466056197881698608e-01,3.625158667564392090e-01
-2.391297817230224609e-01,-1.188797354698181152e-01,1.157848954200744629e+00
-6.252620220184326172e-01,-2.689527571201324463e-01,6.403771638870239258e-01
3.425810039043426514e-01,3.955639726882509422e-07,1.340899109840393066e+00
8.774730563163757324e-01,6.862940788269042969e-01,6.630423069000244141e-01
2.796390950679779053e-01,3.394143581390380859e-01,6.223134994506835938e-01
6.122174263000488281e-01,3.880542814731597900e-01,5.627325177192687988e-01
-3.356271386146545410e-01,-3.078266084194183350e-01,1.105877876281738281e+00
1.915789693593978882e-01,1.552110165357589722e-01,2.086744308471679688e-01
2.100048065185546875e-01,-1.083893775939941406e-01,3.104064762592315674e-01
1.959698945283889771e-01,3.016388416290283203e-01,5.352296233177185059e-01
-1.701517105102539062e-01,1.368791610002517700e-01,5.604905486106872559e-01
2.628729045391082764e-01,5.170322209596633911e-02,2.088606357574462891e-01
2.399893105030059814e-01,-1.638544201850891113e-01,3.874521255493164062e-01
-4.212882816791534424e-01,-2.450491338968276978e-01,1.109260559082031250e+00
5.613706707954406738e-01,4.959226846694946289e-01,8.386955261230468750e-01
2.214120887219905853e-02,-2.515053749084472656e-01,4.181774854660034180e-01
3.924265205860137939e-01,-1.522872447967529297e-01,2.114193737506866455e-01
-2.503561079502105713e-01,1.819891929626464844e-01,3.028994798660278320e-01
2.772561311721801758e-01,3.620877265930175781e-01,4.942617714405059814e-01
4.459693431854248047e-01,-8.232393860816955566e-02,1.310809254646301270e-01
-6.698255985975265503e-02,2.287802696228027344e-01,5.483974814414978027e-01
-3.429988026618957520e-01,4.959106831847748253e-07,1.159333229064941406e+00
-2.022428512573242188e-01,2.258585244417190552e-01,6.858036518096923828e-01
4.753202795982360840e-01,1.403693705797195435e-01,8.248069286346435547e-01
1.942505836486816406e-01,3.253138065338134766e-01,4.080059826374053955e-01
-2.753839492797851562e-01,1.317890882492065430e-01,3.533575236797332764e-01
1.136208102107048035e-01,-1.805250644683837891e-01,4.293109178543090820e-01
4.062702655792236328e-01,3.857794106006622314e-01,1.377795338630676270e-01
1.093133613467216492e-01,2.874145507812500000e-01,3.211257755756378174e-01
-1.702036857604980469e-01,2.284449785947799683e-01,4.641775488853454590e-01
-3.775799572467803955e-01,-1.842049807310104370e-01,1.100340366363525391e+00
-1.564123630523681641e-01,1.375437080860137939e-01,4.009118676185607910e-01
3.580138683319091797e-01,4.020054340362548828e-01,5.794994831085205078e-01
8.742675781250000000e-01,6.947462558746337891e-01,5.447902083396911621e-01
2.493925392627716064e-01,2.679356634616851807e-01,1.351332783699035645e+00
-6.079562306404113770e-01,-4.440272450447082520e-01,4.083180427551269531e-02
-3.190724253654479980e-01,-5.877258256077766418e-02,1.176640391349792480e+00
-2.607127428054809570e-01,-5.964323505759239197e-02,1.149644374847412109e+00
-1.358854621648788452e-01,-2.374722808599472046e-01,1.167726159095764160e+00
-6.683967262506484985e-02,2.346780300140380859e-01,4.208465516567230225e-01
-2.916388511657714844e-01,-1.310028284788131714e-01,3.818466067314147949e-01
3.897693157196044922e-01,-1.715695858001708984e-01,3.377301096916198730e-01
-1.608335822820663452e-01,-1.507198810577392578e-01,2.098889052867889404e-01
7.915405035018920898e-01,6.911358833312988281e-01,6.540039181709289551e-01
-9.710785001516342163e-02,1.612400561571121216e-01,3.333604335784912109e-01
-1.497058421373367310e-01,-3.478634357452392578e-01,4.343151748180389404e-01
5.577377229928970337e-02,1.364383548498153687e-01,8.857336044311523438e-01
3.551124632358551025e-01,4.230599403381347656e-01,4.549636840820312500e-01
-3.708283901214599609e-01,-1.207122951745986938e-01,1.129447698593139648e+00
-3.400825560092926025e-01,1.659115403890609741e-01,1.288993000984191895e+00
-2.754936218261718750e-01,-1.747638732194900513e-01,1.197707533836364746e+00
-4.072696566581726074e-01,-3.598198890686035156e-01,5.593221783638000488e-01
5.334130525588989258e-01,1.231167316436767578e-01,4.820404052734375000e-01
-3.308148384094238281e-01,-4.300662130117416382e-02,3.458093106746673584e-01
3.751144409179687500e-01,-8.460780233144760132e-02,6.109169125556945801e-01
-8.720418214797973633e-01,-4.192323684692382812e-01,1.026739478111267090e-01
2.210151590406894684e-02,-2.564249038696289062e-01,2.630340456962585449e-01
2.270168960094451904e-01,-5.168387293815612793e-02,2.076215744018554688e-01
-2.181491851806640625e-01,4.482159391045570374e-02,4.866062700748443604e-01
-3.250169754028320312e-02,-2.940521836280822754e-01,3.603900074958801270e-01
-5.625573396682739258e-01,-4.543845653533935547e-01,6.369805932044982910e-01
-9.123086929321289062e-01,-4.437533020973205566e-01,1.807733178138732910e-01
-1.965339630842208862e-01,-2.359347343444824219e-01,1.179580926895141602e+00
7.450103759765625000e-03,-3.444110453128814697e-01,1.240781545639038086e+00
4.690139293670654297e-01,2.800481617450714111e-01,1.398794502019882202e-01
-4.858607649803161621e-01,-4.076790809631347656e-01,5.827946066856384277e-01
-1.549490541219711304e-01,2.549567222595214844e-01,5.756541490554809570e-01
-1.289224177598953247e-01,5.167603865265846252e-02,2.069368362426757812e-01
-6.375821828842163086e-01,-5.000717639923095703e-01,6.912957429885864258e-01
4.389978647232055664e-01,4.296836853027343750e-01,5.459491014480590820e-01
9.310314655303955078e-01,4.195017814636230469e-01,3.794372379779815674e-01
-4.072695970535278320e-01,-3.598198890686035156e-01,4.064352214336395264e-01
-6.471268832683563232e-02,-3.226532936096191406e-01,2.268313616514205933e-01
-3.726098537445068359e-01,-4.233307763934135437e-02,4.896575808525085449e-01
7.062938213348388672e-01,2.972754836082458496e-01,5.110751390457153320e-01
-3.771588802337646484e-01,-1.268663257360458374e-01,6.108376979827880859e-01
5.152543783187866211e-01,4.761207103729248047e-01,5.393330454826354980e-01
5.044677257537841797e-01,8.043792843818664551e-02,2.114755213260650635e-01
-5.675142407417297363e-01,-4.319512844085693359e-01,4.001370072364807129e-01
-4.072693884372711182e-01,-3.598198890686035156e-01,2.860147058963775635e-01
-8.546047210693359375e-01,-6.322302818298339844e-01,1.851376295089721680e-01
-4.872939586639404297e-01,-4.000325202941894531e-01,4.626498222351074219e-01
3.504552841186523438e-01,-5.398316308856010437e-02,1.346783488988876343e-01
-9.512963294982910156e-01,-5.049604773521423340e-01,1.551849395036697388e-01
-7.415282726287841797e-02,-3.544708490371704102e-01,1.189396858215332031e+00
-4.376852214336395264e-01,-4.164046347141265869e-01,6.766417026519775391e-01
1.030921936035156250e-01,4.693470522761344910e-02,1.543922424316406250e+00
-5.132641792297363281e-01,-2.007503211498260498e-01,1.834863275289535522e-01
2.835983335971832275e-01,-1.472102701663970947e-01,4.337477684020996094e-02
4.493832290172576904e-01,-5.463496223092079163e-02,1.304989814758300781e+00
3.487141430377960205e-01,-5.440701916813850403e-02,1.312067508697509766e+00
5.958968400955200195e-01,4.957096576690673828e-01,4.502270519733428955e-01
7.896403074264526367e-01,3.185110092163085938e-01,1.371008306741714478e-01
-7.886810302734375000e-01,-4.449546337127685547e-01,4.718232154846191406e-02
5.056414604187011719e-01,8.040050417184829712e-02,3.232852220535278320e-01
-5.152087211608886719e-01,-4.555883407592773438e-01,5.392867922782897949e-01
-2.557649612426757812e-01,-1.211197376251220703e-01,2.770840525627136230e-01
2.412333488464355469e-01,3.670879900455474854e-01,3.492419421672821045e-01
7.978549003601074219e-01,3.530328273773193359e-01,4.076962172985076904e-01
7.324459552764892578e-01,6.205574274063110352e-01,6.461687088012695312e-01
-7.174052000045776367e-01,-5.232291221618652344e-01,3.923119902610778809e-01
3.518501818180084229e-01,4.467344284057617188e-01,3.048739433288574219e-01
1.014667987823486328e+00,4.555443525314331055e-01,2.638619840145111084e-01
7.631962299346923828e-01,5.156362056732177734e-01,2.782571315765380859e-01
7.303526401519775391e-01,3.011453449726104736e-01,2.592010423541069031e-02
6.664123386144638062e-02,-2.856946587562561035e-01,1.242052674293518066e+00
-7.440136075019836426e-01,-3.667199611663818359e-01,2.535855174064636230e-01
-4.420890808105468750e-01,-1.288417726755142212e-01,1.003469228744506836e+00
-7.440136671066284180e-01,-3.667199611663818359e-01,3.305535912513732910e-01
-2.738969326019287109e-01,-3.119961619377136230e-01,1.080229520797729492e+00
8.040223121643066406e-01,4.299172461032867432e-01,4.029876738786697388e-02
2.604913711547851562e-01,-1.577092558145523071e-01,9.498137980699539185e-02
7.391140460968017578e-01,2.192313969135284424e-01,2.177670300006866455e-01
-6.309649944305419922e-01,-4.705901145935058594e-01,3.510104417800903320e-01
