1.102935746312141418e-01,-1.785036176443099976e-01,1.159163594245910645e+00
-1.009355545043945312e+00,3.207362443208694458e-02,1.242602542042732239e-01
1.006866335868835449e+00,6.424456089735031128e-02,1.244641095399856567e-01
-9.572237730026245117e-01,1.988085508346557617e-01,1.110143184661865234e+00
1.327728200703859329e-02,1.543581187725067139e-01,1.909224987030029297e-01
6.579159498214721680e-01,3.507495820522308350e-01,8.417584896087646484e-01
-6.062968373298645020e-01,-2.983887195587158203e-01,6.961901187896728516e-01
4.634061455726623535e-01,-2.867679595947265625e-01,5.445382595062255859e-01
-5.956898927688598633e-01,3.044581413269042969e-01,4.828224182128906250e-01
6.743130087852478027e-01,-3.454844951629638672e-01,1.235289216041564941e+00
-3.865008354187011719e-01,1.188777983188629150e-01,1.157854557037353516e+00
1.096414849162101746e-01,2.792737483978271484e-01,7.296078205108642578e-01
-6.701013445854187012e-02,-2.276041507720947266e-01,6.451019048690795898e-01
8.774700760841369629e-01,-1.436471939086914062e-01,8.006568551063537598e-01
5.108795166015625000e-01,5.122909322381019592e-02,1.795034408569335938e-01
-5.157877802848815918e-01,-5.082205682992935181e-02,1.542294025421142578e-01
4.919312894344329834e-01,1.144164279103279114e-01,1.226979136466979980e+00
-3.513775467872619629e-01,3.342930972576141357e-01,-4.836225509643554688e-02
-1.066944956779479980e+00,-4.391932487487792969e-02,7.310618162155151367e-01
1.041232272982597351e-01,4.740415513515472412e-02,1.529358506202697754e+00
7.763832807540893555e-01,1.484909057617187500e-01,4.831942617893218994e-01
-2.536814808845520020e-01,1.445505619049072266e-01,6.334484815597534180e-01
2.022726535797119141e-01,-1.805442571640014648e-01,2.687747180461883545e-01
1.754627972841262817e-01,3.024039268493652344e-01,1.139244318008422852e+00
-3.279580175876617432e-01,-2.990145683288574219e-01,3.831554949283599854e-01
-1.885421723127365112e-01,-1.538367271423339844e-01,1.413532137870788574e+00
3.989556729793548584e-01,-3.931659758090972900e-01,9.917414188385009766e-01
3.783053457736968994e-01,2.547597885131835938e-01,4.530889689922332764e-01
-2.577696144580841064e-01,-1.920532584190368652e-01,1.019409775733947754e+00
-8.490389585494995117e-01,-6.877470016479492188e-02,4.297524988651275635e-01
1.066092610359191895e+00,-6.233552470803260803e-02,4.727596938610076904e-01
-7.325399518013000488e-01,1.277430057525634766e-01,7.591503858566284180e-01
7.739605307579040527e-01,-1.573894023895263672e-01,3.154238760471343994e-01
-1.392327845096588135e-01,2.112873047590255737e-01,1.369753479957580566e+00
-3.266537487506866455e-01,3.097634315490722656e-01,2.901461720466613770e-01
3.757252395153045654e-01,-6.597198545932769775e-02,9.532690048217773438e-01
7.868418693542480469e-01,6.329517811536788940e-02,1.036307454109191895e+00
5.791418552398681641e-01,4.137827157974243164e-01,1.196669340133666992e+00
-5.486688017845153809e-01,-7.256507873535156250e-02,4.869702160358428955e-01
-9.311187267303466797e-02,-1.546053588390350342e-01,1.961991786956787109e-01
-3.483496904373168945e-01,-1.310789585113525391e-01,7.061157226562500000e-01
6.561130881309509277e-01,-3.497880101203918457e-01,8.476736545562744141e-01
-4.222741723060607910e-01,2.060093432664871216e-01,8.754730224609375000e-01
-1.095068454742431641e+00,9.214111417531967163e-02,3.993081450462341309e-01
7.708036899566650391e-01,-6.075588613748550415e-02,2.611968852579593658e-02
4.497201442718505859e-01,-1.714515835046768188e-01,1.231853485107421875e+00
1.963425427675247192e-01,-2.965104579925537109e-01,7.263052463531494141e-01
-7.424575090408325195e-01,8.885741233825683594e-02,5.410552769899368286e-02
2.208045683801174164e-02,2.590296268463134766e-01,4.481637477874755859e-01
-5.070356726646423340e-01,-1.218602806329727173e-01,1.111647725105285645e+00
-2.717126309871673584e-01,5.168188363313674927e-02,2.075054645538330078e-01
8.753509521484375000e-01,1.505475044250488281e-01,7.987228035926818848e-01
3.766137659549713135e-01,1.981082558631896973e-01,9.569551944732666016e-01
5.222216248512268066e-01,5.759239196777343750e-02,5.425137281417846680e-01
6.766922473907470703e-01,-1.561617851257324219e-01,6.120483279228210449e-01
-1.030550479888916016e+00,1.858167946338653564e-01,8.415722846984863281e-01
7.418461441993713379e-01,-1.909342557191848755e-01,1.030935049057006836e+00
7.538146805018186569e-03,1.168068274855613708e-01,1.189990162849426270e+00
2.607470750808715820e-01,5.128504708409309387e-02,1.829080581665039062e-01
3.718573153018951416e-01,3.015484809875488281e-01,7.298803329467773438e-01
2.210483327507972717e-02,-2.560143470764160156e-01,4.174911379814147949e-01
-7.317312955856323242e-01,1.309192180633544922e-01,3.502404689788818359e-01
2.598989903926849365e-01,6.067349761724472046e-02,1.117650151252746582e+00
-7.372955083847045898e-01,-1.091015338897705078e-01,7.640781998634338379e-01
7.979119420051574707e-01,6.941986083984375000e-02,2.572491466999053955e-01
-5.018702745437622070e-01,1.593704521656036377e-01,2.948026657104492188e-01
-9.992476701736450195e-01,-1.885040402412414551e-01,8.971080780029296875e-01
-7.057251036167144775e-02,-2.816682159900665283e-01,1.266846656799316406e+00
-9.450560808181762695e-01,9.141397476196289062e-02,5.698840022087097168e-01
-5.373998880386352539e-01,1.326909065246582031e-01,6.446160674095153809e-01
4.151105880737304688e-01,-1.668092459440231323e-01,3.355413675308227539e-01
2.476629614830017090e-01,-2.816278338432312012e-01,4.885432720184326172e-01
6.191596984863281250e-01,2.308626174926757812e-01,6.409359574317932129e-01
-2.900231778621673584e-01,5.342175439000129700e-02,1.342644095420837402e+00
2.023895829916000366e-01,2.132456302642822266e-01,3.305065929889678955e-01
-2.546651065349578857e-01,-1.334998607635498047e-01,5.033230185508728027e-01
-1.593726128339767456e-01,1.765987873077392578e-01,3.663235306739807129e-01
6.412707567214965820e-01,-5.904044583439826965e-02,1.168307423591613770e+00
6.140540838241577148e-01,-7.832527160644531250e-03,3.631280362606048584e-01
-4.687667638063430786e-02,3.911707437964651035e-07,1.389573812484741211e+00
-6.442143917083740234e-01,-1.139488294720649719e-01,3.055236637592315674e-01
9.969175457954406738e-01,-9.206843376159667969e-02,2.603664994239807129e-01
8.937152624130249023e-01,-9.076642990112304688e-02,6.020861864089965820e-01
3.254453837871551514e-01,3.891931176185607910e-01,1.012037754058837891e+00
-4.005334377288818359e-01,2.098508179187774658e-01,1.048171967267990112e-01
5.490331649780273438e-01,-2.548670172691345215e-01,1.033498764038085938e+00
-6.704156845808029175e-02,2.263059616088867188e-01,6.454040408134460449e-01
-5.383589267730712891e-01,-1.275744438171386719e-01,7.830651402473449707e-01
6.696313619613647461e-01,2.374911010265350342e-01,1.167569041252136230e+00
1.977604180574417114e-01,2.769858837127685547e-01,5.401194691658020020e-01
-3.482403755187988281e-01,-1.319739818572998047e-01,2.769760191440582275e-01
8.369781076908111572e-02,-5.122135207056999207e-02,1.787550449371337891e-01
-1.058930516242980957e+00,-6.612610816955566406e-02,5.099776983261108398e-01
3.077821135520935059e-01,-1.848981082439422607e-01,1.093192815780639648e+00
-3.314900100231170654e-01,2.699317932128906250e-01,4.809933304786682129e-01
-6.187092661857604980e-01,2.967813014984130859e-01,7.100970745086669922e-01
5.628640651702880859e-01,2.612875699996948242e-01,9.839591979980468750e-01
-8.490403294563293457e-01,-6.877470016479492188e-02,8.879546821117401123e-02
-1.058929800987243652e+00,-6.612658500671386719e-02,2.990292310714721680e-01
-3.256672620773315430e-01,-1.125483512878417969e-01,1.255952954292297363e+00
4.614900052547454834e-01,-2.979874610900878906e-01,7.344857454299926758e-01
1.094210505485534668e+00,6.142921000719070435e-02,3.334936499595642090e-01
6.201599165797233582e-02,-3.274804651737213135e-01,1.056475639343261719e+00
-2.414565980434417725e-01,-2.821743488311767578e-01,6.987948417663574219e-01
-7.967985272407531738e-01,1.945890784263610840e-01,1.022918701171875000e+00
4.193087816238403320e-01,1.598612219095230103e-01,3.049647808074951172e-01
-4.185912609100341797e-01,-2.083930522203445435e-01,5.123479962348937988e-01
5.974117517471313477e-01,-7.368850708007812500e-02,8.690307289361953735e-02
-8.490396142005920410e-01,-6.877470016479492188e-02,6.037278771400451660e-01
8.937157392501831055e-01,-9.076642990112304688e-02,4.285839796066284180e-01
-1.594584733247756958e-01,-1.750886440277099609e-01,3.665194511413574219e-01
5.806372165679931641e-01,-1.558537483215332031e-01,4.416415393352508545e-01
4.329386949539184570e-01,4.488229592425341252e-07,1.115220427513122559e+00
7.826741337776184082e-01,1.253845691680908203e-01,6.583217978477478027e-01
9.286132454872131348e-02,-1.002807095646858215e-01,1.446075916290283203e+00
-8.490396738052368164e-01,-6.877470016479492188e-02,2.584728896617889404e-01
-7.424573898315429688e-01,8.885741233825683594e-02,5.943540930747985840e-01
6.970289945602416992e-01,7.069301605224609375e-02,1.210214197635650635e-01
7.480245828628540039e-01,-2.526483535766601562e-01,7.292290925979614258e-01
-6.472105979919433594e-01,-7.132172584533691406e-02,6.279815435409545898e-01
-6.472107768058776855e-01,-7.132172584533691406e-02,5.401580780744552612e-02
-7.188851833343505859e-01,3.330917656421661377e-01,3.769180178642272949e-01
-6.436109542846679688e-01,8.761024475097656250e-02,1.861593574285507202e-01
-2.494580000638961792e-01,1.709676831960678101e-01,1.236862063407897949e+00
9.006718397140502930e-01,6.812334060668945312e-02,3.973101675510406494e-01
-2.829465866088867188e-01,3.183371126651763916e-01,9.597168117761611938e-02
1.094255596399307251e-01,-2.846186161041259766e-01,5.689904689788818359e-01
8.937157988548278809e-01,-9.076642990112304688e-02,1.223202496767044067e-01
1.005580425262451172e+00,6.679940223693847656e-02,5.423237681388854980e-01
-1.597551405429840088e-01,1.698191165924072266e-01,2.084820568561553955e-01
-4.281338155269622803e-01,2.245674133300781250e-01,7.192141413688659668e-01
7.518587112426757812e-01,2.385644912719726562e-01,7.668594121932983398e-01
4.598067998886108398e-01,3.078489303588867188e-01,6.034939289093017578e-01
4.038501381874084473e-01,-6.938934326171875000e-02,2.175738513469696045e-01
4.153536856174468994e-01,1.838322579860687256e-01,1.104176640510559082e+00
1.984185725450515747e-01,-3.052680790424346924e-01,1.121624231338500977e+00
-3.094131313264369965e-02,-1.106429919600486755e-01,1.285552501678466797e+00
3.014271557331085205e-01,-2.807426750659942627e-01,8.338470458984375000e-01
-1.082366347312927246e+00,9.275550395250320435e-02,2.486993372440338135e-01
-8.428562879562377930e-01,9.012460708618164062e-02,2.565902769565582275e-01
8.798098564147949219e-01,4.907063022255897522e-02,4.555058479309082031e-02
7.127923369407653809e-01,2.618200480937957764e-01,9.798538684844970703e-01
7.728940248489379883e-01,-1.613087654113769531e-01,4.810221791267395020e-01
-4.841439723968505859e-01,5.771446467406349257e-07,1.193158149719238281e+00
-9.724228382110595703e-01,7.188081741333007812e-03,4.076382219791412354e-01
-1.593612581491470337e-01,1.768002510070800781e-01,5.269183516502380371e-01
2.251232601702213287e-02,-2.054247856140136719e-01,2.679232656955718994e-01
7.163543719798326492e-03,2.215545922517776489e-01,1.290534257888793945e+00
-5.879439115524291992e-01,1.369850635528564453e-01,7.798095345497131348e-01
6.570657491683959961e-01,-2.413506209850311279e-01,1.137790679931640625e+00
5.838682651519775391e-01,-2.924355566501617432e-01,6.224529743194580078e-01
-9.907721281051635742e-01,4.928255081176757812e-02,8.590995669364929199e-01
6.928562521934509277e-01,-8.823156356811523438e-02,2.201303094625473022e-01
5.839012861251831055e-01,1.398663520812988281e-01,4.441239833831787109e-01
2.899621427059173584e-01,2.496071308851242065e-01,1.074082732200622559e+00
-5.844692587852478027e-01,2.688992321491241455e-01,3.309085369110107422e-01
-7.137446403503417969e-01,1.845657825469970703e-01,4.802384972572326660e-01
-1.578992754220962524e-01,2.027120590209960938e-01,7.507238388061523438e-01
-8.428562879562377930e-01,9.012460708618164062e-02,4.266223013401031494e-01
1.560296565294265747e-01,1.553662866353988647e-01,2.118840217590332031e-01
-9.259826689958572388e-02,5.126861110329627991e-02,1.819622516632080078e-01
-4.220442175865173340e-01,5.248754471540451050e-02,2.576074600219726562e-01
-4.432388544082641602e-01,-1.266446113586425781e-01,3.766149878501892090e-01
-2.280371189117431641e-01,-1.340792477130889893e-01,2.041073590517044067e-01
-3.714152574539184570e-01,-1.209032535552978516e-01,1.126487493515014648e+00
4.887191951274871826e-01,-1.385614871978759766e-01,5.409275889396667480e-01
-1.706272810697555542e-01,5.134199187159538269e-02,1.407186269760131836e+00
-5.460795760154724121e-01,8.637952804565429688e-02,5.184621810913085938e-01
4.832077026367187500e-02,-2.944435179233551025e-01,1.188229441642761230e+00
6.986526250839233398e-01,6.002220138907432556e-02,1.137849569320678711e+00
2.931338548660278320e-01,-2.110147476196289062e-01,3.632732927799224854e-01
3.766398429870605469e-01,-1.981222331523895264e-01,9.568133354187011719e-01
-4.126698672771453857e-01,3.248145580291748047e-01,1.689437776803970337e-01
3.685838878154754639e-01,-3.253073692321777344e-01,6.280656456947326660e-01
3.756842017173767090e-01,6.596472859382629395e-02,9.534938335418701172e-01
1.312525868415832520e-01,1.790172308683395386e-01,1.153862833976745605e+00
4.221118092536926270e-01,-2.487972378730773926e-01,1.080340266227722168e+00
-6.668264418840408325e-02,-2.411732673645019531e-01,5.142356753349304199e-01
-4.437547624111175537e-01,-1.233005523681640625e-01,6.094285249710083008e-01
2.123170197010040283e-01,-7.655215263366699219e-02,1.829446405172348022e-01
5.775147676467895508e-01,2.848474681377410889e-01,1.247265934944152832e+00
2.204982005059719086e-02,-2.628507614135742188e-01,7.334402203559875488e-01
5.111654400825500488e-01,-5.701208859682083130e-02,1.231241226196289062e+00
-3.322754502296447754e-01,2.634625434875488281e-01,6.412475705146789551e-01
-3.329485952854156494e-01,-2.579133510589599609e-01,6.103640794754028320e-01
3.770984709262847900e-01,-2.635200023651123047e-01,4.516433477401733398e-01
-4.196405410766601562e-01,2.796287536621093750e-01,3.876232802867889404e-01
5.570846199989318848e-01,2.712228298187255859e-01,7.462545633316040039e-01
-3.899036049842834473e-01,2.111561298370361328e-01,2.379046529531478882e-01
-4.559133052825927734e-01,-4.448127746582031250e-02,7.306672334671020508e-01
4.819284975528717041e-01,1.783235073089599609e-01,5.334106087684631348e-01
2.830159068107604980e-01,3.072874546051025391e-01,6.298278570175170898e-01
4.998870790004730225e-01,7.318067550659179688e-02,3.512197732925415039e-01
2.237298712134361267e-02,2.227158546447753906e-01,2.973602116107940674e-01
7.848878502845764160e-01,-6.313797831535339355e-02,1.041183471679687500e+00
6.810712814331054688e-01,1.377561092376708984e-01,5.820547342300415039e-01
-6.472104787826538086e-01,-7.132172584533691406e-02,1.872006207704544067e-01
-8.413543552160263062e-02,-2.108117640018463135e-01,1.373421549797058105e+00
-8.428561091423034668e-01,9.012460708618164062e-02,6.694198250770568848e-01
-6.080721616744995117e-01,4.951732233166694641e-02,7.327055931091308594e-02
3.052157461643218994e-01,-6.120366603136062622e-02,1.101212859153747559e+00
3.006083369255065918e-01,1.399066448211669922e-01,2.757061719894409180e-01
2.195980586111545563e-02,2.740073204040527344e-01,5.707685947418212891e-01
4.121178984642028809e-01,-1.217058151960372925e-01,1.114045262336730957e+00
-1.052953481674194336e+00,8.268094062805175781e-02,7.577999830245971680e-01
1.072450637817382812e+00,9.167194434667180758e-07,2.280053645372390747e-01
4.977355897426605225e-01,-8.576941490173339844e-02,3.829739391803741455e-01
9.006717205047607422e-01,6.812334060668945312e-02,6.067721247673034668e-01
-9.528377056121826172e-01,-6.746506690979003906e-02,1.924502551555633545e-01
1.092711687088012695e+00,-6.147752702236175537e-02,3.337560892105102539e-01
-2.538652420043945312e-01,1.424896717071533203e-01,4.364617764949798584e-01
-7.364782691001892090e-01,-1.123075485229492188e-01,3.860436975955963135e-01
9.069735407829284668e-01,4.760932922363281250e-02,1.927694678306579590e-01
5.687924027442932129e-01,-4.063891470432281494e-01,1.228893637657165527e+00
-3.041625954210758209e-02,1.087634414434432983e-01,1.314586162567138672e+00
-8.428562879562377930e-01,9.012460708618164062e-02,1.217605546116828918e-01
-9.574294686317443848e-01,5.333280563354492188e-02,2.624194324016571045e-01
6.970289349555969238e-01,7.069301605224609375e-02,3.223834037780761719e-01
-1.596434116363525391e-01,-1.718013286590576172e-01,5.930918455123901367e-01
-2.874258458614349365e-01,2.412461191415786743e-01,-1.166486740112304688e-02
-6.635146737098693848e-01,2.455711364746093750e-03,2.947891056537628174e-01
-2.475793361663818359e-01,-5.242479220032691956e-02,1.373578667640686035e+00
4.066712856292724609e-01,3.159313499927520752e-01,1.056000113487243652e+00
7.768766880035400391e-01,-1.466815471649169922e-01,6.879000663757324219e-01
5.702329874038696289e-01,-2.922270894050598145e-01,1.201858520507812500e+00
5.884358286857604980e-01,5.828873813152313232e-02,1.191631197929382324e+00
1.019465684890747070e+00,-6.383845210075378418e-02,1.457376033067703247e-01
1.931339949369430542e-01,-4.909890890121459961e-02,1.476769328117370605e+00
-6.436108946800231934e-01,8.761024475097656250e-02,6.590722799301147461e-01
3.105941712856292725e-01,-3.101181983947753906e-01,1.091775894165039062e+00
3.020234704017639160e-01,-1.264417171478271484e-01,2.447244226932525635e-01
1.075695395469665527e+00,6.202601268887519836e-02,4.478634595870971680e-01
5.977675318717956543e-01,7.194566726684570312e-02,2.531146109104156494e-01
-1.049327850341796875e+00,9.272980690002441406e-02,5.053533911705017090e-01
6.928558349609375000e-01,-8.823156356811523438e-02,3.877197206020355225e-01
-4.232226610183715820e-01,2.564053535461425781e-01,5.491920113563537598e-01
5.507354736328125000e-01,-1.766544878482818604e-01,1.178197622299194336e+00
6.736873984336853027e-01,3.451642990112304688e-01,1.236926436424255371e+00
-6.211436390876770020e-01,1.610455662012100220e-01,3.294494152069091797e-01
-6.203284263610839844e-01,-1.929669380187988281e-01,7.362449765205383301e-01
-3.865596055984497070e-01,5.529780651158944238e-07,1.250624179840087891e+00
-4.986498951911926270e-01,1.198437437415122986e-01,1.142879486083984375e+00
4.051778316497802734e-01,5.975174903869628906e-02,2.182891815900802612e-01
-2.490492165088653564e-01,1.966989040374755859e-01,3.013180494308471680e-01
-2.455192655324935913e-01,-2.364447116851806641e-01,3.281817436218261719e-01
-1.096771478652954102e+00,-3.066516853868961334e-02,3.985372781753540039e-01
-4.594216942787170410e-01,-5.255760625004768372e-02,2.619590759277343750e-01
-9.168787002563476562e-01,3.356363624334335327e-02,6.062041968107223511e-02
-6.674314290285110474e-02,2.386710643768310547e-01,5.147021412849426270e-01
-6.691869348287582397e-02,-2.313840389251708984e-01,3.275884985923767090e-01
-1.668412685394287109e-01,-4.429912567138671875e-02,1.847705096006393433e-01
1.198785379528999329e-01,-1.547870337963104248e-01,2.000389099121093750e-01
2.165338099002838135e-01,-1.207522079348564148e-01,1.128829121589660645e+00
1.116055473685264587e-01,-2.305152416229248047e-01,3.278616368770599365e-01
-9.945060610771179199e-01,-6.077408790588378906e-02,8.623374700546264648e-01
-9.528378248214721680e-01,-6.746506690979003906e-02,5.392921566963195801e-01
2.921267449855804443e-01,2.206037044525146484e-01,3.935601711273193359e-01
7.722856998443603516e-01,6.077977642416954041e-02,2.613006532192230225e-02
-6.691555678844451904e-02,2.315037250518798828e-01,3.899829089641571045e-01
-7.472526431083679199e-01,-7.005929946899414062e-02,5.634480118751525879e-01
7.796448469161987305e-01,1.365122795104980469e-01,3.510455191135406494e-01
5.781878829002380371e-01,1.782756596803665161e-01,1.161476612091064453e+00
4.952740371227264404e-01,-1.980165988206863403e-01,9.578907489776611328e-01
1.112359017133712769e-01,2.397162914276123047e-01,3.890280127525329590e-01
-5.728271231055259705e-02,-5.124185606837272644e-02,1.806271076202392578e-01
4.846649244427680969e-02,5.123900622129440308e-02,1.791665554046630859e-01
8.937151432037353516e-01,-9.076595306396484375e-02,2.917706370353698730e-01
-8.636481165885925293e-01,1.834201812744140625e-02,5.429244637489318848e-01
-2.461490035057067871e-01,-2.293493747711181641e-01,5.502836704254150391e-01
2.754791267216205597e-02,-1.164170652627944946e-01,1.196103692054748535e+00
-7.472528815269470215e-01,-7.005929946899414062e-02,1.215292364358901978e-01
-3.397657573223114014e-01,2.155355364084243774e-01,7.772316932678222656e-01
9.969176054000854492e-01,-9.206843376159667969e-02,3.982128798961639404e-01
1.542471349239349365e-01,5.121519789099693298e-02,1.785664558410644531e-01
-7.472527027130126953e-01,-7.005929946899414062e-02,2.898837327957153320e-01
6.844017505645751953e-01,1.237604618072509766e-01,4.163506925106048584e-01
-5.393909811973571777e-01,-1.220664978027343750e-01,3.134918212890625000e-01
-3.088622987270355225e-01,-5.190182477235794067e-02,2.212398052215576172e-01
-1.011003106832504272e-01,-1.043153107166290283e-01,1.383585810661315918e+00
5.229333639144897461e-01,-6.175398826599121094e-02,1.593316644430160522e-01
7.924486994743347168e-01,-8.948826789855957031e-02,1.882693469524383545e-01
6.476901769638061523e-01,-2.780456542968750000e-01,7.165743708610534668e-01
9.006718993186950684e-01,6.812334060668945312e-02,5.014715194702148438e-01
6.015502810478210449e-01,4.970898106694221497e-02,8.517813682556152344e-02
-7.472525835037231445e-01,-7.005929946899414062e-02,6.681478619575500488e-01
-6.370927691459655762e-01,-1.171054840087890625e-01,4.157742261886596680e-01
2.368270792067050934e-02,5.006833001971244812e-02,1.446874260902404785e+00
-7.704809904098510742e-01,2.101731300354003906e-02,2.292983978986740112e-01
-5.399608016014099121e-01,-1.190271377563476562e-01,6.476879715919494629e-01
4.225616455078125000e-01,1.663266271352767944e-01,4.222882091999053955e-01
-6.472108364105224609e-01,-7.132172584533691406e-02,5.245814323425292969e-01
-5.460802316665649414e-01,8.637952804565429688e-02,1.520611494779586792e-01
5.612533092498779297e-01,1.573765724897384644e-01,5.971017479896545410e-01
-9.460431337356567383e-01,8.837890625000000000e-02,4.657787978649139404e-01
-6.436102986335754395e-01,8.761024475097656250e-02,5.557946562767028809e-01
9.006719589233398438e-01,6.812334060668945312e-02,2.940417528152465820e-01
5.946956276893615723e-01,-8.699297904968261719e-02,2.518139481544494629e-01
-3.663032054901123047e-01,-2.126142084598541260e-01,3.422772288322448730e-01
-9.528385996818542480e-01,-6.746506690979003906e-02,8.971893042325973511e-02
7.753753662109375000e-01,-1.521956920623779297e-01,5.838974118232727051e-01
-2.547839283943176270e-01,3.385263085365295410e-01,-1.097011566162109375e-02
-4.420260787010192871e-01,1.345088481903076172e-01,6.070535182952880859e-01
-4.120261669158935547e-01,2.931027114391326904e-01,4.690521210432052612e-02
-7.745269536972045898e-01,-4.872099310159683228e-02,2.382612228393554688e-02
6.766922473907470703e-01,-1.561617851257324219e-01,5.112714767456054688e-01
1.005580544471740723e+00,6.679940223693847656e-02,2.626290917396545410e-01
6.970295310020446777e-01,7.069301605224609375e-02,2.214562892913818359e-01
4.797445535659790039e-01,2.684411704540252686e-01,9.287660121917724609e-01
6.928557157516479492e-01,-8.823156356811523438e-02,1.202966272830963135e-01
2.196477353572845459e-02,-2.733979225158691406e-01,6.342814564704895020e-01
7.979120612144470215e-01,6.941986083984375000e-02,1.220730543136596680e-01
4.977357387542724609e-01,-8.576941490173339844e-02,2.834317088127136230e-01
-3.307355940341949463e-01,-2.761392593383789062e-01,4.798998832702636719e-01
9.969177246093750000e-01,-9.206843376159667969e-02,5.376519560813903809e-01
5.808216929435729980e-01,-1.549520492553710938e-01,5.744522213935852051e-01
-1.030319929122924805e+00,-1.453945636749267578e-01,8.131858706474304199e-01
-2.543270587921142578e-01,-1.373045444488525391e-01,3.077023327350616455e-01
7.047547698020935059e-01,-1.210299655795097351e-01,1.124512076377868652e+00
-1.051936745643615723e+00,-3.138755261898040771e-02,1.867840588092803955e-01
3.715342879295349121e-01,3.038926124572753906e-01,5.384182333946228027e-01
-1.593528687953948975e-01,-1.769599914550781250e-01,4.945327639579772949e-01
1.938943415880203247e-01,4.929216206073760986e-02,1.470773816108703613e+00
-2.541649639606475830e-01,1.391155719757080078e-01,5.352028012275695801e-01
-2.505741119384765625e-01,1.795346736907958984e-01,7.251849174499511719e-01
-1.593915075063705444e-01,1.762607097625732422e-01,6.249498128890991211e-01
6.531006693840026855e-01,2.553040981292724609e-01,7.559722661972045898e-01
1.094013676047325134e-01,2.852392196655273438e-01,6.320190429687500000e-01
-6.803561002016067505e-02,1.851775646209716797e-01,2.384783923625946045e-01
2.012705802917480469e-01,-2.286534309387207031e-01,3.912985026836395264e-01
1.958341598510742188e-01,-3.035089969635009766e-01,6.289086937904357910e-01
-4.415358006954193115e-01,-1.376852989196777344e-01,7.760258316993713379e-01
8.640151470899581909e-02,2.288798242807388306e-01,1.234024643898010254e+00
3.292919993400573730e-01,1.232561841607093811e-01,1.089986920356750488e+00
3.030747771263122559e-01,-3.899864256381988525e-01,1.007986068725585938e+00
2.868936359882354736e-01,2.703938484191894531e-01,4.800350964069366455e-01
-5.101320743560791016e-01,2.781796455383300781e-01,4.213156104087829590e-01
8.784560859203338623e-02,-4.745687916874885559e-02,1.527755737304687500e+00
7.285766303539276123e-03,-2.253368347883224487e-01,1.261351227760314941e+00
-6.684181839227676392e-02,2.345883846282958984e-01,7.412058711051940918e-01
-3.109208643436431885e-01,1.566880494356155396e-01,2.393355369567871094e-01
-5.460796952247619629e-01,8.637952804565429688e-02,2.510738968849182129e-01
-3.223538100719451904e-01,1.114020422101020813e-01,1.273688673973083496e+00
-1.592915952205657959e-01,-1.780450344085693359e-01,2.709704637527465820e-01
2.198875136673450470e-02,2.704145908355712891e-01,6.669448614120483398e-01
3.097589910030364990e-01,-5.284404754638671875e-02,1.849569678306579590e-01
-1.553081274032592773e-01,-2.486159801483154297e-01,6.733196973800659180e-01
4.625131487846374512e-01,2.920022010803222656e-01,7.035790681838989258e-01
1.005580186843872070e+00,6.679940223693847656e-02,3.667843639850616455e-01
2.395970076322555542e-01,1.824787706136703491e-01,1.118143081665039062e+00
4.998871088027954102e-01,7.318067550659179688e-02,4.517423808574676514e-01
1.108143851161003113e-01,-2.501640319824218750e-01,4.499636888504028320e-01
1.966093927621841431e-01,2.928390502929687500e-01,6.951481699943542480e-01
-6.806658506393432617e-01,3.311426639556884766e-01,5.132397413253784180e-01
2.006779611110687256e-01,2.368130683898925781e-01,4.215060472488403320e-01
5.541987419128417969e-01,-2.853589057922363281e-01,7.423886060714721680e-01
8.122515678405761719e-01,1.306095123291015625e-01,9.760470390319824219e-01
-6.683970987796783447e-02,-2.346758842468261719e-01,7.411825656890869141e-01
-4.177191257476806641e-01,2.924579083919525146e-01,2.782400548458099365e-01
2.829325497150421143e-01,-3.080737590789794922e-01,6.932177543640136719e-01
-9.450569152832031250e-01,9.141397476196289062e-02,1.568786650896072388e-01
1.102149114012718201e-01,2.650516033172607422e-01,5.100495815277099609e-01
-2.448945492506027222e-01,-2.434766292572021484e-01,4.210366606712341309e-01
1.093127578496932983e-01,-2.874176502227783203e-01,6.633068919181823730e-01
8.651945590972900391e-01,1.377627402544021606e-01,4.479013085365295410e-01
-1.016152948141098022e-01,1.048457324504852295e-01,1.375311493873596191e+00
2.193618752062320709e-02,-2.768864631652832031e-01,5.387379527091979980e-01
1.327728200703859329e-02,-1.543571501970291138e-01,1.909027099609375000e-01
2.817918658256530762e-01,-3.189268112182617188e-01,5.956951975822448730e-01
9.233418703079223633e-01,-5.670070648193359375e-03,6.583322286605834961e-01
5.534579157829284668e-01,2.889885902404785156e-01,6.114033460617065430e-01
3.703686892986297607e-01,-3.123559951782226562e-01,5.367282032966613770e-01
3.706319630146026611e-01,-3.104429244995117188e-01,7.274745106697082520e-01
-3.312177062034606934e-01,2.721743583679199219e-01,2.020962536334991455e-01
9.480915069580078125e-01,9.667872973295743577e-07,8.246978372335433960e-02
8.318780064582824707e-01,4.756450664444855647e-07,9.877336025238037109e-01
-3.290200829505920410e-01,2.902750968933105469e-01,3.843954503536224365e-01
-3.488511443138122559e-01,-1.925058960914611816e-01,1.014743566513061523e+00
-7.315149307250976562e-01,2.569187581539154053e-01,4.254165589809417725e-01
4.587770104408264160e-01,-3.138740062713623047e-01,6.338935494422912598e-01
-6.679773330688476562e-02,-2.364125251770019531e-01,4.205825626850128174e-01
-4.485261440277099609e-01,-1.234142482280731201e-01,5.053547620773315430e-01
6.395155191421508789e-01,-2.527365088462829590e-01,1.049939870834350586e+00
-1.099798321723937988e+00,3.061640821397304535e-02,3.323867619037628174e-01
1.122283339500427246e-01,2.150890827178955078e-01,2.984091043472290039e-01
-5.394252538681030273e-01,-1.218812465667724609e-01,4.123638868331909180e-01
4.764062464237213135e-01,1.211877912282943726e-01,1.122048974037170410e+00
3.204765319824218750e-01,-2.563882470130920410e-01,1.021766662597656250e+00
3.540167212486267090e-01,2.832212746143341064e-01,8.147289752960205078e-01
-8.158259391784667969e-01,-1.056480109691619873e-01,3.326947093009948730e-01
8.798855543136596680e-01,-4.907482862472534180e-02,4.581141471862792969e-02
-3.013334274291992188e-01,-2.178591042757034302e-01,6.933950781822204590e-01
5.298511981964111328e-01,-2.395226359367370605e-01,5.773000717163085938e-01
2.841556966304779053e-01,2.964365482330322266e-01,7.284074425697326660e-01
7.238028049468994141e-01,1.793710142374038696e-01,7.083189487457275391e-01
-4.021160602569580078e-01,-2.097230702638626099e-01,4.261364638805389404e-01
3.697878420352935791e-01,3.165681362152099609e-01,6.301177740097045898e-01
7.462406754493713379e-01,1.920651942491531372e-01,1.019270539283752441e+00
8.421120643615722656e-01,-1.392538249492645264e-01,5.283364653587341309e-01
-6.159393787384033203e-01,2.128272056579589844e-01,7.310360670089721680e-01
-4.004191458225250244e-01,-5.837922915816307068e-02,1.188833713531494141e+00
2.357086166739463806e-02,-4.983172938227653503e-02,1.454213738441467285e+00
-7.472527623176574707e-01,-7.005929946899414062e-02,4.600384533405303955e-01
-6.739580631256103516e-01,2.634373605251312256e-01,3.561526536941528320e-01
3.452903628349304199e-01,2.579547464847564697e-01,1.009682178497314453e+00
-6.809133887290954590e-01,8.118915557861328125e-02,2.672659158706665039e-01
7.979115843772888184e-01,6.941986083984375000e-02,4.620973169803619385e-01
-5.768051147460937500e-01,-4.986755922436714172e-02,9.499835968017578125e-02
9.244409799575805664e-01,-9.249210357666015625e-03,4.789517223834991455e-01
7.111330032348632812e-01,-1.142382621765136719e-02,1.917367577552795410e-01
-8.124235272407531738e-01,4.884613305330276489e-02,3.160881996154785156e-02
8.046233654022216797e-01,-1.293839812278747559e-01,9.950556755065917969e-01
1.570869386196136475e-01,-2.853263914585113525e-01,7.984886169433593750e-01
-5.048800706863403320e-01,2.670253217220306396e-01,3.077046871185302734e-01
-3.144070506095886230e-01,-5.435685068368911743e-02,1.313632845878601074e+00
4.102952480316162109e-01,-3.187467455863952637e-01,1.038677453994750977e+00
-4.863615334033966064e-01,5.150001496076583862e-02,1.963331699371337891e-01
6.645913720130920410e-01,-4.909846559166908264e-02,4.727411270141601562e-02
-3.242349624633789062e-01,2.145187109708786011e-01,1.338848918676376343e-01
-1.711470037698745728e-01,-5.149833858013153076e-02,1.402335643768310547e+00
4.483819007873535156e-01,2.474223822355270386e-01,5.071606040000915527e-01
5.192912220954895020e-01,1.979748457670211792e-01,9.583222866058349609e-01
-2.312101721763610840e-01,1.057312637567520142e-01,1.361575365066528320e+00
-6.427459716796875000e-01,2.422192394733428955e-01,5.020437240600585938e-01
6.814117077738046646e-03,5.282015725970268250e-02,1.361632227897644043e+00
9.050984978675842285e-01,-5.371308326721191406e-02,1.923709064722061157e-01
-1.049327969551086426e+00,9.272980690002441406e-02,3.309216201305389404e-01
2.621557414531707764e-01,3.047316670417785645e-01,1.124916553497314453e+00
-4.194453358650207520e-01,5.809016153216362000e-02,1.197809815406799316e+00
-3.185662627220153809e-01,3.763625621795654297e-01,1.830444298684597015e-02
-5.486688017845153809e-01,-7.256507873535156250e-02,2.522640824317932129e-01
1.946281343698501587e-01,1.202101930975914001e-01,1.137191176414489746e+00
-3.462741076946258545e-01,5.210390314459800720e-02,2.337813377380371094e-01
-1.082041501998901367e+00,3.090251795947551727e-02,4.686782658100128174e-01
4.624249041080474854e-01,4.154443615789205069e-07,1.254894852638244629e+00
4.977361261844635010e-01,-8.576941490173339844e-02,4.833769202232360840e-01
1.121855154633522034e-01,-3.017729520797729492e-01,1.143131732940673828e+00
-6.732208281755447388e-02,2.152902483940124512e-01,1.338871479034423828e+00
-3.185844421386718750e-01,-2.673985660076141357e-01,3.122873306274414062e-01
1.084212422370910645e+00,9.131431397690903395e-07,4.011147916316986084e-01
6.493797302246093750e-01,1.195106729865074158e-01,1.148037195205688477e+00
-4.432105123996734619e-01,-1.268262863159179688e-01,2.787078917026519775e-01
3.852497041225433350e-01,2.043650150299072266e-01,3.655669987201690674e-01
-8.428565263748168945e-01,9.012460708618164062e-02,5.645205378532409668e-01
6.863685250282287598e-01,1.827913969755172729e-01,1.114906907081604004e+00
-7.100205421447753906e-01,1.848664432764053345e-01,4.018182158470153809e-01
-4.290397167205810547e-01,2.075495719909667969e-01,6.302098035812377930e-01
7.924478650093078613e-01,-8.948826789855957031e-02,4.589329361915588379e-01
6.119953989982604980e-01,3.065231144428253174e-01,7.969589233398437500e-01
-2.369486987590789795e-01,1.556535810232162476e-01,2.178485393524169922e-01
6.758270319551229477e-03,-5.238891392946243286e-02,1.375008225440979004e+00
8.890578895807266235e-02,1.180002018809318542e-01,1.171465158462524414e+00
-3.843005299568176270e-01,-5.233971774578094482e-02,2.484340667724609375e-01
6.985598802566528320e-01,4.899350926280021667e-02,4.076385498046875000e-02
4.998875260353088379e-01,7.318067550659179688e-02,2.514843642711639404e-01
1.048746705055236816e+00,6.289462745189666748e-02,1.871630847454071045e-01
-1.989977955818176270e-01,5.136482417583465576e-02,1.878328323364257812e-01
3.385671973228454590e-01,1.899286061525344849e-01,1.041311264038085938e+00
7.913732528686523438e-01,-1.425281018018722534e-01,3.870901465415954590e-01
-6.158786416053771973e-01,-2.130987644195556641e-01,6.639292836189270020e-01
3.719316124916076660e-01,6.146082282066345215e-02,1.093230962753295898e+00
7.924488186836242676e-01,-8.948826789855957031e-02,2.891870141029357910e-01
-3.386104106903076172e-01,2.154463678598403931e-01,6.025085225701332092e-02
-1.097620129585266113e+00,4.106807708740234375e-02,7.144097685813903809e-01
3.315872251987457275e-01,3.091641366481781006e-01,1.097651243209838867e+00
-2.554553151130676270e-01,-1.081283241510391235e-01,1.324445843696594238e+00
2.306988537311553955e-01,1.575112193822860718e-01,2.563154697418212891e-01
-5.070312023162841797e-01,-1.205843612551689148e-01,5.515107512474060059e-01
4.615798965096473694e-02,1.692261099815368652e-01,1.254831552505493164e+00
-9.720999598503112793e-01,-8.181333541870117188e-03,3.015850782394409180e-01
4.735302627086639404e-01,-6.025999411940574646e-02,1.130476117134094238e+00
6.369724869728088379e-01,2.615509033203125000e-01,9.819293022155761719e-01
2.748985290527343750e-01,-1.758576184511184692e-01,2.923705875873565674e-01
1.534681618213653564e-01,-2.408204525709152222e-01,1.141880512237548828e+00
8.983658552169799805e-01,-7.562923431396484375e-02,5.001878142356872559e-01
2.287962287664413452e-01,-2.820438444614410400e-01,8.238084316253662109e-01
7.523417472839355469e-01,-1.249720528721809387e-01,1.063422560691833496e+00
3.047932982444763184e-01,1.000895500183105469e-01,2.144537270069122314e-01
-1.169744879007339478e-01,4.183339399332908215e-07,1.409633159637451172e+00
5.932397246360778809e-01,-1.174681335687637329e-01,1.179706335067749023e+00
6.026179194450378418e-01,-3.430237472057342529e-01,1.247859954833984375e+00
9.006721377372741699e-01,6.812334060668945312e-02,1.232723966240882874e-01
1.030072689056396484e+00,9.417533419764367864e-07,5.278400778770446777e-01
6.541557312011718750e-01,-3.059521913528442383e-01,7.898805141448974609e-01
1.717309504747390747e-01,2.371481806039810181e-01,1.170217990875244141e+00
-6.127010583877563477e-01,2.274734973907470703e-01,6.605044603347778320e-01
4.811483621597290039e-01,-5.191464349627494812e-02,2.220482826232910156e-01
-4.243881106376647949e-01,1.582809090614318848e-01,2.722954750061035156e-01
5.977674722671508789e-01,7.194566726684570312e-02,1.532971113920211792e-01
6.189990043640136719e-01,1.536500751972198486e-01,6.393139362335205078e-01
6.154906749725341797e-01,-2.312184125185012817e-01,6.419236660003662109e-01
3.955737352371215820e-01,-1.294512748718261719e-01,2.777990698814392090e-01
6.227879524230957031e-01,5.061221122741699219e-02,4.033252000808715820e-01
7.924480438232421875e-01,-8.948826789855957031e-02,8.776977658271789551e-02
6.193506717681884766e-01,-3.377556800842285156e-02,2.968460023403167725e-01
1.705384850502014160e-01,3.520923144151311135e-07,1.523250341415405273e+00
8.427001535892486572e-02,1.546581685543060303e-01,1.970613002777099609e-01
1.973128318786621094e-01,-2.831485271453857422e-01,5.388970971107482910e-01
-6.725606918334960938e-01,4.903455078601837158e-02,4.328727722167968750e-02
7.796732187271118164e-01,1.364066600799560547e-01,5.530329942703247070e-01
5.061485767364501953e-01,2.418209612369537354e-01,5.536462068557739258e-01
6.758851408958435059e-01,-1.779745817184448242e-01,6.794307231903076172e-01
-9.528375864028930664e-01,-6.746506690979003906e-02,6.100063920021057129e-01
3.995661735534667969e-01,2.487174868583679199e-01,1.080950856208801270e+00
5.579690337181091309e-01,4.255771557382104220e-07,1.217451691627502441e+00
1.005579948425292969e+00,6.679940223693847656e-02,4.717616140842437744e-01
-2.203155495226383209e-02,5.124548822641372681e-02,1.790781021118164062e-01
1.321411132812500000e-02,-5.122948065400123596e-02,1.789073944091796875e-01
-4.857666045427322388e-02,-1.611288040876388550e-01,1.338330388069152832e+00
-3.350184857845306396e-01,2.408730983734130859e-01,7.118209600448608398e-01
-2.422328293323516846e-01,-2.734298706054687500e-01,6.048582196235656738e-01
4.727378785610198975e-01,-2.645205855369567871e-01,9.590167999267578125e-01
-9.528387188911437988e-01,-6.746506690979003906e-02,4.691244363784790039e-01
8.312646150588989258e-01,-1.663694679737091064e-01,4.395272731781005859e-01
-5.598210096359252930e-01,2.445173263549804688e-01,4.783425331115722656e-01
3.920898213982582092e-02,3.551027702997089364e-07,1.511454343795776367e+00
1.758047491312026978e-01,2.915618121623992920e-01,6.116204261779785156e-01
5.776559114456176758e-01,2.960311174392700195e-01,1.178451538085937500e+00
-7.424575090408325195e-01,8.885741233825683594e-02,6.638610959053039551e-01
9.969171881675720215e-01,-9.206843376159667969e-02,4.676974415779113770e-01
2.075036764144897461e-01,-1.428265571594238281e-01,2.106890827417373657e-01
-5.953184962272644043e-01,3.061375617980957031e-01,3.885119557380676270e-01
8.954955935478210449e-01,8.497524261474609375e-02,6.738360524177551270e-01
-2.350167781114578247e-01,-5.147961527109146118e-02,1.949980258941650391e-01
8.248577713966369629e-01,-1.827519685029983521e-01,7.782080173492431641e-01
-5.631802082061767578e-01,1.967205554246902466e-01,3.166909813880920410e-01
6.919643878936767578e-01,-1.842814236879348755e-01,1.099537372589111328e+00
8.874504566192626953e-01,-1.111614704132080078e-01,6.677829027175903320e-01
7.341958284378051758e-01,-6.101063266396522522e-02,1.107184171676635742e+00
-2.985808849334716797e-01,-1.306670606136322021e-01,2.290713489055633545e-01
-6.718529760837554932e-02,2.203783988952636719e-01,2.976876795291900635e-01
7.599830627441406250e-01,1.262402385473251343e-01,1.043753981590270996e+00
9.969171881675720215e-01,-9.206843376159667969e-02,3.291259706020355225e-01
5.246944427490234375e-01,-7.206511497497558594e-02,5.450819134712219238e-01
7.746481299400329590e-01,4.595518134919984732e-07,1.065735459327697754e+00
-3.555197119712829590e-01,2.418464273214340210e-01,-4.187345504760742188e-03
3.933232128620147705e-01,3.876170217990875244e-01,1.020091652870178223e+00
4.596206545829772949e-01,-5.365639552474021912e-02,3.301522731781005859e-01
-8.428562879562377930e-01,9.012460708618164062e-02,3.583505153656005859e-01
8.937152028083801270e-01,-9.076642990112304688e-02,3.599981665611267090e-01
-3.637011647224426270e-01,-1.641208380460739136e-01,3.929777145385742188e-01
2.223280817270278931e-02,-2.400584220886230469e-01,3.264776468276977539e-01
-9.450570940971374512e-01,9.141397476196289062e-02,8.898620307445526123e-02
1.034147739410400391e+00,9.381770951222279109e-07,1.665032953023910522e-01
2.206736430525779724e-02,2.606539726257324219e-01,7.340287566184997559e-01
-8.490396738052368164e-01,-6.877470016479492188e-02,1.565423607826232910e-01
-1.936326622962951660e-01,-1.054181829094886780e-01,1.366451740264892578e+00
7.979115247726440430e-01,6.941986083984375000e-02,1.895675659179687500e-01
6.810719966888427734e-01,1.377561092376708984e-01,5.145806670188903809e-01
-3.332120180130004883e-01,2.557513713836669922e-01,5.468890070915222168e-01
6.928557157516479492e-01,-8.823156356811523438e-02,3.204531669616699219e-01
3.719735741615295410e-01,-6.146777793765068054e-02,1.093015313148498535e+00
2.896537482738494873e-01,-2.441258430480957031e-01,4.215957522392272949e-01
2.397622615098953247e-01,-1.826049536466598511e-01,1.116843819618225098e+00
-1.064802646636962891e+00,3.118026256561279297e-02,2.072192281484603882e-01
5.946956276893615723e-01,-8.699297904968261719e-02,1.525094509124755859e-01
3.816789686679840088e-01,-2.302784919738769531e-01,3.937277197837829590e-01
3.943775892257690430e-01,-1.843384355306625366e-01,1.098958969116210938e+00
1.128521636128425598e-01,-1.995799541473388672e-01,2.686929404735565186e-01
1.060899972915649414e+00,-6.250291317701339722e-02,2.077178955078125000e-01
-1.083837151527404785e+00,-3.087358921766281128e-02,2.482507228851318359e-01
-7.424573898315429688e-01,8.885741233825683594e-02,1.207495108246803284e-01
-6.472105383872985840e-01,-7.132172584533691406e-02,1.205490082502365112e-01
5.547447204589843750e-01,2.826838493347167969e-01,6.776199340820312500e-01
6.766917109489440918e-01,-1.561617851257324219e-01,4.447495937347412109e-01
5.840039849281311035e-01,1.393637657165527344e-01,5.106425285339355469e-01
-5.408849716186523438e-01,1.140952110290527344e-01,5.808666944503784180e-01
7.796443104743957520e-01,1.365122795104980469e-01,4.179254174232482910e-01
-4.216097891330718994e-01,2.668607234954833984e-01,4.836773574352264404e-01
-1.607310771942138672e-01,-1.525328159332275391e-01,2.097552418708801270e-01
-6.436108946800231934e-01,8.761024475097656250e-02,1.198785379528999329e-01
-6.762998551130294800e-02,-2.019467353820800781e-01,2.683264017105102539e-01
9.473643302917480469e-01,-6.616248190402984619e-02,8.254211395978927612e-02
-1.963653564453125000e-01,1.602197289466857910e-01,1.347705245018005371e+00
5.807391405105590820e-01,-1.553561687469482422e-01,5.077872872352600098e-01
3.759440481662750244e-01,1.319506764411926270e-01,9.552619457244873047e-01
-1.163160651922225952e-01,-1.526401042938232422e-01,1.425892472267150879e+00
3.758144974708557129e-01,4.884600457444321364e-07,9.517328739166259766e-01
-3.465931117534637451e-01,-1.455469131469726562e-01,7.704653739929199219e-01
6.502557992935180664e-01,2.672605514526367188e-01,6.863362193107604980e-01
-1.058930039405822754e+00,-6.612658500671386719e-02,4.392459094524383545e-01
6.455654501914978027e-01,2.857482731342315674e-01,1.241723656654357910e+00
-1.533300578594207764e-01,-2.836670875549316406e-01,7.289974689483642578e-01
6.317146420478820801e-01,-1.806365549564361572e-01,1.137133240699768066e+00
-3.682126998901367188e-01,1.272989660501480103e-01,2.526031434535980225e-01
-7.065078616142272949e-01,-4.892928898334503174e-02,3.678083419799804688e-02
1.077443838119506836e+00,6.196963787078857422e-02,2.491760253906250000e-01
7.104955911636352539e-01,1.220145449042320251e-01,1.109229922294616699e+00
3.519111573696136475e-01,-1.235166937112808228e-01,1.085976243019104004e+00
-7.424584031105041504e-01,8.885741233825683594e-02,2.880236804485321045e-01
1.094817072153091431e-01,-2.832181453704833984e-01,7.285499572753906250e-01
3.275593519210815430e-01,4.538893563221790828e-07,1.096113324165344238e+00
4.816284030675888062e-02,-1.765776276588439941e-01,1.179029107093811035e+00
-1.578970104455947876e-01,2.027378082275390625e-01,6.845468282699584961e-01
1.991373449563980103e-01,-2.580261230468750000e-01,4.494940042495727539e-01
-6.683640182018280029e-02,-2.347912788391113281e-01,5.791299343109130859e-01
-6.688950955867767334e-02,2.325940132141113281e-01,5.795902609825134277e-01
8.240454196929931641e-01,1.825719475746154785e-01,7.744865417480468750e-01
1.089240908622741699e+00,9.131431397690903395e-07,3.124093413352966309e-01
-3.616725206375122070e-01,5.565008148550987244e-02,1.273496389389038086e+00
8.895156532526016235e-02,-1.180623248219490051e-01,1.170509815216064453e+00
-1.592291742563247681e-01,1.791403293609619141e-01,4.619453251361846924e-01
6.810714602470397949e-01,1.377561092376708984e-01,6.501232981681823730e-01
2.834402322769165039e-01,-1.222496926784515381e-01,1.105613708496093750e+00
2.215192280709743500e-02,2.501575946807861328e-01,3.562243580818176270e-01
-2.244535833597183228e-01,-1.737447381019592285e-01,5.918803215026855469e-01
-1.049326658248901367e+00,9.272980690002441406e-02,1.929116845130920410e-01
6.330229043960571289e-01,-4.045867919921875000e-01,1.236748337745666504e+00
-3.061172366142272949e-02,-2.184730917215347290e-01,1.314305305480957031e+00
7.227323651313781738e-01,4.470348358154296875e-07,1.135772466659545898e+00
-7.042376995086669922e-01,2.600081861019134521e-01,5.105334520339965820e-01
-8.914269804954528809e-01,7.756471633911132812e-02,5.238655209541320801e-01
3.924056887626647949e-01,1.223828196525573730e-01,1.103529214859008789e+00
1.080123782157897949e+00,-6.188326701521873474e-02,2.705038487911224365e-01
4.532791078090667725e-01,6.049279496073722839e-02,1.123252272605895996e+00
2.944241166114807129e-01,1.987454891204833984e-01,3.331789970397949219e-01
4.325191974639892578e-01,-2.489605844020843506e-01,4.806736707687377930e-01
-1.087264418601989746e+00,3.081834316253662109e-02,2.693929970264434814e-01
-1.010132312774658203e+00,-3.206112235784530640e-02,1.242117285728454590e-01
3.253945708274841309e-01,-2.813165485858917236e-01,4.846947193145751953e-01
1.739916950464248657e-01,-1.804206073284149170e-01,1.139384865760803223e+00
-1.592629104852676392e-01,1.785395145416259766e-01,3.025610148906707764e-01
-5.486690402030944824e-01,-7.256507873535156250e-02,5.550025701522827148e-01
-4.331895411014556885e-01,-1.199243515729904175e-01,1.141649723052978516e+00
6.647636294364929199e-01,4.351138898073259043e-07,1.165683388710021973e+00
1.542211920022964478e-01,-5.120659619569778442e-02,1.780314445495605469e-01
-1.587385684251785278e-01,-1.878452301025390625e-01,6.552037000656127930e-01
-1.592393517494201660e-01,-1.789722442626953125e-01,4.298821985721588135e-01
-2.491537183523178101e-01,1.955235004425048828e-01,3.647207617759704590e-01
-4.432578682899475098e-01,-1.265215873718261719e-01,4.423497021198272705e-01
-1.539970338344573975e-01,-2.064590156078338623e-01,1.407005667686462402e+00
-3.877401351928710938e-01,2.958531975746154785e-01,2.226669192314147949e-01
9.489386081695556641e-01,6.611173599958419800e-02,8.247863501310348511e-02
6.024096608161926270e-01,3.429054319858551025e-01,1.248465776443481445e+00
-3.353172242641448975e-01,-2.384061813354492188e-01,5.503457784652709961e-01
-6.803815364837646484e-01,3.322548866271972656e-01,4.501391649246215820e-01
2.843060791492462158e-01,2.950062751770019531e-01,5.380833148956298828e-01
6.497723460197448730e-01,-2.876103520393371582e-01,1.230265498161315918e+00
5.241723656654357910e-01,1.751450300216674805e-01,1.193763494491577148e+00
-3.881728649139404297e-01,1.968944072723388672e-01,1.651940941810607910e-01
-3.867704868316650391e-01,2.959630191326141357e-01,-1.092926040291786194e-02
5.921897292137145996e-01,-9.926772117614746094e-02,4.169164896011352539e-01
-2.066107094287872314e-01,3.940786541534180287e-07,1.405068278312683105e+00
1.067228794097900391e+00,9.047984690369048622e-07,4.722366333007812500e-01
3.323419094085693359e-01,5.135104060173034668e-02,1.870653629302978516e-01
2.020814120769500732e-01,-2.174899578094482422e-01,3.300033509731292725e-01
-3.634285032749176025e-01,-5.592029914259910583e-02,1.265113115310668945e+00
7.523417472839355469e-02,1.887402236461639404e-01,2.482360750436782837e-01
-4.652207791805267334e-01,-5.852082744240760803e-02,1.184437274932861328e+00
-6.677320599555969238e-02,2.374067306518554688e-01,4.518165588378906250e-01
5.681211948394775391e-01,1.168814748525619507e-01,1.188778996467590332e+00
1.989147514104843140e-01,2.610960006713867188e-01,4.802935719490051270e-01
1.095202043652534485e-01,2.822899818420410156e-01,5.694781541824340820e-01
1.109126359224319458e-01,2.477374076843261719e-01,4.503605663776397705e-01
1.101182997226715088e-01,-2.674286365509033203e-01,5.096063017845153809e-01
1.111648902297019958e-01,-2.414574623107910156e-01,3.887826502323150635e-01
1.083355426788330078e+00,-6.177908927202224731e-02,4.015023708343505859e-01
-2.883946597576141357e-01,2.461583614349365234e-01,9.482543915510177612e-02
2.206120453774929047e-02,-2.614374160766601562e-01,4.789877235889434814e-01
3.075840771198272705e-01,1.847788244485855103e-01,1.094420790672302246e+00
7.738926410675048828e-01,-1.810766756534576416e-01,7.435612678527832031e-01
-2.588032484054565430e-01,8.690762519836425781e-02,6.123266220092773438e-01
-8.498413562774658203e-01,1.961031258106231689e-01,1.054203510284423828e+00
2.199630998075008392e-02,2.694776058197021484e-01,5.088276267051696777e-01
-1.229705754667520523e-02,-2.848296165466308594e-01,1.247396111488342285e+00
-2.845036387443542480e-01,-1.622870415449142456e-01,3.550465106964111328e-01
-1.095963835716247559e+00,3.067819587886333466e-02,3.987063467502593994e-01
2.834396660327911377e-01,-3.032493591308593750e-01,5.364437699317932129e-01
-1.100544810295104980e+00,-3.060438111424446106e-02,3.322561681270599365e-01
3.434264957904815674e-01,-1.591350883245468140e-01,2.899630069732666016e-01
4.669995009899139404e-01,-1.134944781661033630e-01,1.241283416748046875e+00
-4.343442916870117188e-01,2.905750274658203125e-01,1.037774607539176941e-01
2.607893347740173340e-01,1.216978803277015686e-01,1.114147186279296875e+00
5.518913865089416504e-01,-2.966599464416503906e-01,6.741346716880798340e-01
2.394415289163589478e-01,2.428539395332336426e-01,1.126197695732116699e+00
-3.422250747680664062e-01,3.240851163864135742e-01,1.722488403320312500e-01
-1.221664436161518097e-02,-1.702482253313064575e-01,1.244323134422302246e+00
2.593671977519989014e-01,4.479288975289819064e-07,1.120550870895385742e+00
5.117712020874023438e-01,5.707962810993194580e-02,1.229145288467407227e+00
-8.493146896362304688e-01,-3.465224057435989380e-02,3.873718157410621643e-02
6.970289349555969238e-01,7.069301605224609375e-02,3.900549113750457764e-01
6.475667953491210938e-01,-1.191781386733055115e-01,1.153206706047058105e+00
8.452756404876708984e-01,1.037120796354429331e-06,3.880492970347404480e-02
-1.053403854370117188e+00,3.136392682790756226e-02,5.216563344001770020e-01
6.201754212379455566e-01,3.781509399414062500e-02,2.972412109375000000e-01
4.726727306842803955e-01,1.721601784229278564e-01,1.224546551704406738e+00
6.423136591911315918e-01,5.913645774126052856e-02,1.165328264236450195e+00
-1.058930397033691406e+00,-6.612610816955566406e-02,3.689538538455963135e-01
-1.007663130760192871e+00,1.012718677520751953e-01,8.351305723190307617e-01
4.536279141902923584e-01,-2.303097248077392578e-01,1.222977995872497559e+00
-5.884571075439453125e-01,1.166457831859588623e-01,6.183344721794128418e-01
5.875893831253051758e-01,-5.820491164922714233e-02,1.194232344627380371e+00
5.784002542495727539e-01,3.550176024436950684e-01,1.186598658561706543e+00
-4.867324829101562500e-01,5.852077528834342957e-02,1.184432983398437500e+00
-2.749641239643096924e-01,1.083001270890235901e-01,1.321756601333618164e+00
-5.909299850463867188e-01,-1.165261790156364441e-01,6.177003383636474609e-01
7.733016610145568848e-01,1.809383779764175415e-01,7.407023906707763672e-01
4.801665991544723511e-02,-2.344393730163574219e-01,1.191135883331298828e+00
-8.249175548553466797e-02,5.180774629116058350e-02,1.392760515213012695e+00
-1.177459675818681717e-02,1.640881747007369995e-01,1.307848453521728516e+00
9.969172477722167969e-01,-9.206843376159667969e-02,1.918649226427078247e-01
