3.849599063396453857e-01,2.064676284790039062e-01,5.254724025726318359e-01
-9.827561378479003906e-01,-9.757365286350250244e-02,3.072680532932281494e-01
-1.817416399717330933e-01,-4.949811473488807678e-02,1.464379191398620605e+00
-2.455732226371765137e-01,-2.358376979827880859e-01,6.780320405960083008e-01
1.939879506826400757e-01,-3.289299011230468750e-01,-1.112915016710758209e-02
9.546728134155273438e-01,-6.595578789710998535e-02,9.537613391876220703e-01
-6.151426434516906738e-01,3.253420591354370117e-01,1.030086994171142578e+00
9.778640270233154297e-01,9.417533419764367864e-07,1.938613802194595337e-01
-3.497833609580993652e-01,1.192712783813476562e-01,1.811184585094451904e-01
3.055862486362457275e-01,4.534948345735756448e-07,1.097933650016784668e+00
-5.760519504547119141e-01,-3.291571736335754395e-01,1.077306747436523438e+00
7.370605133473873138e-03,3.966178297996520996e-01,1.271489500999450684e+00
-6.361022591590881348e-02,2.109939903020858765e-01,8.240756988525390625e-01
1.975938230752944946e-01,-2.792801856994628906e-01,4.771044850349426270e-01
-6.404493451118469238e-01,1.019175052642822266e-01,5.871683955192565918e-01
8.666320890188217163e-02,-3.994587361812591553e-01,1.259098052978515625e+00
4.963515996932983398e-01,4.977229982614517212e-02,8.908772468566894531e-02
6.729058623313903809e-01,-1.720743179321289062e-01,5.084112286567687988e-01
8.371124416589736938e-02,5.122961476445198059e-02,1.792671680450439453e-01
6.432858109474182129e-01,2.063407301902770996e-01,8.720483779907226562e-01
-7.027180194854736328e-01,-4.866685718297958374e-02,2.049207687377929688e-02
9.894156455993652344e-01,1.139509677886962891e-01,6.035749912261962891e-01
-2.083593755960464478e-01,-2.501308321952819824e-01,1.070046782493591309e+00
3.917259573936462402e-01,-1.573710441589355469e-01,7.688778638839721680e-01
-3.984225392341613770e-01,6.888200342655181885e-02,8.630049228668212891e-01
-6.109971404075622559e-01,-2.351911067962646484e-01,7.251709103584289551e-01
-1.606812477111816406e-01,-1.534152030944824219e-01,3.372521996498107910e-01
-2.491702586412429810e-01,1.953370571136474609e-01,5.246856808662414551e-01
-6.319817900657653809e-01,-1.402347087860107422e-01,3.464367687702178955e-01
6.709870696067810059e-01,1.801362037658691406e-01,3.428680300712585449e-01
6.381591409444808960e-02,5.494434386491775513e-02,1.295519113540649414e+00
2.708064317703247070e-01,2.062482386827468872e-01,8.730149269104003906e-01
-4.748240411281585693e-01,5.662441253662109375e-07,1.146001577377319336e+00
4.174108803272247314e-01,-1.591375917196273804e-01,2.900037765502929688e-01
6.591544747352600098e-01,-1.356112509965896606e-01,8.985607624053955078e-01
-2.553753554821014404e-01,2.533849775791168213e-01,1.044940829277038574e+00
9.321403503417968750e-02,2.497102618217468262e-01,5.782714486122131348e-01
-8.699073791503906250e-01,-1.030321121215820312e-01,5.714240670204162598e-01
2.260500192642211914e-02,-1.939129829406738281e-01,7.519134283065795898e-01
7.654678225517272949e-01,4.871193319559097290e-02,2.329087257385253906e-02
6.807611584663391113e-01,-1.390628814697265625e-01,2.162875384092330933e-01
-7.423509955406188965e-01,8.927536010742187500e-02,2.544235289096832275e-01
1.956014633178710938e-01,2.719337642192840576e-01,3.332815468311309814e-01
6.921401023864746094e-01,9.123897552490234375e-02,5.915145874023437500e-01
-4.124607741832733154e-01,-1.684656441211700439e-01,4.828038215637207031e-01
-3.926935195922851562e-01,-1.261148601770401001e-01,1.919833272695541382e-01
-3.748647868633270264e-01,-3.146368265151977539e-01,8.974306583404541016e-01
1.975762695074081421e-01,-2.795171737670898438e-01,2.310253828763961792e-01
-4.467794001102447510e-01,1.036975383758544922e-01,4.126916527748107910e-01
-6.878696382045745850e-02,1.541123390197753906e-01,3.687624931335449219e-01
4.171807765960693359e-01,1.590499877929687500e-01,2.881937026977539062e-01
8.633181452751159668e-01,1.897170543670654297e-01,7.877438068389892578e-01
9.118411540985107422e-01,-3.176450729370117188e-02,4.372763037681579590e-01
-4.525380134582519531e-01,2.056525945663452148e-01,6.848114132881164551e-01
7.213134784251451492e-03,-1.675058454275131226e-01,1.272593975067138672e+00
-7.307623624801635742e-01,1.347138881683349609e-01,7.923274040222167969e-01
-3.679473698139190674e-02,-1.315741837024688721e-01,9.612181186676025391e-01
5.085223317146301270e-01,4.789162062479590531e-07,9.912881851196289062e-01
3.887838423252105713e-01,-1.787230968475341797e-01,5.306910872459411621e-01
-5.538284778594970703e-01,4.503941535949707031e-02,1.542187482118606567e-01
-6.762475520372390747e-02,-2.022125720977783203e-01,5.536553859710693359e-01
4.754870533943176270e-01,2.160410881042480469e-01,7.233157157897949219e-01
-9.016699790954589844e-01,-3.380868956446647644e-02,1.076510623097419739e-01
8.962771892547607422e-01,-8.242869377136230469e-02,7.457330226898193359e-01
7.871221899986267090e-01,6.540874391794204712e-02,9.707360267639160156e-01
-1.276293843984603882e-01,5.115776881575584412e-02,1.747734546661376953e-01
-4.346311986446380615e-01,2.668102681636810303e-01,9.413528442382812500e-01
-2.644726634025573730e-01,2.157903760671615601e-01,7.746231555938720703e-01
-2.731182873249053955e-01,-1.357764750719070435e-01,8.960187435150146484e-01
-4.975074529647827148e-01,-1.377301067113876343e-01,8.657321929931640625e-01
2.609069645404815674e-01,-5.131645128130912781e-02,1.848564147949218750e-01
2.309242263436317444e-02,-1.334102153778076172e-01,2.428015023469924927e-01
5.317056179046630859e-01,-7.956041395664215088e-02,6.324755549430847168e-01
2.148794531822204590e-01,-2.228189408779144287e-01,7.021455764770507812e-01
-6.292908191680908203e-01,-1.524076461791992188e-01,5.434290766716003418e-01
4.164887666702270508e-01,2.232503890991210938e-02,4.296368360519409180e-01
-8.591949343681335449e-01,3.371691703796386719e-02,4.000451564788818359e-01
-8.444052934646606445e-01,8.477687835693359375e-02,6.004323959350585938e-01
-2.537680864334106445e-01,1.435830593109130859e-01,3.392098844051361084e-01
8.387506008148193359e-01,1.394691765308380127e-01,4.284548759460449219e-01
2.947463691234588623e-01,1.956751346588134766e-01,6.889591813087463379e-01
-4.659639000892639160e-01,-1.840616315603256226e-01,1.101812124252319336e+00
-4.255150854587554932e-01,-2.415423393249511719e-01,7.148159742355346680e-01
9.571378827095031738e-01,1.321821510791778564e-01,9.516761302947998047e-01
1.738407909870147705e-01,-1.202801316976547241e-01,1.136162400245666504e+00
3.247860670089721680e-01,-2.506561279296875000e-01,1.049261093139648438e-01
5.223663151264190674e-02,-1.656189709901809692e-01,4.238557815551757812e-01
5.735223293304443359e-01,-5.370388925075531006e-02,3.331062793731689453e-01
-1.748411506414413452e-01,1.329363137483596802e-01,9.400074481964111328e-01
-5.767942667007446289e-01,2.077584266662597656e-01,8.574290275573730469e-01
7.178344763815402985e-03,2.220179885625839233e-01,1.286958694458007812e+00
2.376269549131393433e-01,-1.622413247823715210e-01,3.541042804718017578e-01
-6.770659983158111572e-02,1.987752914428710938e-01,6.191627383232116699e-01
3.977476358413696289e-01,1.313840299844741821e-01,9.640469551086425781e-01
1.702104210853576660e-01,1.177674084901809692e-01,1.175054669380187988e+00
-6.776232719421386719e-01,3.741857782006263733e-02,4.328134059906005859e-01
8.071071505546569824e-01,-3.564786911010742188e-02,5.724923610687255859e-01
-1.363262981176376343e-01,-2.108087092638015747e-01,8.260035514831542969e-01
9.933725595474243164e-01,1.024088859558105469e-01,3.279559314250946045e-01
7.799518704414367676e-01,-1.353852748870849609e-01,3.845892250537872314e-01
-2.485122680664062500e-01,-2.027564048767089844e-01,4.911628663539886475e-01
-4.000924527645111084e-01,-6.515315175056457520e-02,9.786901473999023438e-01
8.429247736930847168e-01,9.590029716491699219e-02,2.002618312835693359e-01
-7.323257923126220703e-01,-1.285867691040039062e-01,6.893286108970642090e-01
-4.500853717327117920e-01,-8.226394653320312500e-02,3.492144644260406494e-01
1.112460196018218994e-01,2.394573688507080078e-01,7.402853369712829590e-01
4.127618670463562012e-01,-4.720926284790039062e-03,2.223751842975616455e-01
-6.844792962074279785e-01,-9.732198715209960938e-02,1.979803442955017090e-01
-1.413665711879730225e-02,1.314475536346435547e-01,9.631547927856445312e-01
5.724164247512817383e-01,1.961243152618408203e-01,5.661395192146301270e-01
1.139240041375160217e-01,1.730124950408935547e-01,4.304549992084503174e-01
-1.618790924549102783e-01,-1.322066783905029297e-01,1.792755126953125000e-01
5.755588412284851074e-01,-1.807310581207275391e-01,7.710024714469909668e-01
-4.671691730618476868e-02,3.898362024301604833e-07,1.395067930221557617e+00
6.235221624374389648e-01,5.420780181884765625e-02,2.292605489492416382e-01
2.319021224975585938e-01,2.684138119220733643e-01,4.864083826541900635e-01
8.164836168289184570e-01,-1.356266587972640991e-01,8.983192443847656250e-01
7.361263036727905273e-01,9.361314773559570312e-02,8.144167661666870117e-01
2.075574398040771484e-01,1.420931816101074219e-01,2.107433974742889404e-01
-3.221043348312377930e-01,-1.623238325119018555e-01,3.558464050292968750e-01
-9.650789499282836914e-01,2.979040145874023438e-02,2.296914607286453247e-01
-4.747707843780517578e-01,1.221448108553886414e-01,5.586480498313903809e-01
3.070467412471771240e-01,7.865190505981445312e-02,5.137557983398437500e-01
6.384978890419006348e-01,6.571488827466964722e-02,9.612410068511962891e-01
-5.461835265159606934e-01,-8.582711219787597656e-02,8.626983314752578735e-02
-5.226623266935348511e-02,5.786938220262527466e-02,1.204738974571228027e+00
-5.739200711250305176e-01,6.216239929199218750e-02,2.986800968647003174e-01
6.036375761032104492e-01,-4.319262504577636719e-02,5.434814468026161194e-02
1.263461261987686157e-01,2.044835239648818970e-01,8.912422657012939453e-01
-6.220122575759887695e-01,1.853468418121337891e-01,7.043014168739318848e-01
2.977625727653503418e-01,1.669757366180419922e-01,3.690100014209747314e-01
4.965472221374511719e-01,1.392092257738113403e-01,8.427855968475341797e-01
8.071072101593017578e-01,-3.564786911010742188e-02,1.575967371463775635e-01
-7.555404305458068848e-01,3.756022453308105469e-02,1.228771954774856567e-01
1.109202727675437927e-01,-2.475278377532958984e-01,6.087023615837097168e-01
5.758838653564453125e-01,-1.791386604309082031e-01,4.054369926452636719e-01
1.020596623420715332e+00,-2.299809455871582031e-02,5.864350795745849609e-01
-3.460316359996795654e-01,-2.542915344238281250e-01,1.037951350212097168e+00
2.534025609493255615e-01,-1.413123458623886108e-01,8.102307319641113281e-01
-5.461834073066711426e-01,-8.582711219787597656e-02,4.510905444622039795e-01
5.396438241004943848e-01,-6.867342442274093628e-02,8.694567680358886719e-01
1.825117468833923340e-01,4.173441254806675715e-07,1.249601125717163086e+00
-6.647180914878845215e-01,-7.900953292846679688e-03,6.806869506835937500e-01
-9.430625438690185547e-01,-9.949362277984619141e-02,4.550494253635406494e-01
-8.452903032302856445e-01,-8.172130584716796875e-02,2.234521508216857910e-01
-4.977962970733642578e-01,-2.019988894462585449e-01,5.839557051658630371e-01
4.828113317489624023e-01,1.731588840484619141e-01,4.363116323947906494e-01
-7.252663969993591309e-01,-1.562669277191162109e-01,4.465031325817108154e-01
4.957478642463684082e-01,9.741473197937011719e-02,6.165251135826110840e-01
-2.686465382575988770e-01,-5.109865963459014893e-02,1.713078022003173828e-01
8.910803198814392090e-01,4.969922825694084167e-02,8.456325531005859375e-02
2.300351485610008240e-02,1.444458961486816406e-01,2.737698256969451904e-01
-1.229547113180160522e-01,2.532024979591369629e-01,1.046352744102478027e+00
6.036375164985656738e-01,-4.319262504577636719e-02,5.278097391128540039e-01
6.709870696067810059e-01,1.801362037658691406e-01,4.739211797714233398e-01
-3.385375440120697021e-01,2.118895053863525391e-01,6.206088066101074219e-01
-3.364136517047882080e-01,-2.293756008148193359e-01,5.843562483787536621e-01
7.317124009132385254e-01,-7.506275177001953125e-02,8.095333576202392578e-01
-5.538276433944702148e-01,4.503941535949707031e-02,4.915493726730346680e-01
-5.058133006095886230e-01,1.215653121471405029e-01,1.116202473640441895e+00
7.717857360839843750e-01,2.055394649505615234e-01,8.803119659423828125e-01
6.921401619911193848e-01,9.123897552490234375e-02,1.201724186539649963e-01
9.084481596946716309e-01,4.281139373779296875e-02,7.196279764175415039e-01
-4.552641510963439941e-01,4.869413375854492188e-02,2.529253959655761719e-01
-4.256335496902465820e-01,1.309140622615814209e-01,9.713401794433593750e-01
-6.802278757095336914e-02,1.857278347015380859e-01,4.923574626445770264e-01
1.291811466217041016e-01,-2.526138722896575928e-01,3.713476359844207764e-01
9.118404388427734375e-01,-3.176450729370117188e-02,2.976882755756378174e-01
3.180036544799804688e-01,-2.600648105144500732e-01,2.583279311656951904e-01
6.509872525930404663e-02,-2.790814638137817383e-01,1.282745242118835449e+00
-4.517931938171386719e-01,-1.973334103822708130e-01,9.649436473846435547e-01
-5.720245093107223511e-02,-5.116990953683853149e-02,1.761617660522460938e-01
-2.976910471916198730e-01,6.008148147884639911e-07,8.861148357391357422e-01
-2.979640066623687744e-01,1.362575143575668335e-01,8.885374069213867188e-01
5.654439926147460938e-01,1.587865799665451050e-01,2.827465534210205078e-01
3.846502602100372314e-01,-6.356257945299148560e-02,1.028025746345520020e+00
2.066155225038528442e-01,1.550574302673339844e-01,7.643079757690429688e-01
7.387120127677917480e-01,-6.566815823316574097e-02,9.626898765563964844e-01
-7.759379148483276367e-01,4.241418838500976562e-02,6.937969923019409180e-01
7.835874557495117188e-01,1.430289745330810547e-01,3.127722144126892090e-01
8.913019895553588867e-01,9.862399101257324219e-02,5.308526754379272461e-01
-1.761920154094696045e-01,1.659446656703948975e-01,4.307515621185302734e-01
-1.576455533504486084e-01,2.071948051452636719e-01,7.163950800895690918e-01
-3.300431668758392334e-01,1.663245856761932373e-01,4.385573863983154297e-01
-3.170074522495269775e-02,-5.670913681387901306e-02,1.240945458412170410e+00
2.784373462200164795e-01,1.299333572387695312e-01,9.865293502807617188e-01
-6.836516410112380981e-02,-1.715643405914306641e-01,4.304519593715667725e-01
3.646710216999053955e-01,-1.364997923374176025e-01,8.847880363464355469e-01
5.945675373077392578e-01,8.762121200561523438e-02,5.198791623115539551e-01
4.980320334434509277e-01,8.404183387756347656e-02,2.175646871328353882e-01
1.164062023162841797e-01,-9.294673800468444824e-02,1.800701916217803955e-01
9.655126929283142090e-01,1.836726665496826172e-01,7.274320721626281738e-01
-4.940351843833923340e-01,5.865097136847907677e-07,8.762309551239013672e-01
1.055104061961174011e-01,-1.139404773712158203e-01,1.234407901763916016e+00
2.074317932128906250e-01,-2.589308917522430420e-01,9.363006055355072021e-02
4.814446568489074707e-01,-1.811552047729492188e-01,6.652142405509948730e-01
-7.391573190689086914e-01,1.017966270446777344e-01,5.231193304061889648e-01
2.955419421195983887e-01,-1.881036758422851562e-01,6.247625350952148438e-01
5.043790936470031738e-01,-4.687285423278808594e-02,1.536788940429687500e-01
-1.507755964994430542e-01,-1.320211738348007202e-01,9.542305469512939453e-01
-6.754411011934280396e-02,-2.055130004882812500e-01,6.829809546470642090e-01
-9.583113193511962891e-01,-9.875607490539550781e-02,1.959646493196487427e-01
2.213330380618572235e-02,2.524695396423339844e-01,6.713296175003051758e-01
-1.617809385061264038e-01,1.339340209960937500e-01,2.431356757879257202e-01
-3.618650436401367188e-01,1.276060193777084351e-01,3.124237060546875000e-01
-2.536962926387786865e-01,-1.443972587585449219e-01,2.428155392408370972e-01
1.153156235814094543e-01,-1.384577751159667969e-01,3.066204786300659180e-01
-8.591951727867126465e-01,3.371691703796386719e-02,1.927478015422821045e-01
2.987948656082153320e-01,-1.571607589721679688e-01,4.673654139041900635e-01
8.076133728027343750e-01,-7.066709548234939575e-02,2.841479480266571045e-01
-3.745860159397125244e-01,-2.067070305347442627e-01,8.682920932769775391e-01
-1.305165141820907593e-01,4.964406043291091919e-02,1.459888219833374023e+00
9.650673866271972656e-01,6.559187918901443481e-02,4.498889148235321045e-01
5.945674180984497070e-01,8.762121200561523438e-02,5.353149399161338806e-02
6.414962559938430786e-02,3.387477695941925049e-01,1.196043014526367188e+00
1.980884522199630737e-01,2.724738121032714844e-01,6.042838692665100098e-01
-9.650791883468627930e-01,2.979040145874023438e-02,3.694198429584503174e-01
8.280376791954040527e-01,4.122328758239746094e-02,8.445582389831542969e-01
-7.155230641365051270e-01,-1.944696903228759766e-01,7.758033871650695801e-01
-1.572558134794235229e-01,-2.141141891479492188e-01,6.165725588798522949e-01
-7.294819355010986328e-01,-1.098244264721870422e-01,5.821752548217773438e-01
1.751235872507095337e-02,-3.391112685203552246e-01,1.200672626495361328e+00
2.966421544551849365e-01,5.134534835815429688e-02,1.867451667785644531e-01
7.044623494148254395e-01,-3.945422172546386719e-02,1.223120093345642090e-01
7.769556045532226562e-01,-1.434586346149444580e-01,5.181997418403625488e-01
-6.538386344909667969e-01,4.133129119873046875e-02,5.456909164786338806e-02
-8.221626281738281250e-01,3.508973121643066406e-02,5.066738724708557129e-01
-5.707480907440185547e-01,-4.523801803588867188e-02,2.970291078090667725e-01
2.718758583068847656e-01,-2.645376622676849365e-01,3.550567626953125000e-01
-8.726630210876464844e-01,-1.278066635131835938e-02,3.007067739963531494e-01
7.044622898101806641e-01,-3.945422172546386719e-02,6.020454168319702148e-01
8.348464965820312500e-02,-2.489248365163803101e-01,5.057905316352844238e-01
5.043793916702270508e-01,-4.687285423278808594e-02,4.898290932178497314e-01
-8.409342765808105469e-01,-9.675645828247070312e-02,4.256503283977508545e-01
-6.424242258071899414e-01,9.298062324523925781e-02,2.189605683088302612e-01
-7.284432053565979004e-01,-1.438114643096923828e-01,2.825869619846343994e-01
5.811522006988525391e-01,-1.533339023590087891e-01,5.747795104980468750e-01
6.807603836059570312e-01,-1.390631198883056641e-01,3.478622436523437500e-01
-2.333663851022720337e-01,5.111810937523841858e-02,1.725621223449707031e-01
-2.201690711081027985e-02,5.121155455708503723e-02,1.769738197326660156e-01
5.325604081153869629e-01,-1.601531952619552612e-01,3.110008239746093750e-01
-4.985163807868957520e-01,1.380081325769424438e-01,8.614027500152587891e-01
9.963440895080566406e-01,9.536743164062500000e-07,3.504376113414764404e-01
-3.547311425209045410e-01,2.093974649906158447e-01,8.405396938323974609e-01
-3.732222020626068115e-01,-6.874687969684600830e-02,8.671982288360595703e-01
2.433012276887893677e-01,1.236393302679061890e-01,1.084067106246948242e+00
6.762006282806396484e-01,-1.582257747650146484e-01,7.827113270759582520e-01
4.744880497455596924e-01,-1.401247382164001465e-01,8.286261558532714844e-01
7.909731268882751465e-01,9.490394592285156250e-02,5.610485672950744629e-01
-5.494784712791442871e-01,1.744886189699172974e-01,6.073532104492187500e-01
4.123730361461639404e-01,5.752870813012123108e-02,5.704820156097412109e-01
-8.173714876174926758e-01,-4.914362728595733643e-02,5.007195472717285156e-02
5.572428703308105469e-01,6.774830818176269531e-02,8.981592655181884766e-01
8.913024067878723145e-01,9.862399101257324219e-02,2.909829616546630859e-01
3.825897276401519775e-01,6.322204321622848511e-02,1.038590788841247559e+00
6.294528245925903320e-01,-5.201473087072372437e-02,2.282836437225341797e-01
-4.678884744644165039e-01,-3.314709663391113281e-02,1.233496069908142090e-01
2.674620151519775391e-01,-1.763374358415603638e-01,2.319210767745971680e-01
7.044629454612731934e-01,-3.945422172546386719e-02,2.107696421444416046e-02
8.395701646804809570e-01,-6.542668491601943970e-02,9.701809883117675781e-01
2.255944721400737762e-02,-1.995680332183837891e-01,6.188267469406127930e-01
-5.966032147407531738e-01,-1.762930005788803101e-01,6.446504592895507812e-01
-7.390581965446472168e-01,1.021902561187744141e-01,3.537475466728210449e-01
5.043795108795166016e-01,-4.687285423278808594e-02,2.537451088428497314e-01
2.941114306449890137e-01,2.017142772674560547e-01,5.891143679618835449e-01
-5.187910199165344238e-01,2.319798469543457031e-01,7.546035647392272949e-01
4.837950766086578369e-01,-1.673939228057861328e-01,5.025942921638488770e-01
9.027595520019531250e-01,9.942054930434096605e-07,5.371177792549133301e-01
8.071079254150390625e-01,-3.564786911010742188e-02,5.532898008823394775e-02
-5.461832880973815918e-01,-8.582711219787597656e-02,1.850521862506866455e-01
3.870174586772918701e-01,1.915366649627685547e-01,7.596374154090881348e-01
5.670309066772460938e-01,2.225036621093750000e-01,7.595788240432739258e-01
4.759885370731353760e-01,2.131068706512451172e-01,6.247324943542480469e-01
5.763962864875793457e-01,1.766288280487060547e-01,4.057977199554443359e-01
8.074343204498291016e-01,-7.067286223173141479e-02,4.593034386634826660e-01
6.161957979202270508e-01,-6.597530096769332886e-02,9.531633853912353516e-01
7.153611779212951660e-01,1.316538304090499878e-01,9.598658084869384766e-01
3.900239765644073486e-01,1.697185039520263672e-01,4.023367166519165039e-01
9.810791015625000000e-01,-5.964653193950653076e-02,7.019462585449218750e-01
-6.930278986692428589e-02,1.327531337738037109e-01,2.109384089708328247e-01
2.996039986610412598e-01,1.494629383087158203e-01,2.427639663219451904e-01
-6.909529864788055420e-02,-1.413221359252929688e-01,2.741403281688690186e-01
-5.576138496398925781e-01,2.483963966369628906e-02,5.451324209570884705e-02
-5.173974633216857910e-01,-2.394125461578369141e-01,7.525771856307983398e-01
2.006787061691284180e-01,1.625835150480270386e-01,3.610863685607910156e-01
1.151210665702819824e-01,1.433067321777343750e-01,2.421517819166183472e-01
-6.432103514671325684e-01,-8.942484855651855469e-02,8.673217892646789551e-02
2.978342175483703613e-01,1.663000583648681641e-01,4.658630192279815674e-01
5.631597042083740234e-01,1.572535634040832520e-01,6.543075442314147949e-01
1.898126155138015747e-01,5.127824842929840088e-02,1.823806762695312500e-01
2.283610776066780090e-02,1.652297973632812500e-01,3.992150723934173584e-01
3.841094970703125000e-01,2.126410007476806641e-01,6.545223593711853027e-01
-1.589452624320983887e-01,-1.841828823089599609e-01,4.611198306083679199e-01
-7.413854002952575684e-01,-9.306526184082031250e-02,1.205749511718750000e-01
2.257391624152660370e-02,1.977722644805908203e-01,5.221902132034301758e-01
1.131745055317878723e-01,-1.915814876556396484e-01,7.198391556739807129e-01
-1.581270247697830200e-01,1.986651420593261719e-01,5.550777912139892578e-01
7.667999863624572754e-01,1.836891174316406250e-01,4.772302210330963135e-01
-3.340292274951934814e-01,-2.490196228027343750e-01,7.425372004508972168e-01
-2.476015090942382812e-01,2.129874229431152344e-01,6.508675813674926758e-01
-3.557951152324676514e-01,1.963373720645904541e-01,9.752252101898193359e-01
2.829215824604034424e-01,-3.081846237182617188e-01,1.689321845769882202e-01
-1.568755507469177246e-01,-2.208490371704101562e-01,7.128927707672119141e-01
4.808166921138763428e-01,-1.848316192626953125e-01,4.021823108196258545e-01
5.761911869049072266e-01,-1.776340007781982422e-01,6.700800657272338867e-01
7.909736633300781250e-01,9.490394592285156250e-02,1.210116520524024963e-01
8.926223516464233398e-01,6.541580706834793091e-02,9.705116748809814453e-01
-6.319811344146728516e-01,-1.402347087860107422e-01,4.455904960632324219e-01
8.343093842267990112e-02,1.659582108259201050e-01,1.288526177406311035e+00
8.514663577079772949e-02,2.815040946006774902e-01,1.267847180366516113e+00
1.998995542526245117e-01,-2.475318908691406250e-01,5.778115987777709961e-01
-4.319684803485870361e-01,1.997089385986328125e-01,5.932412743568420410e-01
-3.369911015033721924e-01,2.246267795562744141e-01,7.160128355026245117e-01
3.879634141921997070e-01,-1.846761703491210938e-01,6.610888242721557617e-01
-6.396591067314147949e-01,1.054933071136474609e-01,4.846711754798889160e-01
-9.079430103302001953e-01,-3.370760753750801086e-02,5.112218856811523438e-01
9.118409752845764160e-01,-3.176450729370117188e-02,1.248010247945785522e-01
-2.549039125442504883e-01,1.307902336120605469e-01,2.439727783203125000e-01
2.298792637884616852e-02,-1.463184356689453125e-01,3.375662267208099365e-01
6.390533596277236938e-02,-5.502132698893547058e-02,1.293130993843078613e+00
-1.610597521066665649e-01,1.467061042785644531e-01,3.380468785762786865e-01
-4.500850141048431396e-01,-8.226394653320312500e-02,2.500485181808471680e-01
2.940368354320526123e-01,-2.024240493774414062e-01,7.537368535995483398e-01
2.617962360382080078e-01,-2.655150592327117920e-01,1.905364915728569031e-02
2.310692332684993744e-02,1.316096782684326172e-01,1.790335029363632202e-01
-6.424245238304138184e-01,9.298062324523925781e-02,3.521612584590911865e-01
-3.410626947879791260e-01,1.910941600799560547e-01,5.272619724273681641e-01
1.961208432912826538e-01,-2.995615005493164062e-01,3.202697634696960449e-01
-6.769488751888275146e-02,1.992747783660888672e-01,7.174944877624511719e-01
3.377425968647003174e-01,-5.218555405735969543e-02,2.388589382171630859e-01
2.559399306774139404e-01,5.974928662180900574e-02,1.146323323249816895e+00
-2.465158551931381226e-01,-2.252268791198730469e-01,5.832523703575134277e-01
8.300476670265197754e-01,-4.860806465148925781e-02,8.466091752052307129e-01
1.146013438701629639e-01,1.561961174011230469e-01,3.366601467132568359e-01
-7.961115837097167969e-01,3.550950065255165100e-02,3.353491127490997314e-01
2.327673286199569702e-01,-5.917457491159439087e-02,1.164184808731079102e+00
7.378368973731994629e-01,-5.174819007515907288e-02,2.117323875427246094e-01
1.432912349700927734e-01,2.537529170513153076e-01,4.085046350955963135e-01
5.945675373077392578e-01,8.762121200561523438e-02,1.524765044450759888e-01
2.991533279418945312e-01,1.537466049194335938e-01,7.668523788452148438e-01
-8.409346342086791992e-01,-9.675645828247070312e-02,1.214831545948982239e-01
-4.357068240642547607e-01,1.754748821258544922e-01,4.998500049114227295e-01
-4.552637040615081787e-01,4.869413375854492188e-02,1.531826704740524292e-01
-4.627395570278167725e-01,-3.147839903831481934e-01,8.993093967437744141e-01
-7.420114874839782715e-01,9.060645103454589844e-02,6.286495923995971680e-01
2.037501484155654907e-01,1.945126056671142578e-01,6.872743368148803711e-01
-8.019163608551025391e-01,3.541594743728637695e-02,3.959106281399726868e-02
-9.587936103343963623e-02,-4.948985576629638672e-02,1.464700341224670410e+00
1.651730239391326904e-01,-1.644707322120666504e-01,4.000999927520751953e-01
5.426045060157775879e-01,2.068627178668975830e-01,8.666641712188720703e-01
3.905185759067535400e-01,-1.661360263824462891e-01,3.705663979053497314e-01
-4.267776012420654297e-01,-2.333555221557617188e-01,6.185714602470397949e-01
8.322508931159973145e-01,5.669999122619628906e-02,4.461251795291900635e-01
-3.457485139369964600e-01,-1.524970531463623047e-01,2.749941945075988770e-01
6.921406984329223633e-01,9.123897552490234375e-02,2.070831321179866791e-02
9.468078613281250000e-01,6.618041545152664185e-02,1.510842889547348022e-01
4.828113913536071777e-01,1.731588840484619141e-01,3.392226994037628174e-01
-6.319809556007385254e-01,-1.402347087860107422e-01,2.480596899986267090e-01
-2.278002947568893433e-01,-2.053512185811996460e-01,8.822765350341796875e-01
-2.512571215629577637e-01,-1.718606948852539062e-01,3.998370170593261719e-01
1.097063198685646057e-01,2.776725292205810547e-01,6.656900048255920410e-01
8.407702445983886719e-01,1.309711039066314697e-01,9.704411029815673828e-01
4.369311332702636719e-01,5.100763216614723206e-02,1.657586097717285156e-01
-6.109185814857482910e-01,-3.231080472469329834e-01,1.002414226531982422e+00
2.259034849703311920e-02,-1.957366466522216797e-01,5.225698947906494141e-01
-4.774009585380554199e-01,1.980737000703811646e-01,9.573094844818115234e-01
1.466629505157470703e-01,2.540251314640045166e-01,5.161538720130920410e-01
-3.394887745380401611e-01,-2.040503025054931641e-01,4.926011562347412109e-01
6.864582896232604980e-01,4.673003957123000873e-07,9.662070274353027344e-01
-4.552637636661529541e-01,4.869413375854492188e-02,3.532324135303497314e-01
5.944892764091491699e-01,1.325408816337585449e-01,9.461178779602050781e-01
7.148132193833589554e-03,4.100665478290466126e-07,1.315261721611022949e+00
-1.628338545560836792e-01,-5.113918706774711609e-02,1.739611625671386719e-01
-3.747729361057281494e-01,-5.104214698076248169e-02,1.679015159606933594e-01
6.933405399322509766e-01,8.619475364685058594e-02,2.536831498146057129e-01
-7.555412650108337402e-01,3.756022453308105469e-02,5.696981549263000488e-01
-4.417200684547424316e-01,-1.364915370941162109e-01,4.080187976360321045e-01
4.023200571537017822e-01,8.049297332763671875e-02,2.825372219085693359e-01
-7.821392416954040527e-01,-6.673264503479003906e-02,6.993426084518432617e-01
2.325495928525924683e-01,-2.020354270935058594e-01,1.646859645843505859e-01
-5.191093087196350098e-01,-2.302813529968261719e-01,6.555096507072448730e-01
4.845397919416427612e-02,-5.122606083750724792e-02,1.783626079559326172e-01
9.860816001892089844e-01,6.491451710462570190e-02,2.383456379175186157e-01
7.101287599653005600e-03,1.100383177399635315e-01,1.294873356819152832e+00
7.667996883392333984e-01,1.836891174316406250e-01,3.781039416790008545e-01
-5.346307158470153809e-01,-1.474671363830566406e-01,5.408025979995727539e-01
-4.091990590095520020e-01,-2.658522725105285645e-01,9.487409591674804688e-01
7.378609776496887207e-01,-1.357958912849426270e-01,8.956980705261230469e-01
6.036375761032104492e-01,-4.319262504577636719e-02,1.548025459051132202e-01
-6.940478831529617310e-02,-1.285171508789062500e-01,1.792730689048767090e-01
7.154852151870727539e-01,1.585198491811752319e-01,2.772340774536132812e-01
2.825271785259246826e-01,-3.119311332702636719e-01,7.864532619714736938e-02
-6.006026864051818848e-01,-4.890907555818557739e-02,3.551936149597167969e-02
4.587559401988983154e-01,-6.434120982885360718e-02,1.003860950469970703e+00
8.596535921096801758e-01,2.071696221828460693e-01,8.635003566741943359e-01
1.205590814352035522e-01,4.061981258018931840e-07,1.296381115913391113e+00
7.799524664878845215e-01,-1.353852748870849609e-01,2.514587342739105225e-01
4.277430772781372070e-01,4.676677747283974895e-07,1.038472533226013184e+00
4.251734316349029541e-01,8.534741401672363281e-02,4.738496243953704834e-01
-1.472488325089216232e-02,2.052042335271835327e-01,8.838410377502441406e-01
5.821223258972167969e-01,-1.353948116302490234e-01,9.019167423248291016e-01
1.208965778350830078e-01,2.519450485706329346e-01,3.352264463901519775e-01
-2.523515224456787109e-01,1.657719314098358154e-01,4.270260334014892578e-01
-4.488307237625122070e-01,-6.906102597713470459e-02,8.574326038360595703e-01
-8.591950535774230957e-01,3.371691703796386719e-02,8.985748142004013062e-02
1.818461418151855469e-01,-2.568653821945190430e-01,2.210906893014907837e-02
-7.265634536743164062e-01,1.511774063110351562e-01,7.183383107185363770e-01
-9.641947746276855469e-01,-3.280127048492431641e-02,4.262991249561309814e-01
-5.056948661804199219e-01,-1.215379610657691956e-01,1.116642594337463379e+00
-3.015286326408386230e-01,1.912793517112731934e-01,1.027380585670471191e+00
8.913019895553588867e-01,9.862399101257324219e-02,3.931771814823150635e-01
8.366622775793075562e-02,-1.664268821477890015e-01,1.283693075180053711e+00
-5.430017113685607910e-01,1.028027534484863281e-01,5.831400752067565918e-01
8.830988407135009766e-01,-1.253254413604736328e-01,8.057934641838073730e-01
2.075659185647964478e-01,5.790580064058303833e-02,1.203516006469726562e+00
-4.298469424247741699e-01,2.134613990783691406e-01,7.554821372032165527e-01
5.750828385353088379e-01,5.173682779968657997e-07,9.229822158813476562e-01
-3.747872710227966309e-01,5.104409903287887573e-02,1.680223941802978516e-01
-2.721318006515502930e-01,6.767845898866653442e-02,9.003427028656005859e-01
2.254627458751201630e-02,2.012054920196533203e-01,6.184648275375366211e-01
3.137715160846710205e-01,-6.291934847831726074e-02,1.047985672950744629e+00
-3.733004629611968994e-01,1.374491155147552490e-01,8.700540065765380859e-01
-4.724150002002716064e-01,6.887583434581756592e-02,8.631858825683593750e-01
6.402019858360290527e-01,1.586532592773437500e-01,2.800002098083496094e-01
-3.659773170948028564e-01,-1.651479452848434448e-01,4.142119884490966797e-01
9.819970130920410156e-01,9.679794175099232234e-07,4.225161671638488770e-01
-3.485928177833557129e-01,-1.373013705015182495e-01,8.723754882812500000e-01
-4.241873025894165039e-01,6.079673653403006028e-07,8.558499813079833984e-01
4.890248477458953857e-01,-1.367719173431396484e-01,6.081652641296386719e-01
4.554713368415832520e-01,6.388052552938461304e-02,1.018153309822082520e+00
3.124548196792602539e-01,6.265528500080108643e-02,1.056177973747253418e+00
-9.712915420532226562e-01,-9.812819212675094604e-02,3.784759342670440674e-01
8.005907535552978516e-01,-7.089356333017349243e-02,3.597906529903411865e-01
1.049244701862335205e-01,1.133067682385444641e-01,1.244204163551330566e+00
9.220455884933471680e-01,4.816055252376827411e-07,9.640715122222900391e-01
-2.509784698486328125e-01,-1.329695731401443481e-01,1.717779487371444702e-01
-1.050119027495384216e-01,1.318320333957672119e-01,9.570927619934082031e-01
-7.080151438713073730e-01,5.161939188838005066e-02,2.037162780761718750e-01
-2.994825541973114014e-01,-2.052523940801620483e-01,8.832960128784179688e-01
-9.761939048767089844e-01,-3.260794654488563538e-02,2.621966600418090820e-01
1.974855065345764160e-01,2.047821134328842163e-01,8.881442546844482422e-01
1.898059099912643433e-01,-5.127643793821334839e-02,1.822693347930908203e-01
6.726039648056030273e-01,-1.733415126800537109e-01,4.091738760471343994e-01
-3.811302185058593750e-01,-1.974030584096908569e-01,9.642393589019775391e-01
-3.039774894714355469e-01,5.108099430799484253e-02,1.702952384948730469e-01
-4.005415141582489014e-01,6.522646546363830566e-02,9.764206409454345703e-01
-5.006219148635864258e-01,-2.077081203460693359e-01,8.579523563385009766e-01
-9.460511207580566406e-01,-3.309360891580581665e-02,1.739874184131622314e-01
7.713441848754882812e-01,-1.669986248016357422e-01,4.467114210128784180e-01
-4.879514873027801514e-01,-3.031034469604492188e-01,7.546031475067138672e-01
7.497901916503906250e-01,-7.253091782331466675e-02,4.195269644260406494e-01
8.121348619461059570e-01,5.006789933759137057e-07,9.721336364746093750e-01
1.018590927124023438e-01,-2.504081726074218750e-01,4.382354617118835449e-01
-2.762944102287292480e-01,-2.521744370460510254e-01,1.054280877113342285e+00
-9.650787711143493652e-01,2.979040145874023438e-02,2.994070351123809814e-01
4.589614644646644592e-02,3.349640965461730957e-01,1.289037823677062988e+00
9.118404984474182129e-01,-3.176450729370117188e-02,3.672994971275329590e-01
-4.473457336425781250e-01,-2.060717493295669556e-01,5.361971855163574219e-01
9.118413329124450684e-01,-3.176450729370117188e-02,2.283727973699569702e-01
3.005793392658233643e-01,-1.401758193969726562e-01,3.725005984306335449e-01
5.882290601730346680e-01,-1.186685562133789062e-01,3.148538172245025635e-01
2.377588748931884766e-01,-2.678458988666534424e-01,4.222259521484375000e-01
7.386016659438610077e-03,-2.850933670997619629e-01,1.245765447616577148e+00
-8.723247051239013672e-01,-3.428149223327636719e-02,5.701830983161926270e-01
8.913023471832275391e-01,9.862399101257324219e-02,4.617829918861389160e-01
1.163145005702972412e-01,1.136927604675292969e-01,1.802923530340194702e-01
6.921408176422119141e-01,9.123897552490234375e-02,5.229440331459045410e-01
-8.409340977668762207e-01,-9.675645828247070312e-02,4.941929578781127930e-01
9.971864223480224609e-01,9.536743164062500000e-07,2.820428311824798584e-01
-5.255367755889892578e-01,1.959893703460693359e-01,6.970373392105102539e-01
-2.980250418186187744e-01,-6.817916035652160645e-02,8.848288059234619141e-01
-7.157534360885620117e-01,-1.935672760009765625e-01,7.076495289802551270e-01
-7.391181588172912598e-01,1.019546985626220703e-01,4.550307989120483398e-01
-9.834232330322265625e-01,-3.249146044254302979e-02,3.297537267208099365e-01
6.831662654876708984e-01,1.289525032043457031e-01,7.907739281654357910e-01
4.818850457668304443e-01,-1.785743236541748047e-01,7.330500483512878418e-01
-7.832453250885009766e-01,3.571678698062896729e-02,2.622488439083099365e-01
3.326937854290008545e-01,-1.726947575807571411e-01,5.702331066131591797e-01
-6.042678356170654297e-01,1.158810555934906006e-01,6.426852345466613770e-01
-4.595541357994079590e-01,6.059437245130538940e-02,1.120121359825134277e+00
5.092909336090087891e-01,2.139887958765029907e-01,7.931776046752929688e-01
7.744183540344238281e-01,-7.173708081245422363e-02,5.179832577705383301e-01
-6.538383960723876953e-01,4.133129119873046875e-02,1.217834427952766418e-01
2.272572517395019531e-01,2.688642144203186035e-01,3.922985792160034180e-01
4.778422415256500244e-01,2.022521495819091797e-01,4.964097440242767334e-01
-7.253053188323974609e-01,-1.561145782470703125e-01,5.133151412010192871e-01
-6.424242258071899414e-01,9.298062324523925781e-02,4.192538261413574219e-01
7.117795944213867188e-01,6.553203612565994263e-02,9.669103622436523438e-01
-8.747951984405517578e-01,3.424173593521118164e-02,5.695210099220275879e-01
-3.860743045806884766e-01,1.264350265264511108e-01,4.278771877288818359e-01
2.596450783312320709e-02,-1.097252741456031799e-01,1.299794197082519531e+00
-7.413852810859680176e-01,-9.306526184082031250e-02,5.402740463614463806e-02
-5.461832880973815918e-01,-8.582711219787597656e-02,5.185609459877014160e-01
5.043792128562927246e-01,-4.687285423278808594e-02,8.717132359743118286e-02
-6.424242258071899414e-01,9.298062324523925781e-02,2.854189872741699219e-01
7.799516320228576660e-01,-1.353852748870849609e-01,3.178659081459045410e-01
5.675392150878906250e-01,2.200126647949218750e-01,6.932488679885864258e-01
-7.252282500267028809e-01,-1.564183235168457031e-01,3.801473975181579590e-01
-3.795823454856872559e-01,-1.311810612678527832e-01,9.672212600708007812e-01
-8.255723118782043457e-01,-1.497933864593505859e-01,5.870413184165954590e-01
-4.464211165904998779e-01,1.060154438018798828e-01,4.787640273571014404e-01
4.980317056179046631e-01,8.404183387756347656e-02,2.835998535156250000e-01
1.129251644015312195e-01,1.977982521057128906e-01,5.225923061370849609e-01
3.435241580009460449e-01,1.591803878545761108e-01,2.908995151519775391e-01
3.406395912170410156e-01,-2.578698992729187012e-01,1.965045183897018433e-01
-6.752729415893554688e-02,-2.062301635742187500e-01,7.488073706626892090e-01
4.980320930480957031e-01,8.404183387756347656e-02,1.517446935176849365e-01
-6.188729405403137207e-01,1.995532512664794922e-01,7.684823274612426758e-01
-4.500850439071655273e-01,-8.226394653320312500e-02,1.842614710330963135e-01
6.807603836059570312e-01,-1.390631198883056641e-01,2.819347977638244629e-01
-1.880738735198974609e-01,2.521449923515319824e-01,1.054502606391906738e+00
2.256081439554691315e-02,-1.993963718414306641e-01,6.842979192733764648e-01
5.760538578033447266e-01,-1.783051490783691406e-01,4.708636403083801270e-01
4.140466153621673584e-01,-5.263691768050193787e-02,2.668876647949218750e-01
5.763964056968688965e-01,1.766288280487060547e-01,4.711436331272125244e-01
6.709872484207153320e-01,1.801362037658691406e-01,4.081903100013732910e-01
-2.454935461282730103e-01,-2.367310523986816406e-01,7.433322072029113770e-01
-1.577915549278259277e-01,2.046096324920654297e-01,6.512982249259948730e-01
3.564399778842926025e-01,4.631733645510394126e-07,1.057328224182128906e+00
-3.104164600372314453e-01,-1.067045107483863831e-01,1.699014306068420410e-01
1.417034864425659180e-01,-5.573426932096481323e-02,1.270934224128723145e+00
3.900244534015655518e-01,1.697185039520263672e-01,4.671252369880676270e-01
2.000550031661987305e-01,-2.453913688659667969e-01,6.424636840820312500e-01
2.598795890808105469e-01,2.657009065151214600e-01,5.446275472640991211e-01
-3.344957232475280762e-01,-2.451767921447753906e-01,6.780337095260620117e-01
-3.465559184551239014e-01,1.458537578582763672e-01,3.724401891231536865e-01
-3.487426042556762695e-01,1.278436183929443359e-01,2.450518757104873657e-01
8.913019895553588867e-01,9.862399101257324219e-02,1.556951850652694702e-01
-6.758055835962295532e-02,-2.039921283721923828e-01,6.180096268653869629e-01
-1.201873738318681717e-02,5.590663850307464600e-02,1.265757441520690918e+00
3.850343227386474609e-01,2.059302330017089844e-01,5.905329585075378418e-01
2.934876084327697754e-01,-2.076497077941894531e-01,6.860168576240539551e-01
-4.564790129661560059e-01,-6.018860265612602234e-02,1.132700443267822266e+00
-2.556631565093994141e-01,1.222503185272216797e-01,1.803192049264907837e-01
4.779786467552185059e-01,2.014529705047607422e-01,5.616610646247863770e-01
-1.366445869207382202e-01,-1.642559468746185303e-01,3.957512378692626953e-01
-6.878726929426193237e-02,-1.541006565093994141e-01,3.687640428543090820e-01
-1.574096977710723877e-01,-2.113854885101318359e-01,5.525570511817932129e-01
-1.622653603553771973e-01,1.253488063812255859e-01,1.797039806842803955e-01
-2.525728046894073486e-01,-1.570508480072021484e-01,3.376104533672332764e-01
2.947625219821929932e-01,1.955261230468750000e-01,5.254704356193542480e-01
2.316138707101345062e-02,-1.248486042022705078e-01,1.794555634260177612e-01
1.156639382243156433e-01,-1.298146247863769531e-01,2.432955950498580933e-01
-1.613975614309310913e-01,-1.407380104064941406e-01,2.425585836172103882e-01
-8.158401399850845337e-02,5.123762413859367371e-02,1.410447478294372559e+00
1.970859169960021973e-01,2.862732410430908203e-01,5.382772684097290039e-01
-6.909585744142532349e-02,1.412980556488037109e-01,2.741427421569824219e-01
-9.421016573905944824e-01,-1.005074977874755859e-01,2.582186758518218994e-01
2.069264501333236694e-01,1.507763862609863281e-01,2.738735973834991455e-01
-7.882857322692871094e-01,-9.082937240600585938e-02,1.636242568492889404e-01
4.806765317916870117e-01,-1.856510639190673828e-01,3.377233743667602539e-01
-6.840354949235916138e-02,1.699762344360351562e-01,4.306936562061309814e-01
2.293388359248638153e-02,1.530268192291259766e-01,3.367727696895599365e-01
-2.482667118310928345e-01,2.055072784423828125e-01,5.873975753784179688e-01
-1.589732468128204346e-01,1.836712360382080078e-01,4.933575391769409180e-01
1.414491236209869385e-01,5.563427507877349854e-02,1.274036288261413574e+00
2.270255424082279205e-02,1.818082332611083984e-01,4.607900977134704590e-01
6.157199144363403320e-01,-1.621317565441131592e-01,3.518984317779541016e-01
-6.774644553661346436e-02,1.971771717071533203e-01,5.546519160270690918e-01
-6.794208288192749023e-02,-1.890673637390136719e-01,4.917732179164886475e-01
9.493589401245117188e-01,9.679794175099232234e-07,4.770196378231048584e-01
2.704260051250457764e-01,1.595101803541183472e-01,2.976858615875244141e-01
-4.918508827686309814e-01,5.626748874783515930e-02,4.922103881835937500e-01
8.224372863769531250e-01,7.018925249576568604e-02,3.923675417900085449e-02
8.595511913299560547e-01,1.010894720820942894e-06,6.228057667613029480e-02
2.197681553661823273e-02,2.718954086303710938e-01,7.310168147087097168e-01
3.893145024776458740e-01,-1.748731136322021484e-01,5.970969796180725098e-01
2.532333433628082275e-01,4.375050366434152238e-07,1.164998412132263184e+00
9.535012841224670410e-01,6.587482988834381104e-02,9.562730789184570312e-01
1.852046102285385132e-01,-5.722518265247344971e-02,1.224649071693420410e+00
9.254696369171142578e-01,-1.259636878967285156e-02,6.963912844657897949e-01
2.602813243865966797e-01,-1.768008023500442505e-01,2.939385771751403809e-01
1.402139216661453247e-01,-2.269279956817626953e-01,6.597819328308105469e-01
2.076726108789443970e-01,-1.405017375946044922e-01,7.682183384895324707e-01
3.036765158176422119e-01,-1.107153892517089844e-01,5.081169009208679199e-01
4.624969512224197388e-02,-3.375448882579803467e-01,1.275852560997009277e+00
5.763959884643554688e-01,1.766288280487060547e-01,3.408587574958801270e-01
-5.826840996742248535e-01,-1.089227199554443359e-01,2.679034471511840820e-01
1.570179462432861328e-01,-2.548610866069793701e-01,3.036465346813201904e-01
4.536132887005805969e-02,-2.214753031730651855e-01,1.291162729263305664e+00
-2.473554909229278564e-01,2.157638072967529297e-01,7.158706784248352051e-01
1.149651110172271729e-01,-1.471545696258544922e-01,3.698559403419494629e-01
-7.691938877105712891e-01,3.594319894909858704e-02,3.902169764041900635e-01
1.961432844400405884e-01,-2.992527484893798828e-01,3.813302516937255859e-01
8.919580578804016113e-01,9.648942947387695312e-02,7.421392798423767090e-01
9.890682697296142578e-01,6.481825560331344604e-02,3.749160766601562500e-01
-4.757934436202049255e-02,-5.267981812357902527e-02,1.365732789039611816e+00
2.829078137874603271e-01,-3.083159923553466797e-01,2.292352169752120972e-01
2.145326137542724609e-01,-2.595041692256927490e-01,1.654309034347534180e-01
-1.852323859930038452e-01,5.044882744550704956e-02,1.434884548187255859e+00
9.378327727317810059e-01,5.284357070922851562e-02,6.686654686927795410e-01
-6.034231185913085938e-01,5.216877907514572144e-02,2.378227710723876953e-01
3.118982315063476562e-01,-8.664544671773910522e-02,1.978039443492889404e-01
2.724273689091205597e-02,-3.998224437236785889e-01,1.257514476776123047e+00
1.938983947038650513e-01,-3.301587104797363281e-01,4.820831120014190674e-02
-8.221626281738281250e-01,3.508973494172096252e-02,1.359454244375228882e-01
2.973722815513610840e-01,-1.387704312801361084e-01,8.496186733245849609e-01
5.206367373466491699e-01,6.625460088253021240e-02,9.444978237152099609e-01
6.629974395036697388e-02,3.962667286396026611e-01,1.273015141487121582e+00
2.634490840137004852e-02,2.773260176181793213e-01,1.293553233146667480e+00
7.923454046249389648e-01,8.986568450927734375e-02,2.891497611999511719e-01
-8.646066188812255859e-01,-1.503086090087890625e-02,3.675985634326934814e-01
5.574780106544494629e-01,1.354822963476181030e-01,9.005355834960937500e-01
2.595718391239643097e-02,1.643996834754943848e-01,1.304602265357971191e+00
-1.451506018638610840e-01,3.806729580446699401e-07,1.486009240150451660e+00
6.425719708204269409e-02,2.207228541374206543e-01,1.296950221061706543e+00
3.900241255760192871e-01,1.697185039520263672e-01,3.379513621330261230e-01
2.842449843883514404e-01,-6.133039295673370361e-02,1.097291350364685059e+00
4.204243421554565430e-01,-1.388759613037109375e-01,8.479712009429931641e-01
2.000533938407897949e-01,-1.235622391104698181e-01,1.085292577743530273e+00
4.092813134193420410e-01,5.203114822506904602e-02,2.292888164520263672e-01
6.245193481445312500e-01,4.872576519846916199e-02,2.414488792419433594e-02
8.416659235954284668e-01,9.127974510192871094e-02,8.205184936523437500e-01
1.743266582489013672e-01,-2.739968001842498779e-01,5.290115475654602051e-01
-2.472364753484725952e-01,1.345998793840408325e-01,9.142200946807861328e-01
5.349416732788085938e-01,-1.590763628482818604e-01,6.326316595077514648e-01
8.284270763397216797e-02,1.099531650543212891e-01,1.296162247657775879e+00
4.911315739154815674e-01,1.589194983243942261e-01,2.854769229888916016e-01
-2.230081111192703247e-01,-1.341369599103927612e-01,9.214501380920410156e-01
8.320663124322891235e-02,-1.104372367262840271e-01,1.288667678833007812e+00
-6.306436061859130859e-01,-1.462891101837158203e-01,6.119071841239929199e-01
6.341338902711868286e-02,4.040583405640063575e-07,1.305591821670532227e+00
8.710825443267822266e-01,1.373827755451202393e-01,4.962583780288696289e-01
-6.058952808380126953e-01,3.857427835464477539e-02,4.736935198307037354e-01
8.960015773773193359e-01,1.312577128410339355e-01,9.660010337829589844e-01
-5.867404937744140625e-01,-1.305668354034423828e-01,3.767553567886352539e-01
-3.903396129608154297e-01,2.106737643480300903e-01,6.396966576576232910e-01
-6.432707309722900391e-01,-1.776945143938064575e-01,6.736290454864501953e-01
8.355588912963867188e-01,6.976632028818130493e-02,5.802615284919738770e-01
-5.461044311523437500e-01,3.953763097524642944e-02,2.078665047883987427e-01
-3.226776123046875000e-01,6.832681596279144287e-02,8.802368640899658203e-01
2.851206064224243164e-01,-2.872562408447265625e-01,2.920404076576232910e-01
6.134009957313537598e-01,4.673003957123000873e-07,9.613921642303466797e-01
8.936172127723693848e-01,-6.548883020877838135e-02,9.682497978210449219e-01
5.773937702178955078e-01,-6.718250364065170288e-02,9.157068729400634766e-01
-5.049321055412292480e-01,-4.975239560008049011e-02,8.784270286560058594e-02
4.897999763488769531e-01,1.619876474142074585e-01,6.145968437194824219e-01
-5.508300662040710449e-01,-1.749178618192672729e-01,6.162273883819580078e-01
8.631988614797592163e-02,3.418050706386566162e-01,1.254094839096069336e+00
2.972142100334167480e-01,-1.721999645233154297e-01,5.298410058021545410e-01
-5.951275229454040527e-01,1.758569926023483276e-01,6.356360912322998047e-01
8.913026452064514160e-01,9.862399101257324219e-02,2.232287526130676270e-01
4.382159411907196045e-01,1.799888610839843750e-01,5.248427987098693848e-01
9.269931316375732422e-01,6.681908667087554932e-02,5.067638754844665527e-01
5.408920049667358398e-01,-1.375928670167922974e-01,8.678572177886962891e-01
-6.134219765663146973e-01,-2.242157459259033203e-01,6.612811088562011719e-01
-1.825779676437377930e-01,-2.080506086349487305e-01,8.544547557830810547e-01
-3.467716574668884277e-01,-1.440687179565429688e-01,2.115872204303741455e-01
-1.995414644479751587e-01,3.805952246693777852e-07,1.459638833999633789e+00
-5.046858191490173340e-01,1.731466203927993774e-01,5.796008110046386719e-01
5.591607689857482910e-01,4.909677430987358093e-02,4.716587066650390625e-02
-3.729136586189270020e-01,6.210804031070438214e-07,8.678681850433349609e-01
7.169036660343408585e-03,-5.557173117995262146e-02,1.276284217834472656e+00
6.004257202148437500e-01,-5.272005125880241394e-02,2.720429897308349609e-01
1.979508548974990845e-01,2.743687629699707031e-01,4.468150138854980469e-01
-7.894958555698394775e-02,3.576377878289349610e-07,1.461033225059509277e+00
-8.591950535774230957e-01,3.371644020080566406e-02,4.698492288589477539e-01
7.846488952636718750e-01,-7.140729576349258423e-02,2.373104840517044067e-01
9.507085680961608887e-01,9.475922584533691406e-02,6.404824852943420410e-01
8.058636188507080078e-01,1.415914595127105713e-01,3.594882190227508545e-01
9.490966796875000000e-01,9.775161515790387057e-07,1.508373916149139404e-01
7.202122211456298828e-01,2.059418410062789917e-01,8.761618137359619141e-01
8.637246489524841309e-01,4.959106263413559645e-07,9.745659828186035156e-01
2.348073273897171021e-01,-2.331221103668212891e-01,5.837951600551605225e-02
-7.273219227790832520e-01,-1.482069492340087891e-01,6.162033081054687500e-01
8.382664322853088379e-01,6.532505899667739868e-02,9.733331203460693359e-01
-8.221621513366699219e-01,3.508973866701126099e-02,5.578315854072570801e-01
2.857546806335449219e-01,-2.470462024211883545e-01,6.018447875976562500e-02
7.900375127792358398e-01,1.312326341867446899e-01,9.663915634155273438e-01
7.613317966461181641e-01,5.412101700130733661e-07,9.697380065917968750e-01
-6.378997862339019775e-02,-5.113140866160392761e-02,1.413867354393005371e+00
-5.556719303131103516e-01,-3.520107269287109375e-02,5.432342365384101868e-02
-7.383794784545898438e-01,-1.093941107392311096e-01,5.267127752304077148e-01
-4.149832129478454590e-01,-5.160938575863838196e-02,2.031049728393554688e-01
7.887347340583801270e-01,-6.554275751113891602e-02,9.665794372558593750e-01
5.927007794380187988e-01,2.066032141447067261e-01,8.693428039550781250e-01
6.393066048622131348e-02,-3.375925123691558838e-01,1.181732177734375000e+00
3.489955067634582520e-01,1.306312680244445801e-01,9.757006168365478516e-01
-5.268499851226806641e-01,2.081123739480972290e-01,8.537809848785400391e-01
4.838809967041015625e-01,-1.668879985809326172e-01,5.685981512069702148e-01
-4.405325353145599365e-01,5.478687584400177002e-02,4.003124237060546875e-01
7.141640186309814453e-01,-1.475106328725814819e-01,4.006222486495971680e-01
6.892988681793212891e-01,-6.579204648733139038e-02,9.588477611541748047e-01
2.273202314972877502e-02,-1.781446933746337891e-01,4.613891541957855225e-01
8.406333923339843750e-01,1.037120796354429331e-06,5.786005854606628418e-01
6.662846207618713379e-01,1.319306045770645142e-01,9.555771350860595703e-01
8.759710788726806641e-01,1.485290527343750000e-01,7.639632821083068848e-01
8.913018107414245605e-01,9.862399101257324219e-02,8.831481635570526123e-02
-5.856006741523742676e-01,-1.244883537292480469e-01,4.476626515388488770e-01
7.289275992661714554e-03,-2.254399806261062622e-01,1.260555505752563477e+00
-7.555406093597412109e-01,3.756022453308105469e-02,5.505920201539993286e-02
1.495089679956436157e-01,-1.175474524497985840e-01,1.178492426872253418e+00
-2.366119250655174255e-02,-1.650542616844177246e-01,4.118924140930175781e-01
-4.949413836002349854e-01,-6.854582577943801880e-02,8.734333515167236328e-01
-9.738943576812744141e-01,-3.264500573277473450e-02,3.775982558727264404e-01
1.267846673727035522e-01,1.637049019336700439e-01,3.844048976898193359e-01
-4.499349892139434814e-01,-1.383894234895706177e-01,8.555130958557128906e-01
-3.020043969154357910e-01,2.551322579383850098e-01,1.031455755233764648e+00
3.699206411838531494e-01,5.715749040246009827e-02,5.474390983581542969e-01
-8.516337871551513672e-01,-5.981826782226562500e-02,3.965249657630920410e-01
