2.147936820983886719e-02,-3.336477279663085938e-01,6.828927397727966309e-01
3.396084904670715332e-01,1.011606454849243164e+00,2.159707546234130859e-01
-1.393292248249053955e-01,7.143805027008056641e-01,1.245426058769226074e+00
-4.972747564315795898e-01,-9.458281993865966797e-01,1.197878360748291016e+00
-4.623733460903167725e-01,-9.077248573303222656e-01,1.337377876043319702e-01
5.900682806968688965e-01,4.548323154449462891e-01,8.152993321418762207e-01
-3.946771621704101562e-01,-1.094204559922218323e-01,-1.411437988281250000e-02
-2.480468750000000000e-01,-5.252377316355705261e-02,1.370507955551147461e+00
-1.380779743194580078e-01,4.179022908210754395e-01,5.058556795120239258e-01
3.400030434131622314e-01,-5.969969555735588074e-02,1.147861838340759277e+00
1.778640747070312500e-01,1.325607286162266973e-06,2.075589001178741455e-01
-5.132591724395751953e-01,-4.453678131103515625e-01,4.707574248313903809e-01
1.761744022369384766e-01,8.426454663276672363e-01,7.896110415458679199e-01
-1.434802263975143433e-01,-5.578445792198181152e-01,1.130588173866271973e+00
2.553648054599761963e-01,5.161895751953125000e-01,1.025799512863159180e-01
-2.857247889041900635e-01,-1.050762772560119629e+00,7.401330471038818359e-01
-1.277403831481933594e-01,-5.083097219467163086e-01,1.625473052263259888e-01
2.984263598918914795e-01,4.735338985919952393e-01,1.203843832015991211e+00
3.630604743957519531e-01,8.499614894390106201e-02,6.446218490600585938e-01
-2.315549850463867188e-01,-4.460556805133819580e-02,4.212536513805389404e-01
1.250781267881393433e-01,1.473810672760009766e-01,1.480106115341186523e+00
4.572901725769042969e-01,6.703537702560424805e-01,4.599128663539886475e-01
-8.459060639142990112e-02,4.043666720390319824e-01,9.345355033874511719e-01
-2.050504982471466064e-01,-6.919610500335693359e-01,5.661474466323852539e-01
-3.272682130336761475e-01,-2.764751613140106201e-01,8.667788505554199219e-01
1.640942096710205078e-01,-3.675473034381866455e-01,3.382580578327178955e-01
-5.926759839057922363e-01,-8.420999050140380859e-01,8.590237498283386230e-01
4.620284959673881531e-02,-2.815379798412322998e-01,1.267639756202697754e+00
-2.290091514587402344e-01,1.340322941541671753e-01,7.433526515960693359e-01
2.273795604705810547e-01,3.593450784683227539e-01,4.253622293472290039e-01
-6.310057640075683594e-02,2.370914071798324585e-01,2.167019546031951904e-01
-4.621369838714599609e-01,-8.929564952850341797e-01,4.705441296100616455e-01
-1.726039052009582520e-01,-8.884297013282775879e-01,1.165969491004943848e+00
1.624566167593002319e-01,7.630953788757324219e-01,3.412249684333801270e-01
-1.148728951811790466e-01,1.776340454816818237e-01,1.168120145797729492e+00
-4.343922436237335205e-01,-5.775420665740966797e-01,9.656396508216857910e-01
3.309802114963531494e-01,2.647913694381713867e-01,9.569296836853027344e-01
6.188961863517761230e-01,4.674413204193115234e-01,1.226951122283935547e+00
3.462805151939392090e-01,9.725406169891357422e-01,5.267651081085205078e-01
2.304894924163818359e-01,-1.867353022098541260e-01,8.603751659393310547e-01
9.646194428205490112e-02,6.063237190246582031e-01,6.135343909263610840e-01
-3.601424694061279297e-01,-6.506669521331787109e-01,2.910955846309661865e-01
4.114086627960205078e-01,7.724503874778747559e-01,4.864989966154098511e-02
4.321996867656707764e-01,6.628304123878479004e-01,1.014584541320800781e+00
2.073457837104797363e-01,-1.449956893920898438e-01,5.334085226058959961e-01
-8.478975296020507812e-02,-6.039237380027770996e-01,8.422579765319824219e-01
-4.331829547882080078e-01,-2.072150707244873047e-01,2.757107615470886230e-01
-9.272064268589019775e-02,-1.539555490016937256e-01,1.827659606933593750e-01
-2.290798872709274292e-01,-7.454107403755187988e-01,2.423405647277832031e-02
1.200530976057052612e-01,6.986956596374511719e-01,1.111960172653198242e+00
-8.387517929077148438e-02,7.187618613243103027e-01,8.047579526901245117e-01
-2.651837170124053955e-01,-3.020708858966827393e-01,1.141301274299621582e+00
5.336364731192588806e-02,-3.894637227058410645e-01,1.010656356811523438e+00
-6.084842607378959656e-02,-4.825510978698730469e-01,4.404278397560119629e-01
4.695506095886230469e-01,3.279585838317871094e-01,5.935552716255187988e-01
-3.626856803894042969e-01,-2.129062265157699585e-01,5.846585035324096680e-01
-3.353760242462158203e-01,-4.772261679172515869e-01,6.932867169380187988e-01
1.151101663708686829e-01,3.096396327018737793e-01,1.094727039337158203e+00
1.907784938812255859e-01,2.574273347854614258e-01,1.887416839599609375e-01
-3.226733207702636719e-01,-8.759812712669372559e-01,9.207276701927185059e-01
4.315168857574462891e-01,6.771485209465026855e-01,7.117382884025573730e-01
6.714934948831796646e-03,-5.205321311950683594e-02,1.385421156883239746e+00
2.906963825225830078e-01,8.732871711254119873e-02,4.124151468276977539e-01
-3.666123747825622559e-01,-7.419047355651855469e-01,1.177828311920166016e+00
2.056016959249973297e-02,4.476783275604248047e-01,3.019180297851562500e-01
-2.193806469440460205e-01,1.698179244995117188e-01,5.107007026672363281e-01
-3.687829375267028809e-01,-1.032351374626159668e+00,3.045760989189147949e-01
1.084944158792495728e-01,-5.861204862594604492e-02,1.181691169738769531e+00
-2.790811061859130859e-01,-3.708095848560333252e-01,2.740755081176757812e-01
3.952622413635253906e-02,-6.792963743209838867e-01,6.711707711219787598e-01
-2.634121775627136230e-01,-8.306005001068115234e-01,3.822128176689147949e-01
-1.297119073569774628e-02,5.355583429336547852e-01,1.205272674560546875e+00
-1.057500839233398438e-01,5.183525085449218750e-01,7.184078693389892578e-01
3.773064613342285156e-01,6.914401054382324219e-01,2.600277662277221680e-01
-3.943917751312255859e-01,-7.320267558097839355e-01,6.612789630889892578e-01
-1.686279773712158203e-01,4.561962559819221497e-02,2.082650661468505859e-01
-4.953460693359375000e-01,-9.730386734008789062e-01,7.199854850769042969e-01
-3.147510886192321777e-01,-5.428454875946044922e-01,6.405517458915710449e-02
2.158332765102386475e-01,1.203603520989418030e-01,1.134881615638732910e+00
4.650933742523193359e-01,4.528242647647857666e-01,1.026524662971496582e+00
-1.629791259765625000e-01,-2.727019786834716797e-01,1.322015881538391113e+00
4.826058745384216309e-01,1.287451684474945068e-01,1.004935383796691895e+00
2.313941866159439087e-01,7.984313964843750000e-01,5.931576490402221680e-01
-3.793838247656822205e-02,6.023879647254943848e-01,9.813172817230224609e-01
-2.527496814727783203e-01,-4.011574983596801758e-01,5.173572897911071777e-01
1.513514518737792969e-01,5.643984079360961914e-01,4.147192239761352539e-01
-1.836691200733184814e-01,3.680835664272308350e-01,1.119873642921447754e+00
3.763782978057861328e-01,5.136383771896362305e-01,5.907421708106994629e-01
4.789693355560302734e-01,9.329419732093811035e-01,3.482171595096588135e-01
-2.320492267608642578e-01,-4.459773004055023193e-02,6.439631581306457520e-01
-1.332726329565048218e-01,-6.389896869659423828e-01,3.330148160457611084e-01
1.927345246076583862e-01,-1.610805243253707886e-01,1.338828802108764648e+00
2.756905555725097656e-02,-2.882275581359863281e-01,4.882725477218627930e-01
-5.342918038368225098e-01,-4.636149406433105469e-01,6.933202743530273438e-01
1.169667243957519531e-01,-1.860494315624237061e-01,2.446942031383514404e-01
2.350859045982360840e-01,7.633106708526611328e-01,1.403695642948150635e-01
-3.152016997337341309e-01,-1.021390080451965332e+00,1.197525382041931152e+00
-1.888709068298339844e-01,3.183764219284057617e-01,6.912381052970886230e-01
3.778598308563232422e-01,5.133487582206726074e-01,3.762685954570770264e-01
-2.262115478515625000e-02,-3.675580024719238281e-01,2.453472614288330078e-01
-2.775022983551025391e-01,-8.640723824501037598e-01,1.738693267107009888e-01
-7.265210151672363281e-02,-4.993568956851959229e-01,6.517716646194458008e-01
-4.358091354370117188e-01,-2.904090881347656250e-01,1.037182584404945374e-01
-2.775027751922607422e-01,-8.640725612640380859e-01,5.928187370300292969e-01
-3.943917751312255859e-01,-7.320267558097839355e-01,1.087783798575401306e-01
3.192425370216369629e-01,3.739213943481445312e-02,8.183493018150329590e-01
-3.173851072788238525e-01,-4.948607981204986572e-01,1.122947454452514648e+00
2.363195419311523438e-01,-8.908172696828842163e-02,3.581912219524383545e-01
-3.601424694061279297e-01,-6.506669521331787109e-01,4.755264222621917725e-01
2.502682209014892578e-01,-8.863189816474914551e-02,7.045906186103820801e-01
2.901873290538787842e-01,8.942053318023681641e-01,3.475515544414520264e-01
-2.567744255065917969e-01,-1.326892077922821045e-01,2.632992565631866455e-01
-2.878639101982116699e-01,-2.401976585388183594e-01,4.213863909244537354e-01
3.750958442687988281e-01,2.545287609100341797e-01,4.311853051185607910e-01
1.914706230163574219e-01,-2.723343074321746826e-01,6.894303560256958008e-01
-4.397628828883171082e-02,9.732871502637863159e-02,1.491770982742309570e+00
1.028767675161361694e-01,-4.471263885498046875e-01,5.054513216018676758e-01
2.477996349334716797e-01,4.120178222656250000e-01,2.516036927700042725e-01
1.319091767072677612e-02,5.113946646451950073e-02,1.733219623565673828e-01
1.513519287109375000e-01,5.643987059593200684e-01,2.354595959186553955e-01
4.452722072601318359e-01,8.528940677642822266e-01,1.980862319469451904e-01
-3.975947499275207520e-01,-4.856656789779663086e-01,3.259661197662353516e-01
-1.568885892629623413e-01,2.206037044525146484e-01,3.606142997741699219e-01
4.452722072601318359e-01,8.528939485549926758e-01,5.951415896415710449e-01
-4.848249852657318115e-01,-7.225672602653503418e-01,1.034484386444091797e+00
-1.445877104997634888e-01,5.499622225761413574e-02,1.293847560882568359e+00
2.830755412578582764e-01,7.119202017784118652e-01,1.076225042343139648e+00
2.046814933419227600e-02,4.591832160949707031e-01,4.734765589237213135e-01
-3.323638439178466797e-01,-9.943963289260864258e-01,4.897228777408599854e-01
-5.851518362760543823e-02,5.790612697601318359e-01,5.633224248886108398e-01
1.283108443021774292e-01,4.622500836849212646e-01,1.246647119522094727e+00
3.108358383178710938e-01,8.977756500244140625e-01,8.249175548553466797e-02
-2.544007301330566406e-01,-6.767301559448242188e-01,7.242107987403869629e-01
5.952728167176246643e-02,-2.044762223958969116e-01,1.422305583953857422e+00
-1.561534106731414795e-01,-4.123217165470123291e-01,1.203044414520263672e+00
5.152534246444702148e-01,5.394852161407470703e-01,6.945638656616210938e-01
2.865840196609497070e-01,3.078923821449279785e-01,1.105470061302185059e+00
-2.094641476869583130e-01,-6.422753334045410156e-01,1.740859895944595337e-01
-4.621369838714599609e-01,-8.929564952850341797e-01,2.880456447601318359e-01
3.236477673053741455e-01,6.453828215599060059e-01,3.628587722778320312e-02
-4.545992910861968994e-01,-6.188518404960632324e-01,1.146313309669494629e+00
1.699270606040954590e-01,3.327886462211608887e-01,9.522902965545654297e-01
-2.006745338439941406e-01,-4.087615609169006348e-01,7.245290875434875488e-01
4.039445519447326660e-01,5.593965053558349609e-01,1.125382900238037109e+00
6.733870506286621094e-02,3.473936617374420166e-01,1.926687508821487427e-01
-3.512588515877723694e-02,3.747369647026062012e-01,1.085882782936096191e+00
3.698643445968627930e-01,1.221736147999763489e-01,1.106773376464843750e+00
-4.822041094303131104e-01,-6.036553978919982910e-01,3.705461025238037109e-01
-1.178858950734138489e-01,-1.547001749277114868e-01,1.404648065567016602e+00
2.655668258666992188e-01,1.764576286077499390e-01,2.933715879917144775e-01
2.964789867401123047e-01,1.039505036715127062e-06,5.348445177078247070e-01
-3.726186752319335938e-01,-2.975657582283020020e-01,7.085049152374267578e-01
-1.166636645793914795e-01,-7.068338394165039062e-01,9.466619491577148438e-01
7.976989261806011200e-03,7.238192558288574219e-01,1.222245097160339355e+00
-2.468479871749877930e-01,-1.691789627075195312e-01,1.255309820175170898e+00
-2.323747128248214722e-01,-6.818017959594726562e-01,1.157616138458251953e+00
3.744676113128662109e-01,3.484310507774353027e-01,1.220243573188781738e+00
-5.288618206977844238e-01,-8.027924299240112305e-01,1.196900248527526855e+00
2.230255007743835449e-01,6.115793585777282715e-01,1.168103098869323730e+00
4.685098230838775635e-01,3.998217582702636719e-01,7.583523392677307129e-01
-3.459854051470756531e-02,-4.296557009220123291e-01,1.127496719360351562e+00
-6.800866127014160156e-02,-4.986024796962738037e-01,2.979876697063446045e-01
4.242001175880432129e-01,2.500281929969787598e-01,1.070842981338500977e+00
-3.296239376068115234e-01,-2.148688286542892456e-01,1.711535602807998657e-01
3.079676628112792969e-02,7.470259070396423340e-01,7.261225581169128418e-01
-2.252988815307617188e-01,-7.400617599487304688e-01,2.802743613719940186e-01
-2.022143453359603882e-01,-2.607032060623168945e-01,2.293896675109863281e-01
-1.084804534912109375e-03,-3.889547288417816162e-01,8.108633160591125488e-01
1.448736190795898438e-01,-1.842484623193740845e-01,4.029049575328826904e-01
4.922325015068054199e-01,4.154392182826995850e-01,1.189450621604919434e+00
-3.272376954555511475e-01,-8.725475072860717773e-01,1.198758244514465332e+00
-1.032380685210227966e-01,-6.984894871711730957e-01,1.112521409988403320e+00
4.114086627960205078e-01,7.724503874778747559e-01,3.804183900356292725e-01
-4.094042778015136719e-01,-7.823058366775512695e-01,5.321961641311645508e-01
-3.002265393733978271e-01,-5.274052619934082031e-01,2.387878298759460449e-01
-3.323638439178466797e-01,-9.943963885307312012e-01,1.783874481916427612e-01
-7.971930503845214844e-02,3.307383656501770020e-01,3.146594166755676270e-01
-2.837566733360290527e-01,-1.939764022827148438e-01,7.085470557212829590e-01
4.039587974548339844e-01,1.675270050764083862e-01,5.446728467941284180e-01
-3.565762341022491455e-01,-2.425651848316192627e-01,4.716157913208007812e-03
3.111028671264648438e-02,-2.878840565681457520e-01,3.528302013874053955e-01
-4.099500179290771484e-01,-2.933377921581268311e-01,3.965765237808227539e-01
-4.478428363800048828e-01,-9.089810252189636230e-01,8.294404149055480957e-01
2.118023633956909180e-01,8.499854207038879395e-01,4.485108852386474609e-01
-2.131006717681884766e-01,-1.348017305135726929e-01,5.199236869812011719e-01
-2.172351032495498657e-01,4.537729620933532715e-01,1.022398591041564941e+00
-1.242578029632568359e-01,-6.116503477096557617e-01,7.034669518470764160e-01
3.396083116531372070e-01,1.011605858802795410e+00,3.990652263164520264e-01
1.788392663002014160e-01,4.297186434268951416e-01,1.127225995063781738e+00
1.731297671794891357e-01,6.161324977874755859e-01,6.954589486122131348e-02
2.345559746026992798e-02,-8.831238746643066406e-02,1.817358285188674927e-01
1.524670124053955078e-01,-3.690542578697204590e-01,6.011842489242553711e-01
-2.050504982471466064e-01,-6.919610500335693359e-01,4.317785501480102539e-01
-2.471418380737304688e-01,4.435473680496215820e-02,5.446755886077880859e-01
-1.658805757761001587e-01,-8.580960631370544434e-01,1.037026882171630859e+00
2.912785410881042480e-01,4.001958072185516357e-01,5.335431098937988281e-01
-3.255429267883300781e-01,-5.684743523597717285e-01,5.724703669548034668e-01
-8.360610902309417725e-02,-5.948202610015869141e-01,1.006673574447631836e+00
3.080875873565673828e-01,5.270085930824279785e-01,2.323269546031951904e-01
-2.029256820678710938e-01,-5.205286145210266113e-01,7.928425669670104980e-01
7.845916785299777985e-03,2.426604926586151123e-01,1.127685785293579102e+00
-1.391230970621109009e-01,-5.353491306304931641e-01,5.454763770103454590e-01
-2.405719757080078125e-01,4.446058347821235657e-02,3.264486491680145264e-01
2.630828917026519775e-01,-1.134694293141365051e-01,1.241673469543457031e+00
-2.852773666381835938e-01,-7.538235783576965332e-01,9.031629562377929688e-01
4.389309883117675781e-01,2.483387440443038940e-01,6.894549131393432617e-01
4.789690971374511719e-01,9.329417943954467773e-01,5.009093880653381348e-01
3.208526596426963806e-02,7.307552695274353027e-01,1.025327920913696289e+00
-5.742011070251464844e-01,-5.156202316284179688e-01,3.773129284381866455e-01
-4.414753913879394531e-01,-1.002289772033691406e+00,4.047476053237915039e-01
-4.381775856018066406e-02,6.283568143844604492e-01,7.030288577079772949e-01
-2.559089660644531250e-01,-9.715822935104370117e-01,8.701946735382080078e-01
1.045515611767768860e-01,4.055883884429931641e-01,3.950411975383758545e-01
2.497056573629379272e-01,6.242146492004394531e-01,1.756936609745025635e-01
1.190615817904472351e-01,1.537321954965591431e-01,1.782307624816894531e-01
4.369959831237792969e-01,6.757038831710815430e-01,5.856934785842895508e-01
-3.943917751312255859e-01,-7.320267558097839355e-01,3.811364769935607910e-01
1.204342842102050781e-01,6.632701754570007324e-01,4.853576421737670898e-01
-2.997672557830810547e-01,-8.533744812011718750e-01,5.099975317716598511e-02
2.210759185254573822e-02,-2.556474208831787109e-01,2.018447816371917725e-01
-1.821119636297225952e-01,2.856708765029907227e-01,5.386073589324951172e-01
-1.513013839721679688e-01,4.159713387489318848e-01,7.714008688926696777e-01
2.326934784650802612e-01,4.291534310141287278e-07,1.163819909095764160e+00
2.901872396469116211e-01,8.942050933837890625e-01,2.037893682718276978e-01
4.696260690689086914e-01,4.079256057739257812e-01,8.810409307479858398e-01
-2.350476086139678955e-01,1.751237958669662476e-01,1.193993210792541504e+00
-1.754629611968994141e-01,-6.216749548912048340e-01,5.827331542968750000e-02
-2.685412466526031494e-01,-4.581149816513061523e-01,1.372981071472167969e-01
3.773064613342285156e-01,6.914402842521667480e-01,1.391320824623107910e-01
-6.213393062353134155e-02,4.293632507324218750e-01,3.912179470062255859e-01
-4.698028564453125000e-01,-2.042587846517562866e-01,1.758087053894996643e-02
-4.841217026114463806e-02,-2.668977975845336914e-01,1.357724547386169434e+00
7.181914895772933960e-02,4.768618568778038025e-02,1.520656347274780273e+00
-4.283659458160400391e-01,-8.127322793006896973e-01,1.983560174703598022e-01
5.299314856529235840e-01,6.769810914993286133e-01,7.799632549285888672e-01
-4.952359199523925781e-02,-4.955981969833374023e-01,7.912502884864807129e-01
-3.259987831115722656e-01,-8.768579959869384766e-01,4.843823015689849854e-01
-7.233902066946029663e-02,5.798386409878730774e-02,1.201299071311950684e+00
-4.312670826911926270e-01,-3.746597468852996826e-01,3.080697059631347656e-01
3.817437589168548584e-01,3.997397422790527344e-01,9.581658840179443359e-01
2.084054425358772278e-02,-4.129669666290283203e-01,3.936111330986022949e-01
1.379079818725585938e-01,-1.846980601549148560e-01,6.337465047836303711e-01
3.727613687515258789e-01,7.519587278366088867e-01,9.680302143096923828e-01
2.553723156452178955e-01,7.461352348327636719e-01,2.718019485473632812e-02
4.858278632164001465e-01,9.582800865173339844e-01,2.247003167867660522e-01
-3.926708996295928955e-01,-4.712742269039154053e-01,9.461159706115722656e-01
-1.344311237335205078e-01,3.245420753955841064e-01,4.387628138065338135e-01
5.126220732927322388e-02,6.166437864303588867e-01,1.152931809425354004e+00
2.356704697012901306e-02,1.987786442041397095e-01,1.466275572776794434e+00
-1.611108034849166870e-01,1.458041667938232422e-01,2.740661501884460449e-01
-3.406285047531127930e-01,-6.167342066764831543e-01,1.152656316757202148e+00
-1.676754653453826904e-01,-3.678522408008575439e-01,2.479798793792724609e-01
7.655477523803710938e-02,5.510026812553405762e-01,5.110210776329040527e-01
-1.418282985687255859e-01,4.874045848846435547e-01,6.148831248283386230e-01
-3.277004063129425049e-01,-6.886050701141357422e-01,2.564758248627185822e-02
1.317749023437500000e-01,4.573066234588623047e-01,2.680670022964477539e-01
2.728128433227539062e-01,4.432130753993988037e-01,3.579128980636596680e-01
-4.352615177631378174e-01,-1.842361390590667725e-01,1.450810432434082031e-01
-3.155441880226135254e-01,-9.544413089752197266e-01,3.856820464134216309e-01
3.807506561279296875e-01,6.225960254669189453e-01,3.492095768451690674e-01
2.510871887207031250e-01,8.013227581977844238e-01,2.836004495620727539e-01
-4.010968208312988281e-01,-2.943404614925384521e-01,5.174343585968017578e-01
3.442507982254028320e-01,1.379890441894531250e-01,8.616869449615478516e-01
4.062685668468475342e-01,1.009968042373657227e+00,3.090139627456665039e-01
-3.554093837738037109e-01,-8.846120834350585938e-01,2.552114725112915039e-01
2.001008987426757812e-01,6.802034378051757812e-01,2.770962417125701904e-01
1.961908340454101562e-01,-1.809367388486862183e-01,7.528406977653503418e-01
-2.162296772003173828e-01,1.346504986286163330e-01,3.924783170223236084e-01
-1.379136592149734497e-01,-5.245765671133995056e-02,1.372601628303527832e+00
-4.468345046043395996e-01,-9.780392646789550781e-01,2.217047065496444702e-01
3.891651630401611328e-01,3.383769392967224121e-01,5.208279490470886230e-01
2.280456423759460449e-01,4.024553894996643066e-01,1.246042490005493164e+00
-2.417795658111572266e-01,1.334146410226821899e-01,6.101916432380676270e-01
-4.067362844944000244e-01,-8.298509120941162109e-01,6.424407660961151123e-02
3.097848892211914062e-01,1.049041770784242544e-06,6.889823675155639648e-01
5.087982118129730225e-02,4.322472214698791504e-01,1.116210222244262695e+00
9.979537874460220337e-02,-1.077689528465270996e-01,1.330039978027343750e+00
-8.268380165100097656e-02,-4.700434207916259766e-02,1.821047961711883545e-01
-2.334268093109130859e-01,-6.330226063728332520e-01,2.790628075599670410e-01
-3.039748668670654297e-01,-3.936775028705596924e-01,6.337992548942565918e-01
-2.252988815307617188e-01,-7.400616407394409180e-01,1.329992711544036865e-01
2.207751199603080750e-02,-2.593913078308105469e-01,6.056069731712341309e-01
-6.288950890302658081e-02,-3.981070518493652344e-01,6.973783969879150391e-01
-2.842793464660644531e-01,-7.629620432853698730e-01,5.580578446388244629e-01
-9.351318329572677612e-02,-2.586086094379425049e-01,2.033784389495849609e-01
4.114086627960205078e-01,7.724505662918090820e-01,5.344219803810119629e-01
1.997344940900802612e-01,2.462186366319656372e-01,1.100228190422058105e+00
4.452722072601318359e-01,8.528938889503479004e-01,4.403610229492187500e-01
2.901871204376220703e-01,8.942048549652099609e-01,5.695781111717224121e-01
4.371259212493896484e-01,7.647762298583984375e-01,6.534759402275085449e-01
2.349426746368408203e-01,1.316070552093151491e-06,2.960415482521057129e-01
4.100422859191894531e-01,5.942785143852233887e-01,6.492528915405273438e-01
1.862323284149169922e-01,7.853372097015380859e-01,6.870773434638977051e-01
-3.896200060844421387e-01,-2.088103294372558594e-01,4.551945328712463379e-01
4.102997779846191406e-01,5.942193269729614258e-01,5.256408452987670898e-01
1.615516692399978638e-01,7.755551338195800781e-01,5.188124179840087891e-01
-3.779887259006500244e-01,-5.171108245849609375e-01,1.038553237915039062e+00
-4.614838659763336182e-01,-9.117517471313476562e-01,5.730445981025695801e-01
2.229502201080322266e-01,8.951248228549957275e-02,2.353317141532897949e-01
-2.642283439636230469e-01,-4.196240007877349854e-01,1.171216964721679688e+00
1.419013142585754395e-01,5.212690830230712891e-01,1.416409313678741455e-01
1.679141521453857422e-01,3.670516014099121094e-01,1.782400459051132202e-01
-1.238694712519645691e-01,4.438531696796417236e-01,1.065629005432128906e+00
-2.009780853986740112e-01,-5.187594145536422729e-02,2.195539474487304688e-01
-2.986335754394531250e-02,6.313232183456420898e-01,8.136251568794250488e-01
3.260383605957031250e-01,7.979254126548767090e-01,2.052303999662399292e-01
1.322296075522899628e-02,1.537262052297592163e-01,1.778581142425537109e-01
-3.998248577117919922e-01,-1.010147929191589355e+00,7.144097685813903809e-01
-2.184040546417236328e-01,2.245538681745529175e-01,6.491587758064270020e-01
3.089385926723480225e-01,2.670894563198089600e-01,3.084623813629150391e-01
-5.434188619256019592e-02,6.481795907020568848e-01,1.248465776443481445e+00
-5.088973790407180786e-02,-3.360244631767272949e-01,1.283613443374633789e+00
3.045811653137207031e-01,9.283984899520874023e-01,4.446460008621215820e-01
4.886908531188964844e-01,4.081291854381561279e-01,6.516012549400329590e-01
1.885745525360107422e-01,-9.062066674232482910e-02,2.696700990200042725e-01
4.065850675106048584e-01,8.677913546562194824e-01,8.884859085083007812e-02
-2.141275107860565186e-01,-5.897908210754394531e-01,5.066213607788085938e-01
-3.133480846881866455e-01,-2.630035281181335449e-01,2.578473091125488281e-01
-2.359541207551956177e-01,-8.113395571708679199e-01,1.177704811096191406e+00
1.927299499511718750e-01,6.786371469497680664e-01,3.860976994037628174e-01
-3.958544731140136719e-01,-8.952741622924804688e-01,3.760009706020355225e-01
1.527523994445800781e-01,-3.690172731876373291e-01,4.368112087249755859e-01
5.049203634262084961e-01,5.980987548828125000e-01,9.956851005554199219e-01
-4.237675666809082031e-01,-4.900429248809814453e-01,7.360891699790954590e-01
-2.466745376586914062e-01,4.436201974749565125e-02,7.052366733551025391e-01
2.590970993041992188e-01,-8.834721148014068604e-02,6.059668064117431641e-01
2.845644950866699219e-01,1.839425414800643921e-01,1.103043913841247559e+00
-2.252988815307617188e-01,-7.400619387626647949e-01,6.546505689620971680e-01
-2.296040356159210205e-01,-2.843246459960937500e-01,1.250490903854370117e+00
-1.085136383771896362e-01,5.392784476280212402e-01,9.544694423675537109e-01
-2.634120583534240723e-01,-8.306002616882324219e-01,2.830865383148193359e-01
-1.448706090450286865e-01,6.836344003677368164e-01,1.152661323547363281e+00
3.218414261937141418e-02,5.384160280227661133e-01,9.577443599700927734e-01
-4.524111747741699219e-01,-3.720027208328247070e-01,4.502960145473480225e-01
-9.800186008214950562e-02,3.064653277397155762e-01,1.114247322082519531e+00
-6.092742830514907837e-02,-4.792566299438476562e-01,5.571668744087219238e-01
-1.342945843935012817e-01,3.451557159423828125e-01,8.762004375457763672e-01
3.394238948822021484e-01,8.575802296400070190e-02,5.266218185424804688e-01
4.213307499885559082e-01,9.361896514892578125e-01,1.549172997474670410e-01
-2.161307334899902344e-01,-1.346550583839416504e-01,3.924923539161682129e-01
8.658141829073429108e-03,4.002599716186523438e-01,9.555130004882812500e-01
-2.402133196592330933e-01,5.495359748601913452e-02,1.295134305953979492e+00
-4.018225073814392090e-01,-9.439128041267395020e-01,1.201526880264282227e+00
-2.184836864471435547e-01,-1.345410943031311035e-01,6.153454184532165527e-01
-1.991758048534393311e-01,-5.285305976867675781e-01,1.028329432010650635e-01
-2.872977852821350098e-01,-2.338292598724365234e-01,5.308141708374023438e-01
3.143627941608428955e-01,6.196326613426208496e-01,1.143979072570800781e+00
-4.024250507354736328e-01,-2.941900193691253662e-01,2.506204247474670410e-01
-2.475228309631347656e-01,4.434853792190551758e-02,4.500890970230102539e-01
-2.405590713024139404e-01,-9.450990557670593262e-01,1.199265956878662109e+00
-1.712379455566406250e-01,-6.402259469032287598e-01,1.082291603088378906e+00
-2.905132770538330078e-01,-4.852609932422637939e-01,5.445533394813537598e-01
2.350858598947525024e-01,7.633106708526611328e-01,4.190850853919982910e-01
-5.156335830688476562e-01,-4.449426233768463135e-01,3.554235696792602539e-01
-3.297829627990722656e-01,-5.675731301307678223e-01,6.669932603836059570e-01
-2.502112388610839844e-01,-4.430509358644485474e-02,7.368990778923034668e-01
-5.497616529464721680e-01,-8.823713660240173340e-01,1.151230812072753906e+00
-2.684796750545501709e-01,-7.888648509979248047e-01,4.663532972335815430e-01
2.131054401397705078e-01,3.611952066421508789e-01,3.324124217033386230e-01
-4.283659458160400391e-01,-8.127324581146240234e-01,6.273763775825500488e-01
3.078210353851318359e-01,1.737308800220489502e-01,3.799102604389190674e-01
2.728128433227539062e-01,4.432129263877868652e-01,4.517457485198974609e-01
-3.943917751312255859e-01,-7.320265769958496094e-01,2.594695985317230225e-01
1.740093976259231567e-01,5.345937013626098633e-01,1.208501219749450684e+00
-6.038890779018402100e-02,5.015738010406494141e-01,4.944143593311309814e-01
3.773064613342285156e-01,6.914402842521667480e-01,4.126577675342559814e-01
-3.601429462432861328e-01,-6.506670713424682617e-01,6.007824540138244629e-01
2.621200084686279297e-01,1.268386768060736358e-06,3.855572342872619629e-01
1.534316968172788620e-02,6.508721709251403809e-01,6.341612339019775391e-01
-3.601424694061279297e-01,-6.506669521331787109e-01,1.394683867692947388e-01
8.395934849977493286e-02,2.566377818584442139e-01,1.789393424987792969e-01
-1.682803332805633545e-01,-7.492267489433288574e-01,1.159844994544982910e+00
-3.524889945983886719e-01,-9.315366148948669434e-01,1.128027290105819702e-01
-1.956181228160858154e-01,-1.596102267503738403e-01,1.353991746902465820e+00
-2.116706371307373047e-01,2.250973433256149292e-01,7.495608329772949219e-01
2.449905872344970703e-01,-8.880217373371124268e-02,4.506785571575164795e-01
1.400849819183349609e-01,-2.773170471191406250e-01,6.015985012054443359e-01
4.159310758113861084e-01,4.053296446800231934e-01,5.788660049438476562e-01
1.031850948929786682e-01,-4.394750595092773438e-01,3.608746230602264404e-01
-6.648132205009460449e-02,4.121108929666661425e-07,1.346247553825378418e+00
7.689926028251647949e-02,3.778701227474812185e-07,1.415365219116210938e+00
-1.635768413543701172e-01,4.141788482666015625e-01,6.668049693107604980e-01
4.114086627960205078e-01,7.724503874778747559e-01,2.288012653589248657e-01
-2.314960956573486328e-01,-4.460652172565460205e-02,5.159561038017272949e-01
2.268652319908142090e-01,4.632353484630584717e-01,1.723558902740478516e-01
-4.371223449707031250e-01,-8.046137094497680664e-01,1.192812442779541016e+00
-9.294128417968750000e-02,1.543222218751907349e-01,1.903469562530517578e-01
-4.957778453826904297e-01,-9.728708267211914062e-01,3.177868723869323730e-01
-3.830360770225524902e-01,-9.563043117523193359e-01,5.571414232254028320e-01
2.717895507812500000e-01,8.793820440769195557e-02,3.228811621665954590e-01
1.066549494862556458e-01,-3.533637523651123047e-01,7.097393870353698730e-01
3.585214614868164062e-01,1.704591661691665649e-01,4.629528820514678955e-01
4.102997779846191406e-01,5.942193269729614258e-01,4.344198405742645264e-01
3.772046566009521484e-01,5.134771466255187988e-01,4.674325585365295410e-01
-3.679740428924560547e-01,-2.980918288230895996e-01,6.161750555038452148e-01
-2.515212893486022949e-01,-5.552116632461547852e-01,1.139408349990844727e+00
7.556609809398651123e-03,-3.493407070636749268e-01,1.215601444244384766e+00
3.324124217033386230e-01,-6.538053601980209351e-02,1.057717323303222656e+00
4.098109304904937744e-01,9.926171302795410156e-01,4.527168273925781250e-01
-4.141933917999267578e-01,-2.087480425834655762e-01,3.653265237808227539e-01
4.077417850494384766e-01,1.672828197479248047e-01,6.652755737304687500e-01
-2.292294502258300781e-01,-4.464302584528923035e-02,3.277905285358428955e-01
2.044834755361080170e-02,-4.616329669952392578e-01,4.730201661586761475e-01
3.876907378435134888e-02,1.421367079019546509e-01,1.534194827079772949e+00
4.179491996765136719e-01,2.503734827041625977e-01,5.132093429565429688e-01
3.428916931152343750e-01,6.096866726875305176e-01,2.308993488550186157e-01
-4.011597633361816406e-01,-6.405571103096008301e-01,3.769305348396301270e-01
-2.866707742214202881e-01,-2.267720699310302734e-01,7.915067672729492188e-01
-2.878478914499282837e-02,-1.542625278234481812e-01,1.409145116806030273e+00
1.312913447618484497e-01,-1.547024995088577271e-01,1.404603362083435059e+00
5.625073313713073730e-01,4.018977880477905273e-01,1.248465776443481445e+00
-1.363623142242431641e-01,-5.842556953430175781e-01,6.196734309196472168e-01
3.067726194858551025e-01,6.151587888598442078e-02,1.091526985168457031e+00
-5.558564662933349609e-01,-5.195196270942687988e-01,4.943334758281707764e-01
3.428916931152343750e-01,6.096866726875305176e-01,1.398425251245498657e-01
2.099592685699462891e-01,5.748952031135559082e-01,3.491433560848236084e-01
-3.118965625762939453e-01,-9.882890582084655762e-01,8.039819002151489258e-01
-3.155444860458374023e-01,-9.544417858123779297e-01,2.914697229862213135e-01
-3.000428676605224609e-01,-7.585334777832031250e-01,2.375335693359375000e-01
-3.430488407611846924e-01,-3.365686833858489990e-01,9.290192127227783203e-01
4.114086627960205078e-01,7.724503874778747559e-01,1.385717689990997314e-01
-1.786308288574218750e-01,-1.645784378051757812e-01,1.978283673524856567e-01
5.091522261500358582e-02,-3.760137557983398438e-01,3.199999332427978516e-01
-3.388886451721191406e-01,-6.559055447578430176e-01,7.343823313713073730e-01
8.361673355102539062e-02,1.206397996611485723e-06,1.820230036973953247e-01
-9.795989841222763062e-02,-4.868302047252655029e-01,1.153410434722900391e+00
-3.141728043556213379e-01,-3.691805303096771240e-01,1.114259719848632812e+00
2.310178279876708984e-01,5.420969128608703613e-01,2.705004811286926270e-01
4.436976015567779541e-01,2.197682857513427734e-01,6.056483387947082520e-01
5.007578730583190918e-01,1.909136474132537842e-01,9.469413757324218750e-01
8.684635162353515625e-03,3.407505750656127930e-01,2.564578056335449219e-01
2.001008987426757812e-01,6.802037954330444336e-01,1.314910799264907837e-01
-1.391230374574661255e-01,-5.353488922119140625e-01,2.642987072467803955e-01
-1.974859982728958130e-01,-7.770986557006835938e-01,3.648763895034790039e-01
4.438416957855224609e-01,6.738989949226379395e-01,3.126934766769409180e-01
-3.814947903156280518e-01,-1.418938636779785156e-01,9.209106117486953735e-02
1.007138043642044067e-01,7.954354882240295410e-01,7.422153949737548828e-01
1.366009563207626343e-01,6.113010644912719727e-01,1.168933749198913574e+00
-2.810896337032318115e-01,-1.639490127563476562e-01,3.400833010673522949e-01
-1.768271923065185547e-01,2.279103398323059082e-01,4.630909562110900879e-01
-2.862641215324401855e-01,-6.423959732055664062e-01,5.524528622627258301e-01
-3.275779783725738525e-01,-5.729028582572937012e-01,1.080125451087951660e+00
-7.169342041015625000e-02,4.718146845698356628e-02,1.827908307313919067e-01
-1.391229927539825439e-01,-5.353488922119140625e-01,4.599993824958801270e-01
4.594345688819885254e-01,3.339660167694091797e-01,7.046409249305725098e-01
-1.757621765136718750e-01,2.356392592191696167e-01,1.181857347488403320e+00
4.086045622825622559e-01,4.190565347671508789e-01,1.173689007759094238e+00
8.555907756090164185e-03,6.519352793693542480e-01,1.047223567962646484e+00
-2.016340643167495728e-01,-4.800997376441955566e-01,1.178937911987304688e+00
-4.353805258870124817e-02,-6.912940144538879395e-01,6.833808422088623047e-01
1.634743511676788330e-01,7.490806579589843750e-01,6.047201156616210938e-01
-1.203672885894775391e-01,-6.108884811401367188e-01,4.118835330009460449e-01
-4.464923143386840820e-01,-4.904735386371612549e-01,4.947111606597900391e-01
-2.177331447601318359e-01,-3.536504805088043213e-01,1.193586826324462891e+00
-1.952856183052062988e-01,-4.596269130706787109e-01,1.777496337890625000e-01
2.061200141906738281e-02,4.413464069366455078e-01,3.892931938171386719e-01
2.827725410461425781e-01,8.108360767364501953e-01,5.283967256546020508e-01
-3.255429267883300781e-01,-5.684743523597717285e-01,1.706527620553970337e-01
1.867031753063201904e-01,-5.768827721476554871e-02,1.210281729698181152e+00
9.076629579067230225e-02,5.349202752113342285e-01,1.207409381866455078e+00
-1.299113482236862183e-01,1.137507781386375427e-01,1.237310409545898438e+00
-3.585507869720458984e-01,-2.132400721311569214e-01,6.786938309669494629e-01
4.296594262123107910e-01,3.337902128696441650e-01,9.461107254028320312e-01
-2.162372320890426636e-01,-5.660424232482910156e-01,2.342614680528640747e-01
4.827407747507095337e-02,4.674773216247558594e-01,1.226817846298217773e+00
-1.701065003871917725e-01,-3.409023284912109375e-01,1.258709907531738281e+00
3.341278135776519775e-01,2.496156990528106689e-01,1.074024677276611328e+00
2.100909352302551270e-01,6.993222832679748535e-01,1.110266566276550293e+00
2.080183029174804688e-01,1.801714301109313965e-01,2.057684212923049927e-01
-1.164548397064208984e-01,2.327841073274612427e-01,2.773434519767761230e-01
1.966966502368450165e-02,5.583012104034423828e-01,5.680053830146789551e-01
-3.682664036750793457e-01,-1.035105943679809570e+00,3.954882621765136719e-01
-1.571502722799777985e-02,7.185549736022949219e-01,8.476734161376953125e-01
-4.503304958343505859e-01,-9.622199535369873047e-01,5.099065899848937988e-01
2.601585388183593750e-01,5.838854908943176270e-01,5.964721366763114929e-02
-3.415361046791076660e-01,-7.859485149383544922e-01,4.034484922885894775e-02
9.562945365905761719e-02,-3.764199614524841309e-01,5.457333326339721680e-01
9.840560704469680786e-02,-3.253397941589355469e-01,9.981169700622558594e-01
3.475675582885742188e-01,9.650058746337890625e-01,1.518344134092330933e-01
-5.454189777374267578e-01,-9.268890023231506348e-01,7.605199813842773438e-01
1.714460700750350952e-01,5.934242159128189087e-02,1.158990979194641113e+00
1.259706020355224609e-01,4.954629763960838318e-02,1.462906122207641602e+00
-7.073760032653808594e-02,-6.011719107627868652e-01,7.645208835601806641e-01
2.962030470371246338e-01,8.505508899688720703e-01,4.542907476425170898e-01
2.430536746978759766e-01,2.673324346542358398e-01,2.655468583106994629e-01
-3.702912330627441406e-01,-5.589627623558044434e-01,3.180114626884460449e-01
-2.631017863750457764e-01,-6.458489298820495605e-01,3.847098350524902344e-02
-2.778382897377014160e-01,-7.439931035041809082e-01,1.172696113586425781e+00
3.242897093296051025e-01,1.948143988847732544e-01,9.909222126007080078e-01
-4.796560704708099365e-01,-7.402889728546142578e-01,1.181793212890625000e+00
-3.546468913555145264e-01,-3.727696835994720459e-01,2.913787364959716797e-01
-2.819181382656097412e-01,-1.732738018035888672e-01,5.936434864997863770e-01
3.060346841812133789e-01,5.446947216987609863e-01,1.174652934074401855e+00
-4.093546867370605469e-01,-6.785553097724914551e-01,1.166389465332031250e+00
-4.108746349811553955e-01,-5.611406564712524414e-01,1.119540810585021973e+00
3.821418583393096924e-01,3.144297599792480469e-01,1.065242648124694824e+00
4.457424879074096680e-01,4.946919381618499756e-01,1.123588800430297852e+00
-1.116604581475257874e-01,4.182166159152984619e-01,8.637869358062744141e-01
1.731300354003906250e-01,6.161332130432128906e-01,1.757873445749282837e-01
1.506783962249755859e-01,-1.838738918304443359e-01,4.993801712989807129e-01
4.006648063659667969e-02,7.493109107017517090e-01,8.018829226493835449e-01
5.330702066421508789e-01,4.938617944717407227e-01,8.476736545562744141e-01
-1.754629611968994141e-01,-6.216748952865600586e-01,5.659286379814147949e-01
1.624566763639450073e-01,7.630953788757324219e-01,4.436976611614227295e-01
-5.885711684823036194e-02,3.886349499225616455e-01,1.014888763427734375e+00
-1.940208375453948975e-01,3.700652655425074045e-07,1.359802246093750000e+00
-3.276784121990203857e-01,-6.883561611175537109e-01,2.311117500066757202e-01
2.430393993854522705e-01,3.684732615947723389e-01,1.117871999740600586e+00
3.301092386245727539e-01,3.686395883560180664e-01,1.117019653320312500e+00
2.077932357788085938e-01,-1.388409137725830078e-01,6.673145890235900879e-01
3.696525394916534424e-01,4.833623766899108887e-01,1.166564822196960449e+00
-1.046130359172821045e-01,5.194851756095886230e-01,5.575904846191406250e-01
-4.284526407718658447e-01,-2.224988937377929688e-01,-4.282470792531967163e-02
-5.936932563781738281e-02,6.250513792037963867e-01,6.294451951980590820e-01
2.350859194993972778e-01,7.633109092712402344e-01,2.156115621328353882e-01
4.108104705810546875e-01,9.877207279205322266e-01,2.198889106512069702e-01
2.168411202728748322e-02,-3.082449436187744141e-01,2.580657899379730225e-01
1.045150905847549438e-01,4.064958095550537109e-01,2.198422253131866455e-01
-3.212261199951171875e-01,-2.143268883228302002e-01,9.683837741613388062e-02
4.829267263412475586e-01,9.704709053039550781e-01,4.127169847488403320e-01
9.198516607284545898e-02,2.436709105968475342e-01,1.119900703430175781e+00
-3.191007971763610840e-01,-4.809298515319824219e-01,2.935500144958496094e-01
-4.888334572315216064e-01,-8.722175359725952148e-01,1.199435710906982422e+00
4.527096450328826904e-01,1.902149915695190430e-01,1.038350582122802734e+00
-9.359025955200195312e-02,5.205301046371459961e-01,7.911611795425415039e-01
2.077630758285522461e-01,-1.392545700073242188e-01,4.039211869239807129e-01
3.375327885150909424e-01,4.114222526550292969e-01,1.206962585449218750e+00
3.664756715297698975e-01,2.055846005678176880e-01,8.798539638519287109e-01
-1.482139527797698975e-01,-8.196727037429809570e-01,1.158989906311035156e+00
2.928314171731472015e-02,3.082563877105712891e-01,1.103232741355895996e+00
-1.586866378784179688e-02,-1.946213543415069580e-01,1.886239647865295410e-01
3.003617823123931885e-01,4.457415627712180139e-07,1.130452632904052734e+00
1.753997802734375000e-01,1.818803399801254272e-01,1.124323368072509766e+00
-2.050506174564361572e-01,-6.919615268707275391e-01,6.742126494646072388e-02
2.001008987426757812e-01,6.802033782005310059e-01,2.041931152343750000e-01
1.204338073730468750e-01,6.632698178291320801e-01,5.579539537429809570e-01
-9.503082185983657837e-02,-3.675414919853210449e-01,2.452275753021240234e-01
-1.739700287580490112e-01,-7.051237225532531738e-01,3.173379898071289062e-01
5.246152877807617188e-01,4.630101323127746582e-01,1.243761181831359863e+00
-5.729675292968750000e-02,-5.019926428794860840e-01,1.095895767211914062e+00
-5.061712265014648438e-01,-5.300804376602172852e-01,3.590353429317474365e-01
-2.015725672245025635e-01,3.020085692405700684e-01,1.141683101654052734e+00
3.773064613342285156e-01,6.914402842521667480e-01,4.884643480181694031e-02
-2.634125649929046631e-01,-8.306012153625488281e-01,1.121002137660980225e-01
9.637645632028579712e-02,6.084492206573486328e-01,4.460082948207855225e-01
2.916628122329711914e-01,8.834958076477050781e-01,2.767614722251892090e-01
1.496016979217529297e-01,-9.187687933444976807e-02,2.097463905811309814e-01
1.513519287109375000e-01,5.643985867500305176e-01,3.069256544113159180e-01
-7.560012489557266235e-02,2.417623251676559448e-01,1.134619235992431641e+00
-1.706173717975616455e-01,1.717649251222610474e-01,1.228653430938720703e+00
4.914295971393585205e-01,5.189704298973083496e-01,1.031495809555053711e+00
2.714223861694335938e-01,3.536370098590850830e-01,4.812170267105102539e-01
4.867858812212944031e-02,-1.543378382921218872e-01,1.906404495239257812e-01
1.328430138528347015e-02,2.572365403175354004e-01,1.864655017852783203e-01
-3.431500196456909180e-01,-4.387856721878051758e-01,1.087707757949829102e+00
-2.600545883178710938e-01,-1.325304061174392700e-01,7.350240945816040039e-01
-4.545745626091957092e-02,5.033057928085327148e-02,1.438612222671508789e+00
3.964915275573730469e-01,1.853262484073638916e-01,1.088769912719726562e+00
-1.065820306539535522e-01,-6.579617261886596680e-01,1.029169082641601562e+00
3.037102520465850830e-01,7.960736751556396484e-01,4.006622359156608582e-02
8.321776986122131348e-02,-5.525448545813560486e-02,1.285869002342224121e+00
3.962529003620147705e-01,6.436352133750915527e-01,1.072082161903381348e+00
2.001008987426757812e-01,6.802036166191101074e-01,5.891875922679901123e-02
-2.046893239021301270e-01,1.114364489912986755e-01,1.273163199424743652e+00
2.689920067787170410e-01,-5.803934112191200256e-02,1.199392557144165039e+00
-4.226138591766357422e-01,-2.603471279144287109e-01,1.919921860098838806e-02
3.396087586879730225e-01,1.011606931686401367e+00,4.692370593547821045e-01
5.355789139866828918e-02,7.060939669609069824e-01,1.091970562934875488e+00
-4.311273097991943359e-01,-1.242558062076568604e-01,4.631744325160980225e-02
-6.816267967224121094e-02,-4.986273348331451416e-01,3.676870763301849365e-01
-1.233088672161102295e-01,7.471041679382324219e-01,1.171485900878906250e+00
-3.322080969810485840e-01,-9.442492723464965820e-01,1.200886845588684082e+00
-4.182316362857818604e-01,-8.708407282829284668e-01,1.202278614044189453e+00
4.062307775020599365e-01,1.010154724121093750e+00,3.784399330615997314e-01
5.274966359138488770e-01,4.301648736000061035e-01,7.981767654418945312e-01
4.225826859474182129e-01,9.300563335418701172e-01,5.410611033439636230e-01
3.396083414554595947e-01,1.011605978012084961e+00,3.298107981681823730e-01
4.421798586845397949e-01,3.895848691463470459e-01,1.010036706924438477e+00
4.819199740886688232e-01,9.747028350830078125e-01,2.931725978851318359e-01
-4.523065090179443359e-01,-1.436313241720199585e-01,-3.058695793151855469e-02
-1.221925318241119385e-01,3.761433959007263184e-01,1.078696489334106445e+00
-1.720640659332275391e-01,4.129396378993988037e-01,5.983737111091613770e-01
1.875952035188674927e-01,5.545794367790222168e-01,9.650635719299316406e-02
-5.725585669279098511e-02,4.400832951068878174e-01,1.082057714462280273e+00
4.804656505584716797e-01,4.932608306407928467e-01,6.575193405151367188e-01
-2.050542831420898438e-01,4.503284394741058350e-02,2.679849267005920410e-01
-1.161766052246093750e-02,-3.903198838233947754e-01,7.419872879981994629e-01
3.224899172782897949e-01,5.006327033042907715e-01,4.284713268280029297e-01
-6.472320109605789185e-02,-5.187943205237388611e-02,1.390663146972656250e+00
-3.465486168861389160e-01,-8.059197068214416504e-01,1.189878940582275391e+00
-1.845004558563232422e-01,3.188711106777191162e-01,7.592333555221557617e-01
-2.230927944183349609e-01,-2.213542312383651733e-01,1.292082905769348145e+00
3.467517495155334473e-01,2.991244792938232422e-01,3.551669120788574219e-01
-3.801666200160980225e-02,5.381439328193664551e-01,9.587726593017578125e-01
-2.555647194385528564e-01,-6.247467994689941406e-01,1.128653645515441895e+00
-1.958866119384765625e-01,3.175819218158721924e-01,6.235813498497009277e-01
-6.219118088483810425e-02,-4.269959926605224609e-01,4.795988500118255615e-01
-4.400883316993713379e-01,-1.008567571640014648e+00,3.334555029869079590e-01
1.572051942348480225e-01,4.681503474712371826e-01,2.060251235961914062e-01
-3.716774284839630127e-01,-1.016907095909118652e+00,2.386596649885177612e-01
-3.888035118579864502e-01,-2.020885944366455078e-01,2.013229280710220337e-01
-3.155444562435150146e-01,-9.544417858123779297e-01,5.545883178710937500e-01
2.170265167951583862e-01,-1.102880239486694336e-01,1.290988802909851074e+00
-2.602548301219940186e-01,-8.758727312088012695e-01,1.191891312599182129e+00
-2.432155609130859375e-01,-4.203360676765441895e-01,2.041149884462356567e-01
3.068709373474121094e-02,-2.879252433776855469e-01,4.201101660728454590e-01
2.562576234340667725e-01,5.982341617345809937e-02,1.144022703170776367e+00
1.434791088104248047e-01,-1.843383759260177612e-01,3.064703345298767090e-01
1.489773541688919067e-01,4.291534310141287278e-07,1.181251883506774902e+00
1.043897792696952820e-01,4.095971584320068359e-01,3.066613674163818359e-01
3.419990539550781250e-01,4.319690465927124023e-01,5.638158917427062988e-01
-2.071197032928466797e-01,2.254647761583328247e-01,5.543200373649597168e-01
1.447706222534179688e-01,-1.842549294233322144e-01,5.660321116447448730e-01
-3.199742138385772705e-01,-6.792110800743103027e-01,1.164616107940673828e+00
-5.521743744611740112e-02,7.156193256378173828e-01,1.242384433746337891e+00
-1.887203902006149292e-01,4.402452707290649414e-01,1.081351876258850098e+00
1.047504469752311707e-01,-4.006311893463134766e-01,6.356228590011596680e-01
7.264648377895355225e-02,3.730145096778869629e-01,1.094679713249206543e+00
6.779632531106472015e-03,-2.096834331750869751e-01,1.382129430770874023e+00
-4.621369838714599609e-01,-8.929566740989685059e-01,3.788677752017974854e-01
2.079050242900848389e-01,-1.373014450073242188e-01,6.009518504142761230e-01
-3.672211170196533203e-01,-5.596152544021606445e-01,7.212108969688415527e-01
1.582183837890625000e-01,3.711215853691101074e-01,1.104348301887512207e+00
-9.858274459838867188e-02,4.236693382263183594e-01,4.461108446121215820e-01
3.080871105194091797e-01,5.270081758499145508e-01,1.407073885202407837e-01
2.661320567131042480e-01,2.478696405887603760e-01,1.087488770484924316e+00
-9.527087211608886719e-02,3.289772272109985352e-01,3.786822557449340820e-01
2.318606525659561157e-01,4.664277136325836182e-01,1.230800867080688477e+00
-1.577088832855224609e-01,-2.114354521036148071e-01,1.368608593940734863e+00
-4.621369838714599609e-01,-8.929564356803894043e-01,1.978683471679687500e-01
-3.243598937988281250e-01,-4.791990518569946289e-01,6.006383895874023438e-01
2.809393107891082764e-01,1.211700662970542908e-01,1.122314453125000000e+00
6.167144514620304108e-03,4.780514910817146301e-02,1.517186760902404785e+00
1.803855895996093750e-01,3.108881413936614990e-01,1.087039232254028320e+00
-2.678730487823486328e-01,-5.807323455810546875e-01,2.990508973598480225e-01
2.546820044517517090e-01,6.464730501174926758e-01,4.140853881835937500e-02
4.292587190866470337e-02,-1.050091534852981567e-01,1.372829794883728027e+00
-4.275741577148437500e-01,-2.913417816162109375e-01,1.904031336307525635e-01
-2.389144897460937500e-01,1.335530579090118408e-01,6.754086017608642578e-01
-2.412610054016113281e-01,4.444941878318786621e-02,6.096728444099426270e-01
-1.671301275491714478e-01,-6.848431229591369629e-01,1.149398803710937500e+00
-7.349090278148651123e-02,1.177519038319587708e-01,1.175312876701354980e+00
-6.485503911972045898e-02,-2.074004113674163818e-01,1.399747371673583984e+00
3.153049945831298828e-01,-7.081031799316406250e-05,5.967527627944946289e-01
3.906668126583099365e-01,6.095254793763160706e-02,1.108997941017150879e+00
-5.353023409843444824e-01,-4.701664447784423828e-01,4.153329432010650635e-01
2.039184570312500000e-01,-2.711273133754730225e-01,7.527215480804443359e-01
-4.518157988786697388e-02,1.498662680387496948e-01,1.454469442367553711e+00
-6.009666323661804199e-01,-8.457640409469604492e-01,9.227397441864013672e-01
-2.653908729553222656e-01,-6.740213036537170410e-01,2.385467439889907837e-01
2.072758823633193970e-01,-1.459624767303466797e-01,4.678646624088287354e-01
3.646475076675415039e-01,4.459406000023591332e-07,1.129603743553161621e+00
1.150843799114227295e-01,4.315955340862274170e-01,1.119049549102783203e+00
1.204342842102050781e-01,6.632699966430664062e-01,6.311147809028625488e-01
4.280625879764556885e-01,5.355968475341796875e-01,6.679224967956542969e-01
2.014640718698501587e-02,4.991123676300048828e-01,5.236361622810363770e-01
3.574066162109375000e-01,8.517862111330032349e-02,7.084481716156005859e-01
2.618787288665771484e-01,-8.825775235891342163e-02,5.419707894325256348e-01
2.376566976308822632e-01,5.362607240676879883e-01,1.202916145324707031e+00
-3.722283840179443359e-01,-2.121358513832092285e-01,5.215499997138977051e-01
-4.775153994560241699e-01,-6.782897710800170898e-01,1.167104482650756836e+00
-3.450347855687141418e-02,3.073363900184631348e-01,1.108907341957092285e+00
-3.056988716125488281e-01,-3.934257924556732178e-01,5.700973272323608398e-01
-2.282426357269287109e-01,-4.465886950492858887e-02,5.804080367088317871e-01
4.445068836212158203e-01,5.863704085350036621e-01,7.025364637374877930e-01
-3.601424694061279297e-01,-6.506669521331787109e-01,6.643036007881164551e-01
-2.150070667266845703e-01,-1.347093731164932251e-01,4.558792114257812500e-01
6.697387434542179108e-03,3.842145304133737227e-07,1.421473264694213867e+00
-3.943917751312255859e-01,-7.320265769958496094e-01,5.980468392372131348e-01
4.472279548645019531e-01,6.730063557624816895e-01,5.222772359848022461e-01
-9.548614174127578735e-02,-4.162998497486114502e-01,1.185700774192810059e+00
-9.813415259122848511e-02,6.639602780342102051e-01,1.205825805664062500e+00
-3.860620856285095215e-01,-1.795086860656738281e-01,3.070568740367889404e-01
3.915403187274932861e-01,7.252528667449951172e-01,1.921453773975372314e-01
-2.444281578063964844e-01,-1.332864016294479370e-01,6.740598678588867188e-01
-1.419206261634826660e-01,4.398750661493977532e-07,1.324504256248474121e+00
-2.553865015506744385e-01,4.871110377280274406e-07,1.321438074111938477e+00
4.315168857574462891e-01,6.771484017372131348e-01,6.490040421485900879e-01
-2.044394016265869141e-01,1.352208256721496582e-01,3.310668766498565674e-01
4.114086627960205078e-01,7.724503874778747559e-01,5.969203114509582520e-01
-2.227146625518798828e-01,1.343369185924530029e-01,4.546175897121429443e-01
1.191546618938446045e-01,5.130206793546676636e-02,1.838181018829345703e-01
-2.252988815307617188e-01,-7.400618791580200195e-01,4.660009741783142090e-01
4.452722072601318359e-01,8.528938889503479004e-01,5.328295826911926270e-01
2.054774761199951172e-02,-4.492936134338378906e-01,5.340675115585327148e-01
7.032318040728569031e-03,-2.714421153068542480e-01,1.329764127731323242e+00
9.643620252609252930e-02,6.069669723510742188e-01,5.292133688926696777e-01
4.114086627960205078e-01,7.724503874778747559e-01,4.724697768688201904e-01
-2.424893379211425781e-01,4.442968219518661499e-02,3.883724808692932129e-01
-4.957778453826904297e-01,-9.728708267211914062e-01,4.087405204772949219e-01
9.474304318428039551e-02,5.200194716453552246e-01,5.612385272979736328e-01
2.031317055225372314e-01,7.082172036170959473e-01,3.318884372711181641e-01
2.783334255218505859e-01,1.173019427369581535e-06,4.760169982910156250e-01
-1.024194285273551941e-01,-5.709254145622253418e-01,1.086750268936157227e+00
4.102997779846191406e-01,5.942193865776062012e-01,5.871121287345886230e-01
3.763785362243652344e-01,5.136388540267944336e-01,5.288909673690795898e-01
-3.943917751312255859e-01,-7.320266366004943848e-01,4.425106644630432129e-01
-2.050506025552749634e-01,-6.919612884521484375e-01,2.480838000774383545e-01
-3.155443072319030762e-01,-9.544413089752197266e-01,2.215988039970397949e-01
1.731298416852951050e-01,6.161329746246337891e-01,2.827245891094207764e-01
