3.908215165138244629e-01,7.036433219909667969e-01,3.103713989257812500e-01
-5.362981557846069336e-01,-8.725633621215820312e-01,1.198722600936889648e+00
-4.687521457672119141e-01,-2.043436765670776367e-01,1.302667260169982910e-01
1.426267921924591064e-01,1.478965580463409424e-01,1.474787831306457520e+00
2.943997383117675781e-01,-8.720932155847549438e-02,6.614062190055847168e-01
-6.057262420654296875e-01,-9.087901115417480469e-01,4.307147264480590820e-01
5.944656133651733398e-01,5.246583223342895508e-01,1.009924530982971191e+00
-3.909173607826232910e-01,-2.024720907211303711e-01,9.119627475738525391e-01
2.908081002533435822e-02,7.196367979049682617e-01,1.232518196105957031e+00
-5.972623825073242188e-02,4.293429553508758545e-01,6.565969586372375488e-01
1.188037097454071045e-01,1.533993482589721680e-01,1.713488101959228516e-01
-1.489791870117187500e-01,-6.825415492057800293e-01,7.127120494842529297e-01
1.380859315395355225e-02,-3.739553689956665039e-01,3.018651008605957031e-01
-1.056700125336647034e-01,-2.715864479541778564e-01,1.328884124755859375e+00
-4.334748089313507080e-01,-6.871857643127441406e-01,4.237731918692588806e-02
4.388751089572906494e-01,6.155287474393844604e-02,1.090366840362548828e+00
-8.115730881690979004e-01,-6.724333763122558594e-01,8.748913407325744629e-01
-2.346563339233398438e-01,4.455565288662910461e-02,4.521929919719696045e-01
-6.181240081787109375e-01,-4.265869855880737305e-01,5.066366195678710938e-01
4.787414073944091797e-01,3.267675042152404785e-01,5.913995504379272461e-01
-1.372157186269760132e-01,2.992800772190093994e-01,1.158472657203674316e+00
1.605676263570785522e-01,7.185538411140441895e-01,8.476738929748535156e-01
-3.081918358802795410e-01,-5.792362689971923828e-01,1.058903694152832031e+00
6.039762496948242188e-01,7.149872183799743652e-01,6.699871420860290527e-01
3.103256225585937500e-01,4.033925533294677734e-01,1.241957902908325195e+00
-5.243296623229980469e-01,-9.291453361511230469e-01,8.053739666938781738e-01
-2.936468422412872314e-01,-5.815935134887695312e-01,3.706454336643218994e-01
-1.514421552419662476e-01,-3.171064853668212891e-01,6.565586924552917480e-01
4.258441925048828125e-01,4.183430373668670654e-01,1.048171967267990112e-01
2.236706465482711792e-01,-1.703494787216186523e-01,1.243231058120727539e+00
6.911528110504150391e-01,2.859773337841033936e-01,1.240313768386840820e+00
6.889935731887817383e-01,7.571804523468017578e-01,1.464395076036453247e-01
1.028248369693756104e-01,4.484336376190185547e-01,3.596118092536926270e-01
-2.321331799030303955e-01,5.310508981347084045e-02,1.352482080459594727e+00
-4.693245887756347656e-01,-5.638222098350524902e-01,7.766674757003784180e-01
-4.564391970634460449e-01,-1.577422469854354858e-01,5.556292533874511719e-01
3.566634654998779297e-01,8.520265668630599976e-02,4.023733437061309814e-01
-5.856460332870483398e-02,-3.867021799087524414e-01,1.024755954742431641e+00
-2.078030109405517578e-01,1.350578069686889648e-01,7.490411400794982910e-01
2.556777000427246094e-01,5.673861503601074219e-01,5.976379513740539551e-01
-1.637176424264907837e-01,-1.541956961154937744e-01,1.878521442413330078e-01
6.556315422058105469e-01,2.800617218017578125e-01,8.391003608703613281e-01
2.616143822669982910e-01,2.653426229953765869e-01,9.526810646057128906e-01
6.391668319702148438e-01,8.736587166786193848e-01,4.115792810916900635e-01
-6.724419593811035156e-01,-7.355952262878417969e-01,2.067495733499526978e-01
3.126480057835578918e-02,5.230233073234558105e-01,1.016128897666931152e+00
-3.436935245990753174e-01,-2.958670854568481445e-01,1.179463982582092285e+00
2.068037688732147217e-01,-1.524655818939208984e-01,4.020556509494781494e-01
6.040281653404235840e-01,5.365667343139648438e-01,3.841262757778167725e-01
-3.046413660049438477e-01,-4.290468692779541016e-01,1.383624225854873657e-01
-1.006667613983154297e-01,2.340584844350814819e-01,3.114275932312011719e-01
3.662777543067932129e-01,6.321676969528198242e-01,1.106431126594543457e+00
1.073696389794349670e-01,-3.356287479400634766e-01,7.144952416419982910e-01
-5.164287090301513672e-01,-6.884268522262573242e-01,5.451553463935852051e-01
3.660190105438232422e-01,3.413769900798797607e-01,3.440579175949096680e-01
2.486373856663703918e-02,-5.256510153412818909e-02,1.369424223899841309e+00
4.271758794784545898e-01,9.987878799438476562e-02,8.384591341018676758e-01
-4.218840599060058594e-01,1.631681470826151781e-06,-1.422027591615915298e-02
-5.117716789245605469e-01,-5.288900732994079590e-01,2.438745051622390747e-01
1.933764666318893433e-01,5.975018814206123352e-02,1.146313190460205078e+00
4.641171991825103760e-01,7.266075611114501953e-01,4.178649932146072388e-02
-5.272532701492309570e-01,-3.955358564853668213e-01,9.796340465545654297e-01
-7.355729341506958008e-01,-7.414295077323913574e-01,1.139825820922851562e+00
-3.014498353004455566e-01,-5.173332691192626953e-01,6.110485792160034180e-01
-6.153845191001892090e-01,-2.833964824676513672e-01,6.994261145591735840e-01
-5.159558057785034180e-01,-6.097676157951354980e-01,1.173522830009460449e+00
8.435454964637756348e-02,-1.548136621713638306e-01,2.002749443054199219e-01
-6.116481497883796692e-02,-4.694733619689941406e-01,5.007667541503906250e-01
-3.758126497268676758e-01,-9.509658813476562500e-02,3.338110148906707764e-01
-1.551685333251953125e-01,2.510828971862792969e-01,5.446906685829162598e-01
9.339354932308197021e-02,3.087691366672515869e-01,1.100080013275146484e+00
-5.821750164031982422e-01,-2.738323211669921875e-01,3.426629602909088135e-01
-7.132943272590637207e-01,-8.057944774627685547e-01,7.215278744697570801e-01
4.704446792602539062e-01,8.153513073921203613e-02,6.183706521987915039e-01
3.869079649448394775e-01,7.346713542938232422e-01,5.345907211303710938e-01
-2.086377143859863281e-01,-5.214564204216003418e-01,8.710311651229858398e-01
-2.720567286014556885e-01,-6.228041648864746094e-02,6.793316602706909180e-01
-7.151913642883300781e-02,4.718428105115890503e-02,1.828018128871917725e-01
-5.244445800781250000e-02,5.806667357683181763e-02,1.198618650436401367e+00
4.538004994392395020e-01,2.303973585367202759e-01,1.222301959991455078e+00
-5.852236747741699219e-01,-7.018950581550598145e-01,8.926122784614562988e-01
1.548939496278762817e-01,5.407400727272033691e-01,1.187904357910156250e+00
2.223655581474304199e-02,-2.395963668823242188e-01,5.461153984069824219e-01
-4.985861778259277344e-01,-7.438580989837646484e-01,3.253833055496215820e-01
4.729070961475372314e-01,2.646152079105377197e-01,9.582865238189697266e-01
6.585345268249511719e-01,5.530576109886169434e-01,7.875077724456787109e-01
1.930395811796188354e-01,3.419909477233886719e-01,1.960027962923049927e-01
-4.450876712799072266e-01,-3.730722069740295410e-01,6.006254553794860840e-01
5.395071506500244141e-01,5.645723342895507812e-01,1.856640577316284180e-01
-3.505960106849670410e-01,-7.559122443199157715e-01,1.143423080444335938e+00
6.241393089294433594e-02,5.484699010848999023e-01,7.601493597030639648e-01
-2.856459021568298340e-01,-1.125083491206169128e-01,1.256569266319274902e+00
2.427129745483398438e-01,1.249313299922505394e-06,2.643398940563201904e-01
2.554866969585418701e-01,5.692098140716552734e-01,3.996240198612213135e-01
-3.133030533790588379e-01,-2.629658579826354980e-01,2.573792934417724609e-01
5.516508221626281738e-01,3.669328987598419189e-01,1.125737786293029785e+00
-2.016583234071731567e-01,-4.212341308593750000e-01,1.164195299148559570e+00
1.929246485233306885e-01,6.563851237297058105e-01,1.033892154693603516e+00
-6.686325073242187500e-01,-5.908873677253723145e-01,1.046561241149902344e+00
-6.724419593811035156e-01,-7.355952262878417969e-01,3.991088867187500000e-01
6.063630580902099609e-01,5.492318868637084961e-01,5.712768435478210449e-01
7.699251174926757812e-02,5.510807037353515625e-01,5.467259287834167480e-01
6.124413013458251953e-01,7.124611735343933105e-01,3.227593898773193359e-01
3.359964787960052490e-01,5.617780685424804688e-01,1.810180693864822388e-01
5.788054466247558594e-01,8.741559982299804688e-01,2.358892709016799927e-01
-3.216722011566162109e-01,-3.033360540866851807e-01,7.222433090209960938e-01
2.892065048217773438e-01,3.513314723968505859e-01,5.093598961830139160e-01
-1.533032208681106567e-01,-1.029786169528961182e-01,1.404257059097290039e+00
-1.616330146789550781e-01,-4.097635447978973389e-01,2.700228691101074219e-01
6.063079833984375000e-02,-2.599279284477233887e-01,1.400601387023925781e+00
-5.521956682205200195e-01,-8.348689079284667969e-01,1.146191358566284180e-01
-2.787919640541076660e-01,-1.380834579467773438e-01,5.150980949401855469e-01
2.949383258819580078e-01,1.745624542236328125e-01,2.598724365234375000e-01
-2.760421670973300934e-02,9.870795905590057373e-02,1.470407485961914062e+00
-5.117719173431396484e-01,-5.288903117179870605e-01,4.581207036972045898e-02
5.970701575279235840e-01,4.182323217391967773e-01,6.928176879882812500e-01
4.876040518283843994e-01,6.722137928009033203e-01,9.864778518676757812e-01
-2.288611978292465210e-01,-4.239468574523925781e-01,4.819177091121673584e-01
-1.516754087060689926e-02,4.207717180252075195e-01,8.507444858551025391e-01
3.215543925762176514e-01,-6.021186336874961853e-02,1.131972074508666992e+00
5.036437511444091797e-01,4.056993126869201660e-01,4.423384070396423340e-01
-5.668299198150634766e-01,-5.997232794761657715e-01,4.097298979759216309e-01
5.455728173255920410e-01,6.369056552648544312e-02,9.529149532318115234e-01
-4.510040283203125000e-01,-3.722081780433654785e-01,3.047122061252593994e-01
3.286276161670684814e-01,2.455065548419952393e-01,1.105728983879089355e+00
-6.075707077980041504e-01,-9.024219512939453125e-01,2.583163380622863770e-01
-2.407470718026161194e-02,3.911801874637603760e-01,4.539184570312500000e-01
4.357882738113403320e-01,4.836445748805999756e-01,1.165492653846740723e+00
1.562464237213134766e-01,-1.835143417119979858e-01,7.635659575462341309e-01
6.465489864349365234e-01,7.022833228111267090e-01,4.858766198158264160e-01
-2.152259349822998047e-01,4.486876726150512695e-02,2.670095860958099365e-01
-5.117716789245605469e-01,-5.288901329040527344e-01,5.917419195175170898e-01
-3.408088684082031250e-01,-7.093679904937744141e-01,9.607949256896972656e-01
8.775725960731506348e-02,-5.826876685023307800e-02,1.192358732223510742e+00
-6.724419593811035156e-01,-7.355952262878417969e-01,5.678313970565795898e-01
1.808145046234130859e-01,-1.819287389516830444e-01,5.914898514747619629e-01
-4.238397181034088135e-01,-4.289713203907012939e-01,1.130480408668518066e+00
-2.105574011802673340e-01,1.717995405197143555e-01,1.228286504745483398e+00
4.951598942279815674e-01,5.433472990989685059e-01,3.380417823791503906e-02
-6.203293800354003906e-01,-6.685513257980346680e-01,7.192169129848480225e-02
-7.828491181135177612e-02,4.356111288070678711e-01,1.101550817489624023e+00
1.721498966217041016e-01,6.742624640464782715e-01,6.790020465850830078e-01
-1.248326301574707031e-01,-4.049931168556213379e-01,8.069839477539062500e-01
-5.512251853942871094e-01,-8.386735916137695312e-01,5.712490677833557129e-01
9.119319915771484375e-02,1.454353309782163706e-06,1.815502941608428955e-01
5.229452252388000488e-01,8.022909164428710938e-01,4.991827309131622314e-01
2.861450016498565674e-01,-5.628044158220291138e-02,4.929373264312744141e-01
-1.132667064666748047e-01,3.269388973712921143e-01,7.784423828125000000e-01
-3.907598853111267090e-01,-1.438792943954467773e-01,7.704429626464843750e-01
3.955349922180175781e-01,7.217443585395812988e-01,6.867545843124389648e-01
5.528330206871032715e-01,2.368235588073730469e-01,6.875194907188415527e-01
-3.694724142551422119e-01,-6.048455238342285156e-01,1.512591540813446045e-01
2.201312035322189331e-02,2.674076557159423828e-01,2.314517199993133545e-01
-5.791564658284187317e-02,-2.587701082229614258e-01,2.054247856140136719e-01
-3.750518858432769775e-01,-8.883118629455566406e-02,1.250573694705963135e-01
4.836001396179199219e-01,4.926471114158630371e-01,3.033096194267272949e-01
-5.401968955993652344e-02,-2.961388528347015381e-01,4.320947229862213135e-01
1.772965937852859497e-01,7.183184623718261719e-01,1.235757589340209961e+00
4.576370716094970703e-01,1.640631258487701416e-01,4.747346341609954834e-01
4.975457191467285156e-01,7.434273958206176758e-01,1.834204047918319702e-01
-2.734334170818328857e-01,-7.776808738708496094e-02,8.279333114624023438e-01
2.657638788223266602e-01,4.714226722717285156e-01,2.722137272357940674e-01
-5.038439035415649414e-01,-2.662365436553955078e-01,4.654028117656707764e-01
2.430400103330612183e-01,3.684741258621215820e-01,1.117867469787597656e+00
-1.249664276838302612e-02,-2.894472479820251465e-01,1.218983173370361328e+00
5.794382095336914062e-02,-3.813048899173736572e-01,5.869023203849792480e-01
-4.231542944908142090e-01,-1.451748758554458618e-01,1.317024230957031250e-03
3.363271951675415039e-01,3.630100190639495850e-01,2.052116394042968750e-01
-4.197239875793457031e-01,-6.694948673248291016e-01,6.493354439735412598e-01
9.036026149988174438e-02,3.612640853134507779e-07,1.484902262687683105e+00
-6.711655855178833008e-01,-3.817894756793975830e-01,3.710329532623291016e-01
-3.876114487648010254e-01,-4.872572422027587891e-01,5.029818415641784668e-01
6.379514932632446289e-01,3.915694653987884521e-01,9.998948574066162109e-01
5.937635898590087891e-01,6.343740224838256836e-01,7.240630686283111572e-02
-2.213695049285888672e-01,1.344017833471298218e-01,5.824514627456665039e-01
-4.829750061035156250e-01,-1.217479705810546875e-01,2.415881305932998657e-01
1.841589063405990601e-01,4.642710685729980469e-01,5.323127508163452148e-01
2.738342285156250000e-01,7.499558925628662109e-01,9.734442234039306641e-01
-5.192229747772216797e-01,-3.659307956695556641e-01,7.525608539581298828e-01
-4.482284486293792725e-01,-8.704210519790649414e-01,1.095008850097656250e+00
-4.197237491607666016e-01,-6.694946289062500000e-01,4.513983130455017090e-01
-3.503844738006591797e-01,-4.745384156703948975e-01,2.580590844154357910e-01
3.091154098510742188e-01,-5.896115303039550781e-02,7.923892140388488770e-01
-4.784967005252838135e-01,-7.384995818138122559e-01,1.186187744140625000e+00
-1.283004693686962128e-02,1.787978112697601318e-01,1.156155705451965332e+00
4.480409622192382812e-02,-3.830079138278961182e-01,4.533720314502716064e-01
-6.972349882125854492e-01,-8.541319370269775391e-01,3.432797193527221680e-01
1.493994146585464478e-01,5.382225513458251953e-01,9.584772586822509766e-01
3.579992651939392090e-01,5.465247631072998047e-01,5.154752731323242188e-02
3.122634813189506531e-02,3.936950564384460449e-01,9.890530109405517578e-01
-2.470863312482833862e-01,-2.814562916755676270e-01,1.268146991729736328e+00
-2.547881603240966797e-01,-4.423139616847038269e-02,3.556588590145111084e-01
-4.542388916015625000e-01,-9.106667041778564453e-01,9.148811101913452148e-01
3.443775773048400879e-01,6.448528170585632324e-02,9.993827342987060547e-01
2.843626439571380615e-01,5.445883870124816895e-01,1.175009846687316895e+00
-5.556190013885498047e-01,-4.377815127372741699e-01,3.497030436992645264e-01
-6.993909478187561035e-01,-7.316157817840576172e-01,8.389257788658142090e-01
-2.363520711660385132e-01,-5.471600294113159180e-01,7.470719814300537109e-01
1.126054152846336365e-01,-2.057065963745117188e-01,3.307986259460449219e-01
-2.172448635101318359e-01,1.346011608839035034e-01,3.608975112438201904e-01
-3.844120800495147705e-01,-6.153232455253601074e-01,1.156883239746093750e+00
3.783226013183593750e-01,1.335144020231382456e-06,5.793069601058959961e-01
-4.646914005279541016e-01,-6.782984733581542969e-01,9.459844827651977539e-01
-4.197239875793457031e-01,-6.694949269294738770e-01,2.562841773033142090e-01
1.368217468261718750e-01,-1.612189114093780518e-01,1.337401747703552246e+00
1.899529248476028442e-01,3.844921588897705078e-01,4.287624955177307129e-01
3.689911365509033203e-01,2.551208734512329102e-01,4.623191654682159424e-01
1.157661378383636475e-01,4.341520071029663086e-01,1.107908725738525391e+00
-5.536031723022460938e-01,-6.957038044929504395e-01,1.857479810714721680e-01
-4.549655914306640625e-01,-4.558082222938537598e-01,1.326287835836410522e-01
1.973124593496322632e-01,1.826451122760772705e-01,1.116433858871459961e+00
4.447985887527465820e-01,3.540114462375640869e-01,1.191738724708557129e+00
-5.943684577941894531e-01,-8.247462511062622070e-01,8.148817420005798340e-01
5.400347709655761719e-01,6.485391855239868164e-01,5.326496958732604980e-01
-4.672482013702392578e-01,-1.225086599588394165e-01,4.145895242691040039e-01
-1.542012393474578857e-01,2.682130336761474609e-01,6.685235500335693359e-01
3.053849637508392334e-01,1.224101707339286804e-01,1.103102207183837891e+00
5.635528564453125000e-01,2.888035774230957031e-01,1.222923278808593750e+00
1.123318299651145935e-01,-2.125134468078613281e-01,4.561245739459991455e-01
-3.137615919113159180e-01,-4.892111718654632568e-01,1.144376873970031738e+00
-6.828878074884414673e-02,1.747086048126220703e-01,2.078518569469451904e-01
3.771610260009765625e-01,1.296997083954920527e-06,7.027871608734130859e-01
4.396595656871795654e-01,1.847316175699234009e-01,1.094898819923400879e+00
-3.744351863861083984e-01,-8.375215530395507812e-02,6.145472526550292969e-01
2.946084439754486084e-01,4.573493599891662598e-01,1.320552825927734375e-01
4.641172587871551514e-01,7.266077995300292969e-01,4.058157205581665039e-01
2.127660624682903290e-02,3.588006496429443359e-01,3.421502709388732910e-01
-6.361334770917892456e-02,-3.681263923645019531e-01,5.817303061485290527e-01
4.019457995891571045e-01,6.466228961944580078e-01,1.224682554602622986e-01
3.232449889183044434e-01,6.543126106262207031e-01,4.684387147426605225e-01
6.980276107788085938e-01,7.685117721557617188e-01,3.967932164669036865e-01
-5.343170166015625000e-01,-8.109673857688903809e-01,4.289303421974182129e-01
-6.189776659011840820e-01,-3.025708198547363281e-01,4.731773138046264648e-01
-1.464436054229736328e-01,-4.056587219238281250e-01,3.953387439250946045e-01
-7.095208764076232910e-01,-8.163168430328369141e-01,4.807336330413818359e-01
-8.371139317750930786e-02,3.792083873577212216e-07,1.368211865425109863e+00
-3.661331236362457275e-01,-5.456729531288146973e-01,4.678773880004882812e-02
-2.712215781211853027e-01,-5.288076400756835938e-02,2.254138141870498657e-01
-5.668296813964843750e-01,-5.997232198715209961e-01,6.714776754379272461e-01
-1.262231469154357910e-01,1.105214282870292664e-01,1.287352442741394043e+00
-2.224055975675582886e-01,-4.966120719909667969e-01,3.255645632743835449e-01
5.418603420257568359e-01,8.206482529640197754e-01,1.041574105620384216e-01
-2.904586680233478546e-02,-1.556612253189086914e-01,1.394720792770385742e+00
-2.135180681943893433e-01,-5.083960294723510742e-01,1.071607232093811035e+00
-1.142277494072914124e-01,-3.516249060630798340e-01,1.203934669494628906e+00
-3.694721758365631104e-01,-6.048452854156494141e-01,5.637499690055847168e-01
1.901732981204986572e-01,3.814523220062255859e-01,3.105575442314147949e-01
-4.821619987487792969e-01,-2.032610625028610229e-01,3.272201418876647949e-01
-5.038332939147949219e-01,-9.280514717102050781e-02,1.208140850067138672e-01
-4.336683750152587891e-01,-2.071759402751922607e-01,6.593930125236511230e-01
3.682241439819335938e-01,6.032395362854003906e-01,3.663577139377593994e-01
-2.016622871160507202e-01,-2.599912881851196289e-01,2.205705642700195312e-01
3.766897618770599365e-01,1.981482207775115967e-01,9.565441608428955078e-01
-5.286848545074462891e-01,-8.096749782562255859e-01,2.259625196456909180e-01
-4.256581068038940430e-01,-3.090066909790039062e-01,1.098620295524597168e+00
2.118286043405532837e-01,-5.909508466720581055e-02,1.166620254516601562e+00
6.980278491973876953e-01,7.685117721557617188e-01,2.598330676555633545e-01
5.287755727767944336e-01,7.777879238128662109e-01,6.120644807815551758e-01
-3.962039947509765625e-01,-3.802103400230407715e-01,1.935314834117889404e-01
-1.577029675245285034e-01,2.061786651611328125e-01,4.257360696792602539e-01
3.234872817993164062e-01,6.525540351867675781e-01,6.349400281906127930e-01
1.673829555511474609e-01,-9.130366891622543335e-02,2.400405853986740112e-01
7.089004665613174438e-02,9.408892691135406494e-02,1.541995167732238770e+00
-6.534795463085174561e-02,2.964005470275878906e-01,4.114532470703125000e-01
5.118913054466247559e-01,5.781900882720947266e-01,1.062405705451965332e+00
-2.771472036838531494e-01,-3.682399392127990723e-01,2.513875961303710938e-01
4.272356033325195312e-01,4.985520839691162109e-01,1.866375654935836792e-01
-2.415380477905273438e-01,4.444488510489463806e-02,6.740663051605224609e-01
-2.345848083496093750e-01,-1.607743948698043823e-01,1.341983556747436523e+00
2.892343997955322266e-01,1.335144020231382456e-06,3.817388713359832764e-01
3.756651282310485840e-01,-6.502328813076019287e-02,1.035665035247802734e+00
5.426030158996582031e-01,2.382861822843551636e-01,5.743201971054077148e-01
-5.020501613616943359e-01,-4.473758935928344727e-01,6.799736022949218750e-01
-5.117716789245605469e-01,-5.288901329040527344e-01,4.740200638771057129e-01
-2.201171778142452240e-02,-5.119903385639190674e-02,1.761965751647949219e-01
-3.771558403968811035e-01,-1.061611175537109375e-01,4.760507047176361084e-01
5.586547851562500000e-01,2.709093093872070312e-01,8.891283869743347168e-01
2.619717419147491455e-01,2.573604583740234375e-01,1.879620552062988281e-01
-3.425659239292144775e-02,3.051364421844482422e-01,1.122444152832031250e+00
6.283276081085205078e-01,6.788413524627685547e-01,1.914446949958801270e-01
1.991380564868450165e-02,5.279920101165771484e-01,6.623938083648681641e-01
-3.483082354068756104e-01,-1.571746468544006348e-01,2.493755817413330078e-01
-5.125032067298889160e-01,-4.875953495502471924e-01,1.150508165359497070e+00
-2.371704578399658203e-01,-4.451528564095497131e-02,5.785383582115173340e-01
2.374887466430664062e-01,8.904392272233963013e-02,2.032794207334518433e-01
-8.176895231008529663e-02,5.186433196067810059e-01,1.032737135887145996e+00
-2.506899833679199219e-01,-5.308349430561065674e-02,1.353143095970153809e+00
9.639545530080795288e-02,6.079695224761962891e-01,6.414625644683837891e-01
3.778862953186035156e-01,1.692098528146743774e-01,3.403732180595397949e-01
-3.938331604003906250e-01,-2.951632440090179443e-01,5.491507053375244141e-01
-1.280514448881149292e-01,-5.132698267698287964e-02,1.852765083312988281e-01
-9.111547470092773438e-02,3.294476866722106934e-01,5.120135545730590820e-01
-6.341885328292846680e-01,-7.671698331832885742e-01,1.125259399414062500e-01
-5.742279067635536194e-02,-1.540480405092239380e-01,1.845505237579345703e-01
-1.579444408416748047e-01,1.374696344137191772e-01,2.727853357791900635e-01
-6.444149464368820190e-02,-3.338916301727294922e-01,7.145899534225463867e-01
6.425628662109375000e-01,7.870285511016845703e-01,5.491813421249389648e-01
5.289341807365417480e-01,7.771222591400146484e-01,3.217730522155761719e-01
-5.146429538726806641e-01,-7.532841563224792480e-01,5.617952346801757812e-02
6.276258826255798340e-01,2.390000671148300171e-01,1.155927300453186035e+00
-3.607037663459777832e-01,-6.616897583007812500e-01,3.599649071693420410e-01
-5.814220905303955078e-01,-6.794821619987487793e-01,3.254306018352508545e-01
1.074894145131111145e-01,3.326697349548339844e-01,2.559234499931335449e-01
3.614828586578369141e-01,2.558489739894866943e-01,2.838183641433715820e-01
-4.334747493267059326e-01,-6.871857643127441406e-01,1.468655318021774292e-01
1.195638999342918396e-01,2.571246623992919922e-01,1.850445270538330078e-01
2.220663987100124359e-02,-2.433662414550781250e-01,2.951492369174957275e-01
-5.668296813964843750e-01,-5.997232198715209961e-01,1.285485774278640747e-01
5.584933757781982422e-01,4.779854118824005127e-01,4.921786487102508545e-01
-2.781481444835662842e-01,-1.308388710021972656e-01,4.071643054485321045e-01
4.233682155609130859e-01,7.224512100219726562e-02,5.070597529411315918e-01
-2.496226429939270020e-01,-6.034350395202636719e-01,9.778082370758056641e-01
-6.501374393701553345e-02,-3.101882934570312500e-01,3.182641565799713135e-01
-4.939244091510772705e-01,-7.649552822113037109e-01,6.133276224136352539e-01
-5.657458305358886719e-02,4.298033118247985840e-01,5.543005466461181641e-01
4.258441925048828125e-01,4.183429479598999023e-01,2.500210404396057129e-01
3.695542812347412109e-01,2.870962023735046387e-01,1.233429312705993652e+00
-1.646201610565185547e-01,2.288958728313446045e-01,7.622089982032775879e-01
2.283203005790710449e-01,6.260983347892761230e-01,1.124613523483276367e+00
1.119998246431350708e-01,-2.207403182983398438e-01,6.796115040779113770e-01
1.020165234804153442e-01,4.684934616088867188e-01,4.721090495586395264e-01
2.332611083984375000e-01,4.692449867725372314e-01,1.220114350318908691e+00
5.937638282775878906e-01,6.343742012977600098e-01,4.068627953529357910e-01
-5.836570858955383301e-01,-9.180735349655151367e-01,7.247579097747802734e-01
2.317046187818050385e-02,1.237320899963378906e-01,1.795251369476318359e-01
-7.079658508300781250e-01,-8.211035728454589844e-01,2.452892959117889404e-01
2.301745414733886719e-01,-8.927932381629943848e-02,3.278063833713531494e-01
5.047559738159179688e-01,4.055184721946716309e-01,6.474328637123107910e-01
4.019454121589660645e-01,6.466226577758789062e-01,2.288842648267745972e-01
2.657638788223266602e-01,4.714226722717285156e-01,3.868237137794494629e-01
6.538661122322082520e-01,8.715286254882812500e-01,3.135632276535034180e-01
-6.203293800354003906e-01,-6.685513257980346680e-01,5.175293087959289551e-01
-3.014491796493530273e-01,-5.173325538635253906e-01,1.839330941438674927e-01
-3.014493584632873535e-01,-5.173325538635253906e-01,4.660232365131378174e-01
6.038448810577392578e-01,3.105528354644775391e-01,6.474173069000244141e-01
1.435121148824691772e-01,-1.128327175974845886e-01,1.251551508903503418e+00
2.053210884332656860e-02,-4.512543678283691406e-01,3.877856433391571045e-01
-1.466134637594223022e-01,-4.026343822479248047e-01,5.446847677230834961e-01
-5.291717648506164551e-01,-4.304246902465820312e-01,8.889455795288085938e-01
1.113732904195785522e-01,6.481798291206359863e-01,1.248465776443481445e+00
-5.533416271209716797e-01,-3.572647869586944580e-01,6.625320315361022949e-01
2.113624289631843567e-02,-3.762404918670654297e-01,7.030566334724426270e-01
2.054519951343536377e-01,-1.710815429687500000e-01,4.960781633853912354e-01
-2.274301052093505859e-01,1.341084688901901245e-01,4.854867458343505859e-01
-2.577329874038696289e-01,-3.516287207603454590e-01,1.203911423683166504e+00
-5.512252449989318848e-01,-8.386735916137695312e-01,3.141082823276519775e-01
-6.203293800354003906e-01,-6.685513257980346680e-01,6.330446004867553711e-01
-5.074050426483154297e-01,-7.039499282836914062e-01,4.381735026836395264e-01
-9.152572602033615112e-02,1.722055822610855103e-01,1.224120855331420898e+00
-2.240195870399475098e-01,-4.784362316131591797e-01,5.593798756599426270e-01
-2.324371337890625000e-01,4.459142684936523438e-02,5.475848317146301270e-01
5.562369823455810547e-01,4.784266054630279541e-01,6.084228157997131348e-01
-1.456652730703353882e-01,-4.429435133934020996e-01,1.069587111473083496e+00
-2.399387359619140625e-01,-4.447065293788909912e-02,4.827947914600372314e-01
3.018875047564506531e-02,4.430505037307739258e-01,1.069129347801208496e+00
6.293535232543945312e-02,-2.847979962825775146e-01,6.178272962570190430e-01
5.937635898590087891e-01,6.343740820884704590e-01,2.664270102977752686e-01
5.937635898590087891e-01,6.343740820884704590e-01,6.080074906349182129e-01
5.173542499542236328e-01,1.602095067501068115e-01,6.371449232101440430e-01
-4.999942779541015625e-01,-4.028056189417839050e-02,1.731720007956027985e-02
5.592423677444458008e-01,2.743489742279052734e-01,7.727081179618835449e-01
-4.156570434570312500e-01,-8.074731826782226562e-01,1.186390995979309082e+00
-4.234886169433593750e-01,-5.563734769821166992e-01,2.550897300243377686e-01
3.663693070411682129e-01,7.305734157562255859e-01,4.370763301849365234e-01
-5.668296813964843750e-01,-5.997232794761657715e-01,2.683044373989105225e-01
2.490571588277816772e-01,5.085490345954895020e-01,4.826762676239013672e-01
6.347122043371200562e-02,-1.092379838228225708e-01,1.307277441024780273e+00
2.896561622619628906e-01,8.736243844032287598e-02,2.903341650962829590e-01
4.269759953022003174e-01,6.432884335517883301e-01,2.643203735351562500e-02
-3.910064697265625000e-01,-2.954833507537841797e-01,6.415342688560485840e-01
6.139039397239685059e-01,7.452468872070312500e-01,9.392150491476058960e-02
-2.228958010673522949e-01,-4.910938739776611328e-01,6.749067306518554688e-01
4.016740322113037109e-01,4.222709238529205322e-01,3.707055449485778809e-01
-1.570732146501541138e-01,-2.105833441019058228e-01,1.375183463096618652e+00
-4.853791594505310059e-01,-4.442809522151947021e-01,1.063756585121154785e+00
5.788054466247558594e-01,8.741559982299804688e-01,4.868440032005310059e-01
-4.272879064083099365e-01,-2.654205262660980225e-01,2.878160476684570312e-01
3.359966874122619629e-01,5.617783069610595703e-01,2.911370694637298584e-01
-4.500675201416015625e-02,4.314924478530883789e-01,7.648196220397949219e-01
5.395071506500244141e-01,5.645722746849060059e-01,2.986093163490295410e-01
-6.230872869491577148e-02,-4.221017360687255859e-01,3.631344437599182129e-01
-1.202442646026611328e-01,3.261484503746032715e-01,6.067990064620971680e-01
5.196312069892883301e-01,6.317552179098129272e-02,1.040023803710937500e+00
5.395071506500244141e-01,5.645723342895507812e-01,4.415209889411926270e-01
1.515588760375976562e-01,-2.762044370174407959e-01,7.668169736862182617e-01
-2.282738685607910156e-01,4.465854540467262268e-02,3.590939342975616455e-01
-4.472358524799346924e-01,-5.497624874114990234e-01,1.157673120498657227e+00
3.660190105438232422e-01,3.413767516613006592e-01,4.342584013938903809e-01
-5.477821826934814453e-01,-6.044183373451232910e-01,5.580788850784301758e-01
3.434860706329345703e-01,2.575938701629638672e-01,3.758541643619537354e-01
3.743710219860076904e-01,5.490975379943847656e-01,1.159895539283752441e+00
6.216003894805908203e-01,5.457354784011840820e-01,4.827523827552795410e-01
-4.939242005348205566e-01,-7.649548053741455078e-01,1.428637653589248657e-01
-6.431334018707275391e-01,-8.292723894119262695e-01,1.837567090988159180e-01
5.975370407104492188e-01,5.512571930885314941e-01,6.604666113853454590e-01
5.132639408111572266e-01,6.555970907211303711e-01,1.891406178474426270e-01
6.010406464338302612e-02,-1.550301164388656616e-01,1.401242256164550781e+00
4.639391899108886719e-01,2.459140568971633911e-01,5.334737896919250488e-01
4.808063507080078125e-01,4.890527725219726562e-01,1.024801582098007202e-01
2.241034433245658875e-02,-2.180998325347900391e-01,2.046063244342803955e-01
-6.220673322677612305e-01,-8.523740768432617188e-01,5.201151967048645020e-01
5.814733505249023438e-01,7.217023968696594238e-01,4.126599133014678955e-01
5.024559497833251953e-01,4.058922827243804932e-01,5.591180324554443359e-01
-4.549655914306640625e-01,-4.558080136775970459e-01,5.713195800781250000e-01
4.808860719203948975e-01,1.922638863325119019e-01,1.017215371131896973e+00
1.803971827030181885e-01,3.109083473682403564e-01,1.086914658546447754e+00
-2.196867465972900391e-01,-6.303326487541198730e-01,7.249538898468017578e-01
-5.431432723999023438e-01,-6.456639170646667480e-01,3.760194778442382812e-02
2.060982137918472290e-01,-1.621813774108886719e-01,6.951942443847656250e-01
-1.640100032091140747e-01,5.150853842496871948e-02,1.968843936920166016e-01
1.446130275726318359e-01,5.843716859817504883e-01,1.041688323020935059e+00
2.028209716081619263e-02,4.821941852569580078e-01,4.981199502944946289e-01
3.411181569099426270e-01,4.739550352096557617e-01,1.202248096466064453e+00
-2.776818573474884033e-01,-1.255898475646972656e-01,6.207787990570068359e-01
-5.568952560424804688e-01,-5.192986726760864258e-01,3.800045549869537354e-01
5.129600167274475098e-01,4.934934973716735840e-01,1.128134846687316895e+00
6.648744344711303711e-01,8.356943130493164062e-01,2.170608490705490112e-01
6.293313503265380859e-01,3.455447256565093994e-01,1.234983682632446289e+00
-3.694724440574645996e-01,-6.048455238342285156e-01,4.238650500774383545e-01
6.465489864349365234e-01,7.022833228111267090e-01,5.713134407997131348e-01
-2.224247753620147705e-01,-4.963881969451904297e-01,4.109533727169036865e-01
5.008666515350341797e-01,1.612736284732818604e-01,5.533776879310607910e-01
5.850234627723693848e-01,3.248948454856872559e-01,1.000846862792968750e+00
2.737840116024017334e-01,-1.769743263721466064e-01,1.174907326698303223e+00
2.738702297210693359e-01,5.863410234451293945e-01,5.060209631919860840e-01
1.964929103851318359e-01,6.794366836547851562e-01,7.601788043975830078e-01
4.641171097755432129e-01,7.266073226928710938e-01,2.744610607624053955e-01
-5.117716789245605469e-01,-5.288901329040527344e-01,1.304892003536224365e-01
1.496752947568893433e-01,4.658402204513549805e-01,1.233026981353759766e+00
-1.525325030088424683e-01,2.314696311950683594e-01,1.214030981063842773e+00
4.206168949604034424e-01,5.227828025817871094e-02,7.528152465820312500e-01
4.641167223453521729e-01,7.266068458557128906e-01,5.942404270172119141e-01
4.969436675310134888e-02,2.426308244466781616e-01,1.127933144569396973e+00
5.229451656341552734e-01,8.022909164428710938e-01,2.418676763772964478e-01
-5.994653701782226562e-02,-2.967134416103363037e-01,5.376917719841003418e-01
-4.857377409934997559e-01,-3.349593281745910645e-01,9.389243125915527344e-01
-6.724419593811035156e-01,-7.355952262878417969e-01,4.829150140285491943e-01
-5.739386081695556641e-01,-8.200585842132568359e-01,8.959179520606994629e-01
5.395071506500244141e-01,5.645722746849060059e-01,1.014614850282669067e-01
-4.355103969573974609e-01,-5.451001524925231934e-01,7.025040984153747559e-01
-3.694338798522949219e-01,-4.512673914432525635e-01,9.039807319641113281e-02
1.124482825398445129e-01,-2.096145153045654297e-01,5.524768233299255371e-01
-3.014494180679321289e-01,-5.173327922821044922e-01,1.005157455801963806e-01
-5.145755410194396973e-01,-6.715054512023925781e-01,2.553158402442932129e-01
6.980276107788085938e-01,7.685117721557617188e-01,4.801132082939147949e-01
-4.595196247100830078e-01,-4.549927413463592529e-01,3.052887022495269775e-01
2.730554044246673584e-01,3.751587271690368652e-01,3.124771118164062500e-01
-4.274866580963134766e-01,-5.468055009841918945e-01,5.506491065025329590e-01
4.177369475364685059e-01,1.302831619977951050e-01,9.811036586761474609e-01
-1.736598163843154907e-01,3.726336217368952930e-07,1.378049254417419434e+00
-3.744177222251892090e-01,-2.432551383972167969e-01,1.123094797134399414e+00
-6.724419593811035156e-01,-7.355954051017761230e-01,3.162091076374053955e-01
5.102291703224182129e-01,4.937569200992584229e-01,3.813943862915039062e-01
3.232452571392059326e-01,6.543128490447998047e-01,5.508090257644653320e-01
1.742621958255767822e-01,6.005432605743408203e-01,6.161354184150695801e-01
-4.797196388244628906e-01,-2.034583240747451782e-01,4.134069681167602539e-01
-3.694724142551422119e-01,-6.048455238342285156e-01,6.493702530860900879e-01
3.898806571960449219e-01,4.501792432165530045e-07,1.111827850341796875e+00
3.079058825969696045e-01,-7.047033309936523438e-02,5.827484130859375000e-01
1.544982939958572388e-01,5.129857361316680908e-02,1.837396621704101562e-01
-3.502201735973358154e-01,-4.203256070613861084e-01,1.168157100677490234e+00
-4.820711612701416016e-01,-1.217916756868362427e-01,3.265521228313446045e-01
1.017654389142990112e-01,6.815054416656494141e-01,8.051927089691162109e-01
-3.007060289382934570e-01,-6.258863806724548340e-01,1.125242352485656738e+00
-4.306003153324127197e-01,-7.025227546691894531e-01,3.556307852268218994e-01
-7.506439089775085449e-02,2.400491237640380859e-01,1.147838234901428223e+00
-5.020523071289062500e-01,-1.208251863718032837e-01,4.503875598311424255e-02
-4.939237833023071289e-01,-7.649543285369873047e-01,5.324596762657165527e-01
6.671142298728227615e-03,3.827098566944187041e-07,1.427655100822448730e+00
-2.288606017827987671e-01,-4.239459037780761719e-01,2.190451025962829590e-01
4.645748734474182129e-01,7.243649959564208984e-01,4.862850904464721680e-01
-2.033482342958450317e-01,-5.407244563102722168e-01,9.489867687225341797e-01
3.432507514953613281e-01,1.316070552093151491e-06,4.950642287731170654e-01
-3.770397603511810303e-01,-1.052043437957763672e-01,6.911906003952026367e-01
-1.198898255825042725e-01,3.690551817417144775e-01,1.114902496337890625e+00
-4.197239875793457031e-01,-6.694949865341186523e-01,5.697396993637084961e-01
-6.709315776824951172e-01,-3.400940001010894775e-01,5.201076865196228027e-01
-1.478093117475509644e-01,-3.814709186553955078e-01,7.027493119239807129e-01
5.788056254386901855e-01,8.741562366485595703e-01,3.602288663387298584e-01
-3.694727122783660889e-01,-6.048460006713867188e-01,2.866680920124053955e-01
-2.208520472049713135e-01,1.097920984029769897e-01,1.298640727996826172e+00
3.444130122661590576e-01,5.007057189941406250e-01,2.418707162141799927e-01
-5.853002071380615234e-01,-3.525979816913604736e-01,3.436523377895355225e-01
-2.734550535678863525e-01,-1.559846848249435425e-01,2.247548103332519531e-01
-6.203293800354003906e-01,-6.685513854026794434e-01,1.542748957872390747e-01
1.791036427021026611e-01,5.338742733001708984e-01,5.751801729202270508e-01
-4.308676123619079590e-01,-6.767393946647644043e-01,1.171294450759887695e+00
3.127002716064453125e-02,4.426306784152984619e-01,4.314007461071014404e-01
-7.233247756958007812e-01,-8.010568022727966309e-01,3.946063220500946045e-01
-1.830938607454299927e-01,-2.743225991725921631e-01,1.312040328979492188e+00
6.050878763198852539e-01,4.497424364089965820e-01,1.039952635765075684e+00
4.924212396144866943e-01,5.879654884338378906e-01,5.439764261245727539e-01
5.594894289970397949e-02,5.418041348457336426e-01,9.448912143707275391e-01
1.499267518520355225e-01,4.386901650832442101e-07,1.169658303260803223e+00
6.454253941774368286e-02,7.466963529586791992e-01,1.169208526611328125e+00
-3.709697127342224121e-01,-5.521178245544433594e-02,5.542602390050888062e-02
1.346682757139205933e-01,2.446055561304092407e-01,1.112681746482849121e+00
2.561524808406829834e-01,4.196166969450132456e-07,1.143846035003662109e+00
-4.344058036804199219e-01,-5.011659264564514160e-01,1.099033117294311523e+00
9.226799011230468750e-03,-3.876188993453979492e-01,5.274581909179687500e-01
-1.587180644273757935e-01,1.881937980651855469e-01,3.331317007541656494e-01
7.415294647216796875e-02,-3.792042136192321777e-01,3.821823000907897949e-01
3.577356338500976562e-01,4.036297798156738281e-01,1.375515758991241455e-01
4.229379296302795410e-01,6.486262083053588867e-01,1.057130932807922363e+00
6.495800614356994629e-01,4.641090333461761475e-01,9.773390293121337891e-01
2.457585334777832031e-01,-8.877728879451751709e-02,4.192553758621215820e-01
2.648103237152099609e-01,6.597312092781066895e-01,6.836421489715576172e-01
6.421214342117309570e-01,2.277330011129379272e-01,1.242853760719299316e+00
-3.129878044128417969e-01,-1.727154701948165894e-01,1.218836069107055664e+00
-3.435302674770355225e-01,-6.816881299018859863e-01,1.157924890518188477e+00
2.278610132634639740e-02,1.443170458078384399e-01,1.511707544326782227e+00
-6.466906070709228516e-01,-8.367519974708557129e-01,7.401820421218872070e-01
7.230438292026519775e-02,6.706474423408508301e-01,1.187754273414611816e+00
5.845913290977478027e-01,8.529052734375000000e-01,1.636602729558944702e-01
3.689152300357818604e-01,3.035468459129333496e-01,1.132207632064819336e+00
-4.483485221862792969e-02,2.385655492544174194e-01,2.511099278926849365e-01
1.999800056219100952e-01,4.289488196372985840e-01,1.130580782890319824e+00
4.179070889949798584e-01,3.261375427246093750e-02,6.409493684768676758e-01
4.094243049621582031e-02,-9.537902474403381348e-02,1.847824007272720337e-01
1.600854396820068359e-01,-1.594046056270599365e-01,2.953679561614990234e-01
2.028306573629379272e-01,6.751551628112792969e-01,1.175572037696838379e+00
-3.944151103496551514e-01,-3.619266748428344727e-01,1.151313662528991699e+00
2.859391868114471436e-01,3.071997761726379395e-01,1.109731435775756836e+00
-2.700425684452056885e-01,-6.601385474205017090e-01,1.022642374038696289e+00
6.710529327392578125e-02,5.493102669715881348e-01,8.349044322967529297e-01
-6.057260632514953613e-01,-9.087898731231689453e-01,3.559674024581909180e-01
4.772753715515136719e-01,4.216315746307373047e-01,1.162467122077941895e+00
-2.683108747005462646e-01,-2.011418342590332031e-02,7.408149838447570801e-01
-8.342361450195312500e-02,-2.090275734663009644e-01,1.387187838554382324e+00
4.641171097755432129e-01,7.266073226928710938e-01,1.190225183963775635e-01
-6.730744838714599609e-01,-3.397812545299530029e-01,4.382025003433227539e-01
5.338029861450195312e-01,7.566611766815185547e-01,6.709685921669006348e-02
5.137253999710083008e-01,2.976313233375549316e-01,1.168608546257019043e+00
3.792114257812500000e-01,4.107236862182617188e-01,1.210003376007080078e+00
4.899069070816040039e-01,1.246220767498016357e-01,1.068830609321594238e+00
4.254687428474426270e-01,2.507758140563964844e-01,1.065073251724243164e+00
-2.942831218242645264e-01,-5.763578414916992188e-01,6.541824340820312500e-01
1.818389892578125000e-01,-2.241583615541458130e-01,1.270440697669982910e+00
1.319885253906250000e-02,5.116879194974899292e-02,1.751408576965332031e-01
3.899550437927246094e-01,7.205579876899719238e-01,6.061459183692932129e-01
4.451678395271301270e-01,5.541704893112182617e-01,1.142896175384521484e+00
-3.781777620315551758e-01,-1.145765781402587891e-01,5.487373471260070801e-01
5.621502399444580078e-01,4.352519214153289795e-01,1.103105306625366211e+00
-4.685831665992736816e-01,-3.765058517456054688e-02,8.943176269531250000e-02
2.219654768705368042e-01,2.470493316650390625e-01,1.093815088272094727e+00
-1.995834261178970337e-01,-5.151592195034027100e-02,1.972122192382812500e-01
-5.274560451507568359e-01,-8.006584048271179199e-01,1.201693177223205566e+00
6.197814829647541046e-03,4.804489016532897949e-02,1.509750604629516602e+00
-1.355650424957275391e-01,-3.040457963943481445e-01,5.870282053947448730e-01
5.364437699317932129e-01,2.602016329765319824e-01,9.923403263092041016e-01
-8.162612468004226685e-02,-1.024750471115112305e-01,1.412083625793457031e+00
-1.295571923255920410e-01,-2.593826055526733398e-01,2.129745483398437500e-01
-3.793275356292724609e-01,-5.409581661224365234e-01,1.829937696456909180e-01
1.899743676185607910e-01,1.539113670587539673e-01,1.818063259124755859e-01
-5.512249469757080078e-01,-8.386733531951904297e-01,4.928719997406005859e-01
7.309478521347045898e-02,3.753162026405334473e-01,1.082923650741577148e+00
-4.437355995178222656e-01,-4.463248252868652344e-01,6.253753602504730225e-02
1.989428997039794922e-01,1.268386768060736358e-06,2.060085982084274292e-01
4.981158375740051270e-01,6.446279883384704590e-01,3.272676467895507812e-02
1.496734563261270523e-02,5.204075574874877930e-01,5.639102458953857422e-01
3.232453465461730957e-01,6.543130874633789062e-01,3.871447741985321045e-01
4.532814025878906250e-01,6.184733510017395020e-01,1.799600124359130859e-01
1.899780184030532837e-01,2.563465833663940430e-01,1.753544807434082031e-01
-4.472784399986267090e-01,-4.736154899001121521e-02,-6.051921844482421875e-02
-3.023861646652221680e-01,-5.096182823181152344e-01,2.967450022697448730e-01
-6.186143159866333008e-01,-3.006303310394287109e-01,3.972216844558715820e-01
1.259461939334869385e-01,6.039143800735473633e-01,9.762022495269775391e-01
-3.763777315616607666e-01,-9.975051879882812500e-02,4.044888317584991455e-01
1.396374553442001343e-01,4.833261296153068542e-02,1.500554203987121582e+00
6.661680340766906738e-01,8.314847946166992188e-01,4.749700725078582764e-01
-4.510914385318756104e-01,-8.899782299995422363e-01,1.162773370742797852e+00
-1.418162435293197632e-01,5.394209176301956177e-02,1.326549887657165527e+00
-2.206146717071533203e-01,1.344380527734756470e-01,6.798850893974304199e-01
-5.050123333930969238e-01,-2.670953273773193359e-01,3.085703849792480469e-01
-3.668765127658843994e-01,-5.629808902740478516e-01,1.113377213478088379e+00
2.755227088928222656e-01,3.531052768230438232e-01,1.714675873517990112e-01
2.284110933542251587e-01,4.031002819538116455e-01,1.243232011795043945e+00
-1.185836791992187500e-01,3.263366520404815674e-01,7.085212469100952148e-01
-3.755768239498138428e-01,-9.315657615661621094e-02,2.639074623584747314e-01
-5.801228880882263184e-01,-7.253680229187011719e-01,6.830352544784545898e-02
-4.541990756988525391e-01,-2.055184841156005859e-01,5.052807331085205078e-01
-2.869348227977752686e-01,-2.255630642175674438e-01,1.259609103202819824e+00
4.264672696590423584e-01,5.448068380355834961e-01,4.196071624755859375e-02
5.509175062179565430e-01,5.945013761520385742e-01,1.007740259170532227e+00
-4.347207546234130859e-01,-5.442125797271728516e-01,3.864431381225585938e-02
2.386494427919387817e-01,1.212754994630813599e-01,1.120697498321533203e+00
-4.679038822650909424e-01,-9.466484785079956055e-01,8.406960964202880859e-01
2.170489169657230377e-02,3.056631088256835938e-01,2.884790003299713135e-01
2.635848820209503174e-01,1.843457818031311035e-01,1.098880410194396973e+00
6.127359867095947266e-01,5.477694869041442871e-01,3.172811865806579590e-01
-5.315116643905639648e-01,-3.262830972671508789e-01,4.824728965759277344e-01
-8.865493535995483398e-02,5.567841976881027222e-02,1.272679924964904785e+00
-4.268100261688232422e-01,-1.244646459817886353e-01,6.294460892677307129e-01
6.495223939418792725e-02,-5.592276155948638916e-02,1.265166759490966797e+00
2.802085876464843750e-01,6.045942008495330811e-02,1.124311208724975586e+00
5.315173268318176270e-01,7.662680149078369141e-01,4.015853703022003174e-01
-6.151399612426757812e-01,-7.077523469924926758e-01,2.299188226461410522e-01
3.923521041870117188e-01,7.027912139892578125e-01,3.810330033302307129e-01
-3.475723043084144592e-02,3.708041608333587646e-01,1.105970621109008789e+00
-2.838856577873229980e-01,-4.172995686531066895e-01,1.181343078613281250e+00
8.838500827550888062e-03,4.086115956306457520e-01,9.128534793853759766e-01
-1.011912524700164795e-01,2.798416316509246826e-01,4.663915634155273438e-01
4.089184403419494629e-01,2.849365472793579102e-01,5.295512676239013672e-01
-3.185374736785888672e-01,-5.393170714378356934e-01,5.497001409530639648e-01
-3.693801760673522949e-01,-4.212069511413574219e-02,-1.273498497903347015e-02
2.280903607606887817e-01,-1.159104406833648682e-01,1.203864455223083496e+00
-4.500227272510528564e-01,-3.716863095760345459e-01,1.101459145545959473e+00
2.610132694244384766e-01,1.767517775297164917e-01,2.018624842166900635e-01
-1.911097615957260132e-01,-6.567867994308471680e-01,6.672167778015136719e-01
1.093090772628784180e-01,-1.180426403880119324e-01,1.170841455459594727e+00
6.283274888992309570e-01,6.788411140441894531e-01,1.085931360721588135e-01
5.937635898590087891e-01,6.343742012977600098e-01,1.553143262863159180e-01
-2.606687545776367188e-01,-2.211419045925140381e-01,2.327697724103927612e-01
6.605834700167179108e-03,-2.043071687221527100e-01,1.423611283302307129e+00
4.233993291854858398e-01,1.250363737344741821e-01,1.062410354614257812e+00
2.950419485569000244e-01,6.257486343383789062e-01,1.125660181045532227e+00
2.976242005825042725e-01,-1.193002834916114807e-01,1.151318192481994629e+00
-7.233247756958007812e-01,-8.010568022727966309e-01,3.126422166824340820e-01
-4.966348111629486084e-01,-6.730135083198547363e-01,1.181362986564636230e+00
6.559634208679199219e-02,-3.803130984306335449e-01,6.538329720497131348e-01
-1.387145929038524628e-02,5.105917453765869141e-01,1.063282489776611328e+00
5.229456424713134766e-01,8.022913932800292969e-01,1.661471575498580933e-01
1.583062708377838135e-01,3.713278770446777344e-01,1.103294372558593750e+00
2.705411911010742188e-01,4.775689542293548584e-01,2.062921077013015747e-01
4.391958415508270264e-01,3.900258243083953857e-01,4.437389373779296875e-01
-1.799473762512207031e-01,-3.193871080875396729e-01,2.403790205717086792e-01
-2.112641930580139160e-01,-1.050266996026039124e-01,1.372514724731445312e+00
-1.211466789245605469e-01,2.324051558971405029e-01,3.741378784179687500e-01
2.880387306213378906e-01,-8.741442114114761353e-02,7.270448207855224609e-01
-4.122111499309539795e-01,-7.424197793006896973e-01,1.176562190055847168e+00
5.735599994659423828e-01,7.240634560585021973e-01,2.711071670055389404e-01
-6.431736946105957031e-01,-4.221004247665405273e-01,4.461637735366821289e-01
3.743695020675659180e-01,1.853331774473190308e-01,1.088696837425231934e+00
4.154388904571533203e-01,1.667865365743637085e-01,3.940402269363403320e-01
-3.136551007628440857e-02,-2.793833911418914795e-01,1.280906677246093750e+00
-2.514236271381378174e-01,-4.947889149188995361e-01,1.123217225074768066e+00
1.327331550419330597e-02,-1.543104052543640137e-01,1.899349689483642578e-01
6.742474436759948730e-01,2.027616798877716064e-01,1.191888809204101562e+00
3.751109242439270020e-01,6.198621913790702820e-02,1.076930880546569824e+00
1.160031110048294067e-01,-2.107030749320983887e-01,1.374265074729919434e+00
-1.475579738616943359e-01,1.681443601846694946e-01,1.265990614891052246e+00
-6.811550855636596680e-01,-7.785663604736328125e-01,1.587626934051513672e-01
3.285220265388488770e-01,4.552611585495469626e-07,1.090517044067382812e+00
-2.713665962219238281e-01,-5.450391769409179688e-02,2.939874231815338135e-01
-4.299780130386352539e-01,-8.472279459238052368e-02,3.715524673461914062e-01
1.131236255168914795e-01,7.153390049934387207e-01,1.243072748184204102e+00
-2.394862323999404907e-01,-2.185796052217483521e-01,1.313490509986877441e+00
3.908459246158599854e-01,2.432893663644790649e-01,1.122832894325256348e+00
-4.679778963327407837e-02,-5.181447044014930725e-02,1.392578125000000000e+00
2.198954671621322632e-01,5.444952845573425293e-01,1.175320148468017578e+00
1.548528969287872314e-01,-5.141641944646835327e-02,1.910543441772460938e-01
2.915725670754909515e-02,3.069296181201934814e-01,1.111395955085754395e+00
4.836006164550781250e-01,4.926475882530212402e-01,2.171792536973953247e-01
-2.449581623077392578e-01,4.438953474164009094e-02,7.383065819740295410e-01
-1.756286621093750000e-02,3.377779424190521240e-01,3.888128697872161865e-01
-5.110075473785400391e-01,-3.634465634822845459e-01,3.258416652679443359e-01
3.268905580043792725e-01,3.423008024692535400e-01,1.251559615135192871e+00
-1.787266731262207031e-01,2.277569919824600220e-01,6.254397630691528320e-01
5.503341555595397949e-01,5.067039728164672852e-01,1.078027486801147461e+00
-3.694721758365631104e-01,-6.048452854156494141e-01,7.051604986190795898e-02
-7.303787022829055786e-02,1.170256584882736206e-01,1.186566352844238281e+00
4.375984072685241699e-01,2.907887101173400879e-01,1.210710763931274414e+00
1.127038300037384033e-01,-2.032732963562011719e-01,6.184890866279602051e-01
3.108981251716613770e-01,5.381315946578979492e-02,3.398885726928710938e-01
1.041899174451828003e-01,4.145557880401611328e-01,3.060742020606994629e-01
-3.242538273334503174e-01,-2.382874637842178345e-01,1.161434769630432129e+00
-3.221212625503540039e-01,-3.538513481616973877e-01,1.192563176155090332e+00
4.606609344482421875e-01,8.185052871704101562e-02,6.807668805122375488e-01
-2.417631149291992188e-01,-4.444122314453125000e-02,4.196999967098236084e-01
2.072367668151855469e-01,-1.465048789978027344e-01,7.666050791740417480e-01
-1.567447483539581299e-01,2.231566905975341797e-01,4.864401221275329590e-01
-2.265677452087402344e-01,4.468601942062377930e-02,6.129199266433715820e-01
-4.495518505573272705e-01,-6.119807958602905273e-01,1.166895151138305664e+00
5.922642350196838379e-01,8.247253894805908203e-01,5.508358478546142578e-01
-1.299942005425691605e-02,2.412417232990264893e-01,1.138641715049743652e+00
1.125521808862686157e-01,-2.070350646972656250e-01,3.936340212821960449e-01
-1.175949051976203918e-01,-1.543184220790863037e-01,1.408584952354431152e+00
6.034988164901733398e-01,3.565161824226379395e-01,1.178944587707519531e+00
-1.177607700228691101e-01,-5.158333107829093933e-02,1.399741411209106445e+00
4.179906845092773438e-01,6.807144284248352051e-01,5.282589793205261230e-01
3.157348632812500000e-01,1.440048208678490482e-06,4.388778507709503174e-01
-3.697327971458435059e-01,-1.510137319564819336e-01,1.220080852508544922e-01
-2.223298549652099609e-01,1.343551576137542725e-01,4.230962991714477539e-01
-3.686263561248779297e-01,-1.085807606577873230e-01,2.334289439022541046e-02
-2.567186057567596436e-01,-1.086630970239639282e-01,1.316159129142761230e+00
3.617327809333801270e-01,4.526041746139526367e-01,9.956455230712890625e-02
3.921102881431579590e-01,-6.117780879139900208e-02,1.102009177207946777e+00
-5.139036178588867188e-01,-5.484203696250915527e-01,1.162166833877563477e+00
-1.974810808897018433e-01,-3.543772101402282715e-01,1.189876079559326172e+00
4.970564246177673340e-01,3.603931665420532227e-01,1.159141778945922852e+00
5.988405942916870117e-01,8.005700111389160156e-01,1.169305369257926941e-01
3.660187721252441406e-01,3.413763046264648438e-01,2.546307444572448730e-01
-6.493559479713439941e-02,-3.134193420410156250e-01,6.566078066825866699e-01
-6.578227877616882324e-02,2.784337997436523438e-01,3.526525795459747314e-01
-4.549052715301513672e-01,-1.231056749820709229e-01,4.748125970363616943e-01
-5.276536941528320312e-02,-2.960172891616821289e-01,2.597747743129730225e-01
-6.159364432096481323e-02,-4.516997337341308594e-01,4.167693853378295898e-01
-6.278941631317138672e-01,-4.248370528221130371e-01,3.666409254074096680e-01
5.891717672348022461e-01,3.762024641036987305e-01,1.078389048576354980e+00
-1.467502415180206299e-01,-4.002251625061035156e-01,6.057212948799133301e-01
