3.71260858 10.25755501 0.06229093 0.97892237 0.99141067 0.03916911
3.64409447 10.26936436 0.06207078 0.96085691 0.99255204 0.03903068
3.78527188 10.33882141 0.44862127 0.99808186 0.99926519 0.28209722
3.68650079 10.18077183 -0.29854292 0.97203839 0.98398942 -0.18772656
3.55663133 10.22591114 0.06078660 0.93779504 0.98835224 0.03822318
3.69472504 10.29092503 0.44457737 0.97420692 0.99463594 0.27955437
3.66172504 10.31499577 -0.30029386 0.96550566 0.99696237 -0.18882756
3.47563243 10.19881248 0.05983264 0.91643763 0.98573309 0.03762332
3.60954738 10.25549793 0.44127840 0.95174772 0.99121183 0.27747995
3.57723331 10.28110123 -0.29940355 0.94322729 0.99368644 -0.18826772
3.38756037 10.14832592 0.05843838 0.89321524 0.98085344 0.03674660
3.52431369 10.21751881 0.43787301 0.92927366 0.98754108 0.27533859
3.34195185 10.14515972 0.79679298 0.88118941 0.98054743 0.50103080
3.48946214 10.23519039 -0.29833519 0.92008418 0.98924905 -0.18759593
3.45440793 10.16967678 0.43425477 0.91084129 0.98291707 0.27306342
3.42473817 10.20219803 -0.29756358 0.90301812 0.98606032 -0.18711074
3.70216179 10.27134514 0.00110064 0.97616780 0.99274349 0.00069209
3.37665105 10.14946270 0.43191355 0.89033872 0.98096335 0.27159125
3.61477947 10.23033619 0.00023526 0.95312726 0.98877990 0.00014793
3.32342744 10.13761902 1.16319001 0.87630498 0.97981864 0.73142463
3.76748013 10.29405785 0.38454500 0.99339062 0.99493873 0.24180546
3.53003359 10.19430256 -0.00055376 0.93078190 0.98529720 -0.00034821
3.69119596 10.28558254 0.38292608 0.97327638 0.99411958 0.24078746
3.44911408 10.16707325 -0.00121552 0.90944541 0.98266542 -0.00076433
3.60716963 10.25395679 0.38016436 0.95112073 0.99106288 0.23905087
3.36233544 10.12026501 -0.00213180 0.88656408 0.97814131 -0.00134050
3.52041411 10.21224594 0.37692648 0.92824548 0.98703146 0.23701486
3.45610809 10.18145943 0.37454569 0.91128957 0.98405588 0.23551780
3.74321055 10.31684494 -0.03934558 0.98699135 0.99714112 -0.02474086
3.35214353 10.11870766 1.10203767 0.88387668 0.97799081 0.69297147
3.37178588 10.14234924 0.37149829 0.88905591 0.98027581 0.23360157
3.64964247 10.25908470 -0.04011744 0.96231979 0.99155849 -0.02522622
3.56873775 10.23457241 -0.04056620 0.94098723 0.98918933 -0.02550840
3.70318151 10.27134514 0.33175990 0.97643667 0.99274349 0.20861369
3.48056936 10.18672562 -0.04123036 0.91773939 0.98456484 -0.02592603
3.63790965 10.29252529 0.33167395 0.95922613 0.99479061 0.20855965
3.40071750 10.16095066 -0.04167912 0.89668447 0.98207366 -0.02620822
3.54649758 10.23771763 0.32814941 0.93512303 0.98949331 0.20634338
3.34423327 10.12852764 0.68140250 0.88179100 0.97893995 0.42847222
3.33094859 10.15859318 1.42192459 0.87828815 0.98184580 0.89411938
3.48345733 10.21079254 0.32617223 0.91850090 0.98689097 0.20510012
3.71932244 10.28603077 -0.11274538 0.98069263 0.99416286 -0.07089534
3.39593387 10.16231346 0.32299158 0.89542311 0.98220539 0.20310010
3.64454412 10.28094006 -0.11281423 0.96097547 0.99367088 -0.07093863
3.34133029 10.12526512 1.06044686 0.88102555 0.97862458 0.66681880
3.78773260 10.31890774 0.26442966 0.99873072 0.99734050 0.16627581
3.55479908 10.23189259 -0.11298863 0.93731195 0.98893034 -0.07104830
3.69016409 10.25229740 0.26091790 0.97300428 0.99090248 0.16406760
3.46840739 10.18969440 -0.11314468 0.91453260 0.98485178 -0.07114642
3.61898899 10.25644493 0.26018628 0.95423722 0.99130338 0.16360755
3.38141489 10.14302540 -0.11330991 0.89159483 0.98034114 -0.07125032
3.37694240 10.09413910 1.36129522 0.89041555 0.97561622 0.85599506
3.54686809 10.20546532 0.25755250 0.93522072 0.98637611 0.16195141
3.35451365 10.11499405 0.61452001 0.88450164 0.97763187 0.38641587
3.46971941 10.18973446 0.25608927 0.91487855 0.98485565 0.16103131
3.79254651 10.34642410 -0.17448740 1.00000000 1.00000000 -0.10971929
3.38591361 10.15259552 0.25382125 0.89278102 0.98126614 0.15960516
3.70592642 10.30978203 -0.17427459 0.97716045 0.99645847 -0.10958548
3.33609271 10.12979603 0.98777515 0.87964451 0.97906250 0.62112218
3.62123966 10.27623749 -0.17407508 0.95483065 0.99321634 -0.10946003
3.73128271 10.28286457 0.20959927 0.98384625 0.99385685 0.13179797
3.32975316 10.10087299 1.59030735 0.87797290 0.97626704 1.00000000
3.53712177 10.24203777 -0.17387559 0.93265086 0.98991090 -0.10933458
3.65460253 10.27218342 0.20845617 0.96362764 0.99282449 0.13107917
3.46512341 10.18848896 -0.17362952 0.91366667 0.98473531 -0.10917985
3.57393098 10.19679260 0.20534441 0.94235653 0.98553783 0.12912247
3.38923264 10.14552116 0.56017089 0.89365619 0.98058236 0.35224065
3.34644198 10.14892101 1.30696404 0.88237333 0.98091096 0.82183111
3.49752259 10.18310261 0.20413782 0.92220956 0.98421466 0.12836374
3.77406859 10.30886745 -0.22525500 0.99512786 0.99637008 -0.14164244
3.41382170 10.14610672 0.20216915 0.90013969 0.98063898 0.12712583
3.68884540 10.27594471 -0.22477730 0.97265661 0.99318802 -0.14134204
3.35120010 10.10788250 0.93358165 0.88362795 0.97694457 0.58704478
3.59756279 10.20713902 0.50668824 0.94858766 0.98653787 0.31861025
3.60351849 10.24047565 -0.22428368 0.95015800 0.98975992 -0.14103165
3.71248603 10.27604294 0.13514936 0.97889006 0.99319756 0.08498317
3.51435375 10.17485237 0.50323886 0.92664748 0.98341727 0.31644127
3.51485038 10.19300461 -0.22369452 0.92677844 0.98517174 -0.14066118
3.62838721 10.24454689 0.13370042 0.95671529 0.99015337 0.08407206
3.43426704 10.14948559 0.50026530 0.90553063 0.98096555 0.31457147
3.45125914 10.16403484 -0.22331236 0.91001105 0.98237175 -0.14042088
3.56351709 10.21436787 0.13245133 0.93961066 0.98723656 0.08328662
3.37878585 10.14284134 0.49883798 0.89090163 0.98032337 0.31367394
3.47520804 10.16660118 0.13060267 0.91632575 0.98261982 0.08212417
3.39402461 10.13707829 0.12925366 0.89491969 0.97976637 0.08127590
3.35079861 10.12432480 0.85306585 0.88352209 0.97853369 0.53641570
