2.489781081676483154e-01,1.161862239241600037e-01,1.199557185173034668e+00
-8.068234324455261230e-01,5.553803443908691406e-01,1.009948253631591797e-01
7.482106685638427734e-01,-6.719473004341125488e-01,1.205422952771186829e-01
-7.355594635009765625e-01,7.414188981056213379e-01,1.139733314514160156e+00
-1.586937308311462402e-01,-1.886267662048339844e-01,3.330804407596588135e-01
2.865959107875823975e-01,-7.238238453865051270e-01,1.222236156463623047e+00
-2.835869789123535156e-02,4.921583533287048340e-01,-1.274993829429149628e-02
7.896642088890075684e-01,-3.186068534851074219e-01,7.935274839401245117e-01
-6.955864429473876953e-01,1.475803852081298828e-01,7.122964262962341309e-01
-1.018004417419433594e-01,4.020085334777832031e-01,6.548663377761840820e-01
2.558653354644775391e-01,-5.656044483184814453e-01,5.980761647224426270e-01
4.056290388107299805e-01,5.647993087768554688e-02,5.196844339370727539e-01
-3.393293619155883789e-01,2.921100556850433350e-01,1.202581882476806641e+00
-1.181603968143463135e-01,-3.267693519592285156e-01,1.047684192657470703e+00
7.246069312095642090e-01,-5.646764487028121948e-02,1.248126983642578125e+00
-3.943023979663848877e-01,2.473840713500976562e-01,2.405889779329299927e-01
-6.845114231109619141e-01,6.367967128753662109e-01,6.011394858360290527e-01
4.629168510437011719e-01,-2.795558869838714600e-01,1.396337896585464478e-01
5.644790455698966980e-02,-1.455998718738555908e-01,1.498492360115051270e+00
3.483547866344451904e-01,-3.045612573623657227e-01,1.125969767570495605e+00
1.157089173793792725e-01,1.287271976470947266e-01,2.113445997238159180e-01
-3.186800479888916016e-01,6.497143507003784180e-01,3.620608448982238770e-01
7.179378271102905273e-01,-6.629638671875000000e-01,5.402292013168334961e-01
-2.957642078399658203e-01,-1.308033019304275513e-01,7.254446148872375488e-01
-4.501974582672119141e-01,5.607143044471740723e-01,9.366065859794616699e-01
5.577479600906372070e-01,-6.018722653388977051e-01,9.830420017242431641e-01
-8.876444697380065918e-01,4.804065227508544922e-01,8.775939941406250000e-01
4.114393591880798340e-01,6.103515488575794734e-07,8.895955085754394531e-01
6.298098564147949219e-01,-3.071885704994201660e-01,4.728228747844696045e-01
-4.765380918979644775e-02,2.105000764131546021e-01,1.375822067260742188e+00
1.679232120513916016e-01,-3.587852418422698975e-01,3.056491017341613770e-01
-2.520854175090789795e-01,-1.067019551992416382e-01,1.346548914909362793e+00
-5.417537689208984375e-02,-3.336315751075744629e-01,6.207211017608642578e-01
-3.662817478179931641e-01,2.126161456108093262e-01,7.079989314079284668e-01
-7.568526268005371094e-02,3.986231982707977295e-01,2.973309159278869629e-01
4.950658380985260010e-01,-5.750143527984619141e-01,3.206106424331665039e-01
-4.392869472503662109e-01,-4.125869646668434143e-02,3.896444737911224365e-01
-3.244194090366363525e-01,5.414334509623586200e-07,1.015819191932678223e+00
1.236242651939392090e-01,-5.284792184829711914e-01,9.954326152801513672e-01
-7.152121067047119141e-01,4.091998338699340820e-01,3.795077502727508545e-01
2.046378999948501587e-01,1.822950839996337891e-01,7.235344052314758301e-01
-4.738305807113647461e-01,4.718692302703857422e-01,4.632232710719108582e-02
6.498770117759704590e-01,-3.088591396808624268e-01,1.099519491195678711e+00
-8.158476948738098145e-01,7.396106719970703125e-01,3.384155333042144775e-01
-6.865290403366088867e-01,8.161139488220214844e-01,8.395028114318847656e-01
-5.283176898956298828e-01,1.990969032049179077e-01,9.467582702636718750e-01
-3.494431972503662109e-01,5.443399548530578613e-01,6.713229417800903320e-01
-1.634783893823623657e-01,5.134162306785583496e-02,1.865222454071044922e-01
-2.246501147747039795e-01,4.031322300434112549e-01,9.408416748046875000e-01
2.833294868469238281e-01,-8.756635338068008423e-02,1.999063044786453247e-01
-3.267516940832138062e-02,-1.168437004089355469e-01,1.189473271369934082e+00
2.226844802498817444e-02,2.357275485992431641e-01,4.834848046302795410e-01
9.029618501663208008e-01,-6.190857887268066406e-01,3.298577666282653809e-01
3.101664781570434570e-01,-6.426895856857299805e-01,8.462600708007812500e-01
-5.802917480468750000e-01,3.533298671245574951e-01,5.974810719490051270e-01
6.407268643379211426e-01,-1.384794712066650391e-01,6.706689596176147461e-01
6.315457224845886230e-01,-4.419314563274383545e-01,2.647829055786132812e-02
4.962586164474487305e-01,-5.691704750061035156e-01,6.647740006446838379e-01
3.606022298336029053e-01,-3.832306861877441406e-01,4.619959890842437744e-01
7.033116817474365234e-01,-4.496336579322814941e-01,2.768273949623107910e-01
4.857574403285980225e-02,-1.540104001760482788e-01,1.838693618774414062e-01
-5.185177326202392578e-01,6.127961277961730957e-01,1.164458632469177246e+00
-4.738304913043975830e-01,4.718692302703857422e-01,3.042538464069366455e-01
4.927477836608886719e-01,-1.146073490381240845e-01,1.224041581153869629e+00
-2.332196235656738281e-01,-4.457904770970344543e-02,5.156353712081909180e-01
1.145433038473129272e-01,-3.081152737140655518e-01,1.104108572006225586e+00
4.457058608531951904e-01,-1.699250340461730957e-01,5.130224227905273438e-01
-6.974575519561767578e-01,6.008984446525573730e-01,9.152578711509704590e-01
8.246994018554687500e-02,-4.501074850559234619e-01,7.611315846443176270e-01
6.128908991813659668e-01,-1.311746388673782349e-01,9.673113822937011719e-01
3.485011160373687744e-01,-5.792198777198791504e-01,1.058956742286682129e+00
7.033114433288574219e-01,-4.496334791183471680e-01,6.270788311958312988e-01
-4.717605113983154297e-01,2.041009664535522461e-01,4.436257779598236084e-01
-8.871901035308837891e-01,5.935792326927185059e-01,4.849389493465423584e-01
-8.625911474227905273e-01,4.636338949203491211e-01,1.093681812286376953e+00
4.607931375503540039e-01,6.149556487798690796e-02,1.092142105102539062e+00
-2.744004726409912109e-01,1.080780476331710815e-01,1.325197935104370117e+00
1.028423085808753967e-01,-4.479856491088867188e-01,5.052815079689025879e-01
-2.351879775524139404e-01,3.527240753173828125e-01,4.952422976493835449e-01
2.391493171453475952e-01,-1.215303987264633179e-01,1.116781234741210938e+00
2.066902071237564087e-01,1.540341377258300781e-01,4.018343985080718994e-01
-1.931023299694061279e-01,4.209322929382324219e-01,9.969726204872131348e-02
-6.528183072805404663e-02,4.046749211283895420e-07,1.376087069511413574e+00
-8.600380420684814453e-01,6.273208856582641602e-01,7.287240624427795410e-01
-5.143024921417236328e-01,3.687696456909179688e-01,1.116359710693359375e+00
-4.092054367065429688e-01,4.174336791038513184e-02,6.027477979660034180e-01
-6.926231384277343750e-01,3.186581432819366455e-01,9.472782611846923828e-01
-6.163254380226135254e-01,5.834186077117919922e-01,4.077596962451934814e-01
-6.367798447608947754e-01,3.975505828857421875e-01,1.389315724372863770e-01
2.564369142055511475e-01,-4.737170040607452393e-01,1.203151702880859375e+00
-4.498047828674316406e-01,6.000595092773437500e-01,5.112338066101074219e-01
-2.145977765321731567e-01,-2.331790626049041748e-01,1.200842022895812988e+00
2.212383225560188293e-02,2.536365985870361328e-01,7.359101772308349609e-01
-1.259317398071289062e-01,-2.320191860198974609e-01,7.726100087165832520e-01
4.453768730163574219e-01,-2.477143257856369019e-01,3.324767947196960449e-01
4.977052211761474609e-01,-4.200587868690490723e-01,1.169320702552795410e+00
-2.021963447332382202e-01,2.606804072856903076e-01,2.291047573089599609e-01
-5.461782217025756836e-01,5.285050868988037109e-01,6.782134771347045898e-01
6.743972748517990112e-02,5.806425958871841431e-02,1.198735833168029785e+00
7.179372310638427734e-01,-6.629633903503417969e-01,3.167013525962829590e-01
-6.163251996040344238e-01,5.834183692932128906e-01,1.002359017729759216e-01
-2.451983541250228882e-01,4.817131757736206055e-01,2.989115715026855469e-01
3.766207695007324219e-01,8.455940335988998413e-02,7.032977342605590820e-01
-8.164465427398681641e-01,5.381990075111389160e-01,2.913213968276977539e-01
2.165476791560649872e-02,-3.119034767150878906e-01,4.089880287647247314e-01
1.227250620722770691e-01,2.229125946760177612e-01,1.280059337615966797e+00
4.223410785198211670e-01,-6.479454040527343750e-02,3.659536540508270264e-01
-1.567244529724121094e-01,-2.235293388366699219e-01,5.181974768638610840e-01
7.543089389801025391e-01,-4.396496415138244629e-01,4.527050554752349854e-01
2.160142511129379272e-01,-3.323387205600738525e-01,9.550554752349853516e-01
7.407665848731994629e-01,-1.131112575531005859e-01,8.195499777793884277e-01
-3.203272819519042969e-01,4.381586015224456787e-01,1.090443730354309082e+00
-2.839324474334716797e-01,4.376158490777015686e-02,3.213189542293548584e-01
-1.360599994659423828e-01,3.040940165519714355e-01,8.069337010383605957e-01
3.566844463348388672e-01,-3.801636099815368652e-01,2.484515309333801270e-01
5.179082155227661133e-01,-4.631235599517822266e-01,1.616024672985076904e-01
5.176254510879516602e-01,-3.067612648010253906e-02,7.512125968933105469e-01
-7.420339584350585938e-01,4.799465835094451904e-01,5.369821190834045410e-01
5.620718002319335938e-01,-6.379567384719848633e-01,4.687705934047698975e-01
-1.865350306034088135e-01,2.794786691665649414e-01,1.280314207077026367e+00
-3.769827187061309814e-01,1.047341823577880859e-01,8.380215167999267578e-01
-7.713048458099365234e-01,7.043518424034118652e-01,1.719045937061309814e-01
-2.343940734863281250e-01,5.256428122520446777e-01,4.614544510841369629e-01
-5.580472946166992188e-01,2.765653729438781738e-01,3.183514475822448730e-01
-3.990197777748107910e-01,4.133050441741943359e-01,5.783383250236511230e-01
-5.086244344711303711e-01,2.972264289855957031e-01,9.707397222518920898e-02
1.402159035205841064e-01,3.591736685848445632e-07,1.493588447570800781e+00
7.797265052795410156e-01,-5.094535946846008301e-01,9.155608713626861572e-02
8.188476786017417908e-03,-4.406612217426300049e-01,1.079530477523803711e+00
8.522508144378662109e-01,-5.662277340888977051e-01,5.166800022125244141e-01
2.618878185749053955e-01,-2.572780549526214600e-01,1.869392395019531250e-01
5.715673565864562988e-01,-3.465001583099365234e-01,2.875454723834991455e-01
5.304704308509826660e-01,-6.776686906814575195e-01,7.838096618652343750e-01
2.229010500013828278e-02,2.330002784729003906e-01,2.962594628334045410e-01
4.237153828144073486e-01,-5.191590785980224609e-01,5.269443988800048828e-01
6.591448783874511719e-01,-4.532634019851684570e-01,1.024612069129943848e+00
-3.745767176151275635e-01,1.219311282038688660e-01,1.110533356666564941e+00
6.298091411590576172e-01,-3.071881532669067383e-01,6.404027938842773438e-01
5.460772514343261719e-01,6.374944746494293213e-02,9.565665721893310547e-01
2.037755101919174194e-01,1.941633224487304688e-01,5.565481185913085938e-01
2.705355882644653320e-01,5.321026593446731567e-02,3.023922443389892578e-01
3.929755985736846924e-01,-1.225616112351417542e-01,1.100785851478576660e+00
2.891123890876770020e-01,-4.685373604297637939e-01,9.580459594726562500e-01
-6.666984409093856812e-02,2.416706085205078125e-01,6.096815466880798340e-01
-4.939523339271545410e-01,2.021098136901855469e-01,7.916303873062133789e-01
5.193077325820922852e-01,-4.052209854125976562e-02,5.394857525825500488e-01
-3.990198373794555664e-01,4.133050441741943359e-01,1.633557081222534180e-01
-4.980412125587463379e-01,2.286205291748046875e-01,6.087443232536315918e-01
-6.268416643142700195e-01,5.421879291534423828e-01,2.431723028421401978e-01
-5.750305205583572388e-02,1.542641669511795044e-01,1.890163421630859375e-01
6.587677001953125000e-01,-1.754410862922668457e-01,1.190714001655578613e+00
-5.730102583765983582e-02,-5.125812813639640808e-02,1.816351413726806641e-01
-7.509520053863525391e-01,6.888084411621093750e-01,4.807594120502471924e-01
-9.832119941711425781e-02,4.015576839447021484e-01,4.753295779228210449e-01
-6.098043918609619141e-02,4.770700931549072266e-01,1.294555664062500000e-01
-3.091406822204589844e-02,-2.396897226572036743e-01,2.855712771415710449e-01
6.607638597488403320e-01,-5.731444358825683594e-01,2.130319178104400635e-01
-3.214676380157470703e-01,4.315710067749023438e-02,7.178042531013488770e-01
-8.127909153699874878e-02,3.627169132232666016e-01,2.329681254923343658e-02
4.060986340045928955e-01,-2.272325009107589722e-01,1.246725797653198242e+00
6.584293246269226074e-01,-5.817179679870605469e-01,4.513671621680259705e-02
6.456890106201171875e-01,-6.285116672515869141e-01,6.585708260536193848e-01
-4.561706483364105225e-01,4.999155998229980469e-01,1.103779077529907227e+00
-6.499975323677062988e-01,4.680736064910888672e-01,9.036629796028137207e-01
3.945309221744537354e-01,-4.936417043209075928e-01,3.805990219116210938e-01
3.250340223312377930e-01,4.291534310141287278e-07,1.110793232917785645e+00
-1.952595710754394531e-01,-1.356650292873382568e-01,6.204835176467895508e-01
-1.527651995420455933e-01,1.026158109307289124e-01,1.409845709800720215e+00
-7.692241668701171875e-01,7.379192709922790527e-01,7.598313689231872559e-01
-3.725695610046386719e-02,-3.355477750301361084e-01,7.989401221275329590e-01
-4.785537719726562500e-01,3.681857287883758545e-01,4.748347401618957520e-01
8.522508144378662109e-01,-5.662277340888977051e-01,2.129394412040710449e-01
-4.556440711021423340e-01,2.396893650293350220e-01,1.150607705116271973e+00
1.820130944252014160e-01,-4.373469352722167969e-01,1.093978047370910645e+00
-3.804566860198974609e-01,1.267068982124328613e-01,3.693246245384216309e-01
1.542578041553497314e-01,-5.121880769729614258e-02,1.787860393524169922e-01
3.222183287143707275e-01,-5.930776596069335938e-01,1.223518729209899902e+00
1.210897788405418396e-01,-2.604070901870727539e-01,2.257032394409179688e-01
2.829376459121704102e-01,-3.080358505249023438e-01,3.811801075935363770e-01
7.835825681686401367e-01,-7.143523693084716797e-01,4.225973486900329590e-01
-2.282134145498275757e-01,4.312272071838378906e-01,6.910113096237182617e-01
1.928477436304092407e-01,4.386901650832442101e-07,1.150473356246948242e+00
-1.250477582216262817e-01,-1.094935983419418335e-01,1.303311824798583984e+00
2.686165869235992432e-01,-4.442851543426513672e-01,5.380468368530273438e-01
5.715665817260742188e-01,-3.464994430541992188e-01,9.878295660018920898e-02
7.769775111228227615e-03,-2.403103262186050415e-01,1.145821571350097656e+00
-3.162080347537994385e-01,3.711807429790496826e-01,2.773313522338867188e-01
-4.425346255302429199e-01,6.022540330886840820e-01,3.627009391784667969e-01
5.286903381347656250e-01,-2.352546602487564087e-01,1.184827804565429688e+00
2.532684244215488434e-02,1.070310249924659729e-01,1.341470122337341309e+00
3.274670243263244629e-01,-3.429040014743804932e-01,1.248479366302490234e+00
-3.550800681114196777e-01,-7.564377784729003906e-02,6.167796254158020020e-01
5.418822765350341797e-01,-2.383561581373214722e-01,5.744889974594116211e-01
3.778094351291656494e-01,-1.580643057823181152e-01,2.677857875823974609e-01
-3.620195388793945312e-01,-1.849055290222167969e-02,4.910577237606048584e-01
-4.954371154308319092e-01,3.565871715545654297e-01,2.277896106243133545e-01
3.185308873653411865e-01,5.513397231698036194e-02,4.218854904174804688e-01
-2.831013202667236328e-01,1.314159333705902100e-01,6.327433586120605469e-01
-6.663534045219421387e-02,2.430982589721679688e-01,3.883502185344696045e-01
-3.016691207885742188e-01,1.305176466703414917e-01,2.288098037242889404e-01
7.497701644897460938e-01,-5.593404769897460938e-01,6.841357350349426270e-01
-1.423092037439346313e-01,4.788897037506103516e-01,3.841790556907653809e-01
-7.192366123199462891e-01,4.847923815250396729e-01,4.199249297380447388e-02
6.837970614433288574e-01,-3.494515419006347656e-01,3.660070598125457764e-01
-6.982059478759765625e-01,7.252879142761230469e-01,9.260540604591369629e-01
-2.227438241243362427e-01,4.248500999892712571e-07,1.418310761451721191e+00
1.121452897787094116e-01,2.171497344970703125e-01,6.478715538978576660e-01
2.443464547395706177e-01,-2.478285729885101318e-01,1.087817430496215820e+00
-6.548524647951126099e-02,2.906935214996337891e-01,2.295391857624053955e-01
1.321380585432052612e-02,5.122669041156768799e-02,1.787319183349609375e-01
3.025419116020202637e-01,1.215064525604248047e-01,5.725970268249511719e-01
3.922854661941528320e-01,-4.843193590641021729e-01,1.162936329841613770e+00
-3.773310184478759766e-01,1.268581598997116089e-01,5.194563269615173340e-01
-6.054191589355468750e-01,4.421741366386413574e-01,2.813839912414550781e-02
-2.210896015167236328e-01,-4.477439820766448975e-02,2.353979498147964478e-01
1.264039576053619385e-01,-4.072448909282684326e-01,9.198362827301025391e-01
1.014460325241088867e-01,-4.826266765594482422e-01,6.452401876449584961e-01
5.102953910827636719e-01,-5.004150867462158203e-01,4.594421386718750000e-02
5.158404707908630371e-01,-2.779991626739501953e-01,4.436202049255371094e-01
-8.871901035308837891e-01,5.935792326927185059e-01,2.103961110115051270e-01
-7.420339584350585938e-01,4.799467027187347412e-01,1.697763055562973022e-01
4.299838542938232422e-01,-3.884655237197875977e-01,1.004400625824928284e-01
-6.246581077575683594e-01,3.328759670257568359e-01,4.011029005050659180e-01
-6.634931564331054688e-01,4.184624254703521729e-01,2.541393935680389404e-01
-1.432574540376663208e-01,4.620907306671142578e-01,2.152972370386123657e-01
-9.399383515119552612e-02,-1.560701727867126465e-01,2.264797687530517578e-01
-4.675681591033935547e-01,4.080301523208618164e-02,4.719601273536682129e-01
1.861446350812911987e-01,-4.369282722473144531e-01,4.201669096946716309e-01
7.797265052795410156e-01,-5.094537138938903809e-01,3.465771377086639404e-01
7.835824489593505859e-01,-7.143523693084716797e-01,2.316436767578125000e-01
-8.006808757781982422e-01,6.178835034370422363e-01,5.850677490234375000e-01
3.845168948173522949e-01,-5.328631997108459473e-01,6.491997241973876953e-01
2.325103618204593658e-02,3.637757970409438713e-07,1.476704955101013184e+00
-2.274180501699447632e-01,3.693813979625701904e-01,1.113235116004943848e+00
-6.023919582366943359e-01,2.140722274780273438e-01,6.846592426300048828e-01
7.136361598968505859e-01,-3.715723454952239990e-01,5.388314723968505859e-01
-1.791551113128662109e-01,4.120333790779113770e-01,8.210128545761108398e-01
1.119517907500267029e-01,2.219488620758056641e-01,3.915325701236724854e-01
-5.487366914749145508e-01,5.169262886047363281e-01,5.619187951087951660e-01
-7.875573039054870605e-01,5.637550354003906250e-01,4.317193627357482910e-01
5.815113186836242676e-01,-5.561649799346923828e-01,1.288604736328125000e-01
-6.845114827156066895e-01,6.367967128753662109e-01,2.083856165409088135e-01
4.497442841529846191e-01,-3.667609691619873047e-01,3.159902989864349365e-01
-3.593961596488952637e-01,6.701712608337402344e-01,4.935742020606994629e-01
-2.014789581298828125e-01,-1.353639364242553711e-01,4.262728691101074219e-01
-3.590194582939147949e-01,4.845113754272460938e-01,3.180830478668212891e-01
4.624525308609008789e-01,-5.756876468658447266e-01,1.070791840553283691e+00
-1.703267097473144531e-01,3.074170947074890137e-01,4.126083254814147949e-01
-7.945692539215087891e-01,5.954883098602294922e-01,8.565615415573120117e-01
3.037424087524414062e-01,-5.916907191276550293e-01,7.027226090431213379e-01
6.471484899520874023e-01,-1.699364185333251953e-01,7.904906868934631348e-01
-6.312622129917144775e-02,-2.820510566234588623e-01,4.938075542449951172e-01
-4.720628261566162109e-01,2.040764987468719482e-01,3.285330235958099365e-01
2.091796882450580597e-02,-4.033460617065429688e-01,5.737969875335693359e-01
6.506502628326416016e-01,-6.102890968322753906e-01,4.049420058727264404e-01
-6.634929180145263672e-01,4.184623658657073975e-01,6.360270380973815918e-01
5.428584218025207520e-01,-4.998209178447723389e-01,1.104137659072875977e+00
-8.871896266937255859e-01,5.935789942741394043e-01,3.588192760944366455e-01
-2.049461305141448975e-01,3.695303499698638916e-01,2.627682685852050781e-01
-2.824871838092803955e-01,2.220668941736221313e-01,1.286584854125976562e+00
-7.121183872222900391e-01,5.414862632751464844e-01,3.315652310848236084e-01
4.853298962116241455e-01,-6.176162511110305786e-02,1.083893775939941406e+00
3.683058023452758789e-01,5.340576194612367544e-07,9.926595687866210938e-01
1.428021192550659180e-01,1.122734397649765015e-01,1.260208129882812500e+00
3.019426763057708740e-01,1.272077560424804688e-01,7.740028500556945801e-01
7.033116817474365234e-01,-4.496336579322814941e-01,1.460668891668319702e-01
-1.535701751708984375e-01,3.057918846607208252e-01,5.541433691978454590e-01
3.958225250244140625e-01,-1.680542081594467163e-01,3.970312476158142090e-01
3.421015739440917969e-01,1.200724393129348755e-01,1.139330387115478516e+00
-1.578820794820785522e-01,2.116677612066268921e-01,1.366816043853759766e+00
-1.376094073057174683e-01,-3.001382350921630859e-01,1.153192043304443359e+00
-7.305970191955566406e-01,6.375730633735656738e-01,9.474273771047592163e-02
-1.995703130960464478e-01,1.544831395149230957e-01,1.936776638031005859e-01
-1.440905481576919556e-01,4.473290443420410156e-01,5.649569630622863770e-01
-2.694322764873504639e-01,3.271865844726562500e-02,4.287603795528411865e-01
-3.263346850872039795e-01,3.123939037322998047e-01,7.254315018653869629e-01
-1.469953060150146484e-01,-2.303188443183898926e-01,6.658245921134948730e-01
-1.427398771047592163e-01,4.712595939636230469e-01,1.754180900752544403e-02
1.894787549972534180e-01,-1.535098403692245483e-01,1.735036373138427734e-01
1.913339197635650635e-01,5.168921500444412231e-02,2.078840732574462891e-01
-1.189308166503906250e-01,3.024329841136932373e-01,6.924166679382324219e-01
-9.276011586189270020e-01,5.485512614250183105e-01,7.566435337066650391e-01
-6.635981053113937378e-02,-2.544970512390136719e-01,3.867443799972534180e-01
3.434988260269165039e-01,-5.307499691843986511e-02,2.940578460693359375e-01
-8.569431304931640625e-01,6.772865653038024902e-01,4.188104271888732910e-01
-2.648727595806121826e-01,-1.860308647155761719e-02,6.266839504241943359e-01
-3.589862883090972900e-01,-4.347324371337890625e-02,3.188659548759460449e-01
-4.273339807987213135e-01,5.836195349693298340e-01,1.044212937355041504e+00
-5.562392994761466980e-02,-3.672858774662017822e-01,1.123932957649230957e+00
2.021211236715316772e-01,-6.727932095527648926e-01,1.181959867477416992e+00
-1.090438850224018097e-02,-1.013934090733528137e-01,1.428902029991149902e+00
7.797269821166992188e-01,-5.094537734985351562e-01,5.834045410156250000e-01
-9.183273464441299438e-02,2.871732413768768311e-01,1.232956171035766602e+00
5.116839408874511719e-01,1.029968188959173858e-06,6.372753977775573730e-01
-5.413199663162231445e-01,5.504882335662841797e-01,3.249642848968505859e-01
6.225123405456542969e-01,-3.863815367221832275e-01,2.040096968412399292e-01
6.363567709922790527e-01,-1.888450533151626587e-01,1.052480340003967285e+00
2.639762759208679199e-01,-3.675154447555541992e-01,1.122762441635131836e+00
-4.126580655574798584e-01,3.587977886199951172e-01,1.167292714118957520e+00
8.692700862884521484e-01,-6.358228325843811035e-01,4.398959279060363770e-01
1.603683382272720337e-01,1.596865355968475342e-01,3.011944293975830078e-01
1.756776422262191772e-01,-9.796827286481857300e-02,1.481888294219970703e+00
1.809408515691757202e-01,-5.085804462432861328e-01,5.519750714302062988e-01
-4.738309383392333984e-01,4.718694686889648438e-01,6.284576058387756348e-01
-6.353961229324340820e-01,7.362523674964904785e-01,1.110893249511718750e+00
1.058733835816383362e-01,-3.727777004241943359e-01,4.000375270843505859e-01
-6.634929180145263672e-01,4.184623658657073975e-01,4.695924222469329834e-01
4.386733770370483398e-01,-3.491362631320953369e-01,1.216641902923583984e+00
-3.147744834423065186e-01,4.076001644134521484e-01,6.380574107170104980e-01
4.838073626160621643e-02,-5.114847049117088318e-02,1.735458374023437500e-01
4.060958623886108398e-01,5.308961868286132812e-02,7.970846295356750488e-01
2.095613442361354828e-02,-3.986229896545410156e-01,6.970599293708801270e-01
4.367502927780151367e-01,-4.428417682647705078e-01,2.197219729423522949e-01
5.661398768424987793e-01,-6.207678318023681641e-01,5.689094662666320801e-01
-4.257171154022216797e-01,4.147733002901077271e-02,3.335140943527221680e-01
-8.400008678436279297e-01,6.826409697532653809e-01,2.425350844860076904e-01
-6.636608242988586426e-01,5.409727096557617188e-01,5.481142997741699219e-01
-7.746855616569519043e-01,5.055072307586669922e-01,6.279028058052062988e-01
-2.906034886837005615e-01,6.066672801971435547e-01,4.492547512054443359e-01
8.152275085449218750e-01,-7.293852567672729492e-01,3.243603408336639404e-01
4.094634950160980225e-01,-2.600004076957702637e-01,2.206664085388183594e-01
-8.639800548553466797e-02,4.290344417095184326e-01,-6.184267997741699219e-02
4.950658679008483887e-01,-5.750145912170410156e-01,4.328762590885162354e-01
5.815114974975585938e-01,-5.561652183532714844e-01,2.689553797245025635e-01
7.143128514289855957e-01,-6.688734143972396851e-02,1.151329994201660156e+00
-4.918136596679687500e-01,2.840666472911834717e-01,5.285055637359619141e-01
1.121466532349586487e-01,2.171065807342529297e-01,7.462795972824096680e-01
1.117874532938003540e-01,2.260346412658691406e-01,5.492263436317443848e-01
3.113220073282718658e-02,-5.208200216293334961e-01,1.024490237236022949e+00
-6.161287426948547363e-01,2.873656749725341797e-01,8.961846828460693359e-01
-8.175765722990036011e-02,3.825411796569824219e-01,1.359902918338775635e-01
-7.509520649909973145e-01,6.888084411621093750e-01,2.874545156955718994e-01
3.010967075824737549e-01,1.352620124816894531e-01,6.700654625892639160e-01
4.767803847789764404e-01,-5.565965548157691956e-02,4.544808864593505859e-01
-5.461781024932861328e-01,5.285050868988037109e-01,4.426918029785156250e-01
3.498400449752807617e-01,-4.613273143768310547e-01,5.961263775825500488e-01
-8.164465427398681641e-01,5.381991863250732422e-01,5.231396555900573730e-01
-5.728601217269897461e-01,5.419642925262451172e-01,2.607560157775878906e-02
5.179527401924133301e-01,-1.317575424909591675e-01,9.582831859588623047e-01
-2.041776180267333984e-01,-1.352334171533584595e-01,5.215890407562255859e-01
-4.738305807113647461e-01,4.718692302703857422e-01,1.605383306741714478e-01
-3.762857913970947266e-01,-4.227377846837043762e-02,7.031130790710449219e-01
2.811367213726043701e-01,-3.251638412475585938e-01,2.879595756530761719e-01
-5.802917480468750000e-01,3.533299267292022705e-01,7.115295529365539551e-02
2.783505320549011230e-01,-3.516781330108642578e-01,4.962126016616821289e-01
-1.107875034213066101e-01,-1.713167577981948853e-01,1.233268976211547852e+00
-7.270702123641967773e-01,4.898667335510253906e-01,4.272775053977966309e-01
5.924122333526611328e-01,-7.760362327098846436e-02,6.169202923774719238e-01
6.218002364039421082e-02,2.135885804891586304e-01,1.351996660232543945e+00
2.230205573141574860e-02,2.315254211425781250e-01,5.796639919281005859e-01
7.197498679161071777e-01,-3.951899111270904541e-01,9.814007282257080078e-01
-6.163260340690612793e-01,5.834190845489501953e-01,6.387146115303039551e-01
-6.669425964355468750e-02,2.406964302062988281e-01,5.143249630928039551e-01
7.797267436981201172e-01,-5.094537138938903809e-01,1.929391473531723022e-01
5.367553234100341797e-01,-3.192482292652130127e-01,1.826791316270828247e-01
-4.468710124492645264e-01,2.553429305553436279e-01,1.629588603973388672e-01
-5.461781024932861328e-01,5.285050868988037109e-01,1.298382580280303955e-01
3.606022596359252930e-01,-3.832306861877441406e-01,3.421783447265625000e-01
-4.972564429044723511e-02,-5.505628138780593872e-02,1.292008519172668457e+00
5.834286212921142578e-01,-2.728726565837860107e-01,3.801195621490478516e-01
-3.865032792091369629e-01,1.578635126352310181e-01,2.636163234710693359e-01
-2.332279682159423828e-01,-4.457910358905792236e-02,3.273178040981292725e-01
-3.613087236881256104e-01,5.737978219985961914e-01,4.993126392364501953e-01
3.945178985595703125e-01,1.068115238922473509e-06,4.259973168373107910e-01
-3.910729885101318359e-01,6.368438899517059326e-02,1.024255752563476562e+00
-4.668395966291427612e-02,1.033215299248695374e-01,1.398904919624328613e+00
4.220576286315917969e-01,-6.585018336772918701e-02,9.570536613464355469e-01
-5.578026771545410156e-01,2.765928506851196289e-01,4.298690557479858398e-01
-4.945621490478515625e-01,4.487177133560180664e-01,5.329189896583557129e-01
5.663966536521911621e-01,-3.616595268249511719e-01,1.152673959732055664e+00
-8.164465427398681641e-01,5.381990671157836914e-01,1.904769837856292725e-01
-2.534184455871582031e-01,4.425352066755294800e-02,2.020284980535507202e-01
1.797215938568115234e-01,-5.253701210021972656e-01,6.648217439651489258e-01
5.102953910827636719e-01,-5.004150867462158203e-01,2.445770204067230225e-01
-7.138915061950683594e-01,7.270858883857727051e-01,8.362310528755187988e-01
7.096008211374282837e-02,-4.711575433611869812e-02,1.538352489471435547e+00
7.380233705043792725e-02,-3.789482414722442627e-01,1.064368844032287598e+00
-3.049653470516204834e-01,5.617404356598854065e-02,1.257256984710693359e+00
8.054955601692199707e-01,-6.504328250885009766e-01,5.200430154800415039e-01
5.815115571022033691e-01,-5.561652183532714844e-01,3.821932971477508545e-01
-2.826964855194091797e-01,2.193636894226074219e-01,2.308981269598007202e-01
3.981714248657226562e-01,8.386472612619400024e-02,6.055511236190795898e-01
2.119630761444568634e-02,-3.687891960144042969e-01,4.903219640254974365e-01
-3.147213757038116455e-01,4.080364704132080078e-01,5.466747879981994629e-01
-2.328477948904037476e-01,3.790555000305175781e-01,5.814263820648193359e-01
-3.871138095855712891e-01,2.109344005584716797e-01,4.884753227233886719e-01
-1.407108604907989502e-01,5.072052478790283203e-01,1.003494262695312500e-01
-3.990198671817779541e-01,4.133050441741943359e-01,2.802209556102752686e-01
8.477457761764526367e-01,-5.627009868621826172e-01,3.920919597148895264e-01
-1.393895149230957031e-01,4.068803191184997559e-01,7.363916039466857910e-01
3.087222278118133545e-01,-1.854629814624786377e-01,1.087369561195373535e+00
2.229771576821804047e-02,2.320654392242431641e-01,3.898028433322906494e-01
4.541071951389312744e-01,-1.815575510263442993e-01,1.127631902694702148e+00
-3.522076606750488281e-01,3.250531554222106934e-01,2.102063000202178955e-01
2.590547204017639160e-01,-5.211328268051147461e-01,1.023302316665649414e+00
-2.696197926998138428e-01,3.482651710510253906e-02,5.328796505928039551e-01
6.506503224372863770e-01,-6.102890968322753906e-01,2.929638624191284180e-01
3.497826159000396729e-01,-4.617452621459960938e-01,5.068953037261962891e-01
2.265681698918342590e-02,1.874914169311523438e-01,2.068576067686080933e-01
1.246626377105712891e-01,-4.562681019306182861e-01,8.461300730705261230e-01
8.273682594299316406e-01,-6.483265757560729980e-01,1.920355111360549927e-01
6.506504416465759277e-01,-6.102890968322753906e-01,5.185566544532775879e-01
-1.532517969608306885e-01,-5.149893090128898621e-02,1.402336120605468750e+00
-4.398754835128784180e-01,3.515176773071289062e-01,1.037399768829345703e-01
-2.085659503936767578e-01,-1.350212395191192627e-01,7.157413959503173828e-01
-3.911688625812530518e-01,4.642007350921630859e-01,6.571173071861267090e-01
-6.059193611145019531e-01,3.495879173278808594e-01,3.134167492389678955e-01
6.989749073982238770e-01,-3.204301297664642334e-01,1.028317451477050781e+00
7.033114433288574219e-01,-4.496334791183471680e-01,3.826379179954528809e-01
6.506500244140625000e-01,-6.102888584136962891e-01,1.270468086004257202e-01
3.294382095336914062e-01,-1.723380833864212036e-01,1.968197524547576904e-01
7.179375290870666504e-01,-6.629636287689208984e-01,2.070712298154830933e-01
6.826629638671875000e-01,-2.993916869163513184e-01,7.086224555969238281e-01
-3.624526858329772949e-01,1.768249422311782837e-01,1.176445007324218750e+00
7.273433208465576172e-01,-5.214732885360717773e-01,4.612898230552673340e-01
7.332723736763000488e-01,-1.711917817592620850e-01,1.234536170959472656e+00
-6.492976844310760498e-02,-3.137075901031494141e-01,7.200005650520324707e-01
-1.418068706989288330e-01,4.877860546112060547e-01,2.976367175579071045e-01
-3.745913505554199219e-01,1.269906461238861084e-01,7.042988538742065430e-01
4.941211342811584473e-01,-5.796415805816650391e-01,5.458541512489318848e-01
-6.845114231109619141e-01,6.367967128753662109e-01,5.151309370994567871e-01
8.299127817153930664e-01,-5.792114734649658203e-01,1.312728822231292725e-01
2.549383640289306641e-01,1.325607286162266973e-06,2.325005978345870972e-01
-6.212980747222900391e-01,4.260192811489105225e-01,5.621376037597656250e-01
2.577317655086517334e-01,-6.481814384460449219e-01,1.248466372489929199e+00
6.581771969795227051e-01,-1.130310222506523132e-01,1.248466372489929199e+00
7.179371714591979980e-01,-6.629633903503417969e-01,4.555743336677551270e-01
4.955074787139892578e-01,-5.104195475578308105e-01,3.782162368297576904e-01
-7.509516477584838867e-01,6.888079643249511719e-01,5.652965903282165527e-01
3.580557107925415039e-01,-4.107424020767211914e-01,1.209924936294555664e+00
3.606021404266357422e-01,-3.832306861877441406e-01,1.648666411638259888e-01
-2.212698459625244141e-01,5.093879699707031250e-01,3.804214298725128174e-01
6.123400926589965820e-01,-2.419967204332351685e-01,1.132808327674865723e+00
-7.509520649909973145e-01,6.888084411621093750e-01,3.973272740840911865e-01
5.787875652313232422e-01,-1.562469899654388428e-01,5.928092598915100098e-01
-5.256854295730590820e-01,4.078230857849121094e-01,2.920489311218261719e-01
6.298096179962158203e-01,-3.071885108947753906e-01,5.559646487236022949e-01
6.228926181793212891e-01,-4.653774201869964600e-01,1.781475841999053955e-01
-2.002763301134109497e-01,-1.634109914302825928e-01,1.314795732498168945e+00
-1.577129960060119629e-01,-2.060127258300781250e-01,4.257620275020599365e-01
-1.629337817430496216e-01,-1.135263442993164062e-01,2.448669373989105225e-01
3.293092250823974609e-01,8.608429133892059326e-02,4.979211390018463135e-01
-5.549795627593994141e-01,2.769125103950500488e-01,6.593298316001892090e-01
-1.240563392639160156e-02,3.904225528240203857e-01,-1.262329053133726120e-02
-3.575153648853302002e-01,-5.558753013610839844e-02,4.176876842975616455e-01
-6.232485771179199219e-01,5.888382196426391602e-01,3.109072744846343994e-01
3.418648242950439453e-01,-2.697836756706237793e-01,1.719839423894882202e-01
6.182023286819458008e-01,-5.237653255462646484e-01,1.013311862945556641e+00
-4.918136596679687500e-01,2.840664982795715332e-01,2.702566385269165039e-01
7.044278383255004883e-01,-4.505074024200439453e-01,6.342285126447677612e-02
-5.630195140838623047e-01,3.558520376682281494e-01,1.811328083276748657e-01
-3.071220219135284424e-01,6.044005155563354492e-01,7.074518203735351562e-01
-5.461778640747070312e-01,5.285050868988037109e-01,2.426580786705017090e-01
-7.239341735839843750e-01,4.837938845157623291e-01,2.752453684806823730e-01
-4.538695812225341797e-01,2.055453211069107056e-01,5.348269343376159668e-01
2.566480934619903564e-01,5.991457030177116394e-02,1.141198039054870605e+00
4.991577193140983582e-02,-2.635858356952667236e-01,2.650156021118164062e-01
8.477460145950317383e-01,-5.627012252807617188e-01,3.101779222488403320e-01
5.815118551254272461e-01,-5.561654567718505859e-01,4.524047672748565674e-02
-8.725335597991943359e-01,6.723593473434448242e-01,3.394589126110076904e-01
-6.555308401584625244e-02,2.878894805908203125e-01,3.209033012390136719e-01
6.135456562042236328e-01,-4.383643269538879395e-01,1.089543223381042480e+00
-4.017989933490753174e-01,4.291830062866210938e-01,1.129559397697448730e+00
4.453766345977783203e-01,-2.477142661809921265e-01,4.196411073207855225e-01
-4.912739396095275879e-01,6.367214322090148926e-01,1.092794895172119141e+00
1.971894055604934692e-01,-2.848439216613769531e-01,2.305734157562255859e-01
-1.142147779464721680e-01,-1.178469434380531311e-01,1.173909068107604980e+00
-3.043205142021179199e-01,3.576037883758544922e-01,1.173393726348876953e+00
4.367499053478240967e-01,-4.428412914276123047e-01,3.360497951507568359e-01
-1.429783105850219727e-01,4.670362472534179688e-01,4.727491736412048340e-01
2.246263027191162109e-01,1.790999025106430054e-01,6.469497680664062500e-01
5.690514445304870605e-01,-6.085288524627685547e-01,6.586845517158508301e-01
6.864491105079650879e-01,-3.624429702758789062e-01,6.394888162612915039e-01
4.312591850757598877e-01,-4.749920368194580078e-01,4.480172693729400635e-01
-4.675462245941162109e-01,1.846865415573120117e-01,1.095365285873413086e+00
7.621405124664306641e-01,-5.899842977523803711e-01,9.301696717739105225e-02
-7.915369868278503418e-01,5.817646980285644531e-01,3.516671657562255859e-01
6.089036464691162109e-01,-2.318573445081710815e-01,6.436977982521057129e-01
3.394551277160644531e-01,-5.980868339538574219e-01,7.891836166381835938e-01
-2.993334233760833740e-01,5.347704887390136719e-01,3.216900527477264404e-01
5.171492099761962891e-01,5.340576194612367544e-07,1.048378586769104004e+00
6.503112614154815674e-02,1.119226142764091492e-01,1.265616297721862793e+00
-1.919307857751846313e-01,4.001781940460205078e-01,1.746951192617416382e-01
5.782342553138732910e-01,-1.782901585102081299e-01,1.161331415176391602e+00
-5.408267974853515625e-01,3.590924739837646484e-01,5.203460454940795898e-01
-1.189994812011718750e-01,2.012748122215270996e-01,1.950741559267044067e-01
2.051486223936080933e-01,1.714557558298110962e-01,1.231828212738037109e+00
3.759883046150207520e-01,-6.107211112976074219e-01,1.170669555664062500e+00
-5.139150619506835938e-01,2.465137690305709839e-01,1.097950816154479980e+00
6.815212965011596680e-01,-1.948786079883575439e-01,9.902606010437011719e-01
2.465339601039886475e-01,-6.160594820976257324e-01,1.154682636260986328e+00
6.912689190357923508e-03,2.668227553367614746e-01,1.358187913894653320e+00
1.194367185235023499e-01,3.621435165405273438e-02,1.851318329572677612e-01
2.109345197677612305e-01,9.559082984924316406e-02,2.791781425476074219e-01
2.704580724239349365e-01,-4.051044285297393799e-01,1.234493136405944824e+00
2.080436646938323975e-01,1.685502827167510986e-01,4.844341278076171875e-01
7.722437381744384766e-01,-5.111705660820007324e-01,2.703643739223480225e-01
-3.547825515270233154e-01,7.000787258148193359e-01,4.070123136043548584e-01
-2.115952968597412109e-01,1.576504707336425781e-01,1.374191164970397949e+00
7.786054611206054688e-01,-5.856432914733886719e-01,5.883538722991943359e-01
5.111284255981445312e-01,-1.606132835149765015e-01,5.511056184768676758e-01
4.940915107727050781e-01,-3.247776031494140625e-01,2.705401480197906494e-01
1.560362279415130615e-01,-2.448501586914062500e-01,1.110790729522705078e+00
5.715670585632324219e-01,-3.464999198913574219e-01,3.634823560714721680e-01
-4.985023438930511475e-01,2.316060066223144531e-01,6.846160888671875000e-01
-1.312441974878311157e-01,3.674798607826232910e-01,2.446565628051757812e-01
-2.304707318544387817e-01,5.272479727864265442e-02,1.364280104637145996e+00
3.870784044265747070e-01,6.039268895983695984e-02,1.126367092132568359e+00
1.498820483684539795e-01,5.895100533962249756e-02,1.171141505241394043e+00
-5.116552710533142090e-01,4.867887496948242188e-01,1.153570294380187988e+00
6.861727237701416016e-01,-3.760355710983276367e-01,4.368206560611724854e-01
4.981283545494079590e-01,-3.489262163639068604e-01,8.087158203125000000e-02
7.172107696533203125e-01,-4.469124972820281982e-01,5.411028861999511719e-01
-3.736251890659332275e-01,5.779309272766113281e-01,3.451187014579772949e-01
8.739171028137207031e-01,-6.344357728958129883e-01,2.624478042125701904e-01
5.547103285789489746e-01,-2.478032112121582031e-01,5.012853741645812988e-01
-6.634931564331054688e-01,4.184625148773193359e-01,6.906707584857940674e-02
5.188092589378356934e-01,-3.760695457458496094e-02,8.257110118865966797e-01
3.905510008335113525e-01,-2.431058138608932495e-01,1.124251961708068848e+00
-2.287492752075195312e-01,4.251959323883056641e-01,5.113863945007324219e-01
-1.001026928424835205e-01,1.547940373420715332e-01,1.403661489486694336e+00
-6.461616158485412598e-01,5.440665483474731445e-01,3.781437873840332031e-02
2.817388772964477539e-01,-6.078970804810523987e-02,1.114069104194641113e+00
-4.920017123222351074e-01,1.894652843475341797e-01,8.647233247756958008e-01
3.111143112182617188e-01,-5.930112004280090332e-01,9.013273715972900391e-01
-5.086255669593811035e-01,2.972273826599121094e-01,1.711370795965194702e-01
1.973007172346115112e-01,-1.826345175504684448e-01,1.116547226905822754e+00
6.444051861763000488e-01,-1.564984321594238281e-01,8.632268905639648438e-01
-1.136515811085700989e-01,-2.340443581342697144e-01,1.194171905517578125e+00
-8.871903419494628906e-01,5.935795307159423828e-01,2.842883169651031494e-01
-8.416658043861389160e-01,6.680817604064941406e-01,4.904591143131256104e-01
4.616934061050415039e-01,-4.467881023883819580e-01,5.973434448242187500e-02
3.380780220031738281e-01,1.182556161438697018e-06,3.448238968849182129e-01
4.659049510955810547e-01,1.163482693300466053e-06,5.013270378112792969e-01
1.088248044252395630e-01,-2.995297908782958984e-01,2.893612682819366455e-01
2.647693157196044922e-01,8.816471695899963379e-02,3.853848278522491455e-01
4.818659722805023193e-01,-2.917056679725646973e-01,1.205068826675415039e+00
-8.824491500854492188e-02,4.002517461776733398e-01,4.033950567245483398e-01
6.689750552177429199e-01,-3.807956576347351074e-01,1.054926156997680664e+00
3.331683278083801270e-01,-4.028326570987701416e-01,5.568182468414306641e-01
-7.426531314849853516e-01,5.563876628875732422e-01,6.764770299196243286e-02
1.007833853363990784e-01,1.631117612123489380e-01,1.317892909049987793e+00
-3.249844312667846680e-01,1.683226227760314941e-01,1.264134764671325684e+00
2.610308825969696045e-01,-1.539685130119323730e-01,1.831166744232177734e-01
7.458726167678833008e-01,-5.720291137695312500e-01,3.576855361461639404e-01
-1.740014553070068359e-01,3.077728152275085449e-01,4.851663112640380859e-01
4.624432325363159180e-01,-4.883598089218139648e-01,1.147607564926147461e+00
3.826623558998107910e-01,-2.666410207748413086e-01,3.029196262359619141e-01
-4.715606570243835449e-01,5.518770813941955566e-01,1.150586843490600586e+00
4.265957474708557129e-01,-4.153435528278350830e-01,1.189871549606323242e+00
-8.167660236358642578e-01,6.133643984794616699e-01,1.415399163961410522e-01
6.855047345161437988e-01,-3.736087083816528320e-01,2.987923622131347656e-01
1.185777261853218079e-01,-4.446983933448791504e-01,1.061946153640747070e+00
-9.250152111053466797e-02,5.121500045061111450e-02,1.786320209503173828e-01
-1.281951814889907837e-01,-5.138458684086799622e-02,1.888473033905029297e-01
4.065791368484497070e-01,-5.630447864532470703e-01,1.113158941268920898e+00
-4.995358288288116455e-01,4.362154304981231689e-01,1.098913192749023438e+00
-7.420339584350585938e-01,4.799467027187347412e-01,3.512081801891326904e-01
-3.250733911991119385e-01,5.462598055601119995e-02,3.903121948242187500e-01
-4.647162854671478271e-01,5.204939842224121094e-01,3.552526831626892090e-01
-2.211517281830310822e-02,-1.542713940143585205e-01,1.889941692352294922e-01
2.894409187138080597e-02,-3.046869337558746338e-01,1.125198125839233398e+00
6.225123405456542969e-01,-3.863814473152160645e-01,7.008545100688934326e-02
4.468057155609130859e-01,4.386901650832442101e-07,1.054854273796081543e+00
4.477566480636596680e-01,-1.707030832767486572e-01,1.239574790000915527e+00
1.190499886870384216e-01,-1.537177115678787231e-01,1.779289245605468750e-01
-2.497624158859252930e-01,2.845045030117034912e-01,1.249390602111816406e+00
-4.063535928726196289e-01,5.236273407936096191e-01,1.013835787773132324e+00
-4.491996765136718750e-02,4.948497712612152100e-01,5.555602908134460449e-02
3.650863468647003174e-01,-2.836251556873321533e-01,1.254789948463439941e+00
3.764820694923400879e-01,-6.221270561218261719e-02,1.069905161857604980e+00
9.745193272829055786e-02,-5.120203495025634766e-01,1.057865500450134277e+00
2.254959046840667725e-01,-5.133765190839767456e-02,1.861312389373779297e-01
3.243362307548522949e-01,-4.805814921855926514e-01,1.177111983299255371e+00
-2.578502297401428223e-01,-9.764051437377929688e-02,6.778048276901245117e-01
5.631322860717773438e-01,-4.434688985347747803e-01,3.700494766235351562e-02
-5.370959639549255371e-01,4.437102377414703369e-01,3.865146636962890625e-02
-8.120188713073730469e-01,6.744451522827148438e-01,7.444639205932617188e-01
-6.874983310699462891e-01,5.699819326400756836e-01,3.894104063510894775e-01
-2.537536621093750000e-02,3.921034634113311768e-01,5.494048818945884705e-02
1.203869581222534180e-01,-9.465117007493972778e-02,1.533291697502136230e+00
-2.775335311889648438e-02,-3.366243541240692139e-01,5.573957562446594238e-01
-9.953887760639190674e-02,5.137871950864791870e-02,1.406102776527404785e+00
-3.590126335620880127e-01,-4.325628280639648438e-02,5.550125241279602051e-01
-1.276946999132633209e-02,-1.779510527849197388e-01,1.164890527725219727e+00
-2.176333516836166382e-01,2.159370929002761841e-01,1.333880066871643066e+00
7.797267436981201172e-01,-5.094537138938903809e-01,5.033597946166992188e-01
-3.565756082534790039e-01,5.365397781133651733e-02,3.299844264984130859e-01
1.803341656923294067e-01,-3.107999861240386963e-01,1.087584018707275391e+00
-4.427245855331420898e-01,6.378350257873535156e-01,4.203344583511352539e-01
7.212321758270263672e-01,-5.228757262229919434e-01,2.241421490907669067e-01
2.183350548148155212e-02,-2.896149158477783203e-01,3.206158280372619629e-01
2.436579912900924683e-01,-5.378856658935546875e-01,9.597547054290771484e-01
2.245522476732730865e-02,-2.125172615051269531e-01,2.050170898437500000e-01
-1.507089138031005859e-01,-2.300188243389129639e-01,5.985072255134582520e-01
2.346526980400085449e-01,-3.731778264045715332e-01,2.949817180633544922e-01
-1.122710704803466797e-01,5.057954788208007812e-01,1.617434620857238770e-01
-9.807372093200683594e-02,3.004105091094970703e-01,6.157743930816650391e-01
1.605261266231536865e-01,-3.765347599983215332e-01,1.076700687408447266e+00
-4.975979030132293701e-01,2.257397174835205078e-01,3.860784769058227539e-01
6.257027983665466309e-01,-3.696326613426208496e-01,1.111945986747741699e+00
6.275939755141735077e-03,-9.725315123796463013e-02,1.493033766746520996e+00
-1.571864336729049683e-01,-1.055870130658149719e-01,1.363837718963623047e+00
-4.063638150691986084e-01,2.949999868869781494e-01,1.184806585311889648e+00
-4.806751906871795654e-01,3.010694682598114014e-01,1.147452712059020996e+00
9.166167676448822021e-02,-2.428139895200729370e-01,1.126514911651611328e+00
4.497421160340309143e-02,5.503856390714645386e-02,1.292827486991882324e+00
-2.612545788288116455e-01,-5.147755518555641174e-02,1.402955651283264160e+00
-4.013072252273559570e-01,3.050656318664550781e-01,1.707839965820312500e-01
6.759936213493347168e-01,-2.397475391626358032e-01,1.150162100791931152e+00
-3.457443043589591980e-02,-3.079671263694763184e-01,1.105026125907897949e+00
-1.124420110136270523e-02,5.230374261736869812e-02,1.377520442008972168e+00
-1.874330043792724609e-01,-1.360434293746948242e-01,3.014804124832153320e-01
-2.870723009109497070e-01,5.975208282470703125e-01,3.362748622894287109e-01
5.404448509216308594e-02,-4.459565877914428711e-01,6.105971932411193848e-01
-1.010856628417968750e-01,4.019151329994201660e-01,1.951699852943420410e-01
-2.950988709926605225e-02,-5.279006063938140869e-02,1.362510681152343750e+00
5.592439174652099609e-01,-2.981450855731964111e-01,1.165447473526000977e+00
8.003387600183486938e-03,-3.699958324432373047e-01,1.110096812248229980e+00
-6.555052846670150757e-02,2.880125045776367188e-01,7.268875241279602051e-01
3.450901806354522705e-01,-6.527644991874694824e-01,1.236080765724182129e+00
3.991656303405761719e-01,-8.383283764123916626e-02,3.078067004680633545e-01
3.706738054752349854e-01,-1.835038512945175171e-01,1.107566237449645996e+00
5.734826326370239258e-01,-1.278586387634277344e-01,1.018699884414672852e+00
-4.310781955718994141e-01,2.073851972818374634e-01,2.759371995925903320e-01
6.757572889328002930e-01,-6.776275485754013062e-02,1.205633640289306641e+00
6.225123405456542969e-01,-3.863814473152160645e-01,2.849172949790954590e-01
5.724036097526550293e-01,-5.944426059722900391e-01,3.203149437904357910e-01
5.211942195892333984e-01,-4.028473198413848877e-01,1.847000122070312500e-01
3.295983672142028809e-01,-1.233717873692512512e-01,1.088223338127136230e+00
2.860232591629028320e-01,-3.072901368141174316e-01,1.109177708625793457e+00
3.284548819065093994e-01,-2.453773766756057739e-01,1.106728553771972656e+00
-4.654496014118194580e-01,1.733708381652832031e-02,3.954870402812957764e-01
1.116444021463394165e-01,2.295820713043212891e-01,4.849369823932647705e-01
5.744057893753051758e-01,-4.269385933876037598e-01,1.139337182044982910e+00
5.441915988922119141e-01,-5.175284743309020996e-01,1.837329119443893433e-01
2.078008651733398438e-01,1.387381553649902344e-01,3.393435478210449219e-01
3.355476260185241699e-01,-5.972228646278381348e-01,9.986257553100585938e-01
-1.137329079210758209e-02,1.584963500499725342e-01,1.365513801574707031e+00
7.115237116813659668e-01,-5.460815429687500000e-01,4.908299446105957031e-02
1.043416932225227356e-01,-4.107823371887207031e-01,4.532198905944824219e-01
4.367501437664031982e-01,-4.428415298461914062e-01,1.330731213092803955e-01
2.227927185595035553e-02,2.343413829803466797e-01,6.433677673339843750e-01
1.238015741109848022e-01,-1.458770483732223511e-01,1.495617389678955078e+00
5.194050669670104980e-01,6.314805895090103149e-02,1.040879368782043457e+00
-6.232488155364990234e-01,5.888383984565734863e-01,5.584835410118103027e-01
-5.176303386688232422e-01,3.556056022644042969e-01,6.114654242992401123e-02
1.078813076019287109e-01,1.866338551044464111e-01,2.778429985046386719e-01
-2.527614831924438477e-01,-1.549270153045654297e-01,7.653372287750244141e-01
-5.401534959673881531e-02,-2.386003881692886353e-01,1.159007787704467773e+00
3.198127746582031250e-01,5.988574773073196411e-02,1.142089486122131348e+00
1.070807278156280518e-01,-3.428082466125488281e-01,3.444903492927551270e-01
-2.069651782512664795e-01,4.147704541683197021e-01,8.814027309417724609e-01
-1.046232581138610840e-01,-5.400316044688224792e-02,1.324686050415039062e+00
-3.812204003334045410e-01,2.340226173400878906e-01,1.194333553314208984e+00
-1.959803104400634766e-01,-1.356299966573715210e-01,3.636559844017028809e-01
5.293970108032226562e-01,-5.153682827949523926e-01,1.037838757038116455e-01
-6.664943695068359375e-02,2.425274848937988281e-01,4.509794414043426514e-01
6.370261907577514648e-01,-1.172382682561874390e-01,1.183269143104553223e+00
-6.615957617759704590e-01,3.763456642627716064e-01,3.229641914367675781e-01
-1.296395808458328247e-01,2.595472931861877441e-01,2.150118350982666016e-01
6.812191009521484375e-02,-4.480121433734893799e-01,6.851474046707153320e-01
-6.602433323860168457e-02,2.683880329132080078e-01,6.676141023635864258e-01
5.293970108032226562e-01,-5.153682827949523926e-01,3.021020293235778809e-01
1.010344848036766052e-01,-4.928565025329589844e-01,5.836843848228454590e-01
-7.358322292566299438e-02,-1.766991615295410156e-01,1.177766919136047363e+00
-4.559147357940673828e-01,4.099078103899955750e-02,5.327331423759460449e-01
-4.049975872039794922e-01,-4.181116446852684021e-02,6.037268042564392090e-01
-2.783964574337005615e-01,2.935275733470916748e-01,1.193865656852722168e+00
-3.748974800109863281e-01,1.269757300615310669e-01,5.807429552078247070e-01
4.560134708881378174e-01,-1.216520965099334717e-01,1.114873051643371582e+00
4.765153527259826660e-01,-2.311333864927291870e-01,1.216626882553100586e+00
2.829218804836273193e-01,-3.081848621368408203e-01,2.292465120553970337e-01
-1.357233524322509766e-01,4.182460010051727295e-01,-1.202911324799060822e-02
2.811207771301269531e-01,-3.253211975097656250e-01,4.397198259830474854e-01
-1.447455435991287231e-01,4.357256889343261719e-01,6.275300383567810059e-01
5.241773724555969238e-01,-1.751469373703002930e-01,1.193747639656066895e+00
-2.841436862945556641e-01,4.375825822353363037e-02,2.604022026062011719e-01
1.120686605572700500e-01,2.190470695495605469e-01,3.292196691036224365e-01
7.529343962669372559e-01,-1.137039884924888611e-01,1.238033652305603027e+00
-3.801293373107910156e-01,1.267225444316864014e-01,4.587489068508148193e-01
-3.753843605518341064e-01,3.571327924728393555e-01,1.532986164093017578e-01
2.578446865081787109e-01,4.291534310141287278e-07,1.131586670875549316e+00
-1.078186035156250000e-01,4.027878046035766602e-01,5.839613080024719238e-01
1.831877976655960083e-01,-4.776420593261718750e-01,5.003191828727722168e-01
-6.679565459489822388e-02,2.364804744720458984e-01,2.033074945211410522e-01
-7.746852636337280273e-01,5.055072307586669922e-01,6.465484201908111572e-02
1.878926753997802734e-01,-4.128594398498535156e-01,3.652898967266082764e-01
5.135089159011840820e-01,-3.563265204429626465e-01,1.179915308952331543e+00
3.311285972595214844e-01,-5.971093177795410156e-01,6.499375700950622559e-01
3.606019914150238037e-01,-3.832304477691650391e-01,4.018853604793548584e-01
1.614916920661926270e-01,1.674584001302719116e-01,1.273052453994750977e+00
6.829078793525695801e-01,-4.918134212493896484e-01,1.911843866109848022e-01
-2.295361906290054321e-01,4.163360595703125000e-01,6.337563991546630859e-01
-8.997113108634948730e-01,5.277214050292968750e-01,8.044673204421997070e-01
3.963479995727539062e-01,-1.680201292037963867e-01,3.379772901535034180e-01
3.652007579803466797e-01,8.492753654718399048e-02,5.519436597824096680e-01
-5.086249113082885742e-01,2.972269058227539062e-01,5.835031270980834961e-01
2.926478385925292969e-01,1.249313299922505394e-06,2.898635864257812500e-01
-3.086651265621185303e-01,4.579167366027832031e-01,3.029058873653411865e-01
