2.005110532045364380e-01,-2.391123771667480469e-01,5.476319789886474609e-01
-1.096820712089538574e+00,-1.536406427621841431e-01,3.557964861392974854e-01
5.589267015457153320e-01,5.311659574508666992e-01,1.219987392425537109e+00
1.024148821830749512e+00,2.995421886444091797e-01,2.124133259057998657e-01
-2.459233105182647705e-01,4.690616322022833629e-07,1.383635401725769043e+00
-3.490109145641326904e-01,2.374187558889389038e-01,-5.903387069702148438e-02
6.726276874542236328e-01,-2.877326309680938721e-01,1.229514598846435547e+00
-4.665193557739257812e-01,1.225439161062240601e-01,6.796374320983886719e-01
4.455591142177581787e-01,3.912699222564697266e-01,5.847936868667602539e-01
-8.001567125320434570e-01,-3.254566788673400879e-01,1.031480789184570312e+00
7.683425545692443848e-01,-5.994702130556106567e-02,7.205889225006103516e-01
1.080691516399383545e-01,-3.303337395191192627e-01,1.091801643371582031e+00
5.350661277770996094e-01,5.695768818259239197e-02,1.420989930629730225e-01
-3.387277424335479736e-01,-2.103192806243896484e-01,2.694097757339477539e-01
1.748048365116119385e-01,1.812635213136672974e-01,1.130685329437255859e+00
2.218799479305744171e-02,2.456219196319580078e-01,3.258194029331207275e-01
-7.513592243194580078e-01,-1.209173947572708130e-01,2.599517814815044403e-02
-3.475012183189392090e-01,-2.553715407848358154e-01,1.029618620872497559e+00
-5.657034516334533691e-01,-4.401502609252929688e-01,6.714126467704772949e-01
1.712179481983184814e-01,3.534951815709064249e-07,1.517366170883178711e+00
-6.666417419910430908e-02,2.419373989105224609e-01,7.392362952232360840e-01
-7.450240850448608398e-01,1.628952324390411377e-01,3.676803112030029297e-01
6.986512541770935059e-01,1.199807152152061462e-01,1.140750527381896973e+00
-1.045490980148315430e+00,-1.033616065979003906e-01,7.886911034584045410e-01
4.873352125287055969e-02,-1.545119881629943848e-01,1.942398548126220703e-01
-1.508477479219436646e-01,-3.276350498199462891e-01,6.855001449584960938e-01
3.991174101829528809e-01,-1.318378150463104248e-01,9.570355415344238281e-01
-6.956175565719604492e-01,-2.725207805633544922e-01,3.646258413791656494e-01
8.415366411209106445e-01,2.606222629547119141e-01,5.340049862861633301e-01
-3.470846414566040039e-01,1.414990425109863281e-01,3.406088054180145264e-01
-4.964370727539062500e-01,6.244758889079093933e-02,1.062612533569335938e+00
3.839685022830963135e-01,4.020694494247436523e-01,9.462661743164062500e-01
5.173366665840148926e-01,2.899122238159179688e-02,5.024122595787048340e-01
7.697070240974426270e-01,2.446535378694534302e-01,3.056716918945312500e-02
-1.150878891348838806e-02,-2.135789990425109863e-01,1.352080225944519043e+00
7.988958358764648438e-01,5.331577360630035400e-02,3.090269565582275391e-01
-7.871823906898498535e-01,-8.650302886962890625e-02,5.935562252998352051e-01
3.486157059669494629e-01,2.690467536449432373e-01,3.327333927154541016e-01
-6.889098882675170898e-02,2.203067988157272339e-01,1.300164818763732910e+00
4.755033850669860840e-01,-2.159419059753417969e-01,6.570045351982116699e-01
4.901995658874511719e-01,-5.703705549240112305e-02,1.230463624000549316e+00
-5.653634071350097656e-01,-3.922726213932037354e-02,2.334378063678741455e-01
-4.388696253299713135e-01,-1.549704074859619141e-01,7.372496128082275391e-01
6.826245188713073730e-01,-1.302422434091567993e-01,9.817588329315185547e-01
3.362369537353515625e-01,-8.586087077856063843e-02,2.853445410728454590e-01
1.926597803831100464e-01,3.472189903259277344e-01,7.126824855804443359e-01
4.537933170795440674e-01,2.303935438394546509e-01,1.222332000732421875e+00
-9.782167077064514160e-01,-2.897529602050781250e-01,5.700306296348571777e-01
-9.782163500785827637e-01,-2.897524833679199219e-01,1.478048712015151978e-01
-1.280773878097534180e-01,5.133734643459320068e-02,1.859157085418701172e-01
8.038558959960937500e-01,2.665042877197265625e-01,9.437134265899658203e-01
-6.697661429643630981e-02,-2.289958000183105469e-01,4.531921148300170898e-01
-9.452657699584960938e-01,-4.353778064250946045e-01,8.441982269287109375e-01
3.529006838798522949e-01,1.320930123329162598e-01,9.530494213104248047e-01
-3.233719170093536377e-01,-3.367850780487060547e-01,4.999139308929443359e-01
-8.656933307647705078e-01,-1.032359898090362549e-01,2.767999172210693359e-01
2.104291319847106934e-01,1.025531291961669922e-01,1.813174337148666382e-01
-5.653631687164306641e-01,-3.922723978757858276e-02,4.817129373550415039e-01
1.062534332275390625e+00,1.878700554370880127e-01,4.301263391971588135e-01
2.372399866580963135e-01,-6.031164899468421936e-02,1.128909707069396973e+00
-1.594480276107788086e-01,1.752581596374511719e-01,4.948309361934661865e-01
6.455108523368835449e-01,2.872016429901123047e-01,6.813281178474426270e-01
6.903319954872131348e-01,2.690220475196838379e-01,3.324203491210937500e-01
-4.931230545043945312e-01,2.023761868476867676e-01,1.569732576608657837e-01
6.029391288757324219e-01,3.849933147430419922e-01,1.033486843109130859e+00
-4.191107153892517090e-01,-1.160267218947410583e-01,1.202047348022460938e+00
-6.963986158370971680e-01,-2.694566249847412109e-01,7.550671100616455078e-01
9.594508409500122070e-01,1.232182979583740234e-01,9.506744146347045898e-02
-2.546025514602661133e-01,1.341903209686279297e-01,7.709158062934875488e-01
-1.121490448713302612e-02,3.877078995628835401e-07,1.395891308784484863e+00
2.186192013323307037e-02,2.861068248748779297e-01,5.369137525558471680e-01
3.873984515666961670e-01,-1.887767314910888672e-01,4.639794826507568359e-01
1.107587963342666626e-01,-2.515287399291992188e-01,7.370483279228210449e-01
5.273910164833068848e-01,4.300790429115295410e-01,7.974188327789306641e-01
8.224008083343505859e-01,2.051925659179687500e-02,5.118334889411926270e-01
2.450498938560485840e-01,3.715216219425201416e-01,1.102300763130187988e+00
8.776264786720275879e-01,1.431403160095214844e-01,8.007992506027221680e-01
-5.330194830894470215e-01,1.560637950897216797e-01,4.402181804180145264e-01
-6.159999966621398926e-01,-2.125544548034667969e-01,1.464361548423767090e-01
-6.159997582435607910e-01,-2.125544548034667969e-01,5.647525191307067871e-01
3.290586769580841064e-01,-2.458285540342330933e-01,1.103245019912719727e+00
7.577972020953893661e-03,-1.174283474683761597e-01,1.180413842201232910e+00
-1.642474383115768433e-01,-1.546949297189712524e-01,1.981728076934814453e-01
-6.475096940994262695e-01,6.996822357177734375e-02,7.331713438034057617e-01
7.316157221794128418e-01,7.466030120849609375e-02,1.270263642072677612e-01
-3.569199740886688232e-01,6.049776077270507812e-02,5.178921222686767578e-01
2.785331904888153076e-01,3.499386310577392578e-01,4.965380728244781494e-01
5.575264096260070801e-01,2.690606117248535156e-01,4.874909818172454834e-01
1.118161454796791077e-01,-2.252969741821289062e-01,3.597250282764434814e-01
-9.462521672248840332e-01,-2.668385505676269531e-01,3.641418516635894775e-01
-4.359073042869567871e-01,-1.741714477539062500e-01,4.674883782863616943e-01
-2.601006925106048584e-01,-1.649990826845169067e-01,1.298409104347229004e+00
6.542133688926696777e-01,-1.837144643068313599e-01,7.981035709381103516e-01
4.594375491142272949e-01,5.363500118255615234e-02,3.288238048553466797e-01
-5.170485377311706543e-01,-2.412765026092529297e-01,3.005062937736511230e-01
-7.962652444839477539e-01,-2.509739398956298828e-01,1.468121260404586792e-01
4.125628471374511719e-01,6.095038354396820068e-02,1.109059453010559082e+00
9.594513773918151855e-01,1.232182979583740234e-01,5.714419484138488770e-01
2.898381352424621582e-01,-2.423710823059082031e-01,7.101376056671142578e-01
-3.474421501159667969e-01,5.657933279871940613e-02,1.244682908058166504e+00
-2.347137182950973511e-01,-3.580720424652099609e-01,3.435815274715423584e-01
8.070696592330932617e-01,4.768371582031250000e-07,9.847812652587890625e-01
-9.238075017929077148e-01,-1.893510818481445312e-01,8.897112607955932617e-01
7.059095501899719238e-01,-1.172592341899871826e-01,1.182943463325500488e+00
9.599892497062683105e-01,1.249678134918212891e-01,2.768850624561309814e-01
4.836745932698249817e-02,2.947295606136322021e-01,1.186469197273254395e+00
-5.202137827873229980e-01,-2.495350986719131470e-01,1.074638724327087402e+00
6.074647903442382812e-01,-7.711847871541976929e-02,6.130627393722534180e-01
6.478171348571777344e-01,9.918212526827119291e-07,3.845825195312500000e-01
-7.518463134765625000e-01,-3.622264787554740906e-02,3.932513296604156494e-01
8.415364623069763184e-01,2.606222629547119141e-01,2.427200227975845337e-01
-1.049965977668762207e+00,-3.605194091796875000e-01,7.275094389915466309e-01
2.767303399741649628e-02,1.169464439153671265e-01,1.187822937965393066e+00
-1.597113013267517090e-01,1.705958843231201172e-01,3.034130930900573730e-01
4.844268783926963806e-02,5.121398717164993286e-02,1.776134967803955078e-01
-3.317046165466308594e-02,-2.941170930862426758e-01,8.165472149848937988e-01
-3.084208667278289795e-01,-5.182771012187004089e-02,2.166395187377929688e-01
-1.587603092193603516e-01,-1.874477863311767578e-01,5.898107886314392090e-01
-1.018912076950073242e+00,-1.358909606933593750e-01,2.057958990335464478e-01
-9.130323529243469238e-01,-1.521503925323486328e-01,4.992898404598236084e-01
-7.962653040885925293e-01,-2.509739398956298828e-01,5.662014484405517578e-01
3.678787052631378174e-01,5.132144689559936523e-02,1.852319240570068359e-01
5.710194110870361328e-01,2.029676437377929688e-01,2.099557518959045410e-01
-9.010465145111083984e-01,-1.107707023620605469e-01,9.423461556434631348e-02
-6.084942221641540527e-01,-4.955169558525085449e-02,7.540297508239746094e-02
-2.132487446069717407e-01,1.588825136423110962e-01,1.361485600471496582e+00
-6.507745385169982910e-01,-3.202784657478332520e-01,9.673411846160888672e-01
8.341356515884399414e-01,2.847154140472412109e-01,6.940278410911560059e-01
-3.385165631771087646e-01,2.120642662048339844e-01,1.128750592470169067e-01
3.513662517070770264e-01,2.461390197277069092e-01,1.100850105285644531e+00
1.985100954771041870e-01,2.666690349578857422e-01,3.859307765960693359e-01
9.324877858161926270e-01,2.800068855285644531e-01,4.049230813980102539e-01
-3.392404019832611084e-01,-2.060961723327636719e-01,5.892657041549682617e-01
2.211630344390869141e-02,-2.545762062072753906e-01,6.066711544990539551e-01
5.414382815361022949e-01,-6.582681834697723389e-02,9.577715396881103516e-01
-2.468674182891845703e-01,-2.212715148925781250e-01,7.474902272224426270e-01
1.898675560951232910e-01,-5.129305273294448853e-02,1.832993030548095703e-01
-6.709686666727066040e-02,-2.240436077117919922e-01,2.972952127456665039e-01
-7.499244809150695801e-01,-5.958533287048339844e-02,7.414330840110778809e-01
2.378835976123809814e-01,4.489178061485290527e-01,9.637379646301269531e-01
5.612186789512634277e-01,1.154613494873046875e-01,1.210785865783691406e+00
9.148287773132324219e-01,2.702483832836151123e-01,8.450774848461151123e-02
-5.258123874664306641e-01,-3.004502356052398682e-01,7.217094898223876953e-01
4.472821056842803955e-01,1.705261170864105225e-01,5.254497528076171875e-01
6.079726219177246094e-01,1.745168417692184448e-01,6.505279242992401123e-02
-1.543124318122863770e-01,-2.068818360567092896e-01,1.403743147850036621e+00
-5.127093791961669922e-01,1.203098297119140625e-01,2.945599257946014404e-01
-6.707018613815307617e-01,1.611941307783126831e-01,5.021073818206787109e-01
3.604384958744049072e-01,3.844125270843505859e-01,7.074674963951110840e-01
1.515945345163345337e-01,-1.786260604858398438e-01,1.157887816429138184e+00
5.680679157376289368e-02,9.776768833398818970e-02,1.484964966773986816e+00
-4.829250872135162354e-01,-1.533543914556503296e-01,1.704263687133789062e-01
2.478981018066406250e-01,-1.776000112295150757e-01,3.883666992187500000e-01
-6.198620796203613281e-01,-3.834922611713409424e-02,6.378387212753295898e-01
-1.059811711311340332e+00,-1.566283553838729858e-01,4.985119402408599854e-01
4.589170813560485840e-01,-1.224267184734344482e-01,1.102867722511291504e+00
6.725570559501647949e-02,-2.883290350437164307e-01,1.225842595100402832e+00
-3.425769805908203125e-01,1.786222457885742188e-01,6.280133128166198730e-01
6.291682124137878418e-01,8.186435699462890625e-02,2.664108276367187500e-01
-6.456856727600097656e-01,3.793326392769813538e-02,3.315856754779815674e-01
5.657904148101806641e-01,3.016351759433746338e-01,1.143970370292663574e+00
9.864327907562255859e-01,2.609677314758300781e-01,5.440461635589599609e-01
3.235377371311187744e-01,-2.091352194547653198e-01,8.432407379150390625e-01
4.422626495361328125e-01,-8.244351297616958618e-02,3.893432617187500000e-01
3.013435304164886475e-01,3.502837717533111572e-01,8.446247577667236328e-01
5.005875825881958008e-01,4.043401479721069336e-01,1.237823486328125000e+00
-2.585621476173400879e-01,8.961224555969238281e-02,2.148925662040710449e-01
-1.052965641021728516e+00,-2.843088805675506592e-01,2.770959436893463135e-01
-1.592394262552261353e-01,1.789605617523193359e-01,6.572738289833068848e-01
4.809968471527099609e-01,1.837811470031738281e-01,3.700936734676361084e-01
5.088741779327392578e-01,-1.607585996389389038e-01,5.226601958274841309e-01
-3.540886938571929932e-01,-8.380937576293945312e-02,6.491183042526245117e-01
6.181793212890625000e-01,4.291534310141287278e-07,1.168499946594238281e+00
-4.558176994323730469e-01,2.053877711296081543e-01,1.767822168767452240e-02
8.434557318687438965e-01,9.784793853759765625e-02,6.351653933525085449e-01
3.310101330280303955e-01,2.648153305053710938e-01,9.567451477050781250e-01
-2.149365246295928955e-01,-2.580266296863555908e-01,1.009124517440795898e+00
1.127666831016540527e-01,2.017340660095214844e-01,2.371990978717803955e-01
-4.339112043380737305e-01,1.871149539947509766e-01,5.303585529327392578e-01
-4.264058172702789307e-01,2.357697486877441406e-01,2.681399583816528320e-01
6.949855089187622070e-01,2.464832663536071777e-01,1.098188519477844238e+00
7.306724190711975098e-01,3.163776397705078125e-01,4.864495694637298584e-01
7.953140139579772949e-01,1.278858780860900879e-01,1.018252015113830566e+00
7.141550183296203613e-01,1.279830932617187500e-03,6.103286743164062500e-01
-7.017793059349060059e-01,-1.756052970886230469e-01,2.391906678676605225e-01
5.728497505187988281e-01,3.944521248340606689e-01,6.588853597640991211e-01
-1.047887563705444336e+00,-2.850504219532012939e-01,4.589153826236724854e-01
-3.847549259662628174e-01,5.240158736705780029e-02,2.522752285003662109e-01
-1.955451965332031250e-01,-3.098620772361755371e-01,5.615191459655761719e-01
2.823268175125122070e-01,6.091657653450965881e-02,1.110130071640014648e+00
4.501791298389434814e-01,-2.518978416919708252e-01,1.056411981582641602e+00
1.953564435243606567e-01,-1.582715958356857300e-01,2.719457149505615234e-01
-4.683137536048889160e-01,5.582735980169672985e-07,1.171420931816101074e+00
-9.993437528610229492e-01,-6.286288797855377197e-02,9.015307426452636719e-01
-6.634355336427688599e-02,2.551786899566650391e-01,4.489100575447082520e-01
2.967969179153442383e-01,1.761708259582519531e-01,2.404891848564147949e-01
1.070190191268920898e+00,1.871275603771209717e-01,2.949838042259216309e-01
8.565178513526916504e-01,1.458263397216796875e-01,1.672445684671401978e-01
-2.591432631015777588e-01,8.308029174804687500e-02,6.131314039230346680e-01
-6.861397624015808105e-02,1.612470149993896484e-01,2.088421583175659180e-01
-3.356175124645233154e-01,-5.465371534228324890e-02,1.304423451423645020e+00
-8.327087014913558960e-02,-1.045400500297546387e-01,1.380084991455078125e+00
-8.887107372283935547e-01,-2.391155064105987549e-01,6.182464584708213806e-02
-7.535476684570312500e-01,3.619535267353057861e-02,4.964590370655059814e-01
-7.962650060653686523e-01,-2.509739398956298828e-01,2.743811011314392090e-01
-9.487174153327941895e-01,-3.124450743198394775e-01,8.703143596649169922e-01
1.077344715595245361e-01,3.266050815582275391e-01,6.223888993263244629e-01
-9.010465145111083984e-01,-1.107707023620605469e-01,6.407079696655273438e-01
-2.587424516677856445e-01,8.759164810180664062e-02,4.448471069335937500e-01
3.795479834079742432e-01,-2.457449436187744141e-01,5.821177363395690918e-01
-3.248017728328704834e-01,-2.726170420646667480e-01,3.769292831420898438e-01
-7.962652444839477539e-01,-2.509739398956298828e-01,4.354363977909088135e-01
-5.726196244359016418e-02,-5.122341588139533997e-02,1.794810295104980469e-01
5.660171434283256531e-02,-4.873302951455116272e-02,1.488206386566162109e+00
8.436415791511535645e-01,9.853601455688476562e-02,4.159939587116241455e-01
8.357257843017578125e-01,1.396642625331878662e-01,3.905792161822319031e-02
-5.557780861854553223e-01,3.463411331176757812e-02,8.084020614624023438e-01
-4.299895465373992920e-01,2.125401496887207031e-01,3.971826136112213135e-01
-1.034368872642517090e-01,1.067252904176712036e-01,1.346186161041259766e+00
-7.060179114341735840e-01,-2.317395210266113281e-01,5.145019292831420898e-02
4.491097927093505859e-01,5.715217813849449158e-02,1.226890087127685547e+00
-8.656928539276123047e-01,-1.032358929514884949e-01,3.981759548187255859e-01
-6.262774467468261719e-01,1.660466194152832031e-01,3.433096110820770264e-01
5.774880051612854004e-01,-1.712803840637207031e-01,7.054010033607482910e-01
2.745834887027740479e-01,3.875176906585693359e-01,6.110622882843017578e-01
4.073148965835571289e-01,2.838190793991088867e-01,5.157084465026855469e-01
3.508518934249877930e-01,-6.160460412502288818e-02,1.088765025138854980e+00
1.037028431892395020e+00,1.540537625551223755e-01,1.849048137664794922e-01
-6.658028066158294678e-02,-2.453906536102294922e-01,7.056801915168762207e-01
-1.005178332328796387e+00,-2.150526046752929688e-01,7.933428883552551270e-01
9.594513773918151855e-01,1.232182979583740234e-01,4.232397377490997314e-01
-3.696504235267639160e-01,1.455941498279571533e-01,7.438399791717529297e-01
6.321318149566650391e-01,5.852166563272476196e-02,6.542053073644638062e-02
2.200851440429687500e-01,-3.057172298431396484e-01,1.118857741355895996e+00
-1.584764271974563599e-01,-1.924896240234375000e-01,3.642620742321014404e-01
7.723069787025451660e-01,1.634624004364013672e-01,7.529019117355346680e-01
-9.434509277343750000e-02,2.345689982175827026e-01,5.767031908035278320e-01
-5.174208879470825195e-01,-2.392899990081787109e-01,6.206512451171875000e-01
-6.713635921478271484e-01,-1.126356199383735657e-01,5.423199534416198730e-01
-4.565899968147277832e-01,-4.009461402893066406e-02,7.317515611648559570e-01
5.784182548522949219e-01,4.052762091159820557e-01,9.223159551620483398e-01
-9.256966114044189453e-01,-1.958730220794677734e-01,2.447076290845870972e-01
4.507394433021545410e-01,1.578033566474914551e-01,2.624287605285644531e-01
-1.346104443073272705e-01,4.172178762473777169e-07,1.410806179046630859e+00
4.965846240520477295e-01,2.895562946796417236e-01,5.868022441864013672e-01
-7.871813178062438965e-01,-8.650302886962890625e-02,1.280230730772018433e-01
-8.869336247444152832e-01,-2.702980041503906250e-01,6.342182755470275879e-01
7.572763562202453613e-01,2.186665534973144531e-01,1.799133270978927612e-01
1.024148941040039062e+00,2.995421886444091797e-01,3.416311442852020264e-01
-7.060179710388183594e-01,-2.317395210266113281e-01,6.312783956527709961e-01
-8.869337439537048340e-01,-2.702980041503906250e-01,5.019913911819458008e-01
7.081544399261474609e-01,1.010894720820942894e-06,4.798515141010284424e-01
-5.170866250991821289e-01,-2.410745620727539062e-01,4.270593225955963135e-01
3.833108842372894287e-01,2.184350490570068359e-01,4.271942079067230225e-01
-3.825683891773223877e-01,1.507439613342285156e-01,1.980947852134704590e-01
-4.218465983867645264e-01,-5.246296152472496033e-02,2.560808658599853516e-01
3.420660197734832764e-01,3.819921314716339111e-01,1.048816680908203125e+00
7.322419285774230957e-01,3.106145858764648438e-01,7.468512058258056641e-01
1.533781439065933228e-01,3.003791272640228271e-01,1.151711821556091309e+00
6.809654831886291504e-01,-1.382050514221191406e-01,6.842965483665466309e-01
-4.311795234680175781e-01,4.138931632041931152e-02,5.976355075836181641e-01
5.834115743637084961e-01,2.728646099567413330e-01,3.800203800201416016e-01
1.111153587698936462e-01,-2.426886558532714844e-01,4.826427996158599854e-01
-3.947500586509704590e-01,6.073968112468719482e-02,1.115595102310180664e+00
6.455107927322387695e-01,2.872016429901123047e-01,5.516641139984130859e-01
-2.097540199756622314e-01,-1.042759716510772705e-01,1.384148001670837402e+00
2.183134108781814575e-02,2.899584770202636719e-01,6.940823197364807129e-01
-6.768941879272460938e-01,-6.299757957458496094e-02,1.609121710062026978e-01
-4.279823601245880127e-01,-2.255487442016601562e-01,3.636517226696014404e-01
7.364568710327148438e-01,2.951323986053466797e-01,6.194475889205932617e-01
-1.986325085163116455e-01,-5.127047374844551086e-02,1.819777488708496094e-01
-6.768938302993774414e-01,-6.299734115600585938e-02,3.007333278656005859e-01
4.830851554870605469e-01,4.864619970321655273e-01,1.154805660247802734e+00
-4.104816913604736328e-01,1.252544373273849487e-01,7.543517649173736572e-02
-2.060961723327636719e-01,-3.108851313591003418e-01,4.536111354827880859e-01
-4.958155751228332520e-01,-1.785903275012969971e-01,1.158232927322387695e+00
6.234110593795776367e-01,-1.719497591257095337e-01,1.226716160774230957e+00
1.097661927342414856e-01,2.761874198913574219e-01,4.457055628299713135e-01
4.319453239440917969e-01,1.814904212951660156e-01,1.128325819969177246e+00
4.785967767238616943e-01,-1.978278160095214844e-01,7.617123126983642578e-01
-6.386741399765014648e-01,-1.473757326602935791e-01,4.681968688964843750e-02
8.375976234674453735e-02,-5.125937983393669128e-02,1.811130046844482422e-01
-6.170706152915954590e-01,-2.077102661132812500e-01,3.061703443527221680e-01
1.926798522472381592e-01,3.469467163085937500e-01,5.569421052932739258e-01
5.926562547683715820e-01,-1.268438845872879028e-01,1.034419417381286621e+00
-4.014365673065185547e-01,2.943020462989807129e-01,1.811248809099197388e-02
-5.758117511868476868e-02,-1.544725298881530762e-01,1.933255195617675781e-01
7.316164374351501465e-01,7.466030120849609375e-02,2.324447631835937500e-01
6.079929471015930176e-01,-2.185988426208496094e-02,4.969700574874877930e-01
5.752480030059814453e-01,-1.822540760040283203e-01,6.021295189857482910e-01
7.325308322906494141e-01,1.466088593006134033e-01,3.099441528320312500e-02
2.921967506408691406e-01,-2.199370861053466797e-01,4.889085292816162109e-01
-3.556159138679504395e-01,7.123947143554687500e-02,4.154675304889678955e-01
6.609917283058166504e-01,2.221434116363525391e-01,1.464730799198150635e-01
-1.174621563404798508e-02,-1.092205494642257690e-01,1.307619810104370117e+00
-3.406403958797454834e-01,-1.945722103118896484e-01,6.904885768890380859e-01
-2.647506594657897949e-01,1.120616346597671509e-01,1.263473033905029297e+00
3.819580674171447754e-01,-2.282531261444091797e-01,7.497056126594543457e-01
1.578007489442825317e-01,9.746420383453369141e-02,1.489669203758239746e+00
2.209323830902576447e-02,-2.574517726898193359e-01,4.172723293304443359e-01
4.130125045776367188e-01,-2.905130386352539062e-03,2.562460303306579590e-01
-4.235522449016571045e-01,-1.579691171646118164e-01,2.658479213714599609e-01
-2.438593953847885132e-01,-2.668039500713348389e-01,3.049266338348388672e-01
-6.067346930503845215e-01,-2.544789314270019531e-01,6.870020627975463867e-01
5.071667432785034180e-01,1.525167971849441528e-01,1.531252861022949219e-01
7.048341035842895508e-01,4.386901650832442101e-07,1.120401382446289062e+00
2.427865564823150635e-01,2.462465763092041016e-01,1.100021839141845703e+00
8.415364027023315430e-01,2.606222629547119141e-01,3.712240457534790039e-01
9.324874877929687500e-01,2.800064086914062500e-01,2.756628394126892090e-01
1.994234025478363037e-01,-2.540891170501708984e-01,6.726791262626647949e-01
3.938845992088317871e-01,1.417047977447509766e-01,3.412960767745971680e-01
-4.220051765441894531e-01,2.642974853515625000e-01,1.112533509731292725e-01
-2.546242773532867432e-01,1.339468955993652344e-01,3.080633580684661865e-01
-7.852152585983276367e-01,5.438020452857017517e-02,3.750894069671630859e-01
-8.869337439537048340e-01,-2.702980041503906250e-01,1.791390925645828247e-01
-1.588017046451568604e-01,1.867256164550781250e-01,7.550143003463745117e-01
4.509599208831787109e-01,3.317323923110961914e-01,9.587771892547607422e-01
-7.962652444839477539e-01,-2.509739398956298828e-01,6.657629013061523438e-01
5.309188961982727051e-01,-5.728481337428092957e-02,5.553417205810546875e-01
-6.711848825216293335e-02,-2.231242656707763672e-01,5.815734863281250000e-01
-6.725987792015075684e-02,2.172901630401611328e-01,2.980184853076934814e-01
1.024148941040039062e+00,2.995421886444091797e-01,4.394097924232482910e-01
-1.054406404495239258e+00,-2.451324462890625000e-01,7.144097685813903809e-01
-1.585848033428192139e-01,-1.905679702758789062e-01,4.921492040157318115e-01
-5.260260105133056641e-01,-1.933784484863281250e-01,5.320982336997985840e-01
-7.060179114341735840e-01,-2.317395210266113281e-01,4.670996069908142090e-01
-4.282200932502746582e-01,-2.240073680877685547e-01,5.556773543357849121e-01
-2.734077274799346924e-01,-1.559577286243438721e-01,2.241966724395751953e-01
9.324874877929687500e-01,2.800064086914062500e-01,1.794647127389907837e-01
6.211090087890625000e-01,1.776037216186523438e-01,1.168407201766967773e+00
6.963479518890380859e-01,3.192258775234222412e-01,1.035725712776184082e+00
7.939774394035339355e-01,-8.387422561645507812e-02,8.098177909851074219e-01
2.836064398288726807e-01,3.016638755798339844e-01,4.127935767173767090e-01
-6.062251329421997070e-01,-2.567846775054931641e-01,3.956295549869537354e-01
2.603108286857604980e-01,-1.820560991764068604e-01,1.122495770454406738e+00
8.415362834930419922e-01,2.606222629547119141e-01,1.470019519329071045e-01
-1.596978753805160522e-01,1.708307266235351562e-01,3.990475237369537354e-01
-3.063354492187500000e-01,2.133636176586151123e-01,2.294708229601383209e-02
2.026805877685546875e-01,2.092399597167968750e-01,2.682537734508514404e-01
6.609917283058166504e-01,2.221434116363525391e-01,2.418469190597534180e-01
2.888280749320983887e-01,-2.519800662994384766e-01,6.105697751045227051e-01
6.455108523368835449e-01,2.872016429901123047e-01,4.559271037578582764e-01
-3.304328918457031250e-01,-1.711447685956954956e-01,1.235032439231872559e+00
2.248731069266796112e-02,-2.085256576538085938e-01,2.676263451576232910e-01
-5.157986283302307129e-01,-5.082313343882560730e-02,1.542940139770507812e-01
1.104018017649650574e-01,-2.603983879089355469e-01,6.378024220466613770e-01
4.813043177127838135e-01,5.193148925900459290e-02,2.230913639068603516e-01
5.173362493515014648e-01,2.899122238159179688e-02,3.980554044246673584e-01
7.511008381843566895e-01,2.413480281829833984e-01,4.349877834320068359e-01
-6.666033267974853516e-01,1.643323898315429688e-02,4.700012207031250000e-01
5.924609303474426270e-01,4.074069857597351074e-01,1.224459290504455566e+00
4.866363480687141418e-02,1.542904824018478394e-01,1.896607875823974609e-01
2.204196713864803314e-02,-2.637982368469238281e-01,5.098864436149597168e-01
1.106283292174339294e-01,2.547943592071533203e-01,3.559008836746215820e-01
-7.962651848793029785e-01,-2.509739398956298828e-01,5.154296755790710449e-02
2.207862399518489838e-02,2.592916488647460938e-01,4.169924855232238770e-01
-7.060180306434631348e-01,-2.317395210266113281e-01,1.465478539466857910e-01
-2.378085702657699585e-01,-3.232364654541015625e-01,6.565933227539062500e-01
1.949363052845001221e-01,3.158781528472900391e-01,4.706869423389434814e-01
-3.834896087646484375e-01,1.583302021026611328e-01,-1.322143524885177612e-02
3.631619215011596680e-01,3.646490573883056641e-01,5.262852311134338379e-01
-7.871813774108886719e-01,-8.650302886962890625e-02,2.342687994241714478e-01
2.631847858428955078e-01,-8.821564167737960815e-02,2.319222986698150635e-01
4.448543787002563477e-01,3.953940868377685547e-01,6.767166256904602051e-01
2.699539065361022949e-02,2.276970297098159790e-01,1.243148803710937500e+00
-5.435026288032531738e-01,-1.501350700855255127e-01,1.038658618927001953e-01
6.229701638221740723e-01,5.150485038757324219e-02,1.597604304552078247e-01
7.600560188293457031e-01,7.219989597797393799e-02,4.692280590534210205e-01
-1.044226169586181641e+00,-2.215023785829544067e-01,2.107339501380920410e-01
-8.141185045242309570e-01,-5.367916822433471680e-02,3.315861225128173828e-01
-7.634088993072509766e-01,1.081834584474563599e-01,4.429879784584045410e-01
3.508798182010650635e-01,1.231535300612449646e-01,1.091585397720336914e+00
-1.018912315368652344e+00,-1.358909606933593750e-01,3.161080777645111084e-01
2.025101482868194580e-01,-2.115859985351562500e-01,4.571070671081542969e-01
-4.338628947734832764e-01,-2.523633837699890137e-01,1.052825331687927246e+00
2.212986163794994354e-02,-2.528960704803466797e-01,7.035746574401855469e-01
8.986617624759674072e-02,1.787593811750411987e-01,1.156512379646301270e+00
1.079366877675056458e-01,3.215787410736083984e-01,7.182630896568298340e-01
7.511011958122253418e-01,2.413480281829833984e-01,2.740985155105590820e-01
4.733073413372039795e-01,4.482269275740691228e-07,1.130391001701354980e+00
1.087475717067718506e-01,3.014657497406005859e-01,5.342910885810852051e-01
-1.620861589908599854e-01,1.285231113433837891e-01,2.115240395069122314e-01
-1.067840933799743652e+00,-2.821367979049682617e-01,3.638607561588287354e-01
1.032240271568298340e+00,1.607973426580429077e-01,5.082457065582275391e-01
-9.700033664703369141e-01,-1.638784408569335938e-01,1.044708192348480225e-01
2.682769671082496643e-02,-1.699149459600448608e-01,1.247733592987060547e+00
4.674336910247802734e-01,-8.163211494684219360e-02,5.012841820716857910e-01
4.228625297546386719e-01,-8.306872099637985229e-02,3.050018250942230225e-01
7.351039052009582520e-01,-2.285487353801727295e-01,1.236569285392761230e+00
-6.216099262237548828e-01,-1.150421574711799622e-01,2.016796767711639404e-01
3.790684342384338379e-01,-1.876597404479980469e-01,1.064705848693847656e+00
1.135163456201553345e-01,-1.830987930297851562e-01,2.702743411064147949e-01
6.002243757247924805e-01,5.991268157958984375e-02,4.225732386112213135e-01
1.034257486462593079e-01,4.708660393953323364e-02,1.539210081100463867e+00
-8.327457904815673828e-01,-1.749589890241622925e-01,3.915740922093391418e-02
-1.021519184112548828e+00,-2.240740954875946045e-01,5.335212349891662598e-01
2.757605016231536865e-01,3.763122558593750000e-01,7.068871855735778809e-01
-5.603345632553100586e-01,1.032257080078125000e-02,6.017541289329528809e-01
-1.195907592773437500e-02,-2.769975364208221436e-01,1.295588374137878418e+00
-1.018912196159362793e+00,-1.358909606933593750e-01,4.271264672279357910e-01
3.584479391574859619e-01,3.988592624664306641e-01,6.107944846153259277e-01
-8.187450766563415527e-01,-1.733636856079101562e-01,2.492501735687255859e-01
4.234924316406250000e-01,1.163482693300466053e-06,3.919967710971832275e-01
-4.521234035491943359e-01,1.232402548193931580e-01,5.933790206909179688e-01
8.436427116394042969e-01,9.853625297546386719e-02,2.361831665039062500e-01
-8.257199525833129883e-01,-1.492831707000732422e-01,5.530437827110290527e-01
2.931728959083557129e-01,3.149712979793548584e-01,1.061912417411804199e+00
9.522592425346374512e-01,2.223327159881591797e-01,3.473351895809173584e-01
3.709576427936553955e-01,3.080809116363525391e-01,4.442887902259826660e-01
-1.726589202880859375e-01,-3.076428472995758057e-01,3.770464956760406494e-01
8.287342786788940430e-01,4.378128051757812500e-02,6.970632672309875488e-01
9.881482124328613281e-01,1.950830370187759399e-01,1.261566132307052612e-01
1.169292777776718140e-01,9.843754768371582031e-02,1.812451183795928955e-01
4.878265261650085449e-01,2.953139841556549072e-01,1.182864069938659668e+00
3.016386330127716064e-01,4.518073797225952148e-01,1.030958652496337891e+00
-4.734454154968261719e-01,1.222089082002639771e-01,1.578765809535980225e-01
-7.427035570144653320e-01,-3.207155466079711914e-01,9.727642536163330078e-01
-1.583289653062820435e-01,-1.951022148132324219e-01,2.693322598934173584e-01
-9.782162308692932129e-01,-2.897524833679199219e-01,2.440463155508041382e-01
-4.705243110656738281e-01,4.075539112091064453e-02,6.778585910797119141e-01
-4.436511993408203125e-01,1.236500591039657593e-01,2.453625500202178955e-01
7.538726925849914551e-01,4.291534310141287278e-07,1.055448770523071289e+00
-6.430770456790924072e-02,-2.056505531072616577e-01,1.413249254226684570e+00
-2.995040826499462128e-02,5.357788875699043274e-02,1.338073134422302246e+00
8.848876506090164185e-02,-1.174479052424430847e-01,1.180031776428222656e+00
4.968162477016448975e-01,9.115934371948242188e-02,5.498886108398437500e-01
-5.205461978912353516e-01,3.994945436716079712e-02,2.933267056941986084e-01
6.712696552276611328e-01,-5.894046649336814880e-02,6.581089496612548828e-01
-2.957572937011718750e-01,5.447794497013092041e-02,1.309876799583435059e+00
-5.661202669143676758e-01,-3.716767728328704834e-01,7.129890918731689453e-01
-4.998779296875000000e-02,1.106337904930114746e-01,1.285592436790466309e+00
-4.418599903583526611e-01,1.355857849121093750e-01,7.765951156616210938e-01
3.734564185142517090e-01,1.562431156635284424e-01,2.301375865936279297e-01
3.826006948947906494e-01,3.148072361946105957e-01,1.062920451164245605e+00
8.129498362541198730e-01,1.959144026041030884e-01,9.795720577239990234e-01
7.205500006675720215e-01,2.815270423889160156e-02,3.681933581829071045e-01
7.581492662429809570e-01,1.887414306402206421e-01,1.053546190261840820e+00
6.541486978530883789e-01,-6.022606790065765381e-02,1.131524443626403809e+00
7.335097193717956543e-01,3.059568405151367188e-01,3.931951820850372314e-01
-9.377061128616333008e-01,-2.373344898223876953e-01,4.366000294685363770e-01
3.146566748619079590e-01,-6.245374679565429688e-03,1.878814697265625000e-01
-9.735345244407653809e-01,-3.610286712646484375e-01,8.139785528182983398e-01
-1.075157642364501953e+00,-2.179992645978927612e-01,3.167242407798767090e-01
-4.250567853450775146e-01,2.445151805877685547e-01,-4.248504713177680969e-02
8.459591269493103027e-01,2.458546757698059082e-01,4.545140266418457031e-02
-1.079346060752868652e+00,-1.550512909889221191e-01,2.713531553745269775e-01
5.640432834625244141e-01,2.371389865875244141e-01,5.578579306602478027e-01
9.899265766143798828e-01,1.297135353088378906e-01,3.522912561893463135e-01
6.134675741195678711e-01,3.624050915241241455e-01,1.148864150047302246e+00
5.694724917411804199e-01,-5.861074477434158325e-02,1.181641697883605957e+00
5.517809987068176270e-01,2.357006520032882690e-01,1.181383848190307617e+00
-3.644868433475494385e-01,-1.778175085783004761e-01,1.166213750839233398e+00
2.996746897697448730e-01,-1.487889289855957031e-01,3.391207754611968994e-01
-7.211094498634338379e-01,1.725666522979736328e-01,4.439434707164764404e-01
1.089042648673057556e-01,-2.347236126661300659e-01,1.188938021659851074e+00
-1.072870850563049316e+00,-2.182582765817642212e-01,4.060693383216857910e-01
3.049198985099792480e-01,-1.222247406840324402e-01,1.106001496315002441e+00
-9.078125357627868652e-01,-1.341302394866943359e-01,2.036541700363159180e-01
-5.260258913040161133e-01,-1.933784484863281250e-01,2.418536394834518433e-01
-1.904980391263961792e-01,5.188292264938354492e-02,1.390393137931823730e+00
4.193206876516342163e-02,1.025779023766517639e-01,1.410439014434814453e+00
-3.473668992519378662e-01,-1.391682624816894531e-01,2.440853863954544067e-01
7.732326984405517578e-01,-6.425453722476959229e-02,1.006544113159179688e+00
8.262747526168823242e-01,3.474998474121093750e-02,5.860877633094787598e-01
2.905575037002563477e-01,2.355287075042724609e-01,2.976092398166656494e-01
3.089790344238281250e-01,1.856168359518051147e-01,1.085779428482055664e+00
1.758120656013488770e-01,-2.427840679883956909e-01,1.126732349395751953e+00
6.570893526077270508e-01,2.385427951812744141e-01,3.997353911399841309e-01
3.055205941200256348e-01,9.317064285278320312e-02,1.824261397123336792e-01
2.390695065259933472e-01,1.214888319373130798e-01,1.117392301559448242e+00
-6.266661882400512695e-01,1.642847061157226562e-01,4.418429434299468994e-01
4.870045483112335205e-01,5.255317687988281250e-01,1.238867878913879395e+00
8.185889720916748047e-01,6.522178649902343750e-03,4.388012588024139404e-01
7.253243923187255859e-01,7.331945747137069702e-02,4.098632559180259705e-02
-9.010463356971740723e-01,-1.107707023620605469e-01,5.664346218109130859e-01
1.057592988014221191e+00,2.517454326152801514e-01,3.874853551387786865e-01
-4.605937004089355469e-01,2.050022631883621216e-01,3.300231993198394775e-01
6.842619180679321289e-01,-1.243500709533691406e-01,7.570360898971557617e-01
6.229702830314636230e-01,5.150485038757324219e-02,3.334487974643707275e-01
9.594518542289733887e-01,1.232185363769531250e-01,4.970912039279937744e-01
7.035023570060729980e-01,-2.087711691856384277e-01,8.469846248626708984e-01
1.938986182212829590e-01,-1.197608411312103271e-01,1.144199252128601074e+00
5.378383994102478027e-01,4.768371582031250000e-07,1.212521433830261230e+00
-1.456526219844818115e-01,-2.916068732738494873e-01,6.121361255645751953e-01
-7.871814370155334473e-01,-8.650302886962890625e-02,6.669184565544128418e-01
-2.716830372810363770e-01,-1.070087626576423645e-01,1.341790914535522461e+00
-6.451749801635742188e-01,8.053278923034667969e-02,6.606744527816772461e-01
-1.775624006986618042e-01,-1.600641757249832153e-01,1.349306941032409668e+00
5.465341210365295410e-01,4.630453288555145264e-01,1.243627071380615234e+00
9.594519734382629395e-01,1.232185363769531250e-01,2.039233297109603882e-01
1.079494714736938477e+00,1.488029956817626953e-01,3.563885390758514404e-01
5.800896883010864258e-01,-1.585383415222167969e-01,7.770712375640869141e-01
6.180605292320251465e-01,4.025638103485107422e-01,7.154127359390258789e-01
-4.280123710632324219e-01,-2.253546714782714844e-01,7.522573471069335938e-01
-2.634029388427734375e-01,-3.164420127868652344e-01,5.360696315765380859e-01
7.401959300041198730e-01,6.150921806693077087e-02,1.091715931892395020e+00
-3.905918896198272705e-01,-5.694643780589103699e-02,1.233284592628479004e+00
6.609922051429748535e-01,2.221434116363525391e-01,5.142394825816154480e-02
1.324061602354049683e-01,-3.001528680324554443e-01,1.153095722198486328e+00
-3.299605846405029297e-01,2.825217247009277344e-01,1.895935088396072388e-02
-7.060181498527526855e-01,-2.317395210266113281e-01,3.058718740940093994e-01
-6.768941283226013184e-01,-6.299757957458496094e-02,5.649322271347045898e-02
-6.973514556884765625e-01,1.113786548376083374e-01,3.507409691810607910e-01
3.948329091072082520e-01,-1.348273754119873047e-01,3.746600151062011719e-01
-8.461685180664062500e-01,-1.041803881525993347e-01,3.883422911167144775e-02
5.182728171348571777e-01,1.731738597154617310e-01,1.214092135429382324e+00
-2.491731643676757812e-01,-1.953179836273193359e-01,3.014666736125946045e-01
6.525211930274963379e-01,3.101158440113067627e-01,1.091784715652465820e+00
3.837532997131347656e-01,2.152247428894042969e-01,3.009701371192932129e-01
-1.993493586778640747e-01,5.145557224750518799e-02,1.934642791748046875e-01
5.173363089561462402e-01,2.899122238159179688e-02,2.945931851863861084e-01
-3.185248374938964844e-01,4.320450127124786377e-02,2.271441668272018433e-01
7.141550183296203613e-01,1.279830932617187500e-03,6.817034482955932617e-01
7.412789463996887207e-01,3.281142413616180420e-01,9.810369014739990234e-01
-3.495287895202636719e-01,1.577254235744476318e-01,2.607607841491699219e-01
-6.635837256908416748e-02,2.545676231384277344e-01,6.388280987739562988e-01
4.132140874862670898e-01,2.885667681694030762e-01,1.224387645721435547e+00
-5.729461461305618286e-02,5.125274509191513062e-02,1.813008785247802734e-01
-9.782167077064514160e-01,-2.897529602050781250e-01,4.711062610149383545e-01
-5.607143044471740723e-01,8.296489715576171875e-03,6.725820899009704590e-01
9.283082485198974609e-01,2.008855193853378296e-01,8.365570008754730225e-02
-1.278689503669738770e-01,-5.125373601913452148e-02,1.807289123535156250e-01
7.316157221794128418e-01,7.466030120849609375e-02,3.029965162277221680e-01
-4.531321525573730469e-01,4.103563353419303894e-02,2.727163732051849365e-01
1.321502681821584702e-02,-5.123196169734001160e-02,1.790597438812255859e-01
9.324876070022583008e-01,2.800064086914062500e-01,5.029038786888122559e-01
6.366003155708312988e-01,-2.338335812091827393e-01,1.195792436599731445e+00
-6.007764935493469238e-01,-2.054548263549804688e-01,5.873290821909904480e-02
1.052527785301208496e+00,2.524018287658691406e-01,2.765435874462127686e-01
4.869221448898315430e-01,1.132513955235481262e-01,1.245033502578735352e+00
5.178688168525695801e-01,-1.317360997200012207e-01,9.586119651794433594e-01
3.612463176250457764e-01,-1.267932653427124023e-01,1.035204529762268066e+00
-8.656928539276123047e-01,-1.032358929514884949e-01,1.571548432111740112e-01
-2.559046745300292969e-01,1.195259094238281250e-01,6.726937890052795410e-01
6.081026196479797363e-01,-2.132272720336914062e-02,5.665016174316406250e-01
4.765697121620178223e-01,-2.096951007843017578e-01,5.600065588951110840e-01
2.052371203899383545e-01,1.740434169769287109e-01,2.083874493837356567e-01
-1.201354991644620895e-02,1.674207150936126709e-01,1.273481965065002441e+00
1.151199489831924438e-01,-1.433134078979492188e-01,2.102706879377365112e-01
7.511013150215148926e-01,2.413480281829833984e-01,1.149114966392517090e-01
1.219963058829307556e-01,-4.798312857747077942e-02,1.511400818824768066e+00
2.486144937574863434e-02,-5.255998671054840088e-02,1.369582891464233398e+00
-1.029236316680908203e-01,2.338764518499374390e-01,5.083447098731994629e-01
4.973089396953582764e-01,4.197236895561218262e-01,1.170777916908264160e+00
5.186527967453002930e-01,-1.156342551112174988e-01,1.208127498626708984e+00
-1.380874663591384888e-01,1.573527455329895020e-01,1.377280592918395996e+00
9.746758937835693359e-01,2.624913454055786133e-01,1.274658143520355225e-01
7.409858703613281250e-01,2.539758384227752686e-01,1.040379643440246582e+00
-9.571366310119628906e-01,-2.313658446073532104e-01,1.054617315530776978e-01
-1.165205389261245728e-01,-1.529085338115692139e-01,1.423124551773071289e+00
4.809968173503875732e-01,1.837811470031738281e-01,4.671200513839721680e-01
5.896564126014709473e-01,1.116757392883300781e-01,8.577483892440795898e-02
8.436419963836669922e-01,9.853625297546386719e-02,9.343993663787841797e-02
4.806396365165710449e-02,-1.762147545814514160e-01,1.182772278785705566e+00
4.739128649234771729e-01,2.252569198608398438e-01,5.568833947181701660e-01
3.808681666851043701e-01,-2.361648082733154297e-01,6.816732883453369141e-01
-5.612230300903320312e-02,-2.963426411151885986e-01,7.502087354660034180e-01
6.248437166213989258e-01,-1.786719113588333130e-01,1.157394886016845703e+00
-2.588428556919097900e-01,8.646249771118164062e-02,5.450529456138610840e-01
5.710194110870361328e-01,2.029676437377929688e-01,1.147366315126419067e-01
-4.870965480804443359e-01,-1.170681565999984741e-01,1.185906767845153809e+00
2.246826514601707458e-02,2.109005451202392578e-01,2.673983573913574219e-01
2.220909483730792999e-02,-2.430007457733154297e-01,3.261294364929199219e-01
4.743430912494659424e-01,-1.896482408046722412e-01,1.044193148612976074e+00
2.045471519231796265e-01,-1.835372447967529297e-01,3.340301513671875000e-01
-5.772747993469238281e-01,1.171867325901985168e-01,3.142050206661224365e-01
6.310714483261108398e-01,2.403121441602706909e-01,1.145804762840270996e+00
4.336280822753906250e-01,-6.081699207425117493e-02,1.113198161125183105e+00
7.090569734573364258e-01,1.824949085712432861e-01,1.117966651916503906e+00
5.314378142356872559e-01,3.968505859375000000e-01,7.118986248970031738e-01
-4.319333136081695557e-01,1.999349594116210938e-01,4.632261693477630615e-01
-8.314865082502365112e-02,5.222029983997344971e-02,1.379961729049682617e+00
2.188625335693359375e-01,3.645544052124023438e-01,6.408666968345642090e-01
-9.026687145233154297e-01,-1.693141907453536987e-01,6.122436374425888062e-02
-4.018542468547821045e-01,5.748571538788382895e-07,1.181408286094665527e+00
-2.804751396179199219e-01,-2.559902369976043701e-01,1.024838924407958984e+00
-7.357861995697021484e-01,-3.648133203387260437e-02,3.188958764076232910e-01
4.633100032806396484e-01,-1.636989563703536987e-01,4.736753702163696289e-01
1.789758205413818359e-01,3.694452345371246338e-01,1.112912893295288086e+00
6.710073947906494141e-01,5.964947864413261414e-02,1.149412989616394043e+00
7.335978746414184570e-01,3.056347370147705078e-01,5.524372458457946777e-01
5.427302122116088867e-01,3.415369987487792969e-01,6.311662197113037109e-01
8.641409873962402344e-01,6.884510070085525513e-02,4.722018241882324219e-01
-1.057977676391601562e+00,-2.199450135231018066e-01,4.775305092334747314e-01
6.600128114223480225e-02,-2.267145812511444092e-01,1.250719308853149414e+00
-4.252935051918029785e-01,2.429804801940917969e-01,1.741119325160980225e-01
-1.082530856132507324e+00,-1.547942459583282471e-01,4.250781238079071045e-01
5.576458573341369629e-01,2.684752941131591797e-01,6.160297989845275879e-01
1.997317671775817871e-01,-2.498426437377929688e-01,7.388432025909423828e-01
2.227232307195663452e-01,3.093819618225097656e-01,1.096307754516601562e+00
6.646056771278381348e-01,1.472471654415130615e-01,4.418230056762695312e-02
1.115159615874290466e-01,2.403527796268463135e-01,1.145504951477050781e+00
3.276675343513488770e-01,4.816055252376827411e-07,1.095484256744384766e+00
5.884329080581665039e-01,5.828843638300895691e-02,1.191641330718994141e+00
-7.060180306434631348e-01,-2.317395210266113281e-01,5.651826262474060059e-01
-5.177452564239501953e-01,-2.375619411468505859e-01,6.867028474807739258e-01
-6.159996390342712402e-01,-2.125539779663085938e-01,6.307977437973022461e-01
8.415369987487792969e-01,2.606225013732910156e-01,6.000061035156250000e-01
3.987791240215301514e-01,-6.589735299348831177e-02,9.555921554565429688e-01
-6.653999537229537964e-02,2.470743656158447266e-01,3.567163050174713135e-01
-8.869337439537048340e-01,-2.702980041503906250e-01,5.678146481513977051e-01
4.809971153736114502e-01,1.837813854217529297e-01,2.101229876279830933e-01
2.870626151561737061e-01,2.687804698944091797e-01,3.557491898536682129e-01
-4.703451395034790039e-01,1.493595987558364868e-01,8.783888816833496094e-02
-1.596497446298599243e-01,1.716871261596679688e-01,5.604229569435119629e-01
-5.327991843223571777e-01,1.572396755218505859e-01,3.746612370014190674e-01
4.282353222370147705e-01,1.712133735418319702e-01,1.234304666519165039e+00
8.415365219116210938e-01,2.606222629547119141e-01,4.685464501380920410e-01
-6.768932342529296875e-01,-6.299734115600585938e-02,5.845361351966857910e-01
-3.453584313392639160e-01,1.557166576385498047e-01,5.668246150016784668e-01
-4.284851849079132080e-01,-2.222867012023925781e-01,6.210458278656005859e-01
-3.387539088726043701e-01,-2.101027965545654297e-01,3.640557825565338135e-01
3.273460268974304199e-01,4.497497379779815674e-01,9.710814952850341797e-01
-6.768938302993774414e-01,-6.299734115600585938e-02,6.567831039428710938e-01
7.908851504325866699e-01,6.362044811248779297e-02,1.026216149330139160e+00
3.924330174922943115e-01,4.673003957123000873e-07,1.099469304084777832e+00
2.594352662563323975e-01,4.529952946086268639e-07,1.120059609413146973e+00
3.916374444961547852e-01,1.580111980438232422e-01,4.040008485317230225e-01
-2.547285258769989014e-01,1.327743530273437500e-01,3.728814721107482910e-01
-3.379452526569366455e-01,-2.167706489562988281e-01,7.512412667274475098e-01
4.981300830841064453e-01,4.065949916839599609e-01,6.193047761917114258e-01
-7.962651848793029785e-01,-2.509739398956298828e-01,3.707446157932281494e-01
3.706147670745849609e-01,1.834744215011596680e-01,1.107866406440734863e+00
2.180039882659912109e-02,2.938089370727539062e-01,6.295333504676818848e-01
6.455110311508178711e-01,2.872018814086914062e-01,6.161785721778869629e-01
-9.782162904739379883e-01,-2.897524833679199219e-01,3.084954619407653809e-01
4.107707142829895020e-01,2.421126365661621094e-01,1.131918072700500488e+00
1.103081479668617249e-01,-2.627160549163818359e-01,5.735801458358764648e-01
2.956096529960632324e-01,-1.874594688415527344e-01,4.302648901939392090e-01
2.398866266012191772e-01,-2.433053553104400635e-01,1.122714757919311523e+00
6.464042663574218750e-01,-1.518834084272384644e-01,6.319556832313537598e-01
4.527935683727264404e-01,1.207920536398887634e-01,1.128178596496582031e+00
8.415367007255554199e-01,2.606222629547119141e-01,3.068194389343261719e-01
1.027177453041076660e+00,2.556869685649871826e-01,4.860540628433227539e-01
7.364569902420043945e-01,2.951323986053466797e-01,6.849423050880432129e-01
3.825536668300628662e-01,-2.239341735839843750e-01,5.221865773200988770e-01
-5.846457481384277344e-01,3.891678899526596069e-02,3.129238784313201904e-01
-6.757614016532897949e-02,1.622740775346755981e-01,1.326524853706359863e+00
-6.701889634132385254e-02,-2.272653579711914062e-01,5.168281197547912598e-01
7.085621356964111328e-01,-1.707580089569091797e-01,1.239007949829101562e+00
8.436424136161804199e-01,9.853625297546386719e-02,3.078692555427551270e-01
-1.584689319133758545e-01,-1.926236152648925781e-01,4.278018176555633545e-01
-4.723571613430976868e-02,-5.229960381984710693e-02,1.377528071403503418e+00
-4.280002117156982422e-01,-2.254323959350585938e-01,4.271233975887298584e-01
-4.622515738010406494e-01,-5.814733728766441345e-02,1.196024537086486816e+00
-7.114412784576416016e-01,-2.104759216308593750e-01,7.372848391532897949e-01
-3.624330163002014160e-01,5.184647307032719254e-07,1.268980622291564941e+00
-6.707632541656494141e-02,-2.248687744140625000e-01,6.457384824752807617e-01
-5.260264277458190918e-01,-1.933784484863281250e-01,1.464770436286926270e-01
-9.390093088150024414e-01,-2.418332099914550781e-01,2.858621180057525635e-01
-4.279640614986419678e-01,-2.256643772125244141e-01,3.005480766296386719e-01
-5.170648694038391113e-01,-2.411901950836181641e-01,3.635970950126647949e-01
6.078792810440063477e-01,-2.241563796997070312e-02,4.279626309871673584e-01
9.076876640319824219e-01,1.350205838680267334e-01,6.100646778941154480e-02
6.417708992958068848e-01,1.181103810667991638e-01,1.169736266136169434e+00
-3.671891689300537109e-01,-1.129391267895698547e-01,1.249895930290222168e+00
2.905097901821136475e-01,-2.359812259674072266e-01,5.498248338699340820e-01
-5.260257720947265625e-01,-1.933784484863281250e-01,4.668734669685363770e-01
1.991860121488571167e-01,-2.573571205139160156e-01,6.076330542564392090e-01
1.762463301420211792e-01,2.433835715055465698e-01,1.122107148170471191e+00
-5.697984099388122559e-01,-4.017233848571777344e-02,1.243176236748695374e-01
-6.713797152042388916e-02,-2.223384380340576172e-01,3.599215745925903320e-01
2.599804699420928955e-01,5.113426595926284790e-02,1.735491752624511719e-01
-4.262696802616119385e-01,-1.768593937158584595e-01,1.176087498664855957e+00
7.964260578155517578e-01,7.102765887975692749e-02,3.856027126312255859e-01
2.407760620117187500e-01,1.833766847848892212e-01,1.108883857727050781e+00
-1.702513098716735840e-01,-5.122881755232810974e-02,1.410697221755981445e+00
8.586154580116271973e-01,2.050256729125976562e-01,5.113845467567443848e-01
9.324873089790344238e-01,2.800064086914062500e-01,5.688465833663940430e-01
5.111770629882812500e-01,5.701339989900588989e-02,1.231201529502868652e+00
3.562655448913574219e-01,-1.650844961404800415e-01,4.129600524902343750e-01
1.114950627088546753e-01,-2.332758903503417969e-01,4.212786853313446045e-01
1.112546026706695557e-01,2.392532825469970703e-01,2.958199977874755859e-01
-6.775336712598800659e-02,-1.968581676483154297e-01,2.374890148639678955e-01
3.989525139331817627e-01,1.049304008483886719e-01,1.824005097150802612e-01
6.543121300637722015e-03,5.072006583213806152e-02,1.426772356033325195e+00
-8.869334459304809570e-01,-2.702975273132324219e-01,1.153576597571372986e-01
2.617974877357482910e-01,1.544203758239746094e-01,1.924600601196289062e-01
-1.031706690788269043e+00,-2.874131202697753906e-01,2.129705697298049927e-01
-3.248321712017059326e-01,-3.247582912445068359e-01,4.100079238414764404e-01
3.511822521686553955e-01,6.166258826851844788e-02,1.086965203285217285e+00
9.899263381958007812e-01,1.297135204076766968e-01,1.481417864561080933e-01
7.405369281768798828e-01,1.230100765824317932e-01,1.093809604644775391e+00
6.788349151611328125e-01,7.481784373521804810e-02,1.708029210567474365e-01
1.993724554777145386e-01,2.547903060913085938e-01,3.255795240402221680e-01
2.200219593942165375e-02,2.687728404998779297e-01,4.777044653892517090e-01
6.609916687011718750e-01,2.221434116363525391e-01,3.057156205177307129e-01
2.097760885953903198e-01,-1.115393638610839844e-01,2.129965126514434814e-01
-1.026173949241638184e+00,-6.169766187667846680e-02,8.292300701141357422e-01
-1.018912196159362793e+00,-1.358909606933593750e-01,5.391045808792114258e-01
-5.653634071350097656e-01,-3.922728821635246277e-02,5.664175152778625488e-01
2.605331316590309143e-02,-2.197493314743041992e-01,1.304471135139465332e+00
4.667564332485198975e-01,6.580352760465757456e-07,1.238549590110778809e+00
-7.038929462432861328e-01,3.699538111686706543e-02,3.493813872337341309e-01
6.396086812019348145e-01,1.330041885375976562e-01,2.351751625537872314e-01
4.003065526485443115e-01,9.510302543640136719e-02,3.798547387123107910e-01
-1.000314474105834961e+00,-2.264756411314010620e-01,1.480105519294738770e-01
1.056886911392211914e+00,1.884176433086395264e-01,2.309243679046630859e-01
-3.277908265590667725e-02,1.172126233577728271e-01,1.183656811714172363e+00
-1.013426542282104492e+00,-1.603728681802749634e-01,1.465814113616943359e-01
