4.175579845905303955e-01,-2.752861678600311279e-01,8.759539127349853516e-01
-8.146870136260986328e-01,5.386320948600769043e-01,1.906301826238632202e-01
-3.945149183273315430e-01,2.563121616840362549e-01,1.022349596023559570e+00
-1.278091371059417725e-01,-5.122975632548332214e-02,1.792430877685546875e-01
7.166280746459960938e-01,-3.710857927799224854e-01,4.166137427091598511e-02
9.075576812028884888e-02,-4.902908578515052795e-02,1.478981494903564453e+00
-1.568010449409484863e-01,-2.221765518188476562e-01,7.455001473426818848e-01
2.178736589848995209e-02,2.954132556915283203e-01,5.976467728614807129e-01
-7.316603660583496094e-01,6.064566373825073242e-01,7.479293942451477051e-01
-5.535590648651123047e-01,1.183337792754173279e-01,5.128182768821716309e-01
3.936556875705718994e-01,-5.491750687360763550e-02,4.084179401397705078e-01
1.475407332181930542e-01,4.028443396091461182e-01,1.244346022605895996e+00
8.021709918975830078e-01,-3.571833968162536621e-01,5.702636837959289551e-01
4.923105239868164062e-03,3.881766498088836670e-01,-1.255065854638814926e-02
-2.484751790761947632e-01,-3.389980196952819824e-01,1.268428087234497070e+00
-4.901309013366699219e-01,2.252242267131805420e-01,6.298522651195526123e-02
7.135658264160156250e-01,4.005432003850728506e-07,1.097116112709045410e+00
1.445724517107009888e-01,6.581939756870269775e-02,9.580543041229248047e-01
-4.682539403438568115e-01,5.016212463378906250e-01,4.155981242656707764e-01
1.920340359210968018e-01,-3.558323383331298828e-01,5.550767183303833008e-01
7.398025691509246826e-02,-3.171577453613281250e-01,1.048452615737915039e+00
3.356835842132568359e-01,-5.921581983566284180e-01,1.055269718170166016e+00
1.985182315111160278e-01,-2.665514945983886719e-01,1.710546910762786865e-01
5.228261947631835938e-01,-4.390318393707275391e-01,3.385888636112213135e-01
-1.491625905036926270e-01,1.134122535586357117e-01,1.242553114891052246e+00
-7.023765444755554199e-01,1.783061027526855469e-01,8.336248397827148438e-01
-8.224549293518066406e-01,3.179683685302734375e-01,4.862709045410156250e-01
4.082670211791992188e-01,3.733921051025390625e-02,7.307116389274597168e-01
-1.688917577266693115e-01,2.649328410625457764e-01,2.817265987396240234e-01
-3.141922652721405029e-01,4.123933315277099609e-01,6.984393000602722168e-01
-3.117606639862060547e-01,-1.300295442342758179e-01,4.400414824485778809e-01
1.167370751500129700e-01,1.031990051269531250e-01,3.429339528083801270e-01
-3.651288151741027832e-01,7.107496261596679688e-03,8.116695880889892578e-01
5.108817815780639648e-01,-4.975395202636718750e-01,6.843624711036682129e-01
8.482308387756347656e-01,-4.937346279621124268e-01,2.859820425510406494e-01
4.316496253013610840e-01,6.377013772726058960e-02,1.021578073501586914e+00
5.854118466377258301e-01,-1.760469079017639160e-01,6.395869255065917969e-01
-5.241738557815551758e-01,4.797906279563903809e-01,9.090025424957275391e-01
2.254306711256504059e-02,-2.015829086303710938e-01,3.940954506397247314e-01
4.608621001243591309e-01,-2.483700364828109741e-01,7.660079002380371094e-02
6.958027482032775879e-01,-2.749814093112945557e-01,8.783035278320312500e-01
4.070104956626892090e-01,-2.398962527513504028e-01,1.149018168449401855e+00
-6.506411433219909668e-01,2.646425366401672363e-01,2.781670093536376953e-01
-2.539374530315399170e-01,1.416747570037841797e-01,5.018872022628784180e-01
-6.400743126869201660e-01,4.417171478271484375e-01,2.500581741333007812e-02
1.689717769622802734e-01,-3.589037358760833740e-01,8.167837262153625488e-01
-3.892634510993957520e-01,5.301562324166297913e-02,2.903859615325927734e-01
2.096758186817169189e-01,1.129224300384521484e-01,5.726620554924011230e-01
6.616815924644470215e-01,-2.411272525787353516e-01,3.912933170795440674e-01
3.305605947971343994e-01,-5.107588693499565125e-02,1.699883937835693359e-01
-5.726352334022521973e-01,4.087784290313720703e-01,6.173121333122253418e-01
-1.831468194723129272e-01,2.779269814491271973e-01,8.555762767791748047e-01
-5.942550674080848694e-02,-1.315238475799560547e-01,9.619538784027099609e-01
8.365859836339950562e-02,1.664114892482757568e-01,1.283851504325866699e+00
-6.923385709524154663e-02,-1.109320074319839478e-01,1.281054139137268066e+00
-8.525381088256835938e-01,3.427598476409912109e-01,9.243609309196472168e-01
-4.154192209243774414e-01,3.069920539855957031e-01,2.917379736900329590e-01
-8.700928092002868652e-01,4.115886688232421875e-01,6.965280175209045410e-01
-7.991434931755065918e-01,5.404882431030273438e-01,4.228253066539764404e-01
5.689376592636108398e-01,-6.917016953229904175e-02,8.540453910827636719e-01
5.061689615249633789e-01,-4.689399302005767822e-01,9.562873840332031250e-01
3.730720579624176025e-01,-2.927365303039550781e-01,4.157827794551849365e-01
5.248808860778808594e-02,1.902080625295639038e-01,7.914257645606994629e-01
2.153691463172435760e-02,3.265027999877929688e-01,3.765032887458801270e-01
-5.502856969833374023e-01,5.099122524261474609e-01,2.159933447837829590e-01
-3.006135523319244385e-01,6.365473568439483643e-02,1.025182247161865234e+00
1.188140809535980225e-01,-5.115539953112602234e-02,1.747155189514160156e-01
2.212162874639034271e-02,-2.539193630218505859e-01,6.388128399848937988e-01
-2.205017022788524628e-02,1.538161486387252808e-01,1.795852184295654297e-01
2.910459935665130615e-01,-6.794480979442596436e-02,8.920648097991943359e-01
5.935920476913452148e-01,-1.904012262821197510e-01,1.036430716514587402e+00
-3.630030453205108643e-01,-1.038980484008789062e-02,5.957860946655273438e-01
6.732456684112548828e-01,-5.272996425628662109e-01,5.662783980369567871e-01
-6.258532404899597168e-02,4.106714725494384766e-01,1.904922425746917725e-01
-4.139513969421386719e-01,3.165071010589599609e-01,5.371612310409545898e-01
4.778456687927246094e-01,-2.022259235382080078e-01,2.721053957939147949e-01
-1.616273224353790283e-01,-1.366727352142333984e-01,5.673609972000122070e-01
-5.025489926338195801e-01,1.391245871782302856e-01,8.441016674041748047e-01
6.423383951187133789e-01,-3.005359172821044922e-01,2.040798962116241455e-01
2.868453860282897949e-01,-3.993545770645141602e-01,9.601287841796875000e-01
3.523667752742767334e-01,-4.429905414581298828e-01,6.004317998886108398e-01
1.478236317634582520e-01,-2.016186267137527466e-01,9.207839965820312500e-01
-1.521679908037185669e-01,3.042352199554443359e-01,5.341589450836181641e-01
-4.048809707164764404e-01,3.485398292541503906e-01,8.553571701049804688e-01
-2.240788191556930542e-01,-6.742555648088455200e-02,9.082159996032714844e-01
-8.060927391052246094e-01,3.929226994514465332e-01,3.138693273067474365e-01
1.965713649988174438e-01,-2.933564186096191406e-01,3.515402078628540039e-01
6.873529553413391113e-01,-4.754843711853027344e-01,1.924288868904113770e-01
-6.445333957672119141e-01,4.728133678436279297e-01,3.672790527343750000e-01
-8.060929775238037109e-01,3.929227292537689209e-01,8.958007395267486572e-02
-3.136835098266601562e-01,4.165821075439453125e-01,3.959350585937500000e-01
6.271734833717346191e-01,-3.642671108245849609e-01,6.938758492469787598e-01
5.202164053916931152e-01,-4.518156051635742188e-01,5.145117044448852539e-01
-5.175885558128356934e-01,2.383940219879150391e-01,6.535893082618713379e-01
-1.647493392229080200e-01,-8.134746551513671875e-02,3.457900881767272949e-01
2.676405310630798340e-01,1.248949915170669556e-01,1.064604640007019043e+00
2.091292142868041992e-01,1.204459667205810547e-01,7.736061215400695801e-01
2.831828594207763672e-01,-4.794154167175292969e-01,7.718319296836853027e-01
-5.517504811286926270e-01,2.646625936031341553e-01,9.579186439514160156e-01
4.126286208629608154e-01,5.683898925781250000e-03,5.632400512695312500e-01
-2.617286741733551025e-01,5.397677421569824219e-02,1.845971643924713135e-01
4.846966564655303955e-01,-1.696917712688446045e-01,5.082097053527832031e-01
7.621666789054870605e-01,-5.189869403839111328e-01,4.243554472923278809e-01
-2.241854816675186157e-01,1.829188913106918335e-01,1.113615870475769043e+00
5.637562274932861328e-01,-4.036155641078948975e-01,1.043572947382926941e-01
-7.515341639518737793e-01,4.007542133331298828e-01,8.101687431335449219e-01
-8.884916305541992188e-01,5.204410552978515625e-01,5.569556951522827148e-01
-6.580036133527755737e-02,2.776768207550048828e-01,7.296571135520935059e-01
4.512913525104522705e-01,-3.774679899215698242e-01,1.071922898292541504e+00
2.276344224810600281e-02,-1.742420196533203125e-01,2.393429577350616455e-01
-4.942029416561126709e-01,3.631718158721923828e-01,1.376153528690338135e-01
3.730720579624176025e-01,-2.927365303039550781e-01,2.009921222925186157e-01
2.073240280151367188e-02,1.922573447227478027e-01,4.542165994644165039e-01
-5.375208854675292969e-01,1.588346064090728760e-01,2.837178707122802734e-01
-7.063469886779785156e-01,3.349226415157318115e-01,5.936495661735534668e-01
2.429977357387542725e-01,5.532221496105194092e-02,4.334270954132080078e-01
-2.171945124864578247e-01,4.142656280237133615e-07,1.163898110389709473e+00
7.571992874145507812e-01,-3.644921779632568359e-01,4.234112501144409180e-01
-3.746774196624755859e-01,2.177738696336746216e-01,1.734695434570312500e-01
-6.841719746589660645e-01,3.173956871032714844e-01,4.212036132812500000e-01
2.555282600224018097e-02,3.997881776740541682e-07,1.325904726982116699e+00
2.978026270866394043e-01,-1.665952205657958984e-01,3.690591454505920410e-01
-5.826892852783203125e-01,1.089508533477783203e-01,6.989410519599914551e-01
-6.613554358482360840e-01,4.068551063537597656e-01,2.266638129949569702e-01
6.565462946891784668e-01,-4.192222952842712402e-01,8.586449623107910156e-01
8.195142745971679688e-01,-4.268836379051208496e-01,1.386764496564865112e-01
-3.829432725906372070e-01,1.728037446737289429e-01,5.724840164184570312e-01
-2.741119861602783203e-01,-1.318506151437759399e-01,6.667987108230590820e-01
-7.249099016189575195e-01,4.973227977752685547e-01,5.455328226089477539e-01
2.155584245920181274e-01,3.192329406738281250e-02,2.520513832569122314e-01
5.208626985549926758e-01,-4.962921142578125000e-02,6.836291551589965820e-01
-5.433986186981201172e-01,5.410788059234619141e-01,5.564526319503784180e-01
-3.812127113342285156e-01,4.219450801610946655e-02,4.580830335617065430e-01
3.954171538352966309e-01,-1.306155323982238770e-01,9.759752750396728516e-01
-2.050036638975143433e-01,-1.672681570053100586e-01,1.275018095970153809e+00
-4.921841621398925781e-02,1.967711746692657471e-01,3.271441459655761719e-01
4.081873893737792969e-01,-4.976687431335449219e-01,8.415580391883850098e-01
4.992878735065460205e-01,-1.213415339589118958e-01,1.119686126708984375e+00
-6.150966882705688477e-01,2.818624973297119141e-01,2.312560938298702240e-02
4.146165251731872559e-01,4.386901650832442101e-07,8.732960224151611328e-01
2.724874913692474365e-01,-2.763706743717193604e-01,8.675909042358398438e-01
5.894062519073486328e-01,-2.897672653198242188e-01,2.494079619646072388e-02
6.750679016113281250e-01,-3.013226389884948730e-01,5.453481674194335938e-01
-1.634774804115295410e-01,1.539695858955383301e-01,1.831774711608886719e-01
1.141752973198890686e-01,1.667792797088623047e-01,6.595974564552307129e-01
-5.981709957122802734e-01,2.720206379890441895e-01,5.341206192970275879e-01
-1.491332985460758209e-02,-2.078308314085006714e-01,8.567543029785156250e-01
6.425924301147460938e-01,-6.443675607442855835e-02,9.992306232452392578e-01
-4.656162261962890625e-01,4.083444550633430481e-02,6.791738867759704590e-01
1.095058545470237732e-01,-2.826256752014160156e-01,4.756520092487335205e-01
5.820841789245605469e-01,-3.232622742652893066e-01,1.010893106460571289e+00
-6.367461681365966797e-01,1.907817423343658447e-01,4.146758913993835449e-01
-1.248849481344223022e-01,3.496741056442260742e-01,8.744096755981445312e-02
-4.228709340095520020e-01,1.300643682479858398e-01,9.845058917999267578e-01
-4.437642097473144531e-01,4.463287591934204102e-01,6.073484420776367188e-01
4.856759607791900635e-01,-3.660588860511779785e-01,2.321398258209228516e-01
7.022860050201416016e-01,-3.734164237976074219e-01,3.015493750572204590e-01
-2.803397178649902344e-01,1.315494775772094727e-01,2.915212810039520264e-01
-4.965660870075225830e-01,3.505616188049316406e-01,7.222756743431091309e-01
5.890350043773651123e-02,-2.875936627388000488e-01,7.810146808624267578e-01
-2.153210341930389404e-01,2.584883570671081543e-01,1.005561828613281250e+00
-8.756468892097473145e-01,4.333670139312744141e-01,4.191253483295440674e-01
2.957835197448730469e-01,6.905078887939453125e-02,8.577508926391601562e-01
9.853100776672363281e-02,9.352290630340576172e-02,2.135052382946014404e-01
-8.444837927818298340e-01,3.111784458160400391e-01,7.949007749557495117e-01
4.436776638031005859e-01,-1.383749097585678101e-01,8.557436466217041016e-01
3.073126971721649170e-01,7.611250877380371094e-02,6.496450901031494141e-01
-7.249099016189575195e-01,4.973227977752685547e-01,1.047216802835464478e-01
-5.309905856847763062e-02,1.761292070150375366e-01,1.183627009391784668e+00
6.668823212385177612e-02,5.741746351122856140e-02,1.218798279762268066e+00
-2.600021362304687500e-01,-7.342624664306640625e-02,7.872613072395324707e-01
6.373565793037414551e-01,-1.219732761383056641e-01,7.412117123603820801e-01
-6.819186359643936157e-02,-1.787345409393310547e-01,4.935806095600128174e-01
-2.346506267786026001e-01,3.587629795074462891e-01,6.168234348297119141e-01
4.170215129852294922e-01,-1.666859835386276245e-01,1.615490615367889404e-01
5.198181271553039551e-01,4.386901650832442101e-07,9.466683864593505859e-01
3.315745592117309570e-01,-3.702757656574249268e-01,1.108661890029907227e+00
1.433920264244079590e-01,2.808221578598022461e-01,1.272049546241760254e+00
-7.724465727806091309e-01,4.953804016113281250e-01,7.081838846206665039e-01
-2.817852795124053955e-01,-1.607364416122436523e-01,3.229899406433105469e-01
3.757438659667968750e-01,-8.458755910396575928e-02,2.811123728752136230e-01
2.599795460700988770e-01,-1.533483266830444336e-01,1.702969074249267578e-01
3.275984227657318115e-01,-2.620860338211059570e-01,9.778037071228027344e-01
5.957982540130615234e-01,-4.961216449737548828e-01,4.208148121833801270e-01
-3.158247172832489014e-01,3.989493846893310547e-01,5.183517336845397949e-01
-3.757715225219726562e-02,2.945443987846374512e-01,2.244518995285034180e-01
-8.516128063201904297e-01,5.295308828353881836e-01,3.115975856781005859e-01
-4.779618084430694580e-01,9.845185279846191406e-02,4.061187505722045898e-01
-1.261819452047348022e-01,4.512618545504665235e-07,1.284451961517333984e+00
-2.653463184833526611e-01,-1.327371597290039062e-02,2.874639928340911865e-01
-8.756464719772338867e-01,4.333665370941162109e-01,2.211495935916900635e-01
-1.539126485586166382e-01,2.733249664306640625e-01,4.155041277408599854e-01
1.904252618551254272e-01,-3.779914379119873047e-01,6.732827425003051758e-01
1.904742419719696045e-01,-4.417864084243774414e-01,9.007346630096435547e-01
-6.305979937314987183e-02,3.910410404205322266e-01,3.086978197097778320e-01
-2.769454941153526306e-02,-3.217539191246032715e-01,9.855720996856689453e-01
-7.063469886779785156e-01,3.349227309226989746e-01,1.189044192433357239e-01
-3.269195556640625000e-01,-1.292963325977325439e-01,5.603260397911071777e-01
4.275939986109733582e-02,-1.046023741364479065e-01,1.379132986068725586e+00
-3.168385326862335205e-01,3.719209134578704834e-01,2.838692665100097656e-01
8.531665802001953125e-01,-4.202951192855834961e-01,3.826065063476562500e-01
-3.104766830801963806e-02,1.110212877392768860e-01,1.279598236083984375e+00
-2.887850999832153320e-01,3.576103150844573975e-01,7.995491027832031250e-01
1.114286556839942932e-01,-2.349102497100830078e-01,2.962853908538818359e-01
-7.473931312561035156e-01,2.551204562187194824e-01,3.449087440967559814e-01
4.380681514739990234e-01,-1.789240837097167969e-01,3.795809745788574219e-01
2.898245453834533691e-01,-2.425065040588378906e-01,2.658160328865051270e-01
-5.182797312736511230e-01,3.598203659057617188e-01,2.354522608220577240e-02
-3.389214873313903809e-01,3.325191140174865723e-01,9.539370536804199219e-01
-4.749140739440917969e-01,4.660851955413818359e-01,3.049496412277221680e-01
-5.917775034904479980e-01,5.630169510841369629e-01,8.644275665283203125e-01
1.143510043621063232e-01,1.624178886413574219e-01,5.291900634765625000e-01
-3.168601989746093750e-01,6.043631515240122098e-07,9.173929691314697266e-01
-5.142682790756225586e-01,2.561097145080566406e-01,1.742388904094696045e-01
1.979104578495025635e-01,-5.031317472457885742e-02,1.439098238945007324e+00
-6.934572756290435791e-02,-1.309967041015625000e-01,3.072601258754730225e-01
5.084069967269897461e-01,-2.466023564338684082e-01,1.097269058227539062e+00
2.804421186447143555e-01,-3.317751884460449219e-01,4.692403972148895264e-01
6.873525977134704590e-01,-4.754841327667236328e-01,7.612975686788558960e-02
2.969250679016113281e-01,1.182556161438697018e-06,3.501543998718261719e-01
5.538789629936218262e-01,-2.429399490356445312e-01,4.261712431907653809e-01
-7.249097824096679688e-01,4.973227977752685547e-01,2.497927844524383545e-01
4.145742654800415039e-01,-5.118375420570373535e-01,1.058554887771606445e+00
-6.461938470602035522e-02,3.265359401702880859e-01,4.677227735519409180e-01
8.075487613677978516e-01,-3.937695026397705078e-01,2.565698325634002686e-01
5.405056476593017578e-01,-2.384893745183944702e-01,1.542266756296157837e-01
5.235474109649658203e-01,-7.982337474822998047e-02,5.763705372810363770e-01
-2.763861119747161865e-01,2.625793814659118652e-01,2.525594234466552734e-01
-4.263276457786560059e-01,1.590042859315872192e-01,2.872490882873535156e-01
-6.784825772047042847e-02,-1.929199695587158203e-01,6.860578656196594238e-01
4.533336162567138672e-01,-3.911094069480895996e-01,4.502024650573730469e-01
-1.506253033876419067e-01,3.315641880035400391e-01,6.844921708106994629e-01
-6.180241107940673828e-01,2.033946514129638672e-01,7.674276828765869141e-01
-4.139512479305267334e-01,3.165071010589599609e-01,7.900481671094894409e-02
-4.975342750549316406e-01,1.210437342524528503e-01,6.121456623077392578e-01
6.945620775222778320e-01,-4.490070343017578125e-01,7.084191441535949707e-01
2.175354957580566406e-02,-2.439414113759994507e-01,5.302214026451110840e-01
-5.725280568003654480e-02,5.121508613228797913e-02,1.789643764495849609e-01
-3.645121753215789795e-01,2.037286758422851562e-03,7.034617662429809570e-01
1.080764457583427429e-01,-3.181037902832031250e-01,6.243679523468017578e-01
-2.359323501586914062e-01,3.443419933319091797e-01,3.754516541957855225e-01
3.097288906574249268e-01,5.313086509704589844e-02,5.182437300682067871e-01
4.909472465515136719e-01,-3.438960313796997070e-01,3.645873069763183594e-02
-4.618942141532897949e-01,4.016076326370239258e-01,9.486231803894042969e-01
5.988622307777404785e-01,-4.832453727722167969e-01,2.769802808761596680e-01
-2.473340034484863281e-01,2.160046100616455078e-01,4.252328276634216309e-01
-2.517435550689697266e-01,-4.428038373589515686e-02,4.181817471981048584e-01
2.241628058254718781e-02,2.173423767089843750e-01,6.799126863479614258e-01
8.180036544799804688e-01,-4.271793663501739502e-01,4.913046061992645264e-01
1.266358941793441772e-01,1.367527097463607788e-01,8.808870315551757812e-01
6.277880668640136719e-01,-2.300260514020919800e-01,2.819195389747619629e-01
1.541415303945541382e-01,-1.534857004880905151e-01,1.730065345764160156e-01
-2.201904170215129852e-02,-5.121604725718498230e-02,1.772527694702148438e-01
2.245526015758514404e-01,-5.112298205494880676e-02,1.728103160858154297e-01
-3.197175562381744385e-01,1.887290030717849731e-01,1.053687453269958496e+00
-1.487184166908264160e-01,3.653457164764404297e-01,2.529852092266082764e-01
3.641921877861022949e-01,-3.571765422821044922e-01,5.277773737907409668e-01
5.941271781921386719e-02,2.851396203041076660e-01,4.830416738986968994e-01
-2.132201194763183594e-02,3.915773928165435791e-01,8.864685148000717163e-02
-3.920272886753082275e-01,4.586324691772460938e-01,4.791648685932159424e-01
6.073732972145080566e-01,-4.474771022796630859e-01,5.797740221023559570e-01
-6.494709849357604980e-01,4.534568786621093750e-01,4.897180199623107910e-01
7.626417279243469238e-01,-5.174379348754882812e-01,1.332205235958099365e-01
4.443930089473724365e-01,-3.980915546417236328e-01,6.140192747116088867e-01
-3.522665500640869141e-01,4.344691634178161621e-01,8.259142637252807617e-01
-4.714831113815307617e-01,5.645322799682617188e-02,5.056414604187011719e-01
2.298597805202007294e-02,1.466212272644042969e-01,2.735610902309417725e-01
1.657029688358306885e-01,-3.245164453983306885e-01,1.003190636634826660e+00
3.068988621234893799e-01,8.005189895629882812e-02,7.519373893737792969e-01
4.543181061744689941e-01,-3.399796485900878906e-01,1.384259015321731567e-01
-8.143715858459472656e-01,4.645702540874481201e-01,4.937438964843750000e-01
7.313506603240966797e-01,-4.441440105438232422e-01,5.648248195648193359e-01
-3.312170803546905518e-01,2.721786499023437500e-01,5.753280520439147949e-01
3.477452099323272705e-01,-3.472122848033905029e-01,8.635277748107910156e-01
5.310338735580444336e-01,-3.988275527954101562e-01,6.799185276031494141e-01
3.452922105789184570e-01,-2.074320763349533081e-01,8.608055114746093750e-01
-5.128397345542907715e-01,3.245527744293212891e-01,2.474020272493362427e-01
-1.995544433593750000e-01,2.572740912437438965e-01,1.869120597839355469e-01
-5.502861142158508301e-01,5.099124908447265625e-01,3.591232299804687500e-01
-7.956811189651489258e-01,5.511460304260253906e-01,6.291232109069824219e-01
2.091716378927230835e-01,1.198644638061523438e-01,6.717404127120971680e-01
-5.981712341308593750e-01,2.720206975936889648e-01,1.239932253956794739e-01
-4.204370975494384766e-01,4.619928002357482910e-01,7.021891474723815918e-01
-7.473931312561035156e-01,2.551204860210418701e-01,4.746511876583099365e-01
-1.632287502288818359e-01,5.126317963004112244e-02,1.816551685333251953e-01
-1.633228212594985962e-01,-1.066300868988037109e-01,4.409060478210449219e-01
7.366702556610107422e-01,-2.933386862277984619e-01,3.472293019294738770e-01
4.080204665660858154e-01,-4.680595397949218750e-01,9.601256847381591797e-01
1.156203821301460266e-01,1.309182643890380859e-01,4.368643164634704590e-01
-1.695628315210342407e-01,-2.837178409099578857e-01,1.254233479499816895e+00
7.621661424636840820e-01,-5.189864635467529297e-01,2.488241493701934814e-01
4.395873546600341797e-01,-3.895526826381683350e-01,3.318597376346588135e-01
5.486547946929931641e-01,-3.983840942382812500e-01,4.343627691268920898e-01
2.821759581565856934e-01,-3.152804374694824219e-01,1.684869378805160522e-01
-3.876972794532775879e-01,6.702780723571777344e-02,9.205288887023925781e-01
-4.358924627304077148e-01,7.098302990198135376e-02,7.978231906890869141e-01
-6.886637210845947266e-02,-1.507890224456787109e-01,4.013528227806091309e-01
-1.584547311067581177e-01,-1.928722858428955078e-01,6.540324091911315918e-01
6.533939838409423828e-01,-3.041315078735351562e-01,9.510314464569091797e-02
-5.726357698440551758e-01,4.087786674499511719e-01,1.066586300730705261e-01
-1.106651276350021362e-01,-2.082166969776153564e-01,8.527548313140869141e-01
-3.917883634567260742e-01,4.601833820343017578e-01,3.618960380554199219e-01
-5.565242171287536621e-01,3.990438282489776611e-01,9.617218971252441406e-01
-8.972303867340087891e-01,4.469581842422485352e-01,3.270684778690338135e-01
-6.787464022636413574e-02,-1.918385028839111328e-01,5.881258845329284668e-01
2.387820333242416382e-01,4.959106263413559645e-07,9.323072433471679688e-01
6.873525977134704590e-01,-4.754841327667236328e-01,4.875485002994537354e-01
-6.472001969814300537e-02,3.223533630371093750e-01,6.230551004409790039e-01
-4.942025542259216309e-01,3.631713390350341797e-01,5.928004384040832520e-01
-3.597171306610107422e-01,-4.254072904586791992e-02,4.920599162578582764e-01
1.568406671285629272e-01,3.372896611690521240e-01,1.178061008453369141e+00
6.487454175949096680e-01,-2.736072540283203125e-01,6.847423911094665527e-01
2.721410989761352539e-01,-4.107499122619628906e-01,6.361198425292968750e-01
7.258830070495605469e-01,-2.947361767292022705e-01,2.455154359340667725e-01
4.530329704284667969e-01,-8.209620416164398193e-02,5.041346549987792969e-01
4.215319752693176270e-01,-5.841590166091918945e-01,1.000489234924316406e+00
6.489453315734863281e-01,-2.279743850231170654e-01,4.945568740367889404e-01
-6.284807324409484863e-01,5.357589721679687500e-01,3.008199930191040039e-01
5.497131124138832092e-02,-2.015395909547805786e-01,9.216067790985107422e-01
6.442542672157287598e-01,-6.149263307452201843e-02,1.092232704162597656e+00
-7.536402940750122070e-01,4.102811813354492188e-01,2.179846167564392090e-01
7.571995258331298828e-01,-3.644922673702239990e-01,1.671148687601089478e-01
-5.823469758033752441e-01,1.071245670318603516e-01,8.096110224723815918e-01
-2.342538833618164062e-01,3.632361888885498047e-01,7.093012928962707520e-01
1.107641756534576416e-01,-2.513968944549560547e-01,3.873815834522247314e-01
-4.139516353607177734e-01,3.165073394775390625e-01,1.996966451406478882e-01
4.488575458526611328e-01,1.029968188959173858e-06,6.533645391464233398e-01
3.730718791484832764e-01,-2.927365303039550781e-01,3.232620060443878174e-01
-4.120565056800842285e-01,3.287887573242187500e-01,6.287255883216857910e-01
-5.037336349487304688e-01,4.541010856628417969e-01,5.375260710716247559e-01
-7.086203098297119141e-01,3.428147137165069580e-01,2.690362930297851562e-02
6.454538106918334961e-01,-2.650334835052490234e-01,9.550585746765136719e-01
-6.494710445404052734e-01,4.534568786621093750e-01,1.348104774951934814e-01
-2.502372562885284424e-01,1.833181381225585938e-01,2.079736292362213135e-01
7.188798189163208008e-01,-3.596899509429931641e-01,7.008169293403625488e-01
7.388443946838378906e-01,-2.930563986301422119e-01,6.109418869018554688e-01
1.946640312671661377e-01,-3.196177482604980469e-01,4.393972754478454590e-01
3.343925476074218750e-01,6.261586397886276245e-02,1.057389616966247559e+00
4.639895856380462646e-01,-2.833542823791503906e-01,4.193029701709747314e-01
-5.782629251480102539e-01,3.833143711090087891e-01,1.970919817686080933e-01
1.975435465574264526e-01,-2.799723148345947266e-01,2.614547610282897949e-01
-6.578326225280761719e-02,3.323166668415069580e-01,2.045196481049060822e-02
-6.494703292846679688e-01,4.534564018249511719e-01,5.807174444198608398e-01
6.698315143585205078e-01,-3.786908984184265137e-01,3.859811425209045410e-01
-2.346070855855941772e-01,3.592600822448730469e-01,5.244817733764648438e-01
6.763281226158142090e-01,-1.780912876129150391e-01,6.818425655364990234e-01
-1.972448825836181641e-01,-4.515836760401725769e-02,2.374175935983657837e-01
-3.151626586914062500e-01,4.043982028961181641e-01,6.082223653793334961e-01
2.286624908447265625e-02,1.615061759948730469e-01,3.677084147930145264e-01
-7.249099016189575195e-01,4.973227977752685547e-01,4.557078480720520020e-01
-2.879691123962402344e-01,-4.369690641760826111e-02,6.946594119071960449e-01
5.746375918388366699e-01,-3.987441658973693848e-01,9.632475376129150391e-01
8.047622442245483398e-02,-2.764357328414916992e-01,8.670818805694580078e-01
-7.977225780487060547e-01,3.944219052791595459e-01,5.466470122337341309e-01
3.512434363365173340e-01,-4.511408805847167969e-01,6.894186139106750488e-01
5.987227559089660645e-01,-4.838311672210693359e-01,6.930291652679443359e-01
-1.472436934709548950e-01,3.914687633514404297e-01,1.630679219961166382e-01
2.736480832099914551e-01,-3.964085578918457031e-01,5.481256246566772461e-01
-6.982607841491699219e-01,3.361034691333770752e-01,3.013278245925903320e-01
1.077765151858329773e-01,-3.255293369293212891e-01,7.172036767005920410e-01
5.211674571037292480e-01,-4.471583366394042969e-01,6.060897707939147949e-01
-2.165144234895706177e-01,1.178741678595542908e-01,1.173403263092041016e+00
5.185912251472473145e-01,-3.633165359497070312e-02,7.888854742050170898e-01
-2.648422122001647949e-01,6.058795750141143799e-02,1.120335698127746582e+00
2.144073396921157837e-01,4.777097702026367188e-02,3.501318395137786865e-01
-7.673816680908203125e-01,3.260101974010467529e-01,3.946240246295928955e-01
4.298987388610839844e-01,-4.829518795013427734e-01,6.539675593376159668e-01
-5.430701375007629395e-01,5.425662994384765625e-01,4.401727318763732910e-01
-6.971067935228347778e-02,-1.158726215362548828e-01,2.121801674365997314e-01
-4.521522521972656250e-01,4.105135053396224976e-02,5.927563309669494629e-01
-8.010673522949218750e-02,1.987646073102951050e-01,2.270031720399856567e-01
7.621661424636840820e-01,-5.189864635467529297e-01,3.362118601799011230e-01
-8.185098171234130859e-01,4.636907577514648438e-01,1.391973793506622314e-01
2.062320709228515625e-04,-2.422019094228744507e-01,7.354295253753662109e-01
6.470708847045898438e-01,-4.130512475967407227e-01,1.475195288658142090e-01
7.165505886077880859e-01,-2.959459125995635986e-01,4.555187821388244629e-01
4.676089286804199219e-01,-6.558285653591156006e-02,9.653396606445312500e-01
-2.553371489048004150e-01,-1.259357929229736328e-01,5.046511888504028320e-01
1.119887307286262512e-01,-2.210164070129394531e-01,2.045510858297348022e-01
-4.161672592163085938e-01,4.427511096000671387e-01,8.822210431098937988e-01
-4.965780079364776611e-01,2.191331386566162109e-01,8.727659583091735840e-01
-2.169885635375976562e-01,-1.346136629581451416e-01,7.465771436691284180e-01
5.534093976020812988e-01,-2.401897907257080078e-01,2.417562752962112427e-01
3.180960714817047119e-01,-2.647757530212402344e-02,2.577477991580963135e-01
6.517744064331054688e-01,-3.816254436969757080e-01,2.280767709016799927e-01
-1.562409996986389160e-01,1.780387014150619507e-01,1.163953900337219238e+00
-4.016204923391342163e-02,2.152351588010787964e-01,7.803559303283691406e-01
4.939028918743133545e-01,6.278888881206512451e-02,8.969652652740478516e-01
6.161085367202758789e-01,-1.318633407354354858e-01,9.566373825073242188e-01
5.228261947631835938e-01,-4.390318393707275391e-01,2.505831718444824219e-01
-2.515329718589782715e-01,-1.687550544738769531e-01,5.951223373413085938e-01
-8.060929775238037109e-01,3.929227292537689209e-01,4.409323036670684814e-01
3.114959597587585449e-02,-1.316372007131576538e-01,9.602663516998291016e-01
6.408240795135498047e-01,-2.287619858980178833e-01,6.070345640182495117e-01
4.644196927547454834e-01,-4.521695673465728760e-01,1.029375314712524414e+00
-4.801945686340332031e-01,2.034197896718978882e-01,2.423586994409561157e-01
-5.932901501655578613e-01,1.655130386352539062e-01,3.448174893856048584e-01
5.488263964653015137e-01,-2.133569717407226562e-01,3.490206897258758545e-01
-3.318352699279785156e-01,4.298974946141242981e-02,2.260168343782424927e-01
4.393623173236846924e-01,-3.068273663520812988e-01,1.112025856971740723e+00
3.796253204345703125e-01,1.373290956507844385e-06,4.882861077785491943e-01
-4.341290295124053955e-01,3.771460652351379395e-01,3.300216197967529297e-01
1.741949468851089478e-01,-2.733445167541503906e-01,8.909313678741455078e-01
-1.205886807292699814e-02,-5.609358102083206177e-02,1.259958744049072266e+00
-6.367464065551757812e-01,1.907818168401718140e-01,4.964123368263244629e-01
-5.051371455192565918e-01,3.316394388675689697e-01,9.593479633331298828e-01
5.989395081996917725e-02,3.816326739070063923e-07,1.399633169174194336e+00
-6.163343191146850586e-01,2.884647846221923828e-01,2.088198810815811157e-01
-8.489227294921875000e-02,2.991323471069335938e-01,1.589865088462829590e-01
2.204269319772720337e-01,6.810837239027023315e-02,8.870100975036621094e-01
-4.779614806175231934e-01,9.845185279846191406e-02,3.005605936050415039e-01
-9.098615646362304688e-01,4.442735314369201660e-01,5.725626945495605469e-01
2.212666273117065430e-01,-2.048189342021942139e-01,8.877627849578857422e-01
5.405054092407226562e-01,-2.384893149137496948e-01,7.189941406250000000e-02
-2.378108501434326172e-01,3.232007026672363281e-01,2.877209484577178955e-01
-1.258579939603805542e-01,-1.651621460914611816e-01,1.296758770942687988e+00
1.540814191102981567e-01,5.116023123264312744e-02,1.751523017883300781e-01
-3.812124729156494141e-01,4.219423979520797729e-02,3.688345253467559814e-01
3.999032974243164062e-01,-8.380869776010513306e-02,1.913278102874755859e-01
5.637569427490234375e-01,-4.036158323287963867e-01,2.484008669853210449e-02
6.069564819335937500e-02,-3.205096423625946045e-01,9.701280593872070312e-01
8.158352375030517578e-01,-5.011680722236633301e-01,1.898013204336166382e-01
-6.555916368961334229e-02,2.876694202423095703e-01,5.367440581321716309e-01
5.202562808990478516e-01,-1.600238829851150513e-01,5.780367851257324219e-01
4.445555210113525391e-01,-5.029793381690979004e-01,7.288462519645690918e-01
-2.290679886937141418e-02,2.661295533180236816e-01,2.965519428253173828e-01
2.249131798744201660e-01,-3.460301160812377930e-01,8.708071708679199219e-01
-5.666139125823974609e-01,1.361779719591140747e-01,8.897612094879150391e-01
7.571995258331298828e-01,-3.644922673702239990e-01,5.020892024040222168e-01
6.598968058824539185e-02,2.829006016254425049e-01,1.259245157241821289e+00
-4.946075379848480225e-02,4.127331010295165470e-07,1.300802826881408691e+00
3.969003260135650635e-01,-2.520229816436767578e-01,1.218514442443847656e-01
-4.523438811302185059e-01,2.631130814552307129e-01,9.698829650878906250e-01
8.360037803649902344e-01,-4.965401291847229004e-01,3.883166313171386719e-01
5.671980381011962891e-01,-3.209230899810791016e-01,2.102734297513961792e-01
6.356565952301025391e-01,-1.258671283721923828e-01,1.049555063247680664e+00
-6.943693161010742188e-01,3.366715610027313232e-01,2.233837842941284180e-01
6.348939538002014160e-01,-1.099121570587158203e-01,8.504856824874877930e-01
3.661410510540008545e-01,-6.856091320514678955e-02,8.729512691497802734e-01
-2.472920417785644531e-01,2.164771556854248047e-01,5.207304358482360840e-01
4.170212745666503906e-01,-1.666858047246932983e-01,3.061697185039520264e-01
-8.520656228065490723e-01,3.409068584442138672e-01,7.218884229660034180e-01
4.616510272026062012e-01,-2.970447540283203125e-01,2.016723603010177612e-01
2.672682106494903564e-01,-4.716773033142089844e-01,9.443562030792236328e-01
-3.267849683761596680e-01,-5.491361021995544434e-02,4.081637859344482422e-01
3.180012404918670654e-01,-1.371560692787170410e-01,8.746249675750732422e-01
6.330307126045227051e-01,-4.429703354835510254e-01,3.359460830688476562e-02
3.137897849082946777e-01,1.449656486511230469e-02,4.227447509765625000e-01
4.522878825664520264e-01,-1.808302998542785645e-01,1.135130167007446289e+00
5.095070004463195801e-01,-3.866759538650512695e-01,1.024890780448913574e+00
6.666424274444580078e-01,-3.416339755058288574e-01,8.978464603424072266e-01
3.392755091190338135e-01,4.768371582031250000e-07,8.882405757904052734e-01
-6.367466449737548828e-01,1.907818615436553955e-01,2.804531753063201904e-01
2.605277895927429199e-01,-3.297854959964752197e-01,9.707648754119873047e-01
-4.966212213039398193e-01,7.240503281354904175e-02,7.536954879760742188e-01
1.439836025238037109e-01,3.688246579258702695e-07,1.453111290931701660e+00
4.843414202332496643e-02,5.120502412319183350e-02,1.770565509796142578e-01
-8.398268222808837891e-01,2.929165363311767578e-01,8.703332543373107910e-01
1.143687218427658081e-01,1.619720458984375000e-01,7.610641121864318848e-01
-8.060927391052246094e-01,3.929226994514465332e-01,1.639221161603927612e-01
-6.342756748199462891e-01,5.130326747894287109e-01,4.488919079303741455e-01
-6.381864845752716064e-02,3.596653938293457031e-01,4.018249511718750000e-01
8.531668186187744141e-01,-4.202952980995178223e-01,3.080636560916900635e-01
-7.176201939582824707e-01,4.457424581050872803e-01,5.257010459899902344e-02
3.687771558761596680e-01,-3.034332990646362305e-01,1.132906436920166016e+00
1.850469857454299927e-01,3.409839570522308350e-01,1.258284330368041992e+00
5.168132185935974121e-01,-1.378717273473739624e-01,8.635299205780029297e-01
5.573045015335083008e-01,-1.242515072226524353e-01,1.074590682983398438e+00
4.660188257694244385e-01,-2.062564641237258911e-01,8.729231357574462891e-01
1.789331436157226562e-01,9.093111008405685425e-02,4.294277727603912354e-01
7.642877101898193359e-01,-4.376956522464752197e-01,9.156310558319091797e-02
-5.726357102394104004e-01,4.087786674499511719e-01,1.837951689958572388e-02
-9.576141089200973511e-02,2.648259401321411133e-01,2.803924083709716797e-01
-4.042053222656250000e-01,2.510824203491210938e-01,1.102080345153808594e-01
4.099993705749511719e-01,2.476406097412109375e-02,8.047454357147216797e-01
-3.502541780471801758e-01,1.153957843780517578e-01,5.414710640907287598e-01
-7.261982560157775879e-01,2.644488513469696045e-01,2.757689952850341797e-01
4.429103732109069824e-01,-4.067699909210205078e-01,5.204541087150573730e-01
-3.316458165645599365e-01,2.686481475830078125e-01,2.023574709892272949e-01
-4.011513292789459229e-01,3.994843959808349609e-01,6.429027915000915527e-01
-7.415039539337158203e-01,3.553655147552490234e-01,5.228114128112792969e-01
4.843872040510177612e-02,-1.535769551992416382e-01,1.749105453491210938e-01
3.506043851375579834e-01,-4.192798435688018799e-01,8.583564758300781250e-01
-3.019454777240753174e-01,2.550826668739318848e-01,1.031838297843933105e+00
4.284210205078125000e-01,-1.089160442352294922e-01,4.419456422328948975e-01
5.175136923789978027e-01,-3.132856190204620361e-01,1.072280049324035645e+00
-1.901199370622634888e-01,5.720730125904083252e-02,1.225223064422607422e+00
7.239866256713867188e-02,1.889231950044631958e-01,5.803793072700500488e-01
-5.581275820732116699e-01,2.010347694158554077e-01,9.267675876617431641e-01
1.419979780912399292e-01,-9.824819117784500122e-02,1.477565169334411621e+00
-4.801948070526123047e-01,2.034199088811874390e-01,1.296777278184890747e-01
-1.364852860569953918e-02,-3.161321580410003662e-01,1.054786562919616699e+00
3.307302892208099365e-01,-1.532519310712814331e-01,1.683340072631835938e-01
-2.164244055747985840e-01,-3.394951522350311279e-01,1.205329418182373047e+00
-3.542468547821044922e-01,4.262863099575042725e-02,5.234836935997009277e-01
8.531668186187744141e-01,-4.202953279018402100e-01,2.097228914499282837e-01
1.058387756347656250e-01,3.409895002841949463e-01,1.258262872695922852e+00
4.841796681284904480e-02,-5.118772387504577637e-02,1.759839057922363281e-01
-4.937007129192352295e-01,4.688650369644165039e-01,2.109246253967285156e-01
-1.149154603481292725e-01,2.879345417022705078e-01,7.783584594726562500e-01
3.874246180057525635e-01,-5.682433247566223145e-01,1.095735669136047363e+00
2.176103144884109497e-01,-4.009879827499389648e-01,9.517889022827148438e-01
4.493637010455131531e-02,1.099273264408111572e-01,1.296551346778869629e+00
-1.431050300598144531e-01,-1.381874829530715942e-01,5.002523660659790039e-01
-4.599513113498687744e-01,4.912986755371093750e-01,8.588507175445556641e-01
-3.958466947078704834e-01,4.338722229003906250e-01,5.436335802078247070e-01
2.160344086587429047e-02,3.181855678558349609e-01,5.305672883987426758e-01
-4.444238245487213135e-01,1.941144764423370361e-01,9.981372356414794922e-01
-3.417177200317382812e-01,4.331023991107940674e-01,3.230490088462829590e-01
-6.064537167549133301e-01,4.702423810958862305e-01,2.203559875488281250e-01
-4.674575328826904297e-01,2.044481784105300903e-01,6.207925081253051758e-01
-1.651277095079421997e-01,-2.213815599679946899e-01,1.291866302490234375e+00
-3.439898490905761719e-01,1.266570389270782471e-01,1.037289977073669434e+00
-3.832723498344421387e-01,1.565415859222412109e-01,2.338583320379257202e-01
1.546813994646072388e-01,1.407692283391952515e-01,8.186440467834472656e-01
-2.541499137878417969e-01,-1.392991542816162109e-01,4.044402837753295898e-01
2.143716812133789062e-01,8.978918194770812988e-02,4.874565005302429199e-01
-2.758669853210449219e-02,2.935756146907806396e-01,6.721377372741699219e-01
4.102042913436889648e-01,4.736460255116980989e-07,1.013401985168457031e+00
5.703129172325134277e-01,-2.537755966186523438e-01,1.041921138763427734e+00
4.559463262557983398e-02,2.226143926382064819e-01,1.282373905181884766e+00
-4.684672355651855469e-01,5.004830360412597656e-01,5.030958652496337891e-01
7.154540624469518661e-03,1.661456227302551270e-01,1.286621332168579102e+00
6.011894345283508301e-01,-4.734649658203125000e-01,4.839446842670440674e-01
7.126312237232923508e-03,5.524234473705291748e-02,1.286500930786132812e+00
-1.642234772443771362e-01,-1.103140115737915039e-01,1.290588736534118652e+00
2.571923732757568359e-01,1.316070552093151491e-06,2.017245441675186157e-01
-2.226948738098144531e-01,-4.474853351712226868e-02,3.285635411739349365e-01
-2.663343846797943115e-01,-2.144813537597656250e-03,2.213506996631622314e-01
-3.125648498535156250e-01,-4.330039024353027344e-02,6.252313256263732910e-01
3.512723445892333984e-01,-8.537614345550537109e-02,3.432922363281250000e-01
3.082464635372161865e-01,6.722569465637207031e-02,5.833941698074340820e-01
-9.825444221496582031e-02,1.403568685054779053e-01,1.813210994005203247e-01
6.148033142089843750e-01,-4.089387357234954834e-01,9.111747741699218750e-01
-8.715591579675674438e-02,5.473695695400238037e-02,1.301887035369873047e+00
6.558358669281005859e-01,-3.809644579887390137e-01,6.363577246665954590e-01
6.107030510902404785e-01,-4.334831237792968750e-01,2.234472632408142090e-01
5.314904451370239258e-01,-1.852668523788452148e-01,1.089382529258728027e+00
-5.153334140777587891e-01,1.201826706528663635e-01,3.503082096576690674e-01
-2.456323206424713135e-01,4.685064425302698510e-07,1.103840947151184082e+00
1.165587902069091797e-01,9.294173866510391235e-02,2.765780687332153320e-01
5.448767542839050293e-01,-1.902301311492919922e-01,4.923988282680511475e-01
6.281289458274841309e-01,-3.423381447792053223e-01,2.268981933593750000e-02
-8.682159334421157837e-02,-5.452705919742584229e-02,1.308398723602294922e+00
-6.720703840255737305e-02,-2.194790840148925781e-01,7.452557086944580078e-01
5.842315405607223511e-02,-1.005502566695213318e-01,1.441899895668029785e+00
6.621170043945312500e-02,1.893223375082015991e-01,7.183074951171875000e-01
-3.257267475128173828e-01,-1.293540149927139282e-01,3.770407140254974365e-01
-2.247889637947082520e-01,-2.783620357513427734e-01,1.287180185317993164e+00
7.571990489959716797e-01,-3.644920885562896729e-01,9.132476896047592163e-02
-1.407599449157714844e-02,-1.444284915924072266e-01,1.865811049938201904e-01
-7.991432547569274902e-01,5.404880046844482422e-01,2.768795788288116455e-01
-6.294005364179611206e-02,3.960144519805908203e-01,1.804016157984733582e-02
3.692339360713958740e-01,-3.205902576446533203e-01,4.730547964572906494e-01
-5.932896137237548828e-01,1.655125617980957031e-01,4.535403251647949219e-01
-6.351131796836853027e-01,3.413668274879455566e-01,1.411890983581542969e-02
2.833824753761291504e-01,-3.037939071655273438e-01,4.124676287174224854e-01
-2.653330564498901367e-01,-1.342129707336425781e-02,7.678955197334289551e-01
-8.723237514495849609e-01,4.203381538391113281e-01,6.173632740974426270e-01
-3.911880552768707275e-01,1.908437460660934448e-01,1.031872272491455078e+00
2.240039780735969543e-02,-2.193002700805664062e-01,4.546597301959991455e-01
2.268547564744949341e-02,-1.839213371276855469e-01,3.015136718750000000e-01
2.148895151913166046e-02,3.324768543243408203e-01,4.665623307228088379e-01
2.603829801082611084e-01,-2.557998895645141602e-01,1.686315536499023438e-01
-3.700765967369079590e-01,6.176319402584340423e-07,8.840889930725097656e-01
-2.995793223381042480e-01,1.708865910768508911e-01,5.328297615051269531e-01
-5.153334140777587891e-01,1.201826930046081543e-01,4.635391235351562500e-01
-6.308638453483581543e-01,1.452932357788085938e-01,7.487493753433227539e-01
-6.600710749626159668e-01,4.820896685123443604e-01,3.014941215515136719e-01
-3.477659225463867188e-01,4.338866472244262695e-01,7.459366917610168457e-01
1.086748391389846802e-01,-3.032467365264892578e-01,5.339382886886596680e-01
3.605766594409942627e-01,-3.834128379821777344e-01,5.836465358734130859e-01
-4.913754165172576904e-01,2.715003192424774170e-01,9.051685333251953125e-01
2.578358650207519531e-01,8.838814496994018555e-02,5.427708029747009277e-01
-5.884699225425720215e-01,1.397945880889892578e-01,5.587087869644165039e-01
6.111359596252441406e-02,1.896514892578125000e-01,5.150775313377380371e-01
5.201724767684936523e-01,-4.520308971405029297e-01,4.251861572265625000e-01
4.209637641906738281e-02,2.868187129497528076e-01,4.184957742691040039e-01
-1.545450687408447266e-01,2.621254920959472656e-01,3.552264273166656494e-01
-1.531938612461090088e-01,2.860555648803710938e-01,4.754219055175781250e-01
5.585610866546630859e-01,-3.425951004028320312e-01,2.496242523193359375e-02
-1.513832509517669678e-01,3.181371688842773438e-01,6.248469352722167969e-01
-2.657711803913116455e-01,1.215359196066856384e-01,1.116664528846740723e+00
3.730723559856414795e-01,-2.927367687225341797e-01,2.619967460632324219e-01
-2.803397178649902344e-01,1.315492242574691772e-01,2.306179702281951904e-01
1.398071274161338806e-02,2.707256078720092773e-01,3.535587787628173828e-01
-3.179655075073242188e-01,-1.297294348478317261e-01,5.003602504730224609e-01
-7.440270185470581055e-01,3.667778968811035156e-01,1.768710315227508545e-01
-3.301668167114257812e-02,-1.435124129056930542e-01,2.515902519226074219e-01
1.933429837226867676e-01,-3.378050327301025391e-01,4.973853826522827148e-01
-1.464565992355346680e-01,-5.570705607533454895e-02,1.271795272827148438e+00
6.320843100547790527e-01,-1.948940306901931763e-01,9.900970458984375000e-01
2.715807259082794189e-01,-4.160809516906738281e-01,6.961724758148193359e-01
-4.139513969421386719e-01,3.165071010589599609e-01,1.392822265625000000e-01
7.115960121154785156e-01,-4.203590750694274902e-01,1.916091889142990112e-01
1.004101559519767761e-01,1.332695335149765015e-01,9.348516464233398438e-01
-7.152168154716491699e-01,2.364108562469482422e-01,3.920638859272003174e-01
1.911335736513137817e-01,-3.682317733764648438e-01,6.138131618499755859e-01
-1.653453260660171509e-01,-7.080078125000000000e-02,2.812680006027221680e-01
1.235009729862213135e-01,2.243221551179885864e-01,1.269183397293090820e+00
-1.462025493383407593e-01,5.561041086912155151e-02,1.274793386459350586e+00
-2.036190032958984375e-02,1.949092894792556763e-01,3.920693993568420410e-01
6.873530149459838867e-01,-4.754843711853027344e-01,4.277844130992889404e-01
-4.810605049133300781e-01,2.852842509746551514e-01,6.492416262626647949e-01
-4.942026436328887939e-01,3.631713390350341797e-01,7.805968821048736572e-02
-5.897037982940673828e-01,2.729797363281250000e-01,2.597085535526275635e-01
5.606744289398193359e-01,-6.049527972936630249e-02,7.546029090881347656e-01
-7.249099016189575195e-01,4.973227977752685547e-01,3.964153826236724854e-01
7.621662020683288574e-01,-5.189864635467529297e-01,4.836402833461761475e-01
8.075479865074157715e-01,-3.937687873840332031e-01,4.126492142677307129e-01
3.997193872928619385e-01,-3.719261884689331055e-01,1.100231051445007324e+00
8.075478076934814453e-01,-3.937687873840332031e-01,3.344433605670928955e-01
-8.060925006866455078e-01,3.929226696491241455e-01,2.386285364627838135e-01
4.458718299865722656e-01,-1.648241430521011353e-01,4.476437270641326904e-01
-6.274202466011047363e-02,4.041757583618164062e-01,2.489331066608428955e-01
-3.402104079723358154e-01,-7.782992720603942871e-02,5.854253768920898438e-01
-7.991434931755065918e-01,5.404882431030273438e-01,3.641808927059173584e-01
4.380683898925781250e-01,-1.789240837097167969e-01,2.360089123249053955e-01
-3.318352699279785156e-01,4.298986494541168213e-02,2.857046425342559814e-01
-3.919070065021514893e-01,4.594106674194335938e-01,4.202999770641326904e-01
5.522329807281494141e-01,-7.889877259731292725e-02,6.272150874137878418e-01
4.827566146850585938e-01,-2.440893352031707764e-01,2.142047137022018433e-01
-7.249099612236022949e-01,4.973230361938476562e-01,1.916296333074569702e-01
5.988622307777404785e-01,-4.832453727722167969e-01,3.351214528083801270e-01
-4.664161503314971924e-01,3.385948836803436279e-01,9.165580272674560547e-01
5.067689418792724609e-01,-3.231343030929565430e-01,1.569140553474426270e-01
-4.749137759208679199e-01,4.660851955413818359e-01,3.630477786064147949e-01
6.873526573181152344e-01,-4.754841327667236328e-01,1.342132538557052612e-01
6.112400889396667480e-01,-4.312262535095214844e-01,5.223757624626159668e-01
-5.634501576423645020e-01,4.702812731266021729e-01,9.504423141479492188e-01
-5.432334542274475098e-01,5.418260097503662109e-01,4.980401396751403809e-01
-2.555920481681823730e-01,-5.598649382591247559e-02,4.747099876403808594e-01
6.994018331170082092e-03,-5.421698838472366333e-02,1.318305373191833496e+00
-2.075775153934955597e-02,3.372795283794403076e-01,-2.199625968933105469e-02
-6.275333464145660400e-02,4.037203788757324219e-01,1.332189887762069702e-01
-5.502862334251403809e-01,5.099127292633056641e-01,3.016531169414520264e-01
2.306615374982357025e-02,1.366670131683349609e-01,2.105956971645355225e-01
-8.840408176183700562e-02,1.109825968742370605e-01,1.280180811882019043e+00
-7.093566656112670898e-01,2.098894119262695312e-01,8.808382749557495117e-01
-3.532052040100097656e-01,-9.108471870422363281e-02,4.458209276199340820e-01
3.761297464370727539e-01,-5.226007103919982910e-01,1.017730712890625000e+00
-1.568050384521484375e-01,3.061055541038513184e-01,8.122711181640625000e-01
2.246692590415477753e-02,2.110648155212402344e-01,7.473167181015014648e-01
-3.316460251808166504e-01,2.686483860015869141e-01,2.637768387794494629e-01
4.555014073848724365e-01,-3.714542388916015625e-01,2.797863483428955078e-01
4.556423127651214600e-01,-3.064482212066650391e-01,6.010925024747848511e-02
6.873531937599182129e-01,-4.754843711853027344e-01,5.478080511093139648e-01
8.063650131225585938e-02,-2.486947178840637207e-01,4.352371096611022949e-01
4.160857945680618286e-02,-5.091948062181472778e-02,1.420592546463012695e+00
7.621665596961975098e-01,-5.189869403839111328e-01,1.908862292766571045e-01
-5.981712341308593750e-01,2.720207273960113525e-01,5.905938744544982910e-01
-2.306030131876468658e-02,-1.608634293079376221e-01,3.252627849578857422e-01
-6.212420463562011719e-01,3.473497331142425537e-01,2.036120593547821045e-01
2.811007499694824219e-01,1.325607286162266973e-06,2.910995483398437500e-01
-3.557574450969696045e-01,6.552989035844802856e-02,9.670014381408691406e-01
-4.801948070526123047e-01,2.034198641777038574e-01,1.859261989593505859e-01
6.636759042739868164e-01,-2.508940696716308594e-01,2.440243512392044067e-01
-7.985044121742248535e-01,5.424568653106689453e-01,6.923840045928955078e-01
-3.712953031063079834e-01,5.790042877197265625e-02,7.889007329940795898e-01
-2.244403064250946045e-01,-2.226910144090652466e-01,1.281768321990966797e+00
4.566305577754974365e-01,-2.431276142597198486e-01,1.124079585075378418e+00
4.179832339286804199e-01,-3.317070007324218750e-02,4.658360183238983154e-01
-5.321359038352966309e-01,2.448222339153289795e-01,3.266048431396484375e-02
2.700596675276756287e-02,3.524007797241210938e-01,2.321929857134819031e-02
6.636756658554077148e-01,-2.508938312530517578e-01,3.180904984474182129e-01
-7.391364574432373047e-01,3.301348090171813965e-01,3.476217687129974365e-01
6.487264633178710938e-01,-2.279955297708511353e-01,5.495175123214721680e-01
6.112402081489562988e-01,-4.312262535095214844e-01,1.061260998249053955e-01
-1.679028272628784180e-01,4.403425464261090383e-07,1.248694777488708496e+00
8.105208873748779297e-01,-5.023874044418334961e-01,4.444064199924468994e-01
2.511003017425537109e-01,-3.682053685188293457e-01,4.977935552597045898e-01
-3.455920219421386719e-01,4.336054921150207520e-01,4.370110929012298584e-01
-4.572274684906005859e-01,2.879834175109863281e-01,2.167437672615051270e-01
7.281352281570434570e-01,-3.256976604461669922e-01,2.967477440834045410e-01
6.185006499290466309e-01,-3.297362029552459717e-01,9.710581302642822266e-01
-3.348329067230224609e-01,3.530312180519104004e-01,8.277277946472167969e-01
-8.025769889354705811e-02,3.204426765441894531e-01,9.664306789636611938e-02
2.883442640304565430e-01,4.959106263413559645e-07,9.105739593505859375e-01
6.408433318138122559e-01,-1.390516757965087891e-01,6.707903742790222168e-01
4.682034254074096680e-01,4.859711566496116575e-07,9.616982936859130859e-01
-6.494708061218261719e-01,4.534568786621093750e-01,7.646850496530532837e-02
1.254962086677551270e-01,-2.704848349094390869e-01,9.130148887634277344e-01
8.075478672981262207e-01,-3.937687873840332031e-01,1.789492815732955933e-01
-4.650955200195312500e-01,3.440198898315429688e-01,3.754520416259765625e-02
1.474413871765136719e-01,-3.564656078815460205e-01,6.999307274818420410e-01
-7.951414585113525391e-01,3.219566643238067627e-01,4.408184587955474854e-01
-2.958273291587829590e-01,1.252155303955078125e-01,1.059637784957885742e+00
1.616360396146774292e-01,-2.680638432502746582e-01,3.205473423004150391e-01
4.718926250934600830e-01,-2.370824813842773438e-01,3.947176933288574219e-01
-1.855201721191406250e-01,-1.747300624847412109e-01,6.123814582824707031e-01
2.647078037261962891e-01,8.816669136285781860e-02,6.047262549400329590e-01
-2.735040187835693359e-01,-6.801977008581161499e-02,8.897528648376464844e-01
-6.367464065551757812e-01,1.907818168401718140e-01,3.607214391231536865e-01
6.800112724304199219e-01,4.768371582031250000e-07,1.056648254394531250e+00
-3.514549732208251953e-01,4.343650341033935547e-01,6.685720682144165039e-01
-6.343764811754226685e-02,-2.104224562644958496e-01,8.299806118011474609e-01
-6.500470638275146484e-01,4.511981010437011719e-01,2.521743774414062500e-01
1.524267196655273438e-01,-2.544905543327331543e-01,2.678717076778411865e-01
6.491620540618896484e-01,-2.279534041881561279e-01,4.401147365570068359e-01
1.588049232959747314e-01,-4.906811192631721497e-02,1.477713346481323242e+00
