-4.233344793319702148e-01,2.879783213138580322e-01,5.672602653503417969e-01
9.439966678619384766e-01,-2.664675712585449219e-01,1.987567096948623657e-01
-1.241577137261629105e-02,-4.009175300598144531e-01,1.252744436264038086e+00
7.953460514545440674e-02,-3.400041460990905762e-01,2.044916152954101562e-03
3.993011415004730225e-01,1.023995876312255859e-01,7.146652340888977051e-01
-6.589915156364440918e-01,-1.947287321090698242e-01,1.025780677795410156e+00
8.881869316101074219e-01,-3.341054022312164307e-01,9.441692829132080078e-01
1.260162293910980225e-01,3.982698321342468262e-01,1.264288663864135742e+00
-8.875486850738525391e-01,1.705347746610641479e-01,1.087139844894409180e-01
-5.039104819297790527e-01,5.015891790390014648e-01,1.097429871559143066e+00
-6.794493645429611206e-02,-1.889591217041015625e-01,5.562777519226074219e-01
4.585567414760589600e-01,-3.151648044586181641e-01,3.835626244544982910e-01
-9.248809516429901123e-02,1.535693854093551636e-01,1.747827529907226562e-01
-2.006738185882568359e-01,4.990707710385322571e-02,1.451681494712829590e+00
-1.278013586997985840e-01,1.318643987178802490e-01,9.566307067871093750e-01
-8.726806640625000000e-01,1.028979122638702393e-01,5.706796050071716309e-01
2.799662649631500244e-01,-6.040723621845245361e-02,1.125931143760681152e+00
3.073902726173400879e-01,7.538127899169921875e-02,2.819262742996215820e-01
8.191757202148437500e-01,-1.407338678836822510e-01,5.855651497840881348e-01
6.130571365356445312e-01,-7.693813741207122803e-02,4.300933703780174255e-02
-4.591670036315917969e-01,-1.228996738791465759e-01,6.816098093986511230e-01
2.255542203783988953e-02,2.000577449798583984e-01,5.862521529197692871e-01
-4.742628335952758789e-01,5.021889880299568176e-02,1.168217658996582031e-01
4.302676320075988770e-01,-2.836653888225555420e-01,8.113038539886474609e-01
-4.778474271297454834e-01,1.201545149087905884e-01,1.138061761856079102e+00
-2.733192443847656250e-01,-1.873211860656738281e-01,1.068214654922485352e+00
7.103486657142639160e-01,4.959106263413559645e-07,8.954257965087890625e-01
-6.897958517074584961e-01,2.953453063964843750e-01,3.615743815898895264e-01
6.091801524162292480e-01,1.604199409484863281e-02,3.945129215717315674e-01
-2.587733268737792969e-01,-8.725690841674804688e-02,3.130816519260406494e-01
1.072564199566841125e-01,-3.384385108947753906e-01,3.150854408740997314e-01
-6.822992563247680664e-01,3.247351646423339844e-01,7.397807240486145020e-01
2.647552452981472015e-02,1.118851080536842346e-01,1.266252517700195312e+00
1.718002259731292725e-01,1.350722163915634155e-01,9.069178104400634766e-01
-4.255164861679077148e-01,2.075911313295364380e-01,8.591601848602294922e-01
1.976938545703887939e-01,-2.779026031494140625e-01,6.348809599876403809e-01
-5.705727934837341309e-01,5.622017756104469299e-02,4.892594814300537109e-01
7.440967559814453125e-01,-3.666214346885681152e-01,4.521461427211761475e-01
8.371734619140625000e-02,-5.123326182365417480e-02,1.794924736022949219e-01
3.087136447429656982e-01,-6.278681755065917969e-02,5.165451169013977051e-01
-3.676162660121917725e-02,-1.314555555582046509e-01,9.630553722381591797e-01
4.036193788051605225e-01,-1.538796573877334595e-01,1.813020706176757812e-01
-9.498312473297119141e-01,2.321930676698684692e-01,3.608648478984832764e-01
-2.463586926460266113e-01,2.269830703735351562e-01,3.920437395572662354e-01
5.712690353393554688e-01,-2.017445564270019531e-01,5.979644656181335449e-01
6.379921436309814453e-01,-3.188023567199707031e-01,2.026989758014678955e-01
6.449452042579650879e-01,-2.648245990276336670e-01,9.566705226898193359e-01
4.694477617740631104e-01,4.872629233432235196e-07,9.562799930572509766e-01
2.926409840583801270e-01,2.157111167907714844e-01,5.216880440711975098e-01
-6.713854670524597168e-01,3.807401657104492188e-02,2.635262906551361084e-01
9.420892000198364258e-01,-6.669878959655761719e-02,7.838497757911682129e-01
-2.401483803987503052e-01,2.968888282775878906e-01,7.271490097045898438e-01
4.550262168049812317e-02,-1.668242067098617554e-01,1.279612183570861816e+00
7.939295768737792969e-01,-1.423630565404891968e-01,3.363357484340667725e-01
-6.679483056068420410e-01,1.460430324077606201e-01,1.928043365478515625e-02
-4.492344558238983154e-01,-6.549630314111709595e-02,9.680328369140625000e-01
9.009683132171630859e-01,-3.719437122344970703e-01,7.115170359611511230e-01
-2.352670282125473022e-01,3.190495073795318604e-01,1.036817312240600586e+00
7.698110938072204590e-01,-2.446866929531097412e-01,3.097772598266601562e-02
-2.516136765480041504e-01,-1.678483486175537109e-01,7.618609666824340820e-01
-6.450683474540710449e-01,-8.101630210876464844e-02,8.010098338127136230e-01
2.291576750576496124e-02,1.553318500518798828e-01,3.685082793235778809e-01
-3.382005691528320312e-01,2.146651744842529297e-01,1.751205474138259888e-01
9.408423900604248047e-01,-2.668767869472503662e-01,4.347387552261352539e-01
-7.853641510009765625e-01,7.937312126159667969e-02,7.764718532562255859e-01
2.251963131129741669e-02,-2.045178413391113281e-01,7.490710020065307617e-01
2.386073470115661621e-01,-2.854406833648681641e-01,1.323956251144409180e-01
-4.172372817993164062e-02,-1.430912911891937256e-01,3.503366112709045410e-01
3.919587731361389160e-01,-1.940411925315856934e-01,9.988954067230224609e-01
5.995453596115112305e-01,6.323742866516113281e-02,6.623159646987915039e-01
2.274552881717681885e-01,-2.105474472045898438e-01,8.286864757537841797e-01
8.661108016967773438e-01,-1.307954788208007812e-01,9.731824398040771484e-01
-3.496118187904357910e-01,-1.206774711608886719e-01,5.072895884513854980e-01
-3.915730118751525879e-01,4.037301838397979736e-01,9.377856254577636719e-01
-4.365448355674743652e-01,1.700427532196044922e-01,3.709264993667602539e-01
-1.521926838904619217e-02,2.120920121669769287e-01,8.128111362457275391e-01
-7.056050896644592285e-01,2.333550453186035156e-01,5.648525953292846680e-01
1.899702399969100952e-01,2.238440215587615967e-01,6.915681362152099609e-01
2.009475678205490112e-01,2.331013679504394531e-01,3.281518518924713135e-01
2.911530733108520508e-01,-2.298681735992431641e-01,3.294772207736968994e-01
-1.276403814554214478e-01,-5.116215720772743225e-02,1.750469207763671875e-01
-2.982086241245269775e-01,6.822118908166885376e-02,8.835241794586181641e-01
6.300451159477233887e-01,-8.615994453430175781e-02,2.316586226224899292e-01
3.767288923263549805e-01,-2.662022113800048828e-01,5.777938961982727051e-01
-5.379353165626525879e-01,3.220427334308624268e-01,1.018399715423583984e+00
-4.984422922134399414e-01,3.405518531799316406e-01,7.250042557716369629e-01
4.772453308105468750e-01,8.131591975688934326e-02,5.284718275070190430e-01
-7.778941392898559570e-01,5.008172988891601562e-02,4.077526628971099854e-01
-1.551919579505920410e-01,2.506637573242187500e-01,5.447738766670227051e-01
-6.921067237854003906e-01,3.718517348170280457e-02,6.184780597686767578e-01
-5.771041661500930786e-02,3.181596398353576660e-01,1.042299985885620117e+00
-6.006399393081665039e-01,2.593694329261779785e-01,2.128596305847167969e-01
-8.364348858594894409e-02,-5.253111571073532104e-02,1.370319247245788574e+00
1.610768139362335205e-01,4.126101487145206193e-07,1.269470214843750000e+00
-3.161516189575195312e-01,1.692771888883726206e-06,1.701071113348007202e-01
8.531428575515747070e-01,-1.334326267242431641e-01,1.305227577686309814e-01
-5.494378805160522461e-01,-1.885000169277191162e-01,8.970136642456054688e-01
1.164088249206542969e-01,1.113488674163818359e-01,2.126232832670211792e-01
-8.276022672653198242e-01,2.449879646301269531e-01,2.462979108095169067e-01
1.081197932362556458e-01,-3.170218467712402344e-01,5.003575086593627930e-01
2.609338462352752686e-01,-5.132178217172622681e-02,1.851875782012939453e-01
8.742349147796630859e-01,-2.109010219573974609e-01,7.353352308273315430e-01
5.347677469253540039e-01,-1.360347867012023926e-01,8.919966220855712891e-01
-2.211506664752960205e-01,-6.654445827007293701e-02,9.355492591857910156e-01
-3.631558418273925781e-01,9.142160415649414062e-03,3.902792334556579590e-01
-1.970603466033935547e-01,-1.355775892734527588e-01,4.588169753551483154e-01
1.418249458074569702e-01,2.225499749183654785e-01,1.282851576805114746e+00
9.711179137229919434e-01,-1.611928939819335938e-01,3.170400857925415039e-01
5.690760612487792969e-01,6.918696314096450806e-02,8.535239696502685547e-01
-2.771510183811187744e-01,2.749910354614257812e-01,8.782336711883544922e-01
3.283295631408691406e-01,8.611591905355453491e-02,4.370455741882324219e-01
6.859746575355529785e-01,-1.171505451202392578e-01,7.940240502357482910e-01
-4.948480129241943359e-01,6.853289902210235596e-02,8.738343715667724609e-01
9.726572036743164062e-01,-1.662051677703857422e-01,5.793069601058959961e-01
3.097868263721466064e-01,6.684148311614990234e-02,9.263157844543457031e-01
6.289244890213012695e-01,-8.067202568054199219e-02,5.140797495841979980e-01
8.263592123985290527e-01,-3.506255149841308594e-02,4.429669082164764404e-01
-5.264352560043334961e-01,1.911947727203369141e-01,8.315063267946243286e-02
7.875529527664184570e-01,-3.097386360168457031e-01,8.312515020370483398e-01
-5.070005655288696289e-01,-6.095765158534049988e-02,1.108830809593200684e+00
-6.007570028305053711e-01,2.053565979003906250e-01,4.592489600181579590e-01
5.054780244827270508e-01,4.044389724731445312e-02,2.878399491310119629e-01
-3.467472791671752930e-01,-1.365745663642883301e-01,8.836388587951660156e-01
-7.488365173339843750e-01,1.088881865143775940e-01,1.406683325767517090e-01
6.379916667938232422e-01,-3.188018798828125000e-01,3.570178151130676270e-01
5.712690353393554688e-01,-2.017445564270019531e-01,1.147866770625114441e-01
7.126583456993103027e-01,-1.311576068401336670e-01,9.675712585449218750e-01
-5.169570818543434143e-02,-5.723746493458747864e-02,1.224342346191406250e+00
5.445476174354553223e-01,-3.326344490051269531e-01,7.294601202011108398e-01
-8.887658119201660156e-01,2.391091436147689819e-01,4.942541420459747314e-01
-6.239513754844665527e-01,1.765697002410888672e-01,6.726318001747131348e-01
-4.694293439388275146e-01,4.314112663269042969e-02,2.951953113079071045e-01
-5.517084598541259766e-01,-3.944738209247589111e-02,5.982720851898193359e-01
4.815342426300048828e-01,-5.609528720378875732e-02,1.013153046369552612e-01
6.927416324615478516e-01,-2.990313172340393066e-01,5.684504508972167969e-01
-5.251223444938659668e-01,3.447604179382324219e-01,8.786108493804931641e-01
-4.221940636634826660e-01,2.455764263868331909e-01,1.105194091796875000e+00
-7.838159203529357910e-01,2.462687939405441284e-01,5.057621002197265625e-02
4.979529976844787598e-01,-8.449840545654296875e-02,6.192680001258850098e-01
2.015236616134643555e-01,-2.251691818237304688e-01,4.548802077770233154e-01
4.776380956172943115e-01,-2.034406661987304688e-01,3.037496805191040039e-01
-1.594814509153366089e-01,-1.746809482574462891e-01,6.582711935043334961e-01
-9.605450630187988281e-01,1.646419465541839600e-01,2.420269697904586792e-01
2.585137784481048584e-01,-1.968862563371658325e-01,9.695646762847900391e-01
8.401838541030883789e-01,-2.650227546691894531e-01,5.331470966339111328e-01
8.485412225127220154e-03,1.314880698919296265e-01,9.624924659729003906e-01
7.503085136413574219e-01,-2.628403902053833008e-01,2.558627128601074219e-01
2.665691971778869629e-01,6.223069131374359131e-02,1.069339513778686523e+00
-3.489975929260253906e-01,1.257455348968505859e-01,2.775775194168090820e-01
5.102491378784179688e-02,-2.463044375181198120e-01,3.965133726596832275e-01
-3.559826612472534180e-01,1.964409202337265015e-01,9.741570949554443359e-01
-7.862553596496582031e-01,1.070782244205474854e-01,2.871023416519165039e-01
-4.599806070327758789e-01,-1.811265945434570312e-02,4.933058023452758789e-01
-6.767926365137100220e-02,1.999239921569824219e-01,4.579466283321380615e-01
1.144557148218154907e-01,1.598141193389892578e-01,4.647477567195892334e-01
-5.719078183174133301e-01,-1.816112101078033447e-01,7.546029090881347656e-01
7.160151600837707520e-01,-9.097576141357421875e-03,2.965353429317474365e-01
1.142862290143966675e-01,-1.640024185180664062e-01,2.403973340988159180e-01
-1.586670130491256714e-01,1.890985965728759766e-01,3.014288246631622314e-01
6.271790862083435059e-01,-3.483060896396636963e-01,8.567924499511718750e-01
7.392225265502929688e-01,-1.066257953643798828e-01,2.211700379848480225e-02
-7.488367557525634766e-01,1.088882833719253540e-01,5.242770314216613770e-01
1.671551465988159180e-01,-1.156542450189590454e-01,1.207844376564025879e+00
-6.695532798767089844e-02,2.298755645751953125e-01,6.770260334014892578e-01
4.176788628101348877e-01,-3.096365928649902344e-02,2.250244021415710449e-01
1.907576769590377808e-01,-3.734042644500732422e-01,2.230523675680160522e-01
3.810751140117645264e-01,-6.297176331281661987e-02,1.046355366706848145e+00
5.830105543136596680e-01,-1.442291736602783203e-01,7.121465802192687988e-01
-5.299253463745117188e-01,1.194770038127899170e-01,2.094543427228927612e-01
-5.236439108848571777e-01,-6.904461979866027832e-02,8.579490184783935547e-01
-5.087661743164062500e-02,-2.804841697216033936e-01,1.274124741554260254e+00
5.446339249610900879e-01,-3.322122097015380859e-01,4.762174785137176514e-01
3.016112744808197021e-01,1.303565502166748047e-01,6.375927329063415527e-01
-3.313540518283843994e-01,2.710516452789306641e-01,4.807958900928497314e-01
8.335126042366027832e-01,-6.133532524108886719e-02,8.501424789428710938e-01
-3.880511522293090820e-01,-5.285058915615081787e-02,2.801389694213867188e-01
-3.457159996032714844e-01,-1.527619361877441406e-01,6.337698101997375488e-01
-5.817444324493408203e-01,1.039102077484130859e-01,3.735470473766326904e-01
-8.154023289680480957e-01,1.849067211151123047e-01,7.160882353782653809e-01
3.732124865055084229e-01,-2.917175292968750000e-01,7.001641392707824707e-01
1.320800743997097015e-02,5.120546370744705200e-02,1.774163246154785156e-01
-1.980801373720169067e-01,5.112789571285247803e-02,1.731293201446533203e-01
2.083955854177474976e-01,1.305472850799560547e-01,7.708921432495117188e-01
7.677724957466125488e-01,-2.631571590900421143e-01,9.695384502410888672e-01
4.099625945091247559e-01,-2.503395080566406250e-02,4.568968117237091064e-01
1.914537698030471802e-01,-3.638193607330322266e-01,4.760070517659187317e-02
-6.296462565660476685e-02,5.046983063220977783e-02,1.434389948844909668e+00
3.011279106140136719e-01,-1.349649429321289062e-01,4.056863188743591309e-01
-3.984723091125488281e-01,3.295392394065856934e-01,7.942596077919006348e-01
-4.335960149765014648e-01,-1.998731642961502075e-01,9.387624263763427734e-01
2.948487997055053711e-01,-1.947052478790283203e-01,5.256239175796508789e-01
5.308338999748229980e-01,-2.695076167583465576e-01,9.205353260040283203e-01
8.401838541030883789e-01,-2.650227546691894531e-01,3.706277310848236084e-01
4.653501510620117188e-02,-2.459419518709182739e-01,6.399386525154113770e-01
4.470413178205490112e-02,4.048721393701271154e-07,1.302827477455139160e+00
-3.978810012340545654e-01,5.817413466502330266e-07,8.648142814636230469e-01
-5.750111341476440430e-01,6.798553466796875000e-02,5.621429160237312317e-02
2.950853109359741211e-01,1.924548149108886719e-01,3.975457549095153809e-01
-2.665281593799591064e-01,2.916058003902435303e-01,6.121492385864257812e-01
6.157200336456298828e-01,-6.592433154582977295e-02,9.547436237335205078e-01
4.045664370059967041e-01,6.418919563293457031e-02,3.505517542362213135e-01
5.181127786636352539e-01,7.266609370708465576e-02,7.455871105194091797e-01
-3.686646819114685059e-01,-1.274079531431198120e-01,1.025688529014587402e+00
7.160152792930603027e-01,-9.097576141357421875e-03,4.705947637557983398e-01
9.347035288810729980e-01,-2.735412120819091797e-01,6.034619212150573730e-01
8.401836752891540527e-01,-2.650227546691894531e-01,1.467657387256622314e-01
3.015924096107482910e-01,-1.565507650375366211e-01,2.364773750305175781e-01
-2.527027130126953125e-01,-1.555798053741455078e-01,5.649351477622985840e-01
-6.683853268623352051e-01,2.449536323547363281e-02,4.361962676048278809e-01
5.137960910797119141e-01,-8.013763278722763062e-02,2.663241624832153320e-01
8.701834678649902344e-01,-1.374422460794448853e-01,4.716004729270935059e-01
1.356340050697326660e-01,-2.195156812667846680e-01,7.362222671508789062e-01
-7.157500982284545898e-01,2.606441080570220947e-01,2.286388874053955078e-01
7.405396699905395508e-01,-1.121602058410644531e-01,2.352798432111740112e-01
8.701834678649902344e-01,-1.374422460794448853e-01,2.524548172950744629e-01
9.704753160476684570e-01,-1.590991020202636719e-01,6.919378638267517090e-01
-9.115931391716003418e-01,1.471862792968750000e-01,4.244418144226074219e-01
4.837011694908142090e-01,-1.290383785963058472e-01,1.000412583351135254e+00
-6.956797838211059570e-02,-1.217813491821289062e-01,2.438497841358184814e-01
-8.852061033248901367e-01,2.756168842315673828e-01,1.469433605670928955e-01
-7.952585220336914062e-01,2.544512748718261719e-01,4.348852336406707764e-01
-6.023675203323364258e-01,2.742407321929931641e-01,5.522543191909790039e-01
6.608312129974365234e-01,-2.228193283081054688e-01,5.141143500804901123e-02
-4.365448355674743652e-01,1.700427532196044922e-01,1.468841582536697388e-01
4.127804338932037354e-01,6.821098923683166504e-02,8.838129043579101562e-01
-6.510051488876342773e-01,-5.415129661560058594e-02,6.666439771652221680e-01
6.515231728553771973e-01,-1.913671493530273438e-01,2.032943665981292725e-01
9.303503036499023438e-01,-2.862396240234375000e-01,3.071493506431579590e-01
-5.950431823730468750e-01,3.073837757110595703e-01,6.737636923789978027e-01
2.010077834129333496e-01,2.322766780853271484e-01,5.810140967369079590e-01
5.054786801338195801e-01,4.044389724731445312e-02,4.228100478649139404e-01
-1.094114631414413452e-01,2.058572322130203247e-01,8.770861625671386719e-01
-2.485957443714141846e-01,2.017965316772460938e-01,2.379348725080490112e-01
-5.148602724075317383e-01,2.529520988464355469e-01,6.175796389579772949e-01
3.792028725147247314e-01,-2.642304897308349609e-01,2.730624675750732422e-01
-1.463932842016220093e-01,2.558355033397674561e-01,1.026040077209472656e+00
4.596286714076995850e-01,-3.088879585266113281e-01,6.350705027580261230e-01
2.288532257080078125e-02,-2.440327852964401245e-01,5.304198861122131348e-01
2.252630591392517090e-01,5.128470808267593384e-02,1.828486919403076172e-01
2.122384607791900635e-01,5.920938029885292053e-02,1.163073301315307617e+00
5.515252947807312012e-01,-2.984554767608642578e-01,2.952075004577636719e-01
-1.558456420898437500e-01,-1.364606320858001709e-01,8.854360580444335938e-01
7.392221093177795410e-01,-1.066257953643798828e-01,5.221157670021057129e-01
-3.055901527404785156e-01,1.065490543842315674e-01,1.696536242961883545e-01
-3.496269583702087402e-01,1.205625534057617188e-01,4.084704518318176270e-01
-7.803127765655517578e-01,3.060510158538818359e-01,5.872262716293334961e-01
3.058925867080688477e-01,8.962416648864746094e-02,7.841280698776245117e-01
1.507790088653564453e-01,-2.543573975563049316e-01,1.972924768924713135e-01
7.392219901084899902e-01,-1.066257953643798828e-01,1.283471584320068359e-01
4.233901500701904297e-01,1.335144020231382456e-06,5.693484544754028320e-01
-2.201843261718750000e-02,-5.121505632996559143e-02,1.771905422210693359e-01
-4.451496899127960205e-01,-1.142566204071044922e-01,5.776463150978088379e-01
-4.153138697147369385e-01,5.165053158998489380e-02,2.056567668914794922e-01
2.104168087244033813e-01,1.027204990386962891e-01,3.110150098800659180e-01
-4.278467893600463867e-01,2.264273166656494141e-01,4.588433802127838135e-01
-7.330622673034667969e-01,1.256995201110839844e-01,6.900215148925781250e-01
2.088681906461715698e-01,1.240372657775878906e-01,4.387091100215911865e-01
-4.694297313690185547e-01,4.314112663269042969e-02,3.988690078258514404e-01
-1.629261374473571777e-01,-1.136431694030761719e-01,3.419637978076934814e-01
-2.241625934839248657e-01,1.348299384117126465e-01,9.106652736663818359e-01
6.062728166580200195e-01,-3.028512001037597656e-02,7.050629854202270508e-01
7.178372740745544434e-01,1.675152778625488281e-02,7.941821217536926270e-01
3.989254534244537354e-01,1.051249504089355469e-01,6.118379235267639160e-01
6.091802716255187988e-01,1.604151725769042969e-02,2.919714152812957764e-01
-9.240386635065078735e-02,5.116084963083267212e-02,1.752734184265136719e-01
-6.232421845197677612e-02,-1.671974509954452515e-01,4.563810825347900391e-01
6.048513650894165039e-01,3.724670410156250000e-02,5.634728670120239258e-01
-7.056049704551696777e-01,2.333550453186035156e-01,1.147558540105819702e-01
2.305766753852367401e-02,1.377067565917968750e-01,2.424374371767044067e-01
-4.133729040622711182e-01,3.202576637268066406e-01,6.624892950057983398e-01
7.898756265640258789e-01,-6.563755869865417480e-02,9.636373519897460938e-01
1.965062916278839111e-01,-2.942543029785156250e-01,3.820358216762542725e-01
1.156838014721870422e-01,1.293330192565917969e-01,3.398400843143463135e-01
-7.789577841758728027e-01,1.469473391771316528e-01,3.796982765197753906e-02
4.634594917297363281e-01,-2.864570617675781250e-01,5.129693746566772461e-01
9.309576153755187988e-01,-6.822535395622253418e-02,8.833506107330322266e-01
-3.535028398036956787e-01,-8.863329887390136719e-02,4.129998683929443359e-01
-6.898669004440307617e-01,2.950623035430908203e-01,4.882348477840423584e-01
2.305004373192787170e-02,-1.386780738830566406e-01,2.104476839303970337e-01
-3.162373304367065430e-01,3.334251344203948975e-01,9.483680725097656250e-01
-6.510934829711914062e-01,1.136161014437675476e-01,4.923733472824096680e-01
1.573690772056579590e-01,3.384262025356292725e-01,1.192139625549316406e+00
8.492652773857116699e-01,-2.354605197906494141e-01,2.772595286369323730e-01
5.068023502826690674e-02,-1.606843918561935425e-01,3.218431472778320312e-01
-6.855597347021102905e-02,1.636390686035156250e-01,2.720001041889190674e-01
-3.449597954750061035e-01,-1.589939594268798828e-01,7.329443097114562988e-01
-2.599821090698242188e-01,-7.364416122436523438e-02,2.160717695951461792e-01
-4.422698915004730225e-01,-1.329231262207031250e-01,7.773171663284301758e-01
4.815343618392944336e-01,-1.806292533874511719e-01,8.322296291589736938e-02
2.242358960211277008e-02,2.164349555969238281e-01,7.129127383232116699e-01
-6.791789084672927856e-02,-1.900460720062255859e-01,6.867603659629821777e-01
1.215450987219810486e-01,1.106130778789520264e-01,1.285942077636718750e+00
-7.590942084789276123e-02,-3.391658663749694824e-01,1.201300144195556641e+00
-4.365448355674743652e-01,1.700427532196044922e-01,2.745156884193420410e-01
-5.234930515289306641e-01,4.547805190086364746e-01,1.015496253967285156e+00
1.331650763750076294e-01,-3.044586181640625000e-01,9.622772037982940674e-02
2.871860563755035400e-01,-2.676048278808593750e-01,7.361755371093750000e-01
-5.192379355430603027e-01,2.490670680999755859e-01,1.078250050544738770e+00
7.207659482955932617e-01,-3.425497412681579590e-01,8.922102451324462891e-01
-1.572955697774887085e-01,2.133953571319580078e-01,4.246365129947662354e-01
-6.050122976303100586e-01,2.622740268707275391e-01,3.316525220870971680e-01
4.975956678390502930e-01,8.659625053405761719e-02,6.530915498733520508e-01
1.106988564133644104e-01,2.530350685119628906e-01,7.366440892219543457e-01
1.137225478887557983e-01,1.780068874359130859e-01,5.587350130081176758e-01
-1.982553005218505859e-01,1.534652709960937500e-01,1.726369857788085938e-01
1.900589019060134888e-01,-1.539798825979232788e-01,1.832230091094970703e-01
-1.544787734746932983e-01,2.632989883422851562e-01,7.020033001899719238e-01
-5.169950723648071289e-01,2.415626049041748047e-01,5.229631066322326660e-01
2.265045046806335449e-02,1.882655620574951172e-01,4.917855858802795410e-01
2.952277958393096924e-01,1.377686262130737305e-01,8.651123046875000000e-01
-7.111194729804992676e-01,2.178716659545898438e-01,6.899918913841247559e-01
8.534985184669494629e-01,-1.347398757934570312e-01,7.937969565391540527e-01
2.905573844909667969e-01,-1.253194212913513184e-01,1.058045387268066406e+00
2.874978184700012207e-01,-2.646393775939941406e-01,6.077569723129272461e-01
-3.027664124965667725e-02,5.416141822934150696e-02,1.319972515106201172e+00
7.244728207588195801e-01,-3.391516208648681641e-01,3.262029886245727539e-01
-5.763235092163085938e-01,5.308581888675689697e-02,2.947282791137695312e-01
-2.431158721446990967e-01,2.634854316711425781e-01,5.119363069534301758e-01
-1.597509682178497314e-01,-1.699054241180419922e-01,5.607760548591613770e-01
-1.499804705381393433e-01,-5.039962753653526306e-02,1.436440110206604004e+00
-6.824459135532379150e-02,1.765556335449218750e-01,3.658538758754730225e-01
4.752739667892456055e-01,-2.172830104827880859e-01,6.237959265708923340e-01
-2.511273026466369629e-01,-1.367196887731552124e-01,8.814074993133544922e-01
1.996236443519592285e-01,-2.513318061828613281e-01,5.452079772949218750e-01
-1.636849939823150635e-01,-1.002118587493896484e-01,2.459964007139205933e-01
9.570590257644653320e-01,-1.321724504232406616e-01,9.518456459045410156e-01
5.387763977050781250e-01,1.325607286162266973e-06,6.303359866142272949e-01
-5.436758399009704590e-01,-9.920597076416015625e-02,7.210960388183593750e-01
6.305642724037170410e-01,-3.500156402587890625e-01,5.075907707214355469e-01
-6.709602475166320801e-02,2.240545749664306641e-01,5.813784599304199219e-01
-2.517940700054168701e-01,-1.658053398132324219e-01,6.618860960006713867e-01
-1.593728363513946533e-01,-1.766149997711181641e-01,7.577276229858398438e-01
-3.263956010341644287e-01,3.118908405303955078e-01,6.934991478919982910e-01
-7.952584624290466309e-01,2.544512748718261719e-01,1.466262787580490112e-01
7.504070401191711426e-01,-2.438974380493164062e-01,1.465252637863159180e-01
1.114953979849815369e-01,2.332768440246582031e-01,6.441165208816528320e-01
-6.160596609115600586e-01,2.122843265533447266e-01,8.307097852230072021e-02
3.128102123737335205e-01,2.381396293640136719e-02,1.867788583040237427e-01
9.130222797393798828e-01,-2.023674696683883667e-01,1.308673024177551270e-01
3.562889099121093750e-01,8.521473407745361328e-02,5.232836604118347168e-01
9.718561172485351562e-02,-2.500309050083160400e-01,2.978918254375457764e-01
1.089584976434707642e-01,-2.962090969085693359e-01,5.979366898536682129e-01
1.072921082377433777e-01,-3.375685214996337891e-01,4.053985476493835449e-01
8.022619485855102539e-01,-5.354040861129760742e-02,3.229696750640869141e-01
5.577792525291442871e-01,-1.468748003244400024e-01,3.647732734680175781e-02
-8.852053880691528320e-01,2.756164073944091797e-01,3.066973686218261719e-01
-9.115930795669555664e-01,1.471862792968750000e-01,3.141213953495025635e-01
-8.852053880691528320e-01,2.756164073944091797e-01,4.034008681774139404e-01
4.940286278724670410e-01,-2.075763344764709473e-01,8.593094348907470703e-01
3.732350766658782959e-01,-2.915537357330322266e-01,3.850170671939849854e-01
4.060042500495910645e-01,5.375432968139648438e-02,7.969042658805847168e-01
-7.793566584587097168e-01,5.581927299499511719e-02,5.876553058624267578e-01
4.590107500553131104e-01,-3.125040531158447266e-01,7.305398583412170410e-01
1.909111589193344116e-01,-3.712909221649169922e-01,1.351989656686782837e-01
5.444002151489257812e-01,-3.333563804626464844e-01,3.832714855670928955e-01
6.608312129974365234e-01,-2.228193283081054688e-01,5.977023243904113770e-01
2.264950238168239594e-02,-1.884028911590576172e-01,4.597116112709045410e-01
7.504070401191711426e-01,-2.438974380493164062e-01,5.322738289833068848e-01
-3.492854237556457520e-01,1.375730335712432861e-01,8.681366443634033203e-01
4.815344214439392090e-01,-1.806292533874511719e-01,2.103582769632339478e-01
-6.841437220573425293e-01,9.580445289611816406e-02,1.978832930326461792e-01
5.693991184234619141e-01,-1.984810978174209595e-01,9.531064033508300781e-01
-5.227160453796386719e-01,3.748025298118591309e-01,1.085543870925903320e+00
-5.017265081405639648e-01,-1.322402805089950562e-01,9.507992267608642578e-01
5.803472995758056641e-01,5.340576194612367544e-07,9.039666652679443359e-01
-8.406126499176025391e-01,2.445626705884933472e-01,5.823046565055847168e-01
-1.323909014463424683e-01,1.006603017449378967e-01,1.440158367156982422e+00
5.626189708709716797e-01,-7.856386899948120117e-02,1.793545484542846680e-01
1.926924288272857666e-01,-3.467681407928466797e-01,3.146710097789764404e-01
6.581399440765380859e-01,-1.458146721124649048e-01,1.456809043884277344e-02
6.289245486259460449e-01,-8.067202568054199219e-02,1.263717561960220337e-01
9.003543853759765625e-01,-2.035959362983703613e-01,5.154154896736145020e-01
8.701832294464111328e-01,-1.374422013759613037e-01,3.732775747776031494e-01
5.613557696342468262e-01,-2.503013610839843750e-01,7.187417149543762207e-01
-5.750117897987365723e-01,6.798577308654785156e-02,1.601174920797348022e-01
-8.276178836822509766e-01,1.427333354949951172e-01,4.189096093177795410e-01
8.141233921051025391e-01,-1.410599350929260254e-01,3.944793716073036194e-02
5.202204585075378418e-01,7.057190032355720177e-07,8.449814319610595703e-01
3.150291442871093750e-01,-2.695322036743164062e-03,4.585300981998443604e-01
5.988875627517700195e-01,6.645750999450683594e-02,7.667962312698364258e-01
9.690649509429931641e-01,-1.969332396984100342e-01,2.413610816001892090e-01
-2.960709929466247559e-01,-6.773214787244796753e-02,8.986947536468505859e-01
-9.347898960113525391e-01,2.338966280221939087e-01,1.992565840482711792e-01
9.977678656578063965e-01,-2.479450702667236328e-01,5.555325150489807129e-01
-4.052032232284545898e-01,2.632561028003692627e-01,9.687712192535400391e-01
-1.764446943998336792e-01,2.010612040758132935e-01,9.265313148498535156e-01
1.979724466800689697e-01,-2.740662097930908203e-01,7.323352098464965820e-01
-6.836454868316650391e-01,9.354829788208007812e-02,9.218444675207138062e-02
-2.568934261798858643e-01,-1.084163188934326172e-01,4.088064432144165039e-01
-6.691775321960449219e-01,3.755456954240798950e-02,3.546636998653411865e-01
1.039248630404472351e-01,-1.122283041477203369e-01,1.260938882827758789e+00
-1.163278147578239441e-01,3.217017948627471924e-01,9.849119186401367188e-01
-1.183746289461851120e-02,-1.100700721144676208e-01,1.294456481933593750e+00
-4.005111455917358398e-01,5.722045557376986835e-07,9.755260944366455078e-01
7.859110236167907715e-01,-1.134979724884033203e-01,4.551472365856170654e-01
8.149248957633972168e-01,-1.963905990123748779e-01,9.746623039245605469e-01
8.947476744651794434e-01,-2.862391471862792969e-01,6.737914681434631348e-01
3.247390687465667725e-02,2.056746482849121094e-01,8.789472579956054688e-01
3.139779567718505859e-01,4.659483465729863383e-07,1.045700430870056152e+00
-3.823099136352539062e-01,-4.217672348022460938e-02,1.925472915172576904e-01
-6.684444546699523926e-01,2.476215362548828125e-02,5.417919754981994629e-01
8.447448909282684326e-02,2.792816162109375000e-01,1.281522512435913086e+00
3.773727416992187500e-01,-1.578815579414367676e-01,2.640104293823242188e-01
4.045662879943847656e-01,6.418919563293457031e-02,4.508834779262542725e-01
-5.293692350387573242e-01,1.755399703979492188e-01,4.372033476829528809e-01
-3.384870886802673340e-01,-1.930803805589675903e-01,9.916539192199707031e-01
-8.191436529159545898e-02,-6.565926223993301392e-02,9.632031917572021484e-01
9.654035568237304688e-01,-1.972884088754653931e-01,4.043972790241241455e-01
8.841081261634826660e-01,-5.626191198825836182e-02,4.918735027313232422e-01
3.295559883117675781e-01,1.723284125328063965e-01,4.680294692516326904e-01
-5.264350175857543945e-01,1.911947727203369141e-01,1.783612072467803955e-01
-3.956401348114013672e-01,3.292647600173950195e-01,9.141260981559753418e-01
-5.007218718528747559e-01,3.283867835998535156e-01,6.322906613349914551e-01
4.116811156272888184e-01,1.256656646728515625e-02,2.891103923320770264e-01
2.050007581710815430e-01,1.772968769073486328e-01,4.949885308742523193e-01
-1.145565509796142578e-01,-1.395683735609054565e-01,4.068130254745483398e-01
-3.103788793087005615e-01,2.622070014476776123e-01,9.768688678741455078e-01
-6.921318769454956055e-01,2.861828804016113281e-01,6.188629269599914551e-01
5.933352708816528320e-01,-2.602156698703765869e-01,2.233433723449707031e-01
2.302571088075637817e-01,-5.853636562824249268e-02,1.183984398841857910e+00
-1.118609607219696045e-01,4.000459057351690717e-07,1.479158043861389160e+00
8.135711550712585449e-01,-3.366302549839019775e-01,9.286341667175292969e-01
3.168988227844238281e-01,1.401901158715190832e-06,2.872668504714965820e-01
9.407523274421691895e-01,-6.234455108642578125e-02,7.078906297683715820e-01
1.545460224151611328e-01,1.836221069097518921e-01,7.640225291252136230e-01
-2.508340477943420410e-01,2.046623975038528442e-01,8.893823623657226562e-01
-9.292098879814147949e-02,-4.051174819469451904e-01,1.234435439109802246e+00
8.345835208892822266e-01,-2.099735587835311890e-01,6.330261379480361938e-02
-4.829059839248657227e-01,1.305050849914550781e-01,9.216552227735519409e-02
3.041658103466033936e-01,1.060507297515869141e-01,7.109774351119995117e-01
-3.283767700195312500e-01,2.955720424652099609e-01,5.703942775726318359e-01
8.749731183052062988e-01,-2.637192606925964355e-01,9.652009010314941406e-01
-5.669198632240295410e-01,1.469868421554565430e-01,3.879880905151367188e-02
1.326494067907333374e-01,-2.916526794433593750e-01,2.281616069376468658e-02
-8.325030803680419922e-01,1.749785393476486206e-01,5.569164752960205078e-01
-4.517172276973724365e-01,2.772991061210632324e-01,8.604216575622558594e-01
2.368507385253906250e-01,-1.203623712062835693e-01,1.134877681732177734e+00
-2.360827922821044922e-01,2.088301479816436768e-01,3.108871281147003174e-01
7.979812622070312500e-01,4.768371582031250000e-07,8.720030784606933594e-01
1.459183692932128906e-01,-3.699029982089996338e-01,-1.195983868092298508e-02
5.635321140289306641e-01,-7.853443175554275513e-02,6.531882882118225098e-01
4.549742043018341064e-01,-6.381081044673919678e-02,1.020316243171691895e+00
2.370391786098480225e-01,1.618398874998092651e-01,3.458046913146972656e-01
-4.479266405105590820e-01,1.377708464860916138e-01,8.650848865509033203e-01
-4.732026457786560059e-01,7.057190032355720177e-07,8.585202693939208984e-01
-3.719786107540130615e-01,-6.851776689291000366e-02,8.743045330047607422e-01
-2.073687762022018433e-01,-1.953080892562866211e-01,1.037812232971191406e+00
-1.192840561270713806e-02,-2.213674187660217285e-01,1.291987061500549316e+00
-7.842264175415039062e-01,7.491302490234375000e-02,7.012078762054443359e-01
-3.255552649497985840e-01,2.065209597349166870e-01,8.701972961425781250e-01
7.392219901084899902e-01,-1.066257953643798828e-01,5.950579643249511719e-01
6.392883509397506714e-02,1.648958176374435425e-01,1.299501419067382812e+00
-3.733734190464019775e-01,6.877475231885910034e-02,8.663332462310791016e-01
-1.059748828411102295e-01,-1.330429762601852417e-01,9.384133815765380859e-01
-3.370317518711090088e-01,2.242915630340576172e-01,4.254055619239807129e-01
-5.094102621078491211e-01,1.834870129823684692e-01,1.107734560966491699e+00
-3.222920298576354980e-01,6.246566499612526968e-07,8.816909790039062500e-01
1.635362207889556885e-01,3.375746607780456543e-01,1.275704383850097656e+00
-7.761819362640380859e-01,1.075655445456504822e-01,3.640197813510894775e-01
5.577880740165710449e-01,-6.781455129384994507e-02,8.960993289947509766e-01
-4.895830154418945312e-01,-4.044839739799499512e-02,5.547943115234375000e-01
9.290981888771057129e-01,-1.979991942644119263e-01,9.580748081207275391e-01
3.874288797378540039e-01,4.738007532978372183e-07,1.012750744819641113e+00
-5.624459981918334961e-01,9.448528289794921875e-04,5.340012907981872559e-01
6.773481369018554688e-01,1.211166363646043465e-06,3.797540068626403809e-01
1.097958087921142578e-01,-2.754311561584472656e-01,6.662379503250122070e-01
-7.467976808547973633e-01,7.184028625488281250e-02,2.222503572702407837e-01
6.130568981170654297e-01,-7.693807780742645264e-02,5.835079550743103027e-01
-9.343001842498779297e-01,1.667605787515640259e-01,1.755291670560836792e-01
1.898214668035507202e-01,-5.128056555986404419e-02,1.825256347656250000e-01
-9.545557498931884766e-01,2.316579520702362061e-01,2.898879945278167725e-01
8.998618125915527344e-01,-2.721881270408630371e-01,4.926194548606872559e-01
6.646893024444580078e-01,-1.972530335187911987e-01,9.657680988311767578e-01
1.543563753366470337e-01,5.125156417489051819e-02,1.808223724365234375e-01
7.390564084053039551e-01,-1.968234032392501831e-01,9.701995849609375000e-01
2.549168467521667480e-01,4.404133449043001747e-07,1.152800321578979492e+00
5.897134542465209961e-01,-1.314772814512252808e-01,9.626216888427734375e-01
-4.369854629039764404e-01,1.813052296638488770e-01,1.130237936973571777e+00
8.370025455951690674e-02,5.122284591197967529e-02,1.788465976715087891e-01
-1.981103420257568359e-01,-5.113575235009193420e-02,1.736168861389160156e-01
-5.849132537841796875e-01,3.532240390777587891e-01,7.263119220733642578e-01
-6.205757260322570801e-01,1.918470859527587891e-01,2.115136682987213135e-01
-9.666771888732910156e-01,1.641468405723571777e-01,3.567834496498107910e-01
2.060394287109375000e-01,4.253870997672493104e-07,1.215836167335510254e+00
6.894137263298034668e-01,-6.580298393964767456e-02,9.585068225860595703e-01
1.409271173179149628e-02,-1.638358235359191895e-01,3.868472576141357422e-01
8.819407224655151367e-01,-6.662758439779281616e-02,9.329171180725097656e-01
-2.045355141162872314e-01,3.208454549312591553e-01,9.743151664733886719e-01
-8.137289285659790039e-01,1.905913352966308594e-01,2.055117785930633545e-01
8.409234285354614258e-01,-2.626154422760009766e-01,7.673090696334838867e-01
3.700042665004730225e-01,-5.717042833566665649e-02,5.482416152954101562e-01
-5.634124279022216797e-01,1.178571581840515137e-01,4.545695483684539795e-01
-6.023194193840026855e-01,2.744588851928710938e-01,4.563783109188079834e-01
-8.889994621276855469e-01,1.704176664352416992e-01,5.174617171287536621e-01
4.061282277107238770e-01,-1.266637146472930908e-01,1.037217736244201660e+00
-9.296774864196777344e-01,2.344756573438644409e-01,4.362417459487915039e-01
6.091800332069396973e-01,1.604199409484863281e-02,4.633515775203704834e-01
5.239257588982582092e-02,1.661133468151092529e-01,4.340770244598388672e-01
-6.483343243598937988e-01,-6.623578071594238281e-02,7.341055274009704590e-01
3.745253980159759521e-01,-2.821924686431884766e-01,5.112280249595642090e-01
3.236138820648193359e-01,-1.944089680910110474e-01,9.951095581054687500e-01
-2.139862030744552612e-01,2.568859457969665527e-01,1.017925858497619629e+00
-5.949889868497848511e-02,1.316841244697570801e-01,9.593911170959472656e-01
-7.952587008476257324e-01,2.544512748718261719e-01,5.326409935951232910e-01
3.086941242218017578e-01,8.674880862236022949e-02,3.488110303878784180e-01
-8.407428264617919922e-01,2.445479482412338257e-01,8.733917027711868286e-02
-5.314196944236755371e-01,3.328531682491302490e-01,9.518806934356689453e-01
-4.809342920780181885e-01,5.626678216685832012e-07,1.122143030166625977e+00
-5.453887581825256348e-01,-9.006595611572265625e-02,6.541988849639892578e-01
-4.678772017359733582e-02,3.904267487087054178e-07,1.392636656761169434e+00
-1.680171191692352295e-01,3.182136416435241699e-01,1.041970849037170410e+00
8.314055949449539185e-02,5.520336329936981201e-02,1.287454843521118164e+00
5.054784417152404785e-01,4.044389724731445312e-02,3.551483154296875000e-01
-7.201476097106933594e-01,3.673332184553146362e-02,4.774026274681091309e-01
1.016699224710464478e-01,-5.492521822452545166e-02,1.296067118644714355e+00
-7.968704402446746826e-02,2.548318505287170410e-01,1.033777952194213867e+00
-6.798066943883895874e-02,-1.874680519104003906e-01,7.538354396820068359e-01
4.973992705345153809e-01,-2.680609524250030518e-01,3.205151557922363281e-01
8.620651066303253174e-02,3.413567543029785156e-01,1.256384730339050293e+00
-3.750773668289184570e-01,1.531966626644134521e-01,1.671373844146728516e-01
-3.995461463928222656e-01,-4.189913719892501831e-02,4.252297878265380859e-01
-2.686386108398437500e-01,5.109719932079315186e-02,1.712167263031005859e-01
-3.557956218719482422e-01,-6.974959373474121094e-02,3.491580188274383545e-01
-4.481395483016967773e-01,-9.487414360046386719e-02,5.141133069992065430e-01
-6.038392782211303711e-01,2.675805091857910156e-01,6.183450222015380859e-01
6.022051572799682617e-01,-5.287630110979080200e-02,2.817404270172119141e-01
6.302927732467651367e-01,-3.511567115783691406e-01,4.142541289329528809e-01
2.533955574035644531e-01,-2.626414895057678223e-01,7.974926829338073730e-01
7.504077553749084473e-01,-2.438974380493164062e-01,5.980615019798278809e-01
5.712690353393554688e-01,-2.017445564270019531e-01,5.321879386901855469e-01
7.885017395019531250e-01,-1.309786289930343628e-01,9.703445434570312500e-01
-1.219421345740556717e-02,-3.382853269577026367e-01,1.272076129913330078e+00
6.631576418876647949e-01,-2.584321498870849609e-01,2.012426853179931641e-01
1.641509979963302612e-01,5.681747943162918091e-02,1.237324357032775879e+00
-6.694730371236801147e-02,2.302296161651611328e-01,7.423739433288574219e-01
2.207040786743164062e-01,8.958499878644943237e-02,2.355221509933471680e-01
5.202093124389648438e-01,-3.213924467563629150e-01,6.700149178504943848e-01
8.677049875259399414e-01,-1.869168281555175781e-01,3.166503906250000000e-01
3.202824592590332031e-01,1.729268580675125122e-01,5.622286796569824219e-01
-3.473215103149414062e-01,-1.395401954650878906e-01,5.700482130050659180e-01
8.401843905448913574e-01,-2.650227546691894531e-01,4.677937328815460205e-01
-4.603708982467651367e-01,-1.558375358581542969e-02,4.252465665340423584e-01
5.207554697990417480e-01,5.618817359209060669e-02,4.872808456420898438e-01
-6.791596859693527222e-02,-1.901068687438964844e-01,6.210783123970031738e-01
2.870113551616668701e-01,-2.692670822143554688e-01,5.432035923004150391e-01
1.838758736848831177e-01,-5.681468918919563293e-02,1.237384080886840820e+00
-2.540637254714965820e-01,-1.402680873870849609e-01,5.021345615386962891e-01
2.016442269086837769e-01,2.235136032104492188e-01,3.920242190361022949e-01
-5.874845385551452637e-01,1.345369815826416016e-01,2.345492541790008545e-01
9.303507804870605469e-01,-2.862396240234375000e-01,3.716232180595397949e-01
2.192332409322261810e-02,-2.785563468933105469e-01,4.759936332702636719e-01
8.264007568359375000e-01,-7.006142288446426392e-02,3.803576529026031494e-01
2.612942457199096680e-01,-1.541238129138946533e-01,1.863296031951904297e-01
-5.009686350822448730e-01,4.374666213989257812e-01,1.093457937240600586e+00
8.701834678649902344e-01,-1.374422460794448853e-01,5.465948581695556641e-01
1.151695474982261658e-01,1.421012878417968750e-01,4.027856290340423584e-01
-6.978187710046768188e-02,-1.129167079925537109e-01,1.802468895912170410e-01
-5.022820830345153809e-01,6.039037182927131653e-02,1.126431107521057129e+00
1.160458996891975403e-01,1.203501224517822266e-01,2.762948572635650635e-01
-7.957042455673217773e-01,1.199166774749755859e-01,9.368591010570526123e-02
-8.852053880691528320e-01,2.756164073944091797e-01,2.426238954067230225e-01
1.824148446321487427e-01,-2.149420380592346191e-01,7.833726406097412109e-01
2.312861382961273193e-02,1.289136409759521484e-01,1.792016625404357910e-01
4.371920824050903320e-01,-5.103808268904685974e-02,1.676473617553710938e-01
2.872952222824096680e-01,-2.665667533874511719e-01,6.715423464775085449e-01
4.365486502647399902e-01,-1.678926944732666016e-01,1.285266131162643433e-01
-4.275151491165161133e-01,2.285785675048828125e-01,5.225407481193542480e-01
-4.365451633930206299e-01,1.700427532196044922e-01,2.105960100889205933e-01
2.254238165915012360e-02,2.016727924346923828e-01,6.509669423103332520e-01
8.401843309402465820e-01,-2.650227546691894531e-01,2.104260176420211792e-01
2.298690192401409149e-02,1.465022563934326172e-01,3.055203258991241455e-01
1.166409403085708618e-01,-1.055717468261718750e-01,1.807995587587356567e-01
-1.547219455242156982e-01,2.589898109436035156e-01,6.386277675628662109e-01
-7.056050896644592285e-01,2.333550453186035156e-01,5.141998082399368286e-02
6.608306765556335449e-01,-2.228193283081054688e-01,1.147363260388374329e-01
4.996771216392517090e-01,7.440805435180664062e-02,5.871583223342895508e-01
2.589848041534423828e-01,1.768824756145477295e-01,6.389400959014892578e-01
-6.898317337036132812e-01,2.952041625976562500e-01,4.246878027915954590e-01
1.057716533541679382e-01,-3.752903938293457031e-01,4.730743169784545898e-02
3.736396729946136475e-01,-2.886207103729248047e-01,6.366806030273437500e-01
-6.728983670473098755e-02,2.160556316375732422e-01,5.189175009727478027e-01
-1.591444015502929688e-01,1.806445121765136719e-01,2.391729652881622314e-01
-6.050121188163757324e-01,2.622740268707275391e-01,3.948379456996917725e-01
-1.581905484199523926e-01,1.975419521331787109e-01,3.636065721511840820e-01
-1.562400162220001221e-01,2.320933341979980469e-01,4.848748743534088135e-01
-6.929528713226318359e-01,2.829670906066894531e-01,3.002117872238159180e-01
-2.493374347686767578e-01,1.934535503387451172e-01,1.758575439453125000e-01
-4.122512340545654297e-01,3.275289535522460938e-01,7.245557904243469238e-01
-2.446881085634231567e-01,2.457869052886962891e-01,4.520879983901977539e-01
-3.371993899345397949e-01,2.229108810424804688e-01,2.369406074285507202e-01
2.917701601982116699e-01,-2.239966392517089844e-01,2.676000893115997314e-01
7.244721651077270508e-01,-3.391516208648681641e-01,3.883505165576934814e-01
5.362343788146972656e-01,-2.389035373926162720e-01,6.632597446441650391e-01
6.379916071891784668e-01,-3.188018798828125000e-01,2.950781285762786865e-01
4.586876928806304932e-01,-3.143975734710693359e-01,4.454550147056579590e-01
-7.957039475440979004e-01,1.199166774749755859e-01,5.631376504898071289e-01
7.244727015495300293e-01,-3.391516208648681641e-01,2.643807828426361084e-01
2.431983947753906250e-01,1.356205642223358154e-01,8.984072208404541016e-01
-3.270387053489685059e-01,3.065910339355468750e-01,6.311414837837219238e-01
-4.365452229976654053e-01,1.700427532196044922e-01,4.356500208377838135e-01
4.584262669086456299e-01,-3.159265518188476562e-01,3.220901489257812500e-01
6.771615743637084961e-01,-5.283296480774879456e-02,2.790582180023193359e-01
-6.039044260978698730e-01,5.221043527126312256e-02,2.404067516326904297e-01
7.338494062423706055e-01,-8.404421806335449219e-02,8.118972778320312500e-01
1.079563125967979431e-01,-3.210701942443847656e-01,2.570361196994781494e-01
7.526831030845642090e-01,-5.278943106532096863e-02,2.763555049896240234e-01
-4.450464248657226562e-01,1.110440790653228760e-01,1.385345458984375000e-01
1.152398586273193359e-01,1.554489131194713991e-06,1.800494343042373657e-01
2.247476950287818909e-02,-2.100894451141357422e-01,6.816848516464233398e-01
6.481811404228210449e-02,2.226505875587463379e-01,1.282076358795166016e+00
5.329809188842773438e-01,-2.031941562891006470e-01,9.044992923736572266e-01
8.695266395807266235e-02,-2.242830991744995117e-01,6.870665550231933594e-01
8.975198268890380859e-01,-2.724909484386444092e-01,1.323214620351791382e-01
-7.123580574989318848e-02,-3.405267000198364258e-01,1.260622262954711914e+00
-1.454882770776748657e-01,4.889007285237312317e-02,1.483271360397338867e+00
4.919952154159545898e-01,-2.752960622310638428e-01,8.758757114410400391e-01
7.198486011475324631e-03,5.580154806375503540e-02,1.269155740737915039e+00
-7.208993434906005859e-01,3.672113269567489624e-02,3.986645340919494629e-01
-7.957041263580322266e-01,1.199166774749755859e-01,4.898672401905059814e-01
2.602401748299598694e-02,-5.501796305179595947e-02,1.293336033821105957e+00
-3.107650764286518097e-02,-1.665438413619995117e-01,1.282492280006408691e+00
8.401835560798645020e-01,-2.650227546691894531e-01,8.324981480836868286e-02
4.955291748046875000e-03,-1.453491896390914917e-01,2.884207069873809814e-01
7.790374755859375000e-02,-1.488775759935379028e-01,1.923284828662872314e-01
-5.067826509475708008e-01,-2.001855373382568359e-01,9.355278015136718750e-01
-4.694297015666961670e-01,4.314112663269042969e-02,2.264605611562728882e-01
5.712690353393554688e-01,-2.017445564270019531e-01,5.143371596932411194e-02
8.979517817497253418e-01,-7.697725296020507812e-02,7.471261620521545410e-01
8.551187515258789062e-01,-2.079823464155197144e-01,5.518949627876281738e-01
6.540594100952148438e-01,5.054473604104714468e-07,9.104709625244140625e-01
7.257537450641393661e-03,-2.801356911659240723e-01,1.276270985603332520e+00
-4.311077594757080078e-01,3.327038884162902832e-01,8.422593474388122559e-01
1.577487140893936157e-01,-3.399989008903503418e-01,3.766636848449707031e-01
8.944473266601562500e-01,-1.496085077524185181e-01,9.299969673156738281e-02
9.413709640502929688e-01,-1.996188163757324219e-01,4.570248425006866455e-01
-2.403552979230880737e-01,2.945563793182373047e-01,6.636282205581665039e-01
-1.171066239476203918e-02,4.048524999689107062e-07,1.324957013130187988e+00
-1.605632901191711426e-01,-1.555154323577880859e-01,4.982894659042358398e-01
3.091571033000946045e-01,-6.199402734637260437e-02,1.076692819595336914e+00
-3.665519952774047852e-01,-1.882743835449218750e-02,3.255850076675415039e-01
6.333221495151519775e-02,1.089985072612762451e-01,1.310929179191589355e+00
5.020027160644531250e-01,6.079149246215820312e-02,7.989624142646789551e-01
4.501968249678611755e-02,-1.101314723491668701e-01,1.293456912040710449e+00
-8.204238414764404297e-01,1.759536713361740112e-01,6.362517923116683960e-02
1.634654253721237183e-01,2.817272245883941650e-01,1.266472339630126953e+00
-1.810177564620971680e-01,3.452639418810576899e-07,1.469726443290710449e+00
-6.299102306365966797e-02,2.089403271675109863e-01,8.452539443969726562e-01
-1.018601953983306885e-01,-1.691313385963439941e-01,4.964990615844726562e-01
4.234339892864227295e-01,7.272028923034667969e-02,5.424944758415222168e-01
-5.264350175857543945e-01,1.911947727203369141e-01,4.998110830783843994e-01
-2.500346302986145020e-01,-1.935466676950454712e-01,1.001252651214599609e+00
-2.744630277156829834e-01,1.364437192678451538e-01,8.856415748596191406e-01
-6.050120592117309570e-01,2.622740268707275391e-01,2.687973082065582275e-01
-3.393380641937255859e-01,5.106020718812942505e-02,1.690063476562500000e-01
-7.488367557525634766e-01,1.088882833719253540e-01,6.557860970497131348e-02
4.283281266689300537e-01,-1.082463264465332031e-01,1.609493941068649292e-01
5.542827248573303223e-01,-2.453014850616455078e-01,2.788497805595397949e-01
7.504070997238159180e-01,-2.438974380493164062e-01,8.311340212821960449e-02
1.888708472251892090e-01,-2.548526525497436523e-01,1.568486690521240234e-01
1.211993396282196045e-01,1.653054356575012207e-01,1.295267581939697266e+00
-2.311065606772899628e-02,1.612171828746795654e-01,3.325757980346679688e-01
1.013327017426490784e-01,4.051327664456039201e-07,1.300922155380249023e+00
-5.307257175445556641e-01,1.138056814670562744e-01,6.361877173185348511e-02
-6.836450695991516113e-01,9.354782104492187500e-02,2.194274775683879852e-02
-7.193844318389892578e-01,3.674561530351638794e-02,5.572982430458068848e-01
-5.342459678649902344e-01,-1.495184898376464844e-01,7.770828008651733398e-01
3.748149871826171875e-01,-2.800889015197753906e-01,3.247723281383514404e-01
-5.132986307144165039e-01,3.850682675838470459e-01,1.033105611801147461e+00
-7.957042455673217773e-01,1.199166774749755859e-01,1.651641875505447388e-01
9.439923763275146484e-01,-1.993645876646041870e-01,1.749557405710220337e-01
8.686135411262512207e-01,-1.965896934270858765e-01,9.726068973541259766e-01
9.583153724670410156e-01,-2.646122574806213379e-01,2.666903734207153320e-01
-6.465374827384948730e-01,2.974552810192108154e-01,6.846361160278320312e-01
8.701832294464111328e-01,-1.374422013759613037e-01,1.807656884193420410e-01
-1.641936451196670532e-01,-9.120154380798339844e-02,1.818386763334274292e-01
6.773481369018554688e-01,1.220703097715158947e-06,4.328075945377349854e-01
1.417839527130126953e-01,-3.558248579502105713e-01,2.325451672077178955e-01
-6.935468316078186035e-02,-1.306250095367431641e-01,3.073000907897949219e-01
-4.508332610130310059e-01,-1.313901245594024658e-01,9.639790058135986328e-01
-3.040315210819244385e-01,-5.109012126922607422e-02,1.708617210388183594e-01
-4.245474040508270264e-01,6.913552433252334595e-02,8.551397323608398438e-01
2.256891727447509766e-01,1.790311187505722046e-01,6.792611479759216309e-01
3.083878159523010254e-01,6.589031219482421875e-02,2.169830203056335449e-01
4.417069852352142334e-01,-1.954962164163589478e-01,9.838912487030029297e-01
-9.115942120552062988e-01,1.471865177154541016e-01,2.409796118736267090e-01
-3.438751101493835449e-01,-1.897599250078201294e-01,1.043061614036560059e+00
2.353157997131347656e-01,-3.583166003227233887e-01,1.120471134781837463e-01
1.909148693084716797e-01,1.812751740217208862e-01,7.209219336509704590e-01
-4.449597001075744629e-01,5.090317130088806152e-02,1.592762470245361328e-01
-4.226106107234954834e-01,-6.882013380527496338e-02,8.649237155914306641e-01
3.800463676452636719e-01,5.301888287067413330e-02,2.905828952789306641e-01
-4.670794606208801270e-01,2.901380360126495361e-01,5.939970016479492188e-01
4.163388013839721680e-01,-2.916536331176757812e-01,7.496693134307861328e-01
-4.804219007492065430e-01,3.487622439861297607e-01,8.539962768554687500e-01
8.187599182128906250e-01,-2.627679109573364258e-01,9.725408554077148438e-01
5.218614935874938965e-01,-5.547904968261718750e-02,1.590054333209991455e-01
6.976063251495361328e-01,-2.232558578252792358e-01,1.602111756801605225e-02
-7.814360857009887695e-01,6.396985054016113281e-02,3.385455310344696045e-01
-2.905929461121559143e-02,-3.376072943210601807e-01,1.181948184967041016e+00
-5.802791714668273926e-01,9.609270095825195312e-02,2.667980790138244629e-01
