9.848093986511230469e-02,7.636638201802270487e-07,-6.655273493379354477e-03
-8.232451975345611572e-02,-1.803281344473361969e-02,-5.808231830596923828e-01
4.995269700884819031e-03,2.865617148017918225e-07,5.226752758026123047e-01
-1.253997832536697388e-01,-9.534590691328048706e-02,2.225441932678222656e-01
6.543942540884017944e-02,7.614111900329589844e-02,-3.168368339538574219e-01
6.340157985687255859e-02,1.267099380493164062e-01,2.574419975280761719e-01
-9.409296512603759766e-02,-1.818780452013015747e-01,-9.637786448001861572e-02
1.250933408737182617e-01,5.076388642191886902e-02,-5.318453907966613770e-01
-1.165401935577392578e-01,2.551300637423992157e-02,-2.413208037614822388e-02
-6.588017940521240234e-02,-7.904202491044998169e-02,-3.757983446121215820e-01
6.569880992174148560e-02,-6.969749927520751953e-02,2.667712271213531494e-01
1.224553585052490234e-02,-5.440130457282066345e-02,-1.950021386146545410e-01
-6.942737102508544922e-02,7.887046039104461670e-02,1.382672041654586792e-01
1.284899096935987473e-02,1.049833297729492188e-01,-1.128701791167259216e-01
1.133709773421287537e-01,1.389684677124023438e-01,9.768676757812500000e-02
-6.827080249786376953e-02,2.629072777926921844e-02,3.228509426116943359e-01
1.293922495096921921e-02,-9.378218650817871094e-02,1.002535969018936157e-01
-1.846265792846679688e-02,8.133559674024581909e-02,-4.661236405372619629e-01
1.271461322903633118e-02,-1.216644048690795898e-01,-5.133324861526489258e-01
-1.285808086395263672e-01,-1.268581748008728027e-01,4.587219282984733582e-02
1.844241321086883545e-01,7.715759426355361938e-02,-1.048597097396850586e-01
6.742203235626220703e-02,2.694356441497802734e-02,3.895016312599182129e-01
9.298801422119140625e-02,7.662830512344953604e-07,1.540634185075759888e-01
1.299853064119815826e-02,-8.642017841339111328e-02,-6.037780642509460449e-02
1.249790191650390625e-03,-8.228907734155654907e-02,4.161547720432281494e-01
1.280447375029325485e-02,1.105097532272338867e-01,2.862640284001827240e-02
-9.271577745676040649e-02,-5.748021602630615234e-02,-1.347500532865524292e-01
1.707885786890983582e-02,5.415055155754089355e-02,-5.805408954620361328e-01
8.828580379486083984e-02,5.195030570030212402e-02,-2.043481469154357910e-01
-1.013748645782470703e-01,-2.575734630227088928e-02,9.978942573070526123e-02
-7.716023921966552734e-02,-2.614749781787395477e-02,-2.607547044754028320e-01
-9.605462849140167236e-02,-1.678586006164550781e-03,-4.719057977199554443e-01
-3.920234739780426025e-02,-7.810223102569580078e-02,3.023162782192230225e-01
1.157458722591400146e-01,1.062680482864379883e-01,-6.640319712460041046e-03
-3.884345665574073792e-02,9.295058250427246094e-02,2.445724457502365112e-01
-4.050166532397270203e-02,2.433383464813232422e-02,4.292748868465423584e-01
-7.359385490417480469e-03,8.187266439199447632e-02,-2.338558882474899292e-01
6.924797594547271729e-02,1.837933063507080078e-02,-1.025558412075042725e-01
8.652068674564361572e-02,-3.939016535878181458e-02,4.779803752899169922e-01
6.456494331359863281e-03,-5.458790808916091919e-02,-3.108880519866943359e-01
6.143963336944580078e-02,5.281563475728034973e-02,-4.150280654430389404e-01
-4.421496391296386719e-02,2.667832002043724060e-02,-1.171820014715194702e-01
-8.924850076436996460e-02,-1.189050674438476562e-01,1.341281086206436157e-01
-7.366168498992919922e-02,-7.866562902927398682e-02,-2.481140010058879852e-02
-1.003381013870239258e-01,2.577405236661434174e-02,2.252990603446960449e-01
-8.136558532714843750e-02,7.829299569129943848e-02,4.715240374207496643e-02
1.314947661012411118e-02,6.764626502990722656e-02,3.229431211948394775e-01
7.776761054992675781e-02,5.228933691978454590e-02,6.523437052965164185e-02
5.580329895019531250e-02,1.417432129383087158e-01,1.688757240772247314e-01
-7.027912139892578125e-02,-7.882925122976303101e-02,-5.107250809669494629e-01
1.291602198034524918e-02,-9.662687778472900391e-02,1.896652132272720337e-01
6.789737194776535034e-02,-1.513576507568359375e-02,-5.484063625335693359e-01
6.553689390420913696e-02,-7.371068000793457031e-02,2.931213378906250000e-02
-3.842764347791671753e-02,1.101337671279907227e-01,-4.186462238430976868e-02
-4.614937305450439453e-02,8.326289275828457903e-07,-4.010925292968750000e-01
1.344659179449081421e-02,-3.079962730407714844e-02,3.494976758956909180e-01
-7.799682673066854477e-03,-5.440575629472732544e-02,-5.753607749938964844e-01
8.039045333862304688e-02,5.220479890704154968e-02,2.281973212957382202e-01
3.369748592376708984e-02,1.075294166803359985e-01,-5.226641893386840820e-01
1.158952713012695312e-03,8.228469640016555786e-02,-3.713955581188201904e-01
7.411491870880126953e-02,-5.240707099437713623e-02,3.974609375000000000e-01
8.272969722747802734e-02,7.711745979577244725e-07,3.013656437397003174e-01
1.682120561599731445e-01,4.937405139207839966e-02,-2.335388213396072388e-02
1.289409864693880081e-02,9.938406944274902344e-02,1.177239939570426941e-01
-4.077911376953125000e-02,1.286756992340087891e-02,-1.948858648538589478e-01
-3.880561143159866333e-02,-9.451603889465332031e-02,-2.397839277982711792e-01
8.533358573913574219e-03,2.752821892499923706e-02,-2.939834594726562500e-01
-5.480492115020751953e-02,-7.957773655652999878e-02,6.620056182146072388e-02
-6.966643780469894409e-02,-1.672944575548171997e-01,-2.524816989898681641e-02
5.898559466004371643e-02,3.916495293378829956e-02,4.850062131881713867e-01
2.939057350158691406e-02,2.786426991224288940e-02,-4.995910525321960449e-01
1.848739571869373322e-02,-7.812721282243728638e-02,4.894096851348876953e-01
6.478049606084823608e-02,9.249258041381835938e-02,-6.019744649529457092e-02
-3.858208656311035156e-02,8.290205641969805583e-07,-5.231222510337829590e-01
7.436943054199218750e-02,-5.239886790513992310e-02,1.015148907899856567e-01
-3.941059112548828125e-02,8.032234758138656616e-02,-5.406979322433471680e-01
-1.037200912833213806e-01,-4.543299600481987000e-02,2.905418872833251953e-01
-1.103655099868774414e-01,-2.561249025166034698e-02,2.863189578056335449e-02
-1.013642549514770508e-01,-2.575752511620521545e-02,1.711804121732711792e-01
-2.471184730529785156e-02,-5.559255182743072510e-02,-4.368493556976318359e-01
-3.885058686137199402e-02,-9.265553951263427734e-02,-1.676373183727264404e-01
-4.124491661787033081e-02,-6.416559219360351562e-03,-3.327721953392028809e-01
7.419681549072265625e-02,-5.240442976355552673e-02,-4.282043501734733582e-02
1.079679727554321289e-01,1.027366220951080322e-01,1.887094080448150635e-01
6.519436836242675781e-03,-5.458588525652885437e-02,-1.198962405323982239e-01
4.565834999084472656e-02,7.888515938248019665e-07,-1.724884063005447388e-01
6.369233131408691406e-03,-5.459071695804595947e-02,-5.098614096641540527e-01
-6.119871139526367188e-02,-7.926847040653228760e-02,-3.010342419147491455e-01
-9.246537089347839355e-02,-6.191623210906982422e-02,-4.347537159919738770e-01
6.910977512598037720e-02,1.494467258453369141e-02,-2.562652528285980225e-01
-1.396535634994506836e-01,-7.547362893819808960e-02,1.497647017240524292e-01
7.861387729644775391e-02,-5.226206034421920776e-02,1.918896436691284180e-01
-9.931147098541259766e-02,-2.579059451818466187e-02,-7.767456024885177612e-02
6.012572906911373138e-03,-2.331003174185752869e-02,-2.535589933395385742e-01
-3.821752220392227173e-02,-1.188467741012573242e-01,-5.534310936927795410e-01
-3.522628545761108398e-02,-3.900262713432312012e-02,4.900351762771606445e-01
1.290043443441390991e-02,9.856200218200683594e-02,1.894363313913345337e-01
6.467773020267486572e-02,9.504246711730957031e-02,-1.495022475719451904e-01
1.323294453322887421e-02,5.732107162475585938e-02,4.401685893535614014e-01
-1.065666675567626953e-01,-1.286353468894958496e-01,-5.981597676873207092e-02
-3.884880617260932922e-02,-9.270894527435302734e-02,2.264102101325988770e-01
-3.795862197875976562e-02,-2.677912265062332153e-02,3.866735696792602539e-01
-8.059740066528320312e-03,-5.505580455064773560e-02,-3.726598918437957764e-01
7.957427948713302612e-02,5.432996153831481934e-02,-5.768070220947265625e-01
-1.032347679138183594e-01,2.572738192975521088e-02,1.352600008249282837e-01
-8.996112644672393799e-02,-1.062808036804199219e-01,2.791836559772491455e-01
1.669716536998748779e-01,1.113696098327636719e-01,-4.205017164349555969e-02
1.277979463338851929e-01,5.968272686004638672e-02,-8.560363948345184326e-02
1.386990305036306381e-02,2.174830436706542969e-02,-3.555239737033843994e-01
1.288442965596914291e-02,-1.005841493606567383e-01,1.107788085937500000e-02
-3.894340246915817261e-02,-8.880352973937988281e-02,-9.610901027917861938e-02
-1.154696941375732422e-02,2.720467746257781982e-02,3.731426894664764404e-01
1.019895076751708984e-01,7.619908046763157472e-07,-5.002025961875915527e-01
-1.195821762084960938e-01,-2.546399086713790894e-02,-5.334985256195068359e-01
9.486913681030273438e-03,2.754357270896434784e-02,-4.328244030475616455e-01
-3.886107727885246277e-02,-9.220147132873535156e-02,1.541839540004730225e-01
-8.914911746978759766e-02,7.791651040315628052e-02,-4.245422407984733582e-02
-9.163486957550048828e-02,-2.591428160667419434e-02,-1.857571303844451904e-01
6.784453988075256348e-02,9.004662930965423584e-02,3.046346902847290039e-01
1.290932763367891312e-02,-9.749317169189453125e-02,2.620187401771545410e-01
1.443446874618530273e-01,1.003891602158546448e-01,4.535888507962226868e-02
-1.031244993209838867e-01,2.572915703058242798e-02,6.418975442647933960e-02
6.477425247430801392e-02,9.264731407165527344e-02,-2.401876747608184814e-01
-1.243305206298828125e-02,8.162724226713180542e-02,-1.761584430932998657e-01
6.507065147161483765e-02,8.529245853424072266e-02,1.119232177734375000e-02
-8.179628849029541016e-02,-1.149837300181388855e-01,1.911651641130447388e-01
-3.920721635222434998e-02,7.790076732635498047e-02,3.023535013198852539e-01
7.876718044281005859e-02,5.225711688399314880e-02,1.373858600854873657e-01
-3.890103101730346680e-02,9.055638313293457031e-02,8.258300274610519409e-02
9.549534320831298828e-02,7.650874636055959854e-07,2.441134601831436157e-01
2.205336093902587891e-02,-1.082820370793342590e-01,-5.675256252288818359e-01
-4.073619842529296875e-02,-1.687937527894973755e-01,-8.485565334558486938e-02
-8.537328243255615234e-02,-2.601516619324684143e-02,-3.709298670291900635e-01
8.643352985382080078e-02,7.694084729337191675e-07,8.277038484811782837e-02
1.289321016520261765e-02,9.949409961700439453e-02,-4.241189360618591309e-01
1.234769523143768311e-01,1.887083053588867188e-04,-5.544018149375915527e-01
-6.655573844909667969e-02,7.900934666395187378e-02,1.934420764446258545e-01
9.191012382507324219e-02,7.667970294278347865e-07,4.308862090110778809e-01
1.291076373308897018e-02,9.731495380401611328e-02,2.620477378368377686e-01
4.420059174299240112e-02,-3.805587068200111389e-02,5.194325447082519531e-01
-8.832601457834243774e-02,-1.352475881576538086e-01,8.039428293704986572e-02
-7.693183422088623047e-02,-7.850746810436248779e-02,-2.059213221073150635e-01
6.297645717859268188e-02,1.372591257095336914e-01,1.150277704000473022e-01
1.283230539411306381e-02,1.070548295974731445e-01,-5.960571020841598511e-02
-4.373943805694580078e-02,8.314797810271556955e-07,-4.620596170425415039e-01
-9.443114697933197021e-02,2.708387374877929688e-02,-8.129791170358657837e-02
-3.841968625783920288e-02,1.104828119277954102e-01,1.101196277886629105e-02
-1.220134496688842773e-01,-1.273883730173110962e-01,-6.578979548066854477e-03
1.816790401935577393e-01,2.856218814849853516e-02,-8.433074504137039185e-02
-7.448625564575195312e-02,-1.145119890570640564e-01,3.202361986041069031e-02
1.304695010185241699e-02,8.040952682495117188e-02,-3.157580494880676270e-01
-8.914825320243835449e-02,4.601543024182319641e-02,2.724856138229370117e-01
1.070590019226074219e-01,1.027952805161476135e-01,1.351989656686782837e-01
-8.383178152143955231e-03,3.899511322379112244e-02,4.903587102890014648e-01
-3.928429633378982544e-02,7.469975948333740234e-02,-9.695037454366683960e-02
-6.836223602294921875e-02,-2.628925442695617676e-02,3.228329420089721680e-01
1.028842106461524963e-01,9.363070875406265259e-02,2.491005659103393555e-01
-1.001131534576416016e-01,-2.577767521142959595e-02,2.253307998180389404e-01
-1.119824647903442383e-01,-2.558643743395805359e-02,-2.420165948569774628e-02
-4.932820796966552734e-02,-2.659593708813190460e-02,4.423533678054809570e-01
-8.491577208042144775e-02,1.860043779015541077e-02,-5.455942153930664062e-01
-1.172232627868652344e-02,2.720184810459613800e-02,-2.330111712217330933e-01
8.779227733612060547e-02,7.687605716455436777e-07,-6.032440066337585449e-02
-9.221024066209793091e-02,-6.643605232238769531e-02,-5.522451400756835938e-01
4.202453419566154480e-02,-2.571810968220233917e-02,-1.039555072784423828e-01
1.312748622149229050e-02,-7.042407989501953125e-02,-2.618115246295928955e-01
1.281222850084304810e-01,6.414878368377685547e-02,1.225067116320133209e-02
6.617288291454315186e-02,5.794095993041992188e-02,-4.944805800914764404e-01
-1.579749584197998047e-02,2.713619172573089600e-02,-1.567770391702651978e-01
8.525145053863525391e-02,5.204810947179794312e-02,-1.503701806068420410e-01
4.256317019462585449e-02,9.153380244970321655e-02,-5.661563873291015625e-01
-3.744006156921386719e-02,-5.600282177329063416e-02,-4.813073575496673584e-01
7.122909277677536011e-02,2.847761493285361212e-07,5.056836605072021484e-01
6.973569095134735107e-02,3.048193454742431641e-02,-3.177618384361267090e-01
1.314769964665174484e-02,-6.786704063415527344e-02,3.228994607925415039e-01
8.009183406829833984e-02,5.221442133188247681e-02,-2.788424491882324219e-01
8.908653259277343750e-02,5.192448943853378296e-02,-6.697997916489839554e-03
-3.296203538775444031e-02,-1.824992336332798004e-02,-5.673270225524902344e-01
4.221618548035621643e-02,1.817634329199790955e-02,-5.719723701477050781e-01
-3.872467204928398132e-02,-9.786474704742431641e-02,1.109954807907342911e-02
6.562332808971405029e-02,-7.156109809875488281e-02,4.366928040981292725e-01
-7.809143047779798508e-03,9.072269499301910400e-02,-5.762164592742919922e-01
-1.279622316360473633e-01,-1.269081085920333862e-01,9.843627363443374634e-02
6.688275188207626343e-02,-4.031348228454589844e-02,3.095205724239349365e-01
-9.324989467859268188e-02,4.800927639007568359e-02,1.771523952484130859e-01
-5.744445696473121643e-02,-5.410300940275192261e-02,-5.814709663391113281e-01
7.025456428527832031e-02,5.253150314092636108e-02,-3.555737137794494629e-01
-5.281925201416015625e-03,2.730561979115009308e-02,-5.305426120758056641e-01
1.166733130812644958e-01,9.349536895751953125e-02,-6.026946753263473511e-02
6.779362261295318604e-02,-1.771032810211181641e-02,3.720342814922332764e-01
-7.728993892669677734e-02,-7.849013805389404297e-02,-7.882476598024368286e-02
7.429790496826171875e-02,5.240117385983467102e-02,2.844811975955963135e-01
1.266323328018188477e-01,4.363298416137695312e-02,-4.602111876010894775e-02
1.371025759726762772e-02,1.930475234985351562e-03,-1.394067406654357910e-01
1.283528935164213181e-02,1.066842079162597656e-01,-4.794287085533142090e-01
3.360223770141601562e-02,8.385396748781204224e-02,-2.788412272930145264e-01
-9.308987110853195190e-02,5.084395408630371094e-02,1.030941754579544067e-01
-4.096393659710884094e-02,5.221009254455566406e-03,-2.531204223632812500e-01
1.140952184796333313e-01,1.289936304092407227e-01,4.583190754055976868e-02
3.728675842285156250e-02,5.359415337443351746e-02,4.064639210700988770e-01
1.288060750812292099e-02,1.010586023330688477e-01,-2.026299983263015747e-01
-8.712026476860046387e-02,-1.566083431243896484e-01,1.070648152381181717e-02
6.682121008634567261e-02,4.184806346893310547e-02,4.446609318256378174e-01
-3.888001665472984314e-02,-9.141767024993896484e-02,-4.235717654228210449e-02
1.314731128513813019e-02,-6.795132160186767578e-02,3.796588182449340820e-01
6.576635688543319702e-02,6.802868843078613281e-02,1.019406095147132874e-01
5.477106571197509766e-02,5.303058028221130371e-02,-4.557629227638244629e-01
-6.606972217559814453e-02,-2.632619254291057587e-02,-2.998278737068176270e-01
-1.228265762329101562e-01,-7.628753036260604858e-02,2.581695616245269775e-01
2.040777504444122314e-01,5.693274736404418945e-02,-6.629586219787597656e-02
6.584970653057098389e-02,-6.594812870025634766e-02,1.385128796100616455e-01
6.888041645288467407e-02,9.258508682250976562e-03,-2.167791724205017090e-01
-3.896820917725563049e-02,-8.777701854705810547e-02,-3.329943716526031494e-01
9.249969571828842163e-02,1.497053354978561401e-01,1.561483144760131836e-01
4.268014430999755859e-02,7.902717129582015332e-07,3.469986021518707275e-01
-7.782268524169921875e-02,-1.147272959351539612e-01,-7.403259165585041046e-03
-3.889624774456024170e-02,-9.074604511260986328e-02,1.004693582653999329e-01
-9.681218117475509644e-02,-1.509010791778564453e-02,-4.348779320716857910e-01
-3.508483991026878357e-02,2.927719151557539590e-07,4.946758747100830078e-01
-8.555100858211517334e-02,-1.844087839126586914e-01,-5.679962038993835449e-02
1.928746700286865234e-02,-5.417432263493537903e-02,-5.468951463699340820e-01
-4.248619079589843750e-03,-8.202312886714935303e-02,4.549063146114349365e-01
-2.040252648293972015e-02,5.473327636718750000e-02,-5.685291290283203125e-01
-9.281992912292480469e-02,-1.297451257705688477e-01,-9.615325927734375000e-02
-9.564753621816635132e-02,5.533218383789062500e-03,-5.106601119041442871e-01
-2.631843090057373047e-02,8.095561712980270386e-02,-5.041830539703369141e-01
-3.271606191992759705e-02,-9.047450870275497437e-02,-5.792948007583618164e-01
-7.293832302093505859e-02,-1.144120916724205017e-01,-4.676849395036697388e-02
9.159423410892486572e-02,1.801522076129913330e-02,-5.819199085235595703e-01
-3.879557922482490540e-02,9.493112564086914062e-02,1.718972772359848022e-01
-9.227218478918075562e-02,-6.533169746398925781e-02,-4.729177653789520264e-01
-9.373473934829235077e-03,-2.180270105600357056e-02,-3.474421501159667969e-01
6.911467015743255615e-02,1.507115364074707031e-02,-1.405926495790481567e-01
1.277164928615093231e-02,1.145840883255004883e-01,-5.547790527343750000e-01
-1.520848274230957031e-02,8.149301260709762573e-02,-1.381597816944122314e-01
4.905700683593750000e-03,-3.802667930722236633e-02,5.204939842224121094e-01
1.217014789581298828e-01,1.018503829836845398e-01,9.871276468038558960e-02
6.306160986423492432e-02,1.351461410522460938e-01,2.205468714237213135e-01
-3.833549842238426208e-02,-1.139540672302246094e-01,-5.159738063812255859e-01
-9.311568737030029297e-02,-5.039548873901367188e-02,-3.988445997238159180e-01
6.128907203674316406e-03,2.748946845531463623e-02,-3.919509947299957275e-01
-8.963334560394287109e-02,-1.120876073837280273e-01,2.419738769531250000e-01
9.421825408935546875e-03,-5.449232086539268494e-02,-1.574316322803497314e-01
1.337810605764389038e-02,3.930139541625976562e-02,3.477172851562500000e-01
9.668695926666259766e-02,7.645192567906633485e-07,4.665160924196243286e-02
-9.169426560401916504e-02,7.556974887847900391e-02,1.126861572265625000e-02
1.844021081924438477e-01,9.780418872833251953e-02,-7.368865609169006348e-02
-1.235189437866210938e-01,-7.625405490398406982e-02,1.160806268453598022e-01
5.035984516143798828e-02,-5.317276716232299805e-02,-8.008117228746414185e-02
-7.382464408874511719e-02,-7.865776121616363525e-02,-2.430871576070785522e-01
6.567548215389251709e-02,-7.027149200439453125e-02,2.296902388334274292e-01
1.288297399878501892e-02,1.007649898529052734e-01,6.427825987339019775e-02
6.463682651519775391e-02,9.605741500854492188e-02,-2.034222334623336792e-01
-1.128531694412231445e-01,2.557241171598434448e-02,2.858703583478927612e-02
6.615996360778808594e-02,-5.824470520019531250e-02,6.603881716728210449e-02
8.591270446777343750e-02,5.202680081129074097e-02,-2.411236464977264404e-01
-7.597863674163818359e-02,-2.616653405129909515e-02,-3.353768885135650635e-01
8.107280731201171875e-02,-5.218279734253883362e-02,-6.731261964887380600e-03
-8.891057968139648438e-02,-2.595817670226097107e-02,-2.223577797412872314e-01
-7.730960845947265625e-02,-7.848918437957763672e-02,-1.693862825632095337e-01
-3.885977715253829956e-02,-9.226310253143310547e-02,2.629421949386596680e-01
1.381442416459321976e-02,1.489901542663574219e-02,-2.560589611530303955e-01
7.974326610565185547e-02,5.222565680742263794e-02,1.917559802532196045e-01
-6.905066967010498047e-02,7.888867706060409546e-02,1.019131466746330261e-01
-8.700744062662124634e-02,3.526515683915931731e-07,3.061230182647705078e-01
6.490993499755859375e-02,8.928048610687255859e-02,-5.242727398872375488e-01
1.277401391416788101e-02,1.142905950546264648e-01,-2.416412346065044403e-02
1.290418859571218491e-02,9.813129901885986328e-02,2.255877703428268433e-01
9.449207782745361328e-02,7.655658578187285457e-07,2.079763710498809814e-01
-7.514536380767822266e-02,-7.859387993812561035e-02,1.126678474247455597e-02
-3.924524784088134766e-02,-7.632732391357421875e-02,-4.111639261245727539e-01
-8.769951015710830688e-02,-1.463468074798583984e-01,4.527862370014190674e-02
1.290993206202983856e-02,-9.741830825805664062e-02,2.256884723901748657e-01
-3.885500878095626831e-02,-9.246051311492919922e-02,1.902075111865997314e-01
-3.880664333701133728e-02,-9.446120262145996094e-02,-2.035189718008041382e-01
1.538863182067871094e-01,9.977343678474426270e-02,1.073059067130088806e-02
-3.856325149536132812e-02,1.045511960983276367e-01,4.643615707755088806e-02
-1.349304914474487305e-01,-7.570207864046096802e-02,1.853448450565338135e-01
1.292274333536624908e-02,-9.582805633544921875e-02,1.537963896989822388e-01
-9.682941436767578125e-02,-2.583058737218379974e-02,-1.134582459926605225e-01
-3.876056894659996033e-02,9.636771678924560547e-02,1.179763749241828918e-01
6.904125213623046875e-02,1.325464248657226562e-02,-4.952673316001892090e-01
1.292170397937297821e-02,-9.595715999603271484e-02,-2.444335818290710449e-02
9.198498725891113281e-02,7.667613317607901990e-07,1.182641610503196716e-01
-3.889586031436920166e-02,-9.077036380767822266e-02,-1.318478435277938843e-01
6.471285969018936157e-02,9.416615962982177734e-02,-1.137243658304214478e-01
1.289735920727252960e-02,9.897911548614501953e-02,1.534942537546157837e-01
1.286112889647483826e-02,1.034884452819824219e-01,-1.485995501279830933e-01
8.915686607360839844e-02,5.192222818732261658e-02,2.902496233582496643e-02
1.291130483150482178e-02,-9.721255302429199219e-02,4.663757234811782837e-02
6.483694165945053101e-02,9.108698368072509766e-02,-2.453674189746379852e-02
-1.021867990493774414e-01,-2.574426308274269104e-02,1.353485137224197388e-01
4.366271942853927612e-02,-8.013351261615753174e-02,-4.349744319915771484e-02
-1.003162860870361328e-01,-2.577440440654754639e-02,6.430267542600631714e-02
-3.886806219816207886e-02,-9.194040298461914062e-02,-2.767401039600372314e-01
-6.102895736694335938e-02,7.927667349576950073e-02,2.682855129241943359e-01
-3.978240862488746643e-02,4.404708743095397949e-02,3.335430622100830078e-01
-9.898960590362548828e-02,-2.579578012228012085e-02,2.617996037006378174e-01
3.726318106055259705e-02,9.115676581859588623e-02,2.874227762222290039e-01
6.530456990003585815e-02,7.948315143585205078e-02,4.719024524092674255e-02
-9.427273273468017578e-02,-2.587178349494934082e-02,-1.494720429182052612e-01
-3.881927579641342163e-02,9.395074844360351562e-02,2.081072926521301270e-01
-7.177581638097763062e-02,-9.010878950357437134e-02,3.037068843841552734e-01
9.542334079742431641e-02,1.035461276769638062e-01,2.812225222587585449e-01
-3.981948271393775940e-02,-5.255758762359619141e-02,4.220443665981292725e-01
-9.775085374712944031e-03,9.089459478855133057e-02,2.915428876876831055e-01
9.861636161804199219e-02,5.161731690168380737e-02,-5.015188455581665039e-01
-9.772338904440402985e-03,-9.086693823337554932e-02,2.920104265213012695e-01
-1.010597944259643555e-01,-2.576242573559284210e-02,-5.005587935447692871e-01
1.445519924163818359e-02,-5.433009192347526550e-02,-2.327246069908142090e-01
-4.096023365855216980e-02,5.361557006835937500e-03,3.943212926387786865e-01
-5.477813631296157837e-02,3.395624617041903548e-07,3.373757600784301758e-01
-1.118466854095458984e-01,-7.681863009929656982e-02,2.962856888771057129e-01
-7.939757779240608215e-03,-1.290047764778137207e-01,-5.609546899795532227e-01
1.333317346870899200e-02,4.487907886505126953e-02,3.850259184837341309e-01
-7.748961448669433594e-02,-7.848048210144042969e-02,-1.149462834000587463e-01
-6.459355354309082031e-02,7.910425215959548950e-02,2.305728048086166382e-01
1.370946597307920456e-02,1.819372177124023438e-03,-1.774444580078125000e-01
-6.526763737201690674e-02,7.845580577850341797e-02,-7.804119586944580078e-02
1.216437444090843201e-01,2.505898475646972656e-02,-5.053008794784545898e-01
8.402431011199951172e-02,7.705572784288960975e-07,3.948336839675903320e-01
3.157058730721473694e-02,3.863529115915298462e-02,5.016204118728637695e-01
-6.441192328929901123e-02,-1.803512871265411377e-01,-1.075916290283203125e-01
4.409942403435707092e-02,2.809921682001004228e-07,5.216666460037231445e-01
-3.971000760793685913e-02,-5.710732936859130859e-02,3.251126110553741455e-01
-4.134578257799148560e-02,-1.058983802795410156e-02,-4.942401051521301270e-01
-7.349729537963867188e-03,8.187312632799148560e-02,-4.090795814990997314e-01
-1.087521314620971680e-01,-1.827493123710155487e-02,-5.657829046249389648e-01
-5.849731341004371643e-02,-9.176228940486907959e-02,-5.633395910263061523e-01
-1.413965225219726562e-02,2.716290391981601715e-02,-1.947073340415954590e-01
6.737022846937179565e-02,-2.821660041809082031e-02,-8.117980509996414185e-02
-4.116052016615867615e-02,-2.912402153015136719e-03,-3.714526295661926270e-01
-4.111235961318016052e-02,-9.196996688842773438e-04,-4.307250976562500000e-01
-4.144510626792907715e-02,-1.469886302947998047e-02,-2.755590677261352539e-01
3.560566902160644531e-02,7.936450856504961848e-07,-1.177758798003196716e-01
1.744079589843750000e-02,1.843890734016895294e-02,-5.559430122375488281e-01
1.301684081554412842e-01,9.232246875762939453e-02,7.222625613212585449e-02
-3.880978375673294067e-02,-9.435129165649414062e-02,4.673309251666069031e-02
-9.903633594512939453e-02,-1.292432695627212524e-01,-2.447509765625000000e-02
4.576019197702407837e-02,-7.875635474920272827e-02,4.796124696731567383e-01
8.074820041656494141e-02,-5.219325423240661621e-02,2.464852780103683472e-01
-1.071076393127441406e-01,-2.566498145461082458e-02,-4.601589739322662354e-01
-9.253438562154769897e-02,-6.068658828735351562e-02,-5.139480233192443848e-01
4.660949576646089554e-03,-9.026418626308441162e-02,-5.818707942962646484e-01
1.789819002151489258e-01,4.902690649032592773e-02,-1.076861545443534851e-01
1.828295886516571045e-01,3.950858116149902344e-02,-4.604370146989822388e-02
7.146713137626647949e-02,-3.860865160822868347e-02,5.022525787353515625e-01
1.403042525053024292e-01,5.518378689885139465e-02,-1.198792457580566406e-02
6.541702896356582642e-02,7.669234275817871094e-02,-2.795092761516571045e-01
1.057223454117774963e-01,5.487846583127975464e-02,-5.654615163803100586e-01
-9.309504926204681396e-02,-5.076122283935546875e-02,-1.722302138805389404e-01
3.470361232757568359e-02,-5.367742106318473816e-02,3.681683242321014404e-01
-5.116415023803710938e-02,-1.698049157857894897e-01,-4.631439223885536194e-02
8.347308635711669922e-02,-5.210543051362037659e-02,2.912750095129013062e-02
1.302662957459688187e-02,8.294391632080078125e-02,-2.598001062870025635e-01
-4.073370248079299927e-02,1.473367214202880859e-02,-1.569015532732009888e-01
6.583571434020996094e-02,7.792302767484216020e-07,3.232910037040710449e-01
-2.222732454538345337e-02,3.976206481456756592e-02,4.666247367858886719e-01
-6.452977657318115234e-02,-7.910733669996261597e-02,-3.380923271179199219e-01
3.417026996612548828e-02,-1.075001284480094910e-01,-5.428979396820068359e-01
-9.309244155883789062e-02,5.080020427703857422e-02,1.399056911468505859e-01
-3.908413648605346680e-02,-8.298087120056152344e-02,-3.715399205684661865e-01
-1.025843620300292969e-01,2.573785744607448578e-02,9.971404820680618286e-02
6.899283081293106079e-02,1.204776763916015625e-02,-1.786499023437500000e-01
9.395568817853927612e-02,-1.847973279654979706e-02,-5.530911684036254883e-01
-4.695916175842285156e-02,-7.995723187923431396e-02,-4.979653954505920410e-01
-1.015058755874633789e-01,2.575524337589740753e-02,1.891067475080490112e-01
-8.627486228942871094e-02,-2.600064501166343689e-02,3.007439970970153809e-01
-8.621251583099365234e-02,2.600164897739887238e-02,3.007556200027465820e-01
-6.268227100372314453e-02,-7.919671386480331421e-02,1.023110970854759216e-01
-9.312966465950012207e-02,5.014061927795410156e-02,6.641631573438644409e-02
-3.884358704090118408e-02,9.294486045837402344e-02,-7.799621671438217163e-02
6.577906757593154907e-02,-6.770110130310058594e-02,1.749041676521301270e-01
7.442772388458251953e-02,-5.239699408411979675e-02,2.844586074352264404e-01
8.280098438262939453e-02,-5.212709307670593262e-02,4.335519373416900635e-01
1.052080392837524414e-01,1.029147133231163025e-01,2.250512689352035522e-01
6.549907475709915161e-02,7.466101646423339844e-02,-5.691924691200256348e-01
-2.945959568023681641e-02,8.080367743968963623e-02,-5.645071268081665039e-01
1.394043769687414169e-02,3.050410747528076172e-02,-4.791525304317474365e-01
-9.434008598327636719e-02,-2.587069198489189148e-02,-4.065365493297576904e-01
6.574043631553649902e-02,6.867182254791259766e-02,-3.750222623348236084e-01
5.434600636363029480e-02,5.411514639854431152e-02,-5.812790393829345703e-01
-8.299957215785980225e-02,-5.452290922403335571e-02,-5.728409290313720703e-01
1.176776066422462463e-01,1.818270049989223480e-02,-5.715036392211914062e-01
-1.076341867446899414e-01,2.565649710595607758e-02,-5.958984419703483582e-02
1.985517740249633789e-01,4.839611425995826721e-02,-8.958282321691513062e-02
1.301132049411535263e-02,8.483254909515380859e-02,3.009832799434661865e-01
3.414332866668701172e-02,1.075006425380706787e-01,-9.954711794853210449e-02
1.300974190235137939e-02,-8.502864837646484375e-02,3.009469509124755859e-01
-5.682349205017089844e-02,-7.948009669780731201e-02,-2.642965614795684814e-01
-7.695710659027099609e-02,-1.146714389324188232e-01,7.156768441200256348e-02
1.687209159135818481e-01,9.472644329071044922e-02,-9.625518321990966797e-02
1.717193610966205597e-02,9.068015962839126587e-02,-5.767520666122436523e-01
6.822872161865234375e-02,-6.918311119079589844e-03,-5.098452568054199219e-01
6.684234738349914551e-02,1.805762015283107758e-02,-5.793256759643554688e-01
-5.751678347587585449e-02,-1.806352846324443817e-02,-5.788846015930175781e-01
-3.257019072771072388e-02,-5.407965555787086487e-02,-5.819965600967407227e-01
1.291227061301469803e-02,9.709262847900390625e-02,-2.393368482589721680e-01
-9.894132614135742188e-02,2.579655870795249939e-02,2.618072330951690674e-01
8.592361211776733398e-02,2.895014290515973698e-07,4.858138561248779297e-01
7.718801498413085938e-02,-5.230801552534103394e-02,1.556591689586639404e-01
-1.803088188171386719e-02,-5.537720397114753723e-02,-4.965026676654815674e-01
6.145298480987548828e-02,5.281520634889602661e-02,3.054888844490051270e-01
6.580627709627151489e-02,-6.702589988708496094e-02,-2.490356378257274628e-02
-9.242851287126541138e-02,6.256055831909179688e-02,-6.136627122759819031e-02
6.631731986999511719e-03,2.749756723642349243e-02,-3.327600061893463135e-01
1.292017102241516113e-01,7.901453971862792969e-02,5.190032720565795898e-02
1.411259174346923828e-02,1.087932661175727844e-01,-5.083224177360534668e-01
-3.946605324745178223e-02,-6.717967987060546875e-02,-4.522225856781005859e-01
1.385647989809513092e-02,2.011990547180175781e-02,-5.175842046737670898e-01
1.169131174683570862e-01,9.019601345062255859e-02,-2.459503151476383209e-02
1.360460091382265091e-02,-1.118505001068115234e-02,-1.195077523589134216e-01
1.271245479583740234e-01,7.500054834963520989e-07,-5.308837890625000000e-01
1.738451719284057617e-01,9.848544746637344360e-02,-2.330413833260536194e-02
-8.318233489990234375e-02,-1.150731667876243591e-01,1.115271002054214478e-01
1.298892311751842499e-02,8.761286735534667969e-02,-3.516152799129486084e-01
4.627358913421630859e-02,5.330447852611541748e-02,4.433445632457733154e-01
1.265639439225196838e-02,-1.288913488388061523e-01,-5.497726202011108398e-01
1.287047006189823151e-02,-1.023290157318115234e-01,-5.001128911972045898e-01
-6.885182857513427734e-02,-7.889828830957412720e-02,4.751678183674812317e-02
-8.920949697494506836e-02,-1.195961236953735352e-01,1.694757044315338135e-01
1.293824147433042526e-02,9.391605854034423828e-02,-3.877175748348236084e-01
-3.559505939483642578e-02,2.681721188127994537e-02,4.067190587520599365e-01
-7.138061523437500000e-02,4.482956603169441223e-02,3.092458248138427734e-01
1.311509311199188232e-02,7.195043563842773438e-02,-2.801074087619781494e-01
-7.137298583984375000e-02,-4.482470825314521790e-02,3.093962669372558594e-01
1.323392335325479507e-02,-5.721187591552734375e-02,-9.796813875436782837e-02
-9.341774135828018188e-02,4.503750801086425781e-02,2.147241234779357910e-01
-1.973605155944824219e-02,2.707272768020629883e-02,3.518484532833099365e-01
6.245983019471168518e-02,1.500746011734008789e-01,1.487112343311309814e-01
6.403932720422744751e-02,1.108844280242919922e-01,2.963595390319824219e-01
-1.793324947357177734e-02,8.136121928691864014e-02,-1.004244983196258545e-01
7.543206214904785156e-02,5.236462131142616272e-02,-3.168826103210449219e-01
-3.896887600421905518e-02,8.776116371154785156e-02,2.820614576339721680e-01
-1.888048648834228516e-02,-5.540458112955093384e-02,-4.151492118835449219e-01
5.156791210174560547e-02,7.860336950216151308e-07,-2.274822890758514404e-01
6.432902812957763672e-02,1.424314975738525391e-01,1.895129382610321045e-01
-7.897853851318359375e-03,-2.726346626877784729e-02,3.543273806571960449e-01
1.329236570745706558e-02,-4.994487762451171875e-02,3.646215796470642090e-01
-2.289915084838867188e-02,-2.702176943421363831e-02,3.706341385841369629e-01
6.947171688079833984e-02,2.393651008605957031e-02,-2.968359291553497314e-01
9.134876728057861328e-02,7.670647050872503314e-07,2.813516259193420410e-01
-1.334071159362792969e-02,-5.522602051496505737e-02,-3.937609791755676270e-01
1.220397949218750000e-01,5.556100234389305115e-02,-2.369546890258789062e-02
-6.398528814315795898e-02,2.564727701246738434e-02,-1.083688735961914062e-01
-3.345825150609016418e-02,5.555477365851402283e-02,-5.515006780624389648e-01
6.836649030447006226e-02,3.507018089294433594e-03,3.751751482486724854e-01
-3.012418746948242188e-03,-5.489311739802360535e-02,-3.518264591693878174e-01
1.308644190430641174e-02,-7.550716400146484375e-02,-7.882201671600341797e-02
-2.056026458740234375e-02,8.204270898204413243e-07,-2.568957507610321045e-01
1.273935567587614059e-02,1.186050176620483398e-01,-5.337765216827392578e-01
-2.151092514395713806e-02,-3.848060220479965210e-02,5.063741207122802734e-01
1.392358541488647461e-02,2.845013141632080078e-02,-4.580230712890625000e-01
7.723379135131835938e-02,7.737952500974643044e-07,-7.873565703630447388e-02
-7.081246376037597656e-02,7.880345731973648071e-02,6.555663794279098511e-02
-8.676779270172119141e-02,-1.153045520186424255e-01,2.117919921875000000e-01
5.981242656707763672e-02,7.821024041732016485e-07,-9.780975431203842163e-02
-4.059271886944770813e-02,2.057909965515136719e-02,4.501307606697082520e-01
5.116188526153564453e-02,5.314691364765167236e-02,-4.765063226222991943e-01
1.217908859252929688e-01,5.087033659219741821e-02,-5.525262355804443359e-01
1.821041107177734375e-03,-5.473731830716133118e-02,-3.312408328056335449e-01
7.009942084550857544e-02,3.951275348663330078e-02,-3.394027650356292725e-01
-3.934632986783981323e-02,-7.213330268859863281e-02,-4.314816296100616455e-01
-4.082773625850677490e-02,1.086413860321044922e-02,-2.331674098968505859e-01
6.572259962558746338e-02,6.910967826843261719e-02,6.560149788856506348e-02
1.285665631294250488e-01,7.026886940002441406e-02,3.196502476930618286e-02
6.112313270568847656e-02,-5.282584205269813538e-02,3.814328014850616455e-01
1.090681552886962891e-02,-5.444446578621864319e-02,-2.907516360282897949e-01
2.375650405883789062e-02,8.337773382663726807e-02,-2.969110012054443359e-01
5.819177627563476562e-02,5.292032659053802490e-02,-4.352755546569824219e-01
7.935790717601776123e-02,-2.634946256875991821e-02,-6.467533111572265625e-02
1.300442777574062347e-02,-8.568811416625976562e-02,4.325674474239349365e-01
6.643109768629074097e-02,-5.152094364166259766e-02,-6.173187121748924255e-02
-9.048918634653091431e-02,-9.692561626434326172e-02,2.991958558559417725e-01
6.556647270917892456e-02,7.298898696899414062e-02,-3.550808727741241455e-01
6.925399601459503174e-02,1.852381229400634766e-02,-2.763171195983886719e-01
-5.679199099540710449e-02,-9.099664539098739624e-02,2.899624109268188477e-01
-9.363314509391784668e-02,4.122126102447509766e-02,8.522521704435348511e-02
6.452679634094238281e-02,5.271612107753753662e-02,-3.950045704841613770e-01
1.826059818267822266e-02,-5.420741811394691467e-02,-5.266845822334289551e-01
7.119059562683105469e-03,2.750542387366294861e-02,-4.121481180191040039e-01
7.982122898101806641e-02,5.222313851118087769e-02,2.650372385978698730e-01
-5.531585589051246643e-02,-4.433896765112876892e-02,3.245736360549926758e-01
6.698185950517654419e-02,3.786647319793701172e-02,4.064410328865051270e-01
1.150512024760246277e-01,1.158331632614135742e-01,1.100067142397165298e-02
-7.956218719482421875e-02,-1.148395240306854248e-01,9.147521853446960449e-02
-8.024024963378906250e-02,2.609786950051784515e-02,-9.660430997610092163e-02
-8.011436462402343750e-02,7.835352420806884766e-02,-6.068267673254013062e-02
-1.643776893615722656e-03,2.736423164606094360e-02,-2.536132633686065674e-01
-2.146285958588123322e-02,2.865619705971766962e-07,5.093233585357666016e-01
-9.512404352426528931e-02,1.480722427368164062e-02,-5.283318758010864258e-01
-3.915878012776374817e-02,-7.991266250610351562e-02,-3.911996483802795410e-01
-8.188343048095703125e-02,-7.826794683933258057e-02,-5.268685817718505859e-01
6.787139922380447388e-02,-1.578021049499511719e-02,-5.276156663894653320e-01
-1.293288469314575195e-01,-7.597301900386810303e-02,2.214459180831909180e-01
-5.010890960693359375e-02,-2.658335678279399872e-02,4.226031303405761719e-01
4.733645915985107422e-02,5.327022075653076172e-02,4.234780669212341309e-01
-2.596473693847656250e-02,2.697237022221088409e-02,3.894641101360321045e-01
-7.526445388793945312e-02,-1.145621910691261292e-01,5.176208540797233582e-02
3.146326541900634766e-02,-1.076748147606849670e-01,-5.233651399612426758e-01
1.270771026611328125e-04,2.739277109503746033e-02,-5.529971122741699219e-01
-5.280315876007080078e-02,8.358016998499806505e-07,-5.062884688377380371e-01
-3.708720207214355469e-02,8.043473958969116211e-02,-5.211266875267028809e-01
-7.473492622375488281e-02,-1.145280227065086365e-01,1.231719925999641418e-02
-3.983597829937934875e-02,-5.188739299774169922e-02,4.417392015457153320e-01
6.896514445543289185e-02,1.136088371276855469e-02,-2.363580316305160522e-01
-4.458665847778320312e-02,-1.691671460866928101e-01,-6.558410823345184326e-02
1.306143216788768768e-02,-7.861173152923583984e-02,3.961688280105590820e-01
-7.050506770610809326e-02,3.193841280335618649e-07,3.256444931030273438e-01
-9.636783599853515625e-02,-7.227420806884765625e-03,-4.531048536300659180e-01
1.386344805359840393e-02,2.094686031341552734e-02,-3.157647550106048584e-01
1.322901062667369843e-02,5.780923366546630859e-02,4.205895960330963135e-01
-3.896433860063552856e-02,-8.794903755187988281e-02,2.820284962654113770e-01
1.267660409212112427e-01,4.547691345214843750e-02,-6.548309326171875000e-02
3.732979297637939453e-02,1.072950214147567749e-01,-5.418682694435119629e-01
-9.601950645446777344e-03,8.176419138908386230e-02,-2.144638001918792725e-01
-6.464207172393798828e-02,-7.910192012786865234e-02,-3.952331542968750000e-01
7.721126079559326172e-02,5.230726674199104309e-02,1.013372763991355896e-01
6.485937535762786865e-02,9.053051471710205078e-02,-5.436761379241943359e-01
1.293945405632257462e-02,9.371817111968994141e-02,8.239929378032684326e-02
-1.493930816650390625e-02,8.150602877140045166e-02,-4.470327794551849365e-01
-8.083212375640869141e-02,-1.149214878678321838e-01,1.511462330818176270e-01
-2.138435840606689453e-02,8.119428157806396484e-02,-4.854269325733184814e-01
6.531846523284912109e-02,7.914304733276367188e-02,-5.077661275863647461e-01
-4.119774699211120605e-02,-4.465103149414062500e-03,-3.520464897155761719e-01
1.815908551216125488e-01,2.772319316864013672e-02,-6.500274688005447388e-02
-1.124250888824462891e-02,8.168484270572662354e-02,-4.280203282833099365e-01
-3.230571746826171875e-03,8.207236975431442261e-02,-3.902056813240051270e-01
-9.508800506591796875e-02,2.585864812135696411e-02,2.807342410087585449e-01
1.294154580682516098e-02,9.350597858428955078e-02,2.809832692146301270e-01
-9.514045715332031250e-02,-2.585780061781406403e-02,2.807250916957855225e-01
1.339962426573038101e-02,3.663039207458496094e-02,3.675634562969207764e-01
1.294005382806062698e-02,-9.369122982025146484e-02,2.809512317180633545e-01
-8.895812928676605225e-02,-1.673749685287475586e-01,-2.606296539306640625e-02
-4.130163043737411499e-02,-8.762836456298828125e-03,-3.136105239391326904e-01
9.795308113098144531e-03,2.754854410886764526e-02,-2.747265696525573730e-01
-9.268771111965179443e-02,-5.797743797302246094e-02,-4.948553442955017090e-01
-3.902135416865348816e-02,-8.559024333953857422e-02,-3.521478176116943359e-01
1.296557392925024033e-02,-9.051144123077392578e-02,6.469024717807769775e-02
6.358154863119125366e-02,1.222438812255859375e-01,2.761718630790710449e-01
-4.136866331100463867e-02,-1.151525974273681641e-02,-2.945440709590911865e-01
-3.872873634099960327e-02,9.768462181091308594e-02,6.441863626241683960e-02
2.420227043330669403e-02,-2.558727934956550598e-02,-1.124167442321777344e-01
5.862355232238769531e-03,2.748517133295536041e-02,-3.720358312129974365e-01
-9.359792619943618774e-02,4.184532165527343750e-02,2.526779174804687500e-01
-6.181538105010986328e-02,7.923863828182220459e-02,8.413146436214447021e-02
1.659664809703826904e-01,7.690466195344924927e-02,-1.100715398788452148e-01
-1.102483272552490234e-02,8.169536292552947998e-02,-1.952697783708572388e-01
-4.884243011474609375e-02,-1.695798039436340332e-01,-1.047784388065338135e-01
-4.080242663621902466e-02,1.189017295837402344e-02,-2.139855921268463135e-01
6.893534213304519653e-02,1.062607765197753906e-02,-1.977023333311080933e-01
9.403026103973388672e-02,7.657860692233953159e-07,-4.227630421519279480e-02
6.917952001094818115e-02,1.668560504913330078e-02,-1.215747073292732239e-01
6.905245035886764526e-02,1.352739334106445312e-02,-1.596154719591140747e-01
-1.329815387725830078e-02,2.717646025121212006e-02,-2.137725800275802612e-01
7.782542705535888672e-02,5.228747799992561340e-02,-2.977865636348724365e-01
-9.234045445919036865e-02,-6.412923336029052734e-02,-4.536559879779815674e-01
-3.892507776618003845e-02,-8.956134319305419922e-02,-3.140551745891571045e-01
-1.005623340606689453e-01,-1.291200816631317139e-01,-7.785613834857940674e-02
-3.998667374253273010e-02,-4.564023017883300781e-02,4.043301343917846680e-01
-1.382756233215332031e-02,8.155979961156845093e-02,-1.571234166622161865e-01
6.603291630744934082e-02,6.141412258148193359e-02,8.412200957536697388e-02
1.370981335639953613e-02,1.862525939941406250e-03,-1.584054529666900635e-01
6.682591885328292847e-02,4.173099994659423828e-02,4.250384569168090820e-01
6.548329442739486694e-02,7.505273818969726562e-02,-3.357968032360076904e-01
-9.350600093603134155e-02,4.347205162048339844e-02,2.336492836475372314e-01
1.513898372650146484e-02,-5.430804565548896790e-02,-2.516961693763732910e-01
-4.075621441006660461e-02,1.381492614746093750e-02,-1.758599877357482910e-01
-1.192133426666259766e-01,-7.646230608224868774e-02,2.768011391162872314e-01
-3.858129680156707764e-02,1.037846803665161133e-01,-5.974365025758743286e-02
1.162467747926712036e-01,9.937095642089843750e-02,-4.224670305848121643e-02
5.361890792846679688e-02,7.850557040001149289e-07,3.637976050376892090e-01
-1.497256755828857422e-02,2.714948169887065887e-02,-1.757107526063919067e-01
-4.071218520402908325e-02,1.562380790710449219e-02,-1.380047649145126343e-01
-3.875764459371566772e-02,-9.650075435638427734e-02,-5.020675659179687500e-01
8.218801021575927734e-02,5.214685946702957153e-02,-2.600479125976562500e-01
-4.656517505645751953e-02,-2.664045803248882294e-02,4.040383696556091309e-01
-1.661467552185058594e-02,2.712302468717098236e-02,-1.379009932279586792e-01
-1.657688617706298828e-02,8.142682164907455444e-02,-1.192617788910865784e-01
1.362967491149902344e-02,-5.435668677091598511e-02,-2.138137817382812500e-01
6.571416556835174561e-02,-6.930685043334960938e-02,4.179705679416656494e-01
1.084303855895996094e-02,-5.444651842117309570e-02,-1.762097179889678955e-01
-9.268090128898620605e-02,-5.809819698333740234e-02,-4.163204729557037354e-01
7.980704307556152344e-03,-5.453877896070480347e-02,-1.386620998382568359e-01
6.322831660509109497e-02,1.310094594955444336e-01,2.389044165611267090e-01
6.573028117418289185e-02,-6.890714168548583984e-02,4.749847203493118286e-02
-9.333235770463943481e-02,4.654824733734130859e-02,1.958941668272018433e-01
1.284776329994201660e-01,6.904149055480957031e-02,-7.370910607278347015e-03
1.326104253530502319e-02,5.383312702178955078e-02,4.022231996059417725e-01
-9.286145865917205811e-02,-5.489933490753173828e-02,-1.533609032630920410e-01
-6.557071208953857422e-02,-7.905699312686920166e-02,-3.568270802497863770e-01
3.000579774379730225e-02,-9.171916544437408447e-02,-5.638867616653442383e-01
-6.359708309173583984e-02,7.915245741605758667e-02,2.492578029632568359e-01
-8.626055717468261719e-02,7.805623114109039307e-02,2.909606881439685822e-02
-8.978680521249771118e-02,-1.093689203262329102e-01,2.604824900627136230e-01
-1.090924739837646484e-01,-2.563300356268882751e-02,-4.787505865097045898e-01
1.285348832607269287e-02,1.044369935989379883e-01,-4.608856141567230225e-01
3.959691524505615234e-02,7.917419111436174717e-07,-1.360003650188446045e-01
8.051753044128417969e-02,-5.220069736242294312e-02,4.149758815765380859e-01
-8.685123920440673828e-02,-2.599135041236877441e-02,-2.408895790576934814e-01
-9.317006915807723999e-02,4.942512512207031250e-02,1.584918200969696045e-01
-3.814123943448066711e-02,-1.219909191131591797e-01,-5.327718853950500488e-01
-3.899298235774040222e-02,-8.675205707550048828e-02,-6.038116291165351868e-02
-3.889149427413940430e-02,-9.095096588134765625e-02,-2.953100502490997314e-01
6.541974842548370361e-02,7.662975788116455078e-02,-2.980932593345642090e-01
1.518177986145019531e-02,-5.430666357278823853e-02,-2.708187699317932129e-01
-6.302869319915771484e-02,-7.917996495962142944e-02,-3.195095658302307129e-01
6.918466091156005859e-02,-5.256599187850952148e-02,8.369872719049453735e-02
-6.557965278625488281e-02,7.905656099319458008e-02,2.119693011045455933e-01
7.993614673614501953e-02,-5.221943557262420654e-02,2.650183141231536865e-01
-1.261941194534301758e-01,-7.612465322017669678e-02,2.397232055664062500e-01
-6.088280677795410156e-02,-2.640977129340171814e-02,-2.820391654968261719e-01
1.265069562941789627e-02,-1.296106576919555664e-01,-5.300616621971130371e-01
1.287268940359354019e-02,1.020416021347045898e-01,-4.424523711204528809e-01
6.565659493207931519e-02,-7.074034214019775391e-02,-6.776122841984033585e-03
5.070722103118896484e-02,7.864441045057901647e-07,-2.090042084455490112e-01
1.109359264373779297e-01,1.025450974702835083e-01,1.171136423945426941e-01
-9.769046306610107422e-02,-1.814706325531005859e-01,-7.824005186557769775e-02
9.005534648895263672e-02,7.676814561818900984e-07,4.123174846172332764e-01
-1.143790483474731445e-01,-2.554782480001449585e-02,-5.157519578933715820e-01
1.179273128509521484e-01,5.099487304687500000e-02,-5.147982835769653320e-01
-5.911445617675781250e-02,-7.936928421258926392e-02,-2.826367020606994629e-01
-6.752192974090576172e-02,7.896262407302856445e-02,1.749859601259231567e-01
7.950758934020996094e-02,-5.223325267434120178e-02,4.717590287327766418e-02
-8.741546422243118286e-02,-4.512096941471099854e-02,3.002339601516723633e-01
1.816244125366210938e-01,9.798345714807510376e-02,-4.005340486764907837e-02
4.281628131866455078e-02,7.902067977738624904e-07,-1.542419344186782837e-01
6.542801856994628906e-02,7.642447948455810547e-02,-2.610507011413574219e-01
1.200923919677734375e-01,7.533586767749511637e-07,-5.138269066810607910e-01
9.012365341186523438e-02,7.676488849028828554e-07,6.470397859811782837e-02
-9.147351235151290894e-02,7.948088645935058594e-02,-6.744994781911373138e-03
-7.109534740447998047e-02,-2.624521590769290924e-02,-3.176049590110778809e-01
4.826545715332031250e-02,7.876084282543160953e-07,-1.907412707805633545e-01
-3.886413201689720154e-02,9.208285808563232422e-02,2.629714906215667725e-01
1.105308532714843750e-02,8.276327699422836304e-02,-3.339691162109375000e-01
1.291500404477119446e-02,9.678876399993896484e-02,-4.058770537376403809e-01
-3.885837644338607788e-02,-9.232127666473388672e-02,-2.583605945110321045e-01
-2.064544707536697388e-02,-1.846789568662643433e-02,-5.536819696426391602e-01
-8.073401451110839844e-02,-2.608991600573062897e-02,-3.531497120857238770e-01
-7.667624950408935547e-02,-7.851982116699218750e-02,-2.242791652679443359e-01
-8.990609645843505859e-02,-2.594213746488094330e-02,-3.887234330177307129e-01
-8.866181224584579468e-02,-1.292986869812011719e-01,9.818969666957855225e-02
-6.847906112670898438e-02,7.891633361577987671e-02,1.565960645675659180e-01
6.564172357320785522e-02,-7.111418247222900391e-02,2.480242848396301270e-01
7.433441281318664551e-02,1.478641182184219360e-01,1.751247644424438477e-01
8.549475669860839844e-02,5.204026401042938232e-02,4.700164869427680969e-02
1.145240962505340576e-01,1.230884790420532227e-01,2.847381494939327240e-02
-9.301682561635971069e-02,5.213797092437744141e-02,1.213879361748695374e-01
6.570971757173538208e-02,-6.942212581634521484e-02,2.113952636718750000e-01
-8.800605684518814087e-02,-1.409158706665039062e-01,6.276214122772216797e-02
-5.449938774108886719e-02,-7.959251105785369873e-02,8.450713753700256348e-02
-9.028410911560058594e-02,-2.593605034053325653e-02,-2.040154933929443359e-01
8.071303367614746094e-02,5.219439417123794556e-02,2.464907765388488770e-01
9.517455101013183594e-02,7.652404292457504198e-07,2.623892128467559814e-01
8.003711700439453125e-02,-5.221618711948394775e-02,2.282470613718032837e-01
6.574405729770660400e-02,-6.856524944305419922e-02,1.931350678205490112e-01
-7.714414596557617188e-02,-7.849720120429992676e-02,-1.876254230737686157e-01
-7.675361633300781250e-02,-7.851608842611312866e-02,-4.278106614947319031e-02
7.813847064971923828e-02,-5.227738618850708008e-02,-2.472686767578125000e-02
-9.974932670593261719e-02,2.578354254364967346e-02,2.434982210397720337e-01
6.581401824951171875e-02,-6.682896614074707031e-02,1.566985994577407837e-01
-3.883081674575805664e-02,9.345328807830810547e-02,2.263055443763732910e-01
8.006703853607177734e-02,5.221522226929664612e-02,2.099539190530776978e-01
6.588555872440338135e-02,-6.505846977233886719e-02,1.203420981764793396e-01
-7.742559909820556641e-02,-7.848357409238815308e-02,-1.511971950531005859e-01
-9.969139099121093750e-02,-2.578447759151458740e-02,2.435070723295211792e-01
-3.884639590978622437e-02,-9.282886981964111328e-02,2.445907592773437500e-01
-1.322393417358398438e-01,-7.583224773406982422e-02,2.033239752054214478e-01
-1.025224924087524414e-01,-2.573885768651962280e-02,-5.978118628263473511e-02
7.932567596435546875e-02,-5.223911628127098083e-02,2.100500464439392090e-01
1.288757100701332092e-02,1.001944541931152344e-01,-2.207788079977035522e-01
1.290605962276458740e-02,9.791100025177001953e-02,2.437542676925659180e-01
7.941877841949462891e-02,5.223611742258071899e-02,1.735980212688446045e-01
-9.296405315399169922e-02,-2.589286491274833679e-02,-1.675778180360794067e-01
-9.673988819122314453e-02,-2.583203278481960297e-02,8.225250244140625000e-02
-3.880734369158744812e-02,-9.444451332092285156e-02,-2.447296120226383209e-02
1.294689718633890152e-02,-9.282970428466796875e-02,-4.230926558375358582e-02
-7.036733627319335938e-02,7.882498204708099365e-02,1.199942007660865784e-01
1.069005727767944336e-01,1.028055101633071899e-01,2.067983895540237427e-01
7.790124416351318359e-02,-5.228503048419952393e-02,1.737606823444366455e-01
-1.005324125289916992e-01,-2.577092312276363373e-02,2.072207629680633545e-01
9.984469413757324219e-02,7.630135314684594050e-07,2.881744317710399628e-02
-7.748723030090332031e-02,-7.848060131072998047e-02,-1.330526769161224365e-01
-1.246758699417114258e-01,-1.271734237670898438e-01,1.162368729710578918e-01
1.287387218326330185e-02,1.018947362899780273e-01,-1.845541298389434814e-01
7.909321784973144531e-02,5.224660411477088928e-02,1.554763764142990112e-01
1.290686056017875671e-02,-9.781169891357421875e-02,2.437692135572433472e-01
-3.880707919597625732e-02,9.444344043731689453e-02,1.899728327989578247e-01
8.921957015991210938e-02,5.192020907998085022e-02,-2.224017232656478882e-01
-3.885226324200630188e-02,-9.258604049682617188e-02,2.082843035459518433e-01
-1.009235382080078125e-01,2.576462179422378540e-02,2.071700990200042725e-01
6.462609022855758667e-02,9.632396697998046875e-02,-2.214855849742889404e-01
9.499371051788330078e-02,7.653266607121622656e-07,2.260223329067230225e-01
1.290244050323963165e-02,9.834837913513183594e-02,2.074835151433944702e-01
-7.742643356323242188e-02,-7.848354429006576538e-02,-9.687255322933197021e-02
-7.372236251831054688e-02,-7.866271585226058960e-02,-6.766051985323429108e-03
6.552472710609436035e-02,-7.401263713836669922e-02,1.127075124531984329e-02
8.727574348449707031e-02,5.198286101222038269e-02,-1.863330006599426270e-01
-7.470798492431640625e-02,-7.861501723527908325e-02,2.930450439453125000e-02
-3.878341615200042725e-02,9.541463851928710938e-02,1.538757234811782837e-01
