5.628722906112670898e-02,1.868938840925693512e-02,-5.400822162628173828e-01
-5.692535266280174255e-02,-3.575107827782630920e-02,5.908887386322021484e-01
-6.972765922546386719e-02,1.846375614404678345e-01,2.954772859811782837e-02
1.171740237623453140e-02,-2.454538345336914062e-01,9.078704565763473511e-02
1.196328774094581604e-01,-5.274403095245361328e-02,-1.907250881195068359e-01
8.478617668151855469e-02,5.206311121582984924e-02,3.011386096477508545e-01
-7.964527606964111328e-02,7.837621867656707764e-02,-3.162661790847778320e-01
-1.213479042053222656e-01,-2.543554268777370453e-02,1.690408289432525635e-01
-1.027538776397705078e-01,-7.725845277309417725e-02,-7.758788764476776123e-02
1.311916112899780273e-01,7.480661565750779118e-07,6.305328011512756348e-02
1.226459629833698273e-02,-1.775274276733398438e-01,3.187756240367889404e-01
1.256669592112302780e-02,-1.400377750396728516e-01,-3.765835464000701904e-01
-1.147904396057128906e-01,7.667624950408935547e-02,3.506903052330017090e-01
1.268131658434867859e-02,1.258093118667602539e-01,-1.465219110250473022e-01
-3.654682636260986328e-02,1.879487037658691406e-01,2.129943817853927612e-01
7.375686615705490112e-02,-3.984565660357475281e-02,4.638768434524536133e-01
-9.021508693695068359e-02,-7.786494493484497070e-02,-5.044775009155273438e-01
6.345918774604797363e-02,-1.252733469009399414e-01,-4.148742556571960449e-02
-1.134911775588989258e-01,-7.673909515142440796e-02,4.256005883216857910e-01
6.339597702026367188e-02,-1.056141033768653870e-01,1.755877584218978882e-01
7.187402248382568359e-02,5.247930064797401428e-02,-3.741769194602966309e-01
-3.210043907165527344e-02,-8.067594468593597412e-02,-2.304379194974899292e-01
-7.078754901885986328e-02,7.880466431379318237e-02,-4.711404442787170410e-01
-1.260284185409545898e-01,2.536012791097164154e-02,2.834960818290710449e-02
1.274884939193725586e-01,5.068668723106384277e-02,-7.633697241544723511e-02
6.467086076736450195e-02,9.520840644836425781e-02,1.539755165576934814e-01
1.305104233324527740e-02,7.990133762359619141e-02,4.149316251277923584e-01
-1.050792932510375977e-01,2.569766528904438019e-02,-1.842043995857238770e-01
-9.000203758478164673e-02,-1.055557727813720703e-01,6.418548524379730225e-02
1.119873002171516418e-01,-8.804678916931152344e-02,3.356328010559082031e-01
-1.194772347807884216e-01,1.307185441255569458e-01,-8.077704906463623047e-02
-9.125389903783798218e-02,-8.337843418121337891e-02,2.831957936286926270e-01
5.115807056427001953e-02,-1.064038425683975220e-01,-4.971523880958557129e-01
-3.610980138182640076e-02,-2.060484886169433594e-01,-2.277160622179508209e-02
-3.085672855377197266e-02,-1.890399307012557983e-01,1.987011730670928955e-01
6.414683908224105835e-02,1.082165241241455078e-01,2.869018539786338806e-02
-1.148380041122436523e-01,1.279675960540771484e-01,1.346963495016098022e-01
-7.827341556549072266e-02,-2.612956427037715912e-02,-3.915319740772247314e-01
9.282100200653076172e-02,-5.180412158370018005e-02,-3.134908974170684814e-01
2.078557014465332031e-02,5.412603914737701416e-02,-2.508526444435119629e-01
-1.133164986968040466e-01,3.807900846004486084e-02,5.186655521392822266e-01
1.253930851817131042e-02,1.433916091918945312e-01,3.079577684402465820e-01
4.860382061451673508e-03,3.767735883593559265e-02,5.313291549682617188e-01
9.033334255218505859e-02,-1.038757786154747009e-01,6.483001261949539185e-02
1.259822119027376175e-02,-1.361244916915893555e-01,-1.455618292093276978e-01
-8.128051646053791046e-03,-1.132709383964538574e-01,5.318986177444458008e-01
1.029573678970336914e-01,7.615292929585848469e-07,1.889105141162872314e-01
-1.010953187942504883e-01,7.733867317438125610e-02,2.435461431741714478e-01
1.276659313589334488e-02,-1.152117252349853516e-01,4.058880507946014404e-01
-1.198040246963500977e-01,2.546041458845138550e-02,-7.667998969554901123e-02
1.197282075881958008e-01,5.093682557344436646e-02,-1.825836151838302612e-01
-4.585449025034904480e-02,1.837971806526184082e-02,-5.593826770782470703e-01
1.314927339553833008e-01,-5.055762082338333130e-02,-5.871978774666786194e-02
1.237684022635221481e-02,1.635941267013549805e-01,9.589629620313644409e-02
1.277636364102363586e-02,1.139987707138061523e-01,-3.274935781955718994e-01
6.075082346796989441e-02,-1.924810409545898438e-01,2.295443713665008545e-01
8.275723457336425781e-02,-5.212850496172904968e-02,-4.096285998821258545e-01
1.282071694731712341e-02,1.084930896759033203e-01,-4.217343032360076904e-01
-1.003726199269294739e-01,-1.143763139843940735e-01,5.204807519912719727e-01
4.888305440545082092e-03,9.466236084699630737e-02,-5.273892879486083984e-01
-6.282413005828857422e-02,-2.637848630547523499e-02,-3.004232645034790039e-01
4.562103003263473511e-02,-1.950258612632751465e-01,2.196824550628662109e-02
-3.788026422262191772e-02,-1.327883005142211914e-01,-4.528137147426605225e-01
-3.825110942125320435e-02,1.174571514129638672e-01,-2.412200905382633209e-02
-1.094388961791992188e-01,2.562742121517658234e-02,4.262447953224182129e-01
1.065682172775268555e-01,7.598075058012909722e-07,3.893255591392517090e-01
4.716491792351007462e-03,-5.483741685748100281e-02,-5.663903951644897461e-01
1.262703258544206619e-02,-1.325360536575317383e-01,-2.876031398773193359e-01
-9.737312793731689453e-02,-2.582183107733726501e-02,3.541754186153411865e-01
6.396780163049697876e-02,1.126593351364135742e-01,-5.944213643670082092e-02
-9.199070930480957031e-02,-7.777906209230422974e-02,-1.678536981344223022e-01
-4.609549045562744141e-02,-1.873140335083007812e-01,6.689849495887756348e-02
-8.411742001771926880e-02,2.097976207733154297e-01,1.097738593816757202e-01
1.142646074295043945e-01,-5.111292749643325806e-02,2.594027519226074219e-01
-5.320823192596435547e-02,-1.329429000616073608e-01,3.459161221981048584e-01
-3.884151205420494080e-02,9.301853179931640625e-02,-2.037017792463302612e-01
3.277540206909179688e-02,1.075889244675636292e-01,2.352725118398666382e-01
9.889423847198486328e-02,-1.033233255147933960e-01,-1.135330200195312500e-01
6.589005142450332642e-02,6.495463848114013672e-02,-4.726583659648895264e-01
-1.372683644294738770e-01,-3.738564252853393555e-02,5.401542186737060547e-01
-9.035043418407440186e-02,-9.938359260559082031e-02,1.536947637796401978e-01
-5.403076112270355225e-02,1.297466307878494263e-01,3.619688749313354492e-01
3.034790046513080597e-02,-3.713886812329292297e-02,5.480362176895141602e-01
-1.234340667724609375e-01,1.272736638784408569e-01,1.095458958297967911e-02
8.532977104187011719e-02,7.699347861489513889e-07,-2.410854995250701904e-01
1.194434389472007751e-01,-5.535256862640380859e-02,1.212771609425544739e-01
6.442213058471679688e-02,-2.119789123535156250e-01,1.396884173154830933e-01
-9.581989794969558716e-02,-2.488613128662109375e-03,2.394299209117889404e-01
-6.507506966590881348e-02,-1.822073459625244141e-01,-9.120368957519531250e-02
-5.500113964080810547e-02,-1.327981799840927124e-01,-6.858215201646089554e-03
8.535730838775634766e-02,1.041957288980484009e-01,-1.325277686119079590e-01
-7.631635665893554688e-02,7.853724062442779541e-02,-3.924117982387542725e-01
8.347082138061523438e-02,-1.567498147487640381e-01,3.026403784751892090e-01
6.702757626771926880e-02,3.672707080841064453e-02,4.460342228412628174e-01
6.435229629278182983e-02,-1.031062602996826172e-01,-2.025283724069595337e-01
1.195506379008293152e-01,5.387949943542480469e-02,1.143096853047609329e-02
1.133409738540649414e-01,5.114270746707916260e-02,1.167541444301605225e-01
-9.062933921813964844e-02,7.784492522478103638e-02,-1.319747865200042725e-01
-1.307096481323242188e-01,2.528470009565353394e-02,1.154312118887901306e-01
-8.751774579286575317e-02,1.495602130889892578e-01,2.539007365703582764e-01
1.433897018432617188e-01,7.422496537401457317e-07,-1.274987757205963135e-01
-1.257451772689819336e-01,-2.536469139158725739e-02,-2.399169839918613434e-02
-5.438148975372314453e-02,-7.959821075201034546e-02,2.134216278791427612e-01
-3.714150935411453247e-02,-1.633640527725219727e-01,2.688345313072204590e-01
6.481765955686569214e-02,9.157001972198486328e-02,-2.039913833141326904e-01
-3.830703347921371460e-02,-1.151314973831176758e-01,-5.350878834724426270e-01
-3.826100379228591919e-02,1.170362234115600586e-01,-9.442504495382308960e-02
-1.187605857849121094e-01,-2.547722682356834412e-02,-1.295333802700042725e-01
1.274561882019042969e-01,-5.068772658705711365e-02,1.089691091328859329e-02
-8.044719696044921875e-02,-2.609454095363616943e-02,-2.235260009765625000e-01
-5.845565721392631531e-02,3.671223297715187073e-02,5.610706806182861328e-01
7.610678672790527344e-02,-1.047938391566276550e-01,-3.548495471477508545e-01
-4.277265071868896484e-02,2.670155465602874756e-02,-2.474716156721115112e-01
-8.726418018341064453e-02,7.800769805908203125e-02,1.728698760271072388e-01
-1.015317440032958984e-01,7.731757313013076782e-02,8.209167420864105225e-02
1.234382204711437225e-02,1.676927804946899414e-01,1.640621870756149292e-01
6.613506376743316650e-02,5.887949466705322266e-02,-3.013525307178497314e-01
-1.267822980880737305e-01,2.534797787666320801e-02,2.931948900222778320e-01
6.297182291746139526e-02,-1.373671293258666992e-01,3.637939393520355225e-01
7.230603694915771484e-02,7.761449865029135253e-07,-4.506710767745971680e-01
-9.521853923797607422e-02,7.762293517589569092e-02,-4.229431226849555969e-02
-9.737730026245117188e-03,-1.364521980285644531e-01,-8.227722346782684326e-02
-8.774749189615249634e-02,1.922070980072021484e-02,-5.070984363555908203e-01
5.249798297882080078e-02,1.063161939382553101e-01,3.456606864929199219e-01
1.257524918764829636e-02,-1.389642953872680664e-01,1.081207208335399628e-02
6.727898865938186646e-02,3.049290180206298828e-02,2.352966219186782837e-01
-8.914303779602050781e-02,1.824386566877365112e-01,1.735693365335464478e-01
7.948279380798339844e-02,-1.571364849805831909e-01,1.016174256801605225e-01
-4.720807075500488281e-02,-1.334272772073745728e-01,1.034930422902107239e-01
-7.311224937438964844e-02,-7.869220525026321411e-02,-3.363180458545684814e-01
-8.580815792083740234e-02,-7.807811349630355835e-02,-4.282318055629730225e-01
-9.284436702728271484e-02,2.589479461312294006e-02,-3.505084216594696045e-01
-9.174084663391113281e-02,2.591257542371749878e-02,-4.262152016162872314e-01
6.457848101854324341e-02,-9.748876094818115234e-02,-2.759283483028411865e-01
-1.095556020736694336e-01,-7.692945003509521484e-02,1.102813705801963806e-02
-3.614288568496704102e-02,-2.046684026718139648e-01,1.266882270574569702e-01
-5.884185805916786194e-02,-5.541928485035896301e-02,-5.542582273483276367e-01
6.219363212585449219e-02,-1.056916788220405579e-01,-4.348919689655303955e-01
1.367915868759155273e-01,7.453958801306725945e-07,-2.382049523293972015e-02
-8.964574337005615234e-02,-2.594633027911186218e-02,-4.652035534381866455e-01
-1.314831972122192383e-01,-2.527223527431488037e-02,6.304962188005447388e-02
6.969892978668212891e-02,7.773881520733993966e-07,-3.366299271583557129e-01
-8.875459432601928711e-02,1.276483535766601562e-01,3.115576207637786865e-01
-3.799679875373840332e-02,-1.279785633087158203e-01,-3.429016172885894775e-01
5.677307024598121643e-02,-5.653208494186401367e-02,-5.313135385513305664e-01
1.153982728719711304e-01,-1.110516786575317383e-01,2.786373794078826904e-01
-5.230437964200973511e-02,8.380527049303054810e-02,4.013506174087524414e-01
7.943427562713623047e-02,-5.223561078310012817e-02,2.100360095500946045e-01
-8.684241026639938354e-02,1.615239381790161133e-01,-2.348083443939685822e-02
-4.100716114044189453e-02,-1.339278817176818848e-01,1.781982332468032837e-01
-3.584587946534156799e-02,2.169566154479980469e-01,7.609741389751434326e-02
-3.829397261142730713e-02,-1.156837940216064453e-01,-1.830093413591384888e-01
-3.881435096263885498e-02,9.416258335113525391e-02,-2.763574123382568359e-01
6.492849439382553101e-02,-8.880329132080078125e-02,4.129733145236968994e-01
-7.994210720062255859e-02,-7.836186885833740234e-02,3.772979676723480225e-01
1.190877519547939301e-02,-2.216647863388061523e-01,1.748745739459991455e-01
-7.868957705795764923e-03,2.720390455124288565e-07,5.744615793228149414e-01
-3.610660135746002197e-02,2.061624526977539062e-01,1.432553082704544067e-01
1.211820542812347412e-02,-1.957110166549682617e-01,2.631072998046875000e-01
8.330118656158447266e-02,5.211098119616508484e-02,3.762713670730590820e-01
5.935192108154296875e-02,1.058738753199577332e-01,2.875445485115051270e-01
-9.581237286329269409e-02,-7.284954190254211426e-02,5.711423158645629883e-01
-1.049300432205200195e-01,2.570006996393203735e-02,1.887014657258987427e-01
-3.718229755759239197e-02,1.616765260696411133e-01,2.867382764816284180e-01
8.436846733093261719e-02,-1.566627472639083862e-01,1.920056045055389404e-01
-7.828521542251110077e-03,-7.279485464096069336e-02,5.720386505126953125e-01
7.495522499084472656e-03,1.641168892383575439e-01,2.394622713327407837e-01
1.269738283008337021e-02,1.238033771514892578e-01,1.091705262660980225e-02
1.010167598724365234e-01,7.624546469742199406e-07,2.796606421470642090e-01
7.451343536376953125e-02,-2.106706351041793823e-01,8.407928049564361572e-02
9.497630596160888672e-02,-1.035761460661888123e-01,2.264950573444366455e-01
7.305602729320526123e-02,-5.918788909912109375e-02,-4.764102697372436523e-01
7.007467746734619141e-02,7.772089816171501298e-07,-3.934600651264190674e-01
-3.844469785690307617e-02,1.094362735748291016e-01,-3.654614090919494629e-01
-3.876590728759765625e-02,-1.341087818145751953e-01,4.849395528435707092e-02
-5.819559097290039062e-02,-7.941373437643051147e-02,-2.827951014041900635e-01
6.362593173980712891e-02,1.055981069803237915e-01,8.411499112844467163e-02
-6.395947933197021484e-02,-1.320749670267105103e-01,-6.141540408134460449e-02
1.260238885879516602e-01,7.505303187826939393e-07,1.333120763301849365e-01
-8.581438660621643066e-02,-1.797426939010620117e-01,-4.008361697196960449e-02
-1.123839616775512695e-01,1.798065006732940674e-01,6.421722471714019775e-02
5.586242768913507462e-03,1.297238767147064209e-01,3.622212409973144531e-01
-8.750891685485839844e-02,2.598076127469539642e-02,-2.958938479423522949e-01
-1.164500713348388672e-01,-2.551445364952087402e-02,4.056103527545928955e-01
-1.064887046813964844e-01,2.567495219409465790e-02,3.707299828529357910e-01
9.670329093933105469e-02,5.167898908257484436e-02,1.717465221881866455e-01
1.268278062343597412e-02,1.256157159805297852e-01,-7.639068365097045898e-02
4.533935338258743286e-02,-7.803194224834442139e-02,4.908379316329956055e-01
-1.063085794448852539e-01,1.286562085151672363e-01,2.071173042058944702e-01
9.688985347747802734e-02,7.644225092917622533e-07,3.356484770774841309e-01
-3.792634978890419006e-02,-1.308933496475219727e-01,-3.973461687564849854e-01
1.259022578597068787e-02,-1.371052265167236328e-01,-4.327438175678253174e-01
5.928969383239746094e-02,-5.288494005799293518e-02,-2.451007068157196045e-01
-3.817821666598320007e-02,-1.204731464385986328e-01,4.233563244342803955e-01
8.767020702362060547e-02,-1.040476411581039429e-01,1.188281252980232239e-01
-3.801314532756805420e-02,-1.272906064987182617e-01,-1.288555860519409180e-01
9.292733669281005859e-02,-1.037083715200424194e-01,1.115356385707855225e-02
1.246916055679321289e-01,7.511656008318823297e-07,-1.996285915374755859e-01
1.274794060736894608e-02,-1.175273656845092773e-01,-2.005432099103927612e-01
-9.539093077182769775e-02,2.956586797608906636e-07,5.738283395767211914e-01
-9.793651103973388672e-02,7.749146968126296997e-02,1.110870297998189926e-02
-7.197594642639160156e-02,-1.843829452991485596e-01,1.134765613824129105e-02
1.283721160143613815e-02,1.064456701278686523e-01,-2.019473165273666382e-01
-1.114104986190795898e-01,-2.559565566480159760e-02,2.960595488548278809e-01
9.988641738891601562e-02,-5.157639086246490479e-02,3.724111914634704590e-01
-7.886047475039958954e-03,5.501185730099678040e-02,-5.628311634063720703e-01
3.924036026000976562e-02,7.919119298094301485e-07,-2.668127417564392090e-01
-1.167844533920288086e-01,1.278105080127716064e-01,8.147765696048736572e-02
-5.911941453814506531e-02,-1.112335249781608582e-01,5.528987646102905273e-01
4.439834505319595337e-02,2.828967637924506562e-07,5.136797428131103516e-01
1.172478199005126953e-01,5.101677402853965759e-02,6.364684551954269409e-02
-2.055001258850097656e-02,1.668363511562347412e-01,3.113098070025444031e-02
-1.162613630294799805e-01,-7.660511136054992676e-02,9.896300733089447021e-02
1.270706951618194580e-02,1.226007938385009766e-01,6.340057402849197388e-02
-8.380127139389514923e-03,-1.361634880304336548e-01,-4.977467060089111328e-01
1.345074176788330078e-01,-5.046045035123825073e-02,-1.108349561691284180e-01
1.311731338500976562e-01,5.056792125105857849e-02,-1.285665929317474365e-01
6.345406919717788696e-02,-1.253954172134399414e-01,-1.466747969388961792e-01
-3.829291835427284241e-02,1.157156229019165039e-01,-1.474996954202651978e-01
1.401262283325195312e-01,7.438057991748792119e-07,-7.568420469760894775e-02
-3.854277357459068298e-02,1.053786277770996094e-01,-4.226696789264678955e-01
1.244074106216430664e-01,-5.078599229454994202e-02,6.335876137018203735e-02
-1.166520118713378906e-01,2.551120147109031677e-02,-1.297061145305633545e-01
-1.236990690231323242e-01,7.624533772468566895e-02,2.940747141838073730e-01
-1.222701072692871094e-01,-2.542068250477313995e-02,-7.656036317348480225e-02
-1.229270696640014648e-01,2.541010081768035889e-02,-2.403472922742366791e-02
-1.343903541564941406e-01,-2.522539533674716949e-02,1.151605173945426941e-01
-7.251429557800292969e-02,-1.313843578100204468e-01,2.855719029903411865e-01
2.328240871429443359e-02,1.082015186548233032e-01,1.798916608095169067e-01
6.801891326904296875e-02,-1.582481116056442261e-01,4.770843312144279480e-02
1.291746553033590317e-02,9.648311138153076172e-02,-2.758865356445312500e-01
8.857131004333496094e-02,5.194110795855522156e-02,-2.224914431571960449e-01
1.284857094287872314e-02,1.050354242324829102e-01,-4.799246191978454590e-01
1.179368142038583755e-02,-2.359524965286254883e-01,4.260070621967315674e-02
-5.560517311096191406e-03,-1.653828918933868408e-01,-2.611145004630088806e-02
-3.869603201746940613e-02,9.904956817626953125e-02,-5.012695193290710449e-01
-4.941272735595703125e-02,-1.332492828369140625e-01,2.331976294517517090e-01
-1.074279546737670898e-01,-2.565982565283775330e-02,-1.839330941438674927e-01
1.065993309020996094e-01,-5.136000365018844604e-02,1.706863343715667725e-01
1.276440918445587158e-02,-1.154947280883789062e-01,-5.348263382911682129e-01
1.175582185387611389e-01,-8.131086826324462891e-02,-1.510559022426605225e-01
1.307535171508789062e-02,-7.684803009033203125e-02,-2.423596084117889404e-01
6.343278288841247559e-02,-1.259238719940185547e-01,-9.394347667694091797e-02
-9.247832000255584717e-02,-6.167960166931152344e-02,1.941015571355819702e-01
2.833843231201171875e-02,-1.078764498233795166e-01,4.488519132137298584e-01
3.034179657697677612e-02,-1.856860518455505371e-02,-5.476480722427368164e-01
-4.014532640576362610e-02,-3.908884525299072266e-02,-2.480621337890625000e-01
1.129064932465553284e-01,-4.440793022513389587e-02,3.223155736923217773e-01
3.178512677550315857e-02,3.889801725745201111e-02,4.934711456298828125e-01
-7.297607511281967163e-02,-1.883630082011222839e-02,-5.309708118438720703e-01
-9.042290598154067993e-02,-9.809994697570800781e-02,-2.444885112345218658e-02
1.243159174919128418e-02,-1.567975282669067383e-01,3.589907884597778320e-01
8.225929737091064453e-02,-1.568672657012939453e-01,2.472817897796630859e-01
-2.053100615739822388e-02,-1.836548186838626862e-02,-5.600388050079345703e-01
8.943969756364822388e-02,3.013475975421897601e-07,4.361302852630615234e-01
1.180189996957778931e-01,-7.496619224548339844e-02,-2.482788078486919403e-02
-9.345570951700210571e-02,-4.437184333801269531e-02,2.522927820682525635e-01
-5.948455631732940674e-02,5.602497979998588562e-02,-5.417358875274658203e-01
9.634876251220703125e-02,-1.034875810146331787e-01,-6.012908741831779480e-02
7.176959514617919922e-02,5.248267203569412231e-02,-4.316760301589965820e-01
1.729705743491649628e-02,1.828685216605663300e-02,-5.653775930404663086e-01
-3.827391937375068665e-02,-1.165018081665039062e-01,-2.906207144260406494e-01
-1.396334767341613770e-01,2.663296641003398690e-07,5.195778608322143555e-01
-3.624038025736808777e-02,-2.006460428237915039e-01,2.701019309461116791e-02
-6.708621978759765625e-02,-7.898369431495666504e-02,-2.071704119443893433e-01
-8.650632947683334351e-02,1.674764156341552734e-01,2.161587476730346680e-01
-7.700335979461669922e-02,2.615002728998661041e-02,-2.240011543035507202e-01
6.577547639608383179e-02,6.779778003692626953e-02,1.932260096073150635e-01
6.881592422723770142e-02,-7.650375366210937500e-03,-2.940316796302795410e-01
-3.752244636416435242e-02,1.475921869277954102e-01,3.251275420188903809e-01
-8.245635777711868286e-02,1.293453276157379150e-01,-9.779858589172363281e-02
-1.048108339309692383e-01,1.806641966104507446e-01,1.359725892543792725e-01
2.317070960998535156e-02,1.082087382674217224e-01,-3.664169311523437500e-01
6.698894500732421875e-02,5.263676121830940247e-02,-5.114239454269409180e-01
-9.224984049797058105e-02,6.572735309600830078e-02,-1.706671118736267090e-01
-9.090039134025573730e-02,-8.963406085968017578e-02,-1.141342148184776306e-01
6.924962997436523438e-02,-1.052363589406013489e-01,-3.944781422615051270e-01
6.403528153896331787e-02,1.109849214553833008e-01,-1.658117622137069702e-01
-9.177952259778976440e-02,-7.406651973724365234e-02,3.221746683120727539e-01
-8.946553617715835571e-02,1.150516271591186523e-01,3.507806360721588135e-01
-3.720027953386306763e-02,-1.609212160110473633e-01,3.223361074924468994e-01
-1.255551576614379883e-01,1.271024346351623535e-01,-4.158111661672592163e-02
-8.424282819032669067e-02,2.075773477554321289e-01,6.007873266935348511e-02
3.092361427843570709e-02,-7.564816623926162720e-02,5.277932882308959961e-01
8.834850788116455078e-02,-5.194827914237976074e-02,-3.703906238079071045e-01
5.733489990234375000e-02,-1.903725787997245789e-02,-5.184924602508544922e-01
4.331268370151519775e-02,5.592542886734008789e-02,-5.438083410263061523e-01
9.408581256866455078e-02,-5.176335573196411133e-02,4.114990234375000000e-01
6.366274505853652954e-02,-1.202129125595092773e-01,-3.082379102706909180e-01
7.910156250000000000e-02,-8.542133867740631104e-02,3.763328790664672852e-01
6.350140273571014404e-02,-1.242210865020751953e-01,2.840148843824863434e-02
-9.995353221893310547e-02,7.739391177892684937e-02,1.356787085533142090e-01
-7.930908352136611938e-03,-9.214085340499877930e-02,-5.586494207382202148e-01
-7.366418838500976562e-02,7.866552472114562988e-02,-4.314535558223724365e-01
-3.860963881015777588e-02,1.026121377944946289e-01,-4.615325927734375000e-01
7.174987811595201492e-03,-1.943156719207763672e-01,1.572382450103759766e-02
-1.748299598693847656e-02,-1.905545741319656372e-01,2.384524494409561157e-01
-4.498443379998207092e-02,-7.207766175270080566e-02,5.831210613250732422e-01
9.118831157684326172e-02,-1.038206070661544800e-01,-1.680902093648910522e-01
-9.107160568237304688e-02,2.592335827648639679e-02,-4.647915661334991455e-01
-1.239367648959159851e-01,-7.454673945903778076e-02,5.448437929153442383e-01
-3.625763207674026489e-02,-1.999322175979614258e-01,-7.280364632606506348e-02
-1.081201136112213135e-01,-3.633279353380203247e-02,5.728387832641601562e-01
-9.209156036376953125e-02,-2.590692788362503052e-02,2.083145081996917725e-01
9.651386737823486328e-02,-5.168509483337402344e-02,-2.213946431875228882e-01
7.341635227203369141e-02,7.756155468996439595e-07,-4.894232153892517090e-01
-3.930913284420967102e-02,7.368433475494384766e-02,4.358972012996673584e-01
-4.482620209455490112e-02,2.778735108677210519e-07,5.849264860153198242e-01
6.018392741680145264e-02,-2.065395116806030273e-01,1.768011450767517090e-01
-8.981494605541229248e-02,-1.088633537292480469e-01,1.172091662883758545e-01
-7.877337932586669922e-02,7.841838151216506958e-02,-3.539446890354156494e-01
-1.025301218032836914e-01,1.289612054824829102e-01,4.663268849253654480e-02
9.752593934535980225e-02,-1.330172121524810791e-01,3.282442092895507812e-01
-9.233057498931884766e-02,2.590307407081127167e-02,-3.881381154060363770e-01
-3.838263079524040222e-02,1.120040416717529297e-01,-3.279907107353210449e-01
-3.881359100341796875e-02,-1.881387531757354736e-01,1.602752655744552612e-01
-9.091436862945556641e-02,-7.783113420009613037e-02,-4.653201103210449219e-01
-3.678786009550094604e-02,1.779841184616088867e-01,2.489227205514907837e-01
-8.072042465209960938e-02,-7.832421362400054932e-02,-3.913473486900329590e-01
-8.395302295684814453e-02,-2.603805437684059143e-02,-4.282791018486022949e-01
-2.007461525499820709e-02,-3.591129556298255920e-02,5.860713720321655273e-01
7.494378089904785156e-02,1.048677265644073486e-01,-2.481445297598838806e-02
6.570870429277420044e-02,6.945931911468505859e-02,-3.369528055191040039e-01
-3.794932365417480469e-02,-1.341747045516967773e-01,1.412298530340194702e-01
7.922613620758056641e-02,-5.224232375621795654e-02,-2.789914011955261230e-01
-7.260107994079589844e-02,-2.622095681726932526e-02,-3.549233973026275635e-01
1.191489398479461670e-01,5.941045284271240234e-02,-2.506530657410621643e-02
7.845532894134521484e-02,5.226716026663780212e-02,3.396844267845153809e-01
3.467742726206779480e-02,8.483120054006576538e-02,3.854445219039916992e-01
1.176586672663688660e-01,-7.992780208587646484e-02,-7.881195098161697388e-02
6.564390659332275391e-02,-2.118202000856399536e-01,4.795257374644279480e-02
8.799111843109130859e-02,7.686657568228838500e-07,2.452551275491714478e-01
1.255461201071739197e-02,-1.415262222290039062e-01,-3.398583829402923584e-01
1.310443878173828125e-02,1.635729968547821045e-01,2.004748433828353882e-01
4.388519003987312317e-02,-9.437701106071472168e-02,-5.309369564056396484e-01
-1.254222393035888672e-01,2.536989189684391022e-02,3.297176957130432129e-01
-8.126616477966308594e-02,-7.829781621694564819e-02,2.465664595365524292e-01
7.698345184326171875e-02,5.231460928916931152e-02,2.655014097690582275e-01
8.351111412048339844e-02,-1.567458808422088623e-01,1.556988507509231567e-01
-3.842478245496749878e-02,-1.102598905563354492e-01,3.885369896888732910e-01
-3.623059764504432678e-02,2.010581493377685547e-01,4.362731799483299255e-02
-1.246078014373779297e-01,2.538301609456539154e-02,1.510516256093978882e-01
-1.113721132278442383e-01,1.282474249601364136e-01,1.706402599811553955e-01
1.198905520141124725e-02,-2.117317914962768555e-01,2.095898389816284180e-01
-9.247517585754394531e-02,7.775563746690750122e-02,-9.597411751747131348e-02
5.416656285524368286e-02,-1.860619187355041504e-01,2.643865346908569336e-01
-3.585963696241378784e-02,-2.163797616958618164e-01,9.262572973966598511e-02
8.219003677368164062e-02,1.044001057744026184e-01,-9.667602181434631348e-02
-9.141290187835693359e-02,7.780700922012329102e-02,2.086187750101089478e-01
1.258085295557975769e-02,-1.382688283920288086e-01,-4.111327975988388062e-02
-1.157534122467041016e-01,2.552567981183528900e-02,2.590582072734832764e-01
-3.632031753659248352e-02,1.973276138305664062e-01,1.777993738651275635e-01
9.464275836944580078e-02,-1.035976707935333252e-01,-2.451355010271072388e-02
-9.973764419555664062e-02,7.740435004234313965e-02,4.661712422966957092e-02
-1.146509647369384766e-01,-7.668299973011016846e-02,1.344323754310607910e-01
-9.016459435224533081e-02,-1.026760339736938477e-01,2.881225571036338806e-02
-1.157668828964233398e-01,1.794233918190002441e-01,9.951049834489822388e-02
1.183061674237251282e-02,-2.313997745513916016e-01,1.407986432313919067e-01
1.398112773895263672e-01,7.439559794875094667e-07,-1.626715064048767090e-01
-1.230450421571731567e-01,2.640259424424584722e-07,5.507826805114746094e-01
-1.122469902038574219e-01,-7.679927349090576172e-02,4.625274613499641418e-02
-9.014211595058441162e-02,-1.030789613723754883e-01,4.285745024681091309e-01
-3.825534880161285400e-02,1.172699928283691406e-01,-5.923889204859733582e-02
5.963015556335449219e-02,1.058559417724609375e-01,1.208947747945785522e-01
-3.824767470359802246e-02,1.175992488861083984e-01,1.096282899379730225e-02
1.289305686950683594e-01,7.491443057006108575e-07,9.805663675069808960e-02
-1.446330547332763672e-02,-1.662461608648300171e-01,-6.445159763097763062e-02
1.258938480168581009e-02,-1.372095346450805664e-01,-1.105898991227149963e-01
1.267746184021234512e-02,1.262761354446411133e-01,-1.113635227084159851e-01
-1.649045944213867188e-02,-1.359070986509323120e-01,-3.098904490470886230e-01
-1.280469894409179688e-01,-2.532760053873062134e-02,1.088867150247097015e-02
6.347909569740295410e-02,-1.247746944427490234e-01,-6.551513448357582092e-03
1.268839556723833084e-02,1.249189376831054688e-01,-4.146453738212585449e-02
1.347290277481079102e-01,-5.045329779386520386e-02,-1.457626372575759888e-01
1.334395408630371094e-01,7.469942602256196551e-07,2.821258455514907837e-02
-1.280872821807861328e-01,2.532695233821868896e-02,6.318634003400802612e-02
1.248276233673095703e-02,1.504569053649902344e-01,2.710223197937011719e-01
3.486999496817588806e-02,-1.278428882360458374e-01,3.816100358963012695e-01
-8.707101643085479736e-02,1.574724912643432617e-01,-5.780914053320884705e-02
6.095290929079055786e-02,-8.090047538280487061e-02,4.463686943054199219e-01
5.851226672530174255e-02,-3.885061293840408325e-02,4.947577714920043945e-01
-9.084487706422805786e-02,9.061741828918457031e-02,3.749697804450988770e-01
-2.064971812069416046e-02,3.694022074341773987e-02,5.541552305221557617e-01
1.233772467821836472e-02,1.684496402740478516e-01,1.297228932380676270e-01
-8.718977123498916626e-02,1.553702354431152344e-01,2.786193788051605225e-02
1.260985899716615677e-02,-1.346334218978881836e-01,-4.710189700126647949e-01
-7.258636504411697388e-02,1.873576827347278595e-02,-5.372098684310913086e-01
7.257032394409179688e-02,5.245686322450637817e-02,4.170123338699340820e-01
-6.272149085998535156e-02,7.919481396675109863e-02,-5.130935311317443848e-01
-3.590564057230949402e-02,2.144839763641357422e-01,1.092868000268936157e-01
-9.319504350423812866e-02,4.898965358734130859e-02,4.430909752845764160e-01
-3.841266036033630371e-02,1.107616424560546875e-01,3.884142935276031494e-01
1.184072270989418030e-01,6.962060928344726562e-02,-1.521466076374053955e-01
1.046945154666900635e-01,2.383539825677871704e-02,-2.207196950912475586e-01
1.747924834489822388e-02,2.734728354880644474e-07,5.548446178436279297e-01
-8.915150165557861328e-02,-2.595429308712482452e-02,-5.042867660522460938e-01
5.945367738604545593e-02,-2.246650457382202148e-01,1.085940524935722351e-01
-8.958935737609863281e-02,2.594723924994468689e-02,2.268130481243133545e-01
7.373458892107009888e-02,2.947929544916405575e-07,4.636744260787963867e-01
-3.706696629524230957e-02,-1.664482355117797852e-01,2.333868294954299927e-01
4.185247421264648438e-02,-1.607854068279266357e-01,3.488003313541412354e-01
6.469847261905670166e-02,-9.451115131378173828e-02,-4.641143679618835449e-01
-1.229400653392076492e-02,1.997548639774322510e-01,6.373190879821777344e-02
-1.054891347885131836e-01,-7.712614536285400391e-02,-4.202362149953842163e-02
6.524363160133361816e-02,8.099997043609619141e-02,2.649218738079071045e-01
1.285361032932996750e-02,-1.044217348098754883e-01,-2.563494741916656494e-01
-5.964569002389907837e-02,-9.356285631656646729e-02,-5.410364866256713867e-01
1.309834606945514679e-02,7.404184341430664062e-02,-5.488180518150329590e-01
-3.787075728178024292e-02,-1.331932544708251953e-01,-4.905789196491241455e-01
6.180193275213241577e-02,-1.663930416107177734e-01,3.213574290275573730e-01
-4.555988311767578125e-02,-1.873746961355209351e-01,1.039202883839607239e-01
-6.410932540893554688e-02,7.912769168615341187e-02,-2.817764282226562500e-01
6.442776322364807129e-02,1.012455224990844727e-01,3.165423572063446045e-01
-3.591369464993476868e-02,-2.141507863998413086e-01,5.973632633686065674e-02
1.184515729546546936e-01,6.901252269744873047e-02,-9.751739352941513062e-02
6.564740836620330811e-02,7.098031044006347656e-02,-2.249856591224670410e-01
-2.335876412689685822e-02,8.352828770875930786e-02,4.056338071823120117e-01
9.651160240173339844e-02,-1.034770756959915161e-01,3.550567626953125000e-01
-7.282507419586181641e-02,7.870610058307647705e-02,-1.881246864795684814e-01
1.193954944610595703e-01,-5.094755068421363831e-02,2.946862578392028809e-01
1.044882163405418396e-01,-2.378839254379272461e-02,-2.236368656158447266e-01
-3.925296291708946228e-02,-7.599604129791259766e-02,-2.609841823577880859e-01
-2.404907159507274628e-02,1.288830041885375977e-01,3.708751201629638672e-01
4.515445232391357422e-02,5.334055796265602112e-02,-2.660009562969207764e-01
-3.931798785924911499e-02,7.332587242126464844e-02,-2.245452851057052612e-01
4.680156707763671875e-04,-1.647983193397521973e-01,1.182617153972387314e-02
-8.434116840362548828e-02,1.304295957088470459e-01,2.834967076778411865e-01
-8.663451671600341797e-02,-5.691077187657356262e-02,-5.234763622283935547e-01
6.513720750808715820e-02,-8.362877368927001953e-02,-2.232388257980346680e-01
4.406112432479858398e-02,-3.793583437800407410e-02,5.231561660766601562e-01
-9.948694705963134766e-02,-7.741648703813552856e-02,1.715597510337829590e-01
5.264854431152343750e-02,5.309899523854255676e-02,2.135076820850372314e-01
-3.304565325379371643e-02,-5.486980825662612915e-02,-5.656610727310180664e-01
5.874542146921157837e-02,2.886645518174191238e-07,4.894576072692871094e-01
3.440332412719726562e-02,1.074838787317276001e-01,3.688094913959503174e-01
7.704019546508789062e-02,-5.231277644634246826e-02,-4.495938122272491455e-01
-3.050243854522705078e-02,-1.347759068012237549e-01,-4.240197539329528809e-01
-9.813247621059417725e-02,3.732630237936973572e-02,5.420230627059936523e-01
8.587598800659179688e-03,1.640109717845916748e-01,6.829986721277236938e-02
1.174470707774162292e-01,-8.284127712249755859e-02,-1.147347986698150635e-01
4.683990497142076492e-03,-3.630853444337844849e-02,5.737873315811157227e-01
1.184484288096427917e-01,-6.905055046081542969e-02,2.944946289062500000e-02
3.605091571807861328e-02,-1.073787584900856018e-01,-2.113000452518463135e-01
-8.597327768802642822e-02,-1.769279241561889648e-01,-7.401610910892486572e-02
7.057373225688934326e-02,1.906565576791763306e-02,-5.167654752731323242e-01
-9.250783920288085938e-02,-6.115698814392089844e-02,-1.895538270473480225e-01
3.014190681278705597e-02,-5.531854182481765747e-02,-5.564674139022827148e-01
5.500487983226776123e-03,-1.277331560850143433e-01,3.827505111694335938e-01
-2.584850788116455078e-02,-1.351516097784042358e-01,-3.662600517272949219e-01
8.484518527984619141e-02,7.701658546466205735e-07,2.092260718345642090e-01
-8.484084904193878174e-02,1.969832181930541992e-01,1.443228125572204590e-01
-6.203338503837585449e-02,1.983764618635177612e-01,1.693743467330932617e-01
5.919658020138740540e-02,-2.310446500778198242e-01,7.541351020336151123e-02
1.294776201248168945e-01,-5.062257125973701477e-02,-2.394439652562141418e-02
-2.038970962166786194e-02,1.823907159268856049e-02,-5.678851604461669922e-01
-9.391355514526367188e-02,3.625202178955078125e-02,4.071530103683471680e-01
8.925262093544006348e-02,7.231004536151885986e-02,-2.051361799240112305e-01
6.161707639694213867e-02,-1.709804534912109375e-01,2.851519584655761719e-01
6.585700064897537231e-02,6.577944755554199219e-02,3.614037930965423584e-01
-4.612213000655174255e-02,-1.848703622817993164e-02,-5.527228116989135742e-01
1.755248941481113434e-02,-7.417622208595275879e-02,5.506309270858764648e-01
-6.422567367553710938e-02,2.635589987039566040e-02,-2.628329396247863770e-01
6.386713683605194092e-02,1.151527166366577148e-01,-1.122381538152694702e-01
1.165388822555541992e-01,-1.021846458315849304e-01,3.139117360115051270e-01
1.754882745444774628e-02,-9.266939759254455566e-02,-5.521116256713867188e-01
-3.672165423631668091e-02,-1.807233095169067383e-01,-9.062591195106506348e-02
-3.803522884845733643e-02,-1.263772249221801758e-01,3.661624193191528320e-01
-2.120300196111202240e-02,9.473400563001632690e-02,-5.265156030654907227e-01
-9.325864911079406738e-02,4.785418510437011719e-02,-1.910925209522247314e-01
6.350338459014892578e-02,-1.056071817874908447e-01,3.814730644226074219e-01
-1.016851663589477539e-01,1.014184951782226562e-01,2.337258905172348022e-01
6.578250974416732788e-02,6.762766838073730469e-02,-3.943707048892974854e-01
1.265631895512342453e-02,-1.289006471633911133e-01,-5.109786987304687500e-01
-3.326477110385894775e-02,5.523375421762466431e-02,-5.581375360488891602e-01
1.080221533775329590e-01,7.375313341617584229e-02,-1.752612590789794922e-01
-3.340484574437141418e-02,-9.237978607416152954e-02,-5.556939840316772461e-01
-3.360152989625930786e-02,-1.114557459950447083e-01,5.505924224853515625e-01
-8.197174221277236938e-02,-3.590644896030426025e-02,5.860821008682250977e-01
-9.944176673889160156e-02,1.292105317115783691e-01,2.443054169416427612e-01
3.690350055694580078e-02,-1.073237285017967224e-01,4.071917533874511719e-01
1.296229101717472076e-02,9.091901779174804688e-02,-2.220590114593505859e-01
4.745177924633026123e-03,-1.839631795883178711e-02,-5.584659576416015625e-01
1.292083319276571274e-02,9.606504440307617188e-02,3.919042944908142090e-01
-6.625723838806152344e-02,-1.318894773721694946e-01,3.242590129375457764e-01
4.912376403808593750e-02,1.065339222550392151e-01,-1.910385042428970337e-01
1.142024993896484375e-04,1.096966117620468140e-01,-2.930657863616943359e-01
-8.565825968980789185e-02,-1.124081984162330627e-01,5.407860279083251953e-01
-6.997161358594894409e-02,-7.219683378934860229e-02,5.812767744064331055e-01
4.594314470887184143e-02,3.955623507499694824e-02,4.728884696960449219e-01
-6.970992684364318848e-02,2.825423734975629486e-07,5.832337141036987305e-01
1.286801043897867203e-02,-1.026225090026855469e-01,-2.204437255859375000e-01
4.353964328765869141e-02,-1.068954840302467346e-01,-2.666757106781005859e-01
-7.319819927215576172e-02,1.313291490077972412e-01,3.417172133922576904e-01
1.232266202569007874e-01,2.423693053424358368e-02,-1.957819461822509766e-01
7.846710085868835449e-02,-2.119808644056320190e-02,-3.844251632690429688e-01
1.101589202880859375e-01,7.580953251817845739e-07,-2.193966656923294067e-01
1.205326542258262634e-01,4.035472869873046875e-02,8.535827696323394775e-02
-1.001983601599931717e-02,-1.859474927186965942e-01,2.652779817581176758e-01
1.223083306103944778e-02,-1.817188262939453125e-01,2.829290628433227539e-01
1.228689551353454590e-01,-2.416655421257019043e-02,-2.001496553421020508e-01
1.189840286970138550e-01,-6.167566776275634766e-02,8.426177501678466797e-02
1.067587286233901978e-01,-7.289043813943862915e-02,-1.930963993072509766e-01
6.950432807207107544e-02,-2.472805976867675781e-02,-2.773147523403167725e-01
-1.155490055680274963e-01,1.516332179307937622e-01,1.362698078155517578e-01
8.435893058776855469e-02,-5.207687616348266602e-02,4.331344366073608398e-01
5.255794525146484375e-02,-1.597473174333572388e-01,2.980834804475307465e-02
7.936882972717285156e-02,-1.045833379030227661e-01,-3.166079521179199219e-01
7.776975631713867188e-02,-1.046865284442901611e-01,2.105798274278640747e-01
1.104507446289062500e-01,5.028478801250457764e-02,1.399910449981689453e-01
6.605041027069091797e-02,8.766563236713409424e-02,3.415306806564331055e-01
9.364485740661621094e-02,-5.177757143974304199e-02,1.901107728481292725e-01
1.258496474474668503e-02,-1.377582550048828125e-01,-7.580138742923736572e-02
-3.923225775361061096e-02,7.685267925262451172e-02,-2.608462572097778320e-01
7.577168941497802734e-02,-1.048154681921005249e-01,1.560378968715667725e-01
-7.352478057146072388e-02,5.691404268145561218e-02,-5.233979225158691406e-01
6.500642001628875732e-02,-8.687889575958251953e-02,-4.857665896415710449e-01
9.588479995727539062e-02,-5.170537531375885010e-02,2.260144054889678955e-01
-1.924252510070800781e-02,-8.129788190126419067e-02,-2.512463331222534180e-01
-8.059430122375488281e-02,-2.609216794371604919e-02,2.280798256397247314e-01
-7.752633094787597656e-02,1.837543398141860962e-01,1.931454390287399292e-01
-8.005666732788085938e-02,-7.835631072521209717e-02,-5.274633765220642090e-01
1.305074896663427353e-02,7.995009422302246094e-02,-2.602810561656951904e-01
2.337193489074707031e-02,1.081957444548606873e-01,-3.082629442214965820e-01
-3.855800628662109375e-02,1.047601699829101562e-01,-1.842712312936782837e-01
-3.745198249816894531e-02,-1.504999399185180664e-01,3.424902260303497314e-01
1.202957481145858765e-01,-4.361426830291748047e-02,1.406616121530532837e-01
-1.028337478637695312e-01,-2.573384158313274384e-02,2.611709535121917725e-01
1.810089126229286194e-02,3.826738148927688599e-02,5.129410028457641602e-01
6.364347040653228760e-02,-1.206960678100585938e-01,-3.446691930294036865e-01
-1.067825555801391602e-01,-2.567021735012531281e-02,3.336209058761596680e-01
3.064758144319057465e-02,2.775666700927104102e-07,5.364757776260375977e-01
6.388540565967559814e-02,-1.146876811981201172e-01,-1.832192987203598022e-01
6.667625904083251953e-02,-5.264684185385704041e-02,-5.115218758583068848e-01
1.081531047821044922e-01,5.130991712212562561e-02,-2.018292248249053955e-01
-9.860706329345703125e-02,-7.745903730392456055e-02,-1.313208043575286865e-01
-3.973031044006347656e-02,-2.675057575106620789e-02,-2.667687833309173584e-01
-9.142826497554779053e-02,-8.028924465179443359e-02,3.963760435581207275e-01
3.362298011779785156e-02,1.075342223048210144e-01,1.600872725248336792e-01
6.588666141033172607e-02,6.504344940185546875e-02,3.997955322265625000e-01
1.165622845292091370e-01,-9.502375125885009766e-02,2.631051540374755859e-01
1.144188642501831055e-01,7.560640256087935995e-07,1.697607338428497314e-01
1.211956366896629333e-01,3.122889995574951172e-02,1.230560243129730225e-01
-3.856616467237472534e-02,-1.044106483459472656e-01,-2.022576928138732910e-01
8.153939247131347656e-02,5.216776207089424133e-02,1.915432661771774292e-01
-1.100119352340698242e-01,-2.561818808317184448e-02,1.881002783775329590e-01
-9.430551528930664062e-02,2.587125450372695923e-02,-2.035058587789535522e-01
1.187851950526237488e-01,6.441628932952880859e-02,-6.136047095060348511e-02
1.191635336726903915e-02,-2.207568883895874023e-01,2.664092928171157837e-02
6.217802688479423523e-02,-1.570605039596557617e-01,3.412173390388488770e-01
-9.699869155883789062e-02,-2.582786232233047485e-02,-2.031643688678741455e-01
6.407336890697479248e-02,1.100395917892456055e-01,-6.612548604607582092e-03
1.741027832031250000e-02,5.520114675164222717e-02,-5.588217973709106445e-01
3.773559629917144775e-02,-1.842421293258666992e-01,2.784429788589477539e-01
6.507949531078338623e-02,8.507287502288818359e-02,1.730429083108901978e-01
7.134366035461425781e-02,5.249640345573425293e-02,-4.903011918067932129e-01
1.275741588324308395e-02,1.163511276245117188e-01,-1.828845143318176270e-01
1.309552509337663651e-02,7.437968254089355469e-02,4.355975389480590820e-01
5.426216125488281250e-02,5.304698273539543152e-02,4.412029981613159180e-01
4.984649643301963806e-02,8.578822016716003418e-02,3.706023693084716797e-01
1.267102546989917755e-02,-1.270753145217895508e-01,-1.816461086273193359e-01
-1.218879222869873047e-01,7.633295655250549316e-02,3.308007717132568359e-01
1.382231712341308594e-03,1.647096723318099976e-01,2.596444785594940186e-01
4.537272453308105469e-02,-2.144478112459182739e-01,3.004791215062141418e-02
5.908608436584472656e-02,5.289149656891822815e-02,-2.824581861495971680e-01
-3.797679021954536438e-02,-1.287949085235595703e-01,-5.111459493637084961e-01
-9.200413525104522705e-02,-7.008767127990722656e-02,2.669152915477752686e-01
6.610275804996490479e-02,-5.967366695404052734e-02,-2.637438774108886719e-01
-6.184041500091552734e-02,-1.322460323572158813e-01,2.500448524951934814e-01
2.070220932364463806e-02,1.311168670654296875e-01,3.478364944458007812e-01
3.324544429779052734e-02,-1.075597926974296570e-01,4.277551174163818359e-01
1.181761547923088074e-01,-7.280230522155761719e-02,-1.701049804687500000e-01
-9.341914951801300049e-02,-4.501223564147949219e-02,3.470617532730102539e-01
-3.860339894890785217e-02,-1.028901338577270508e-01,-2.748556435108184814e-01
-1.010440587997436523e-01,1.810908019542694092e-01,4.682220518589019775e-02
-1.030827760696411133e-01,1.289166063070297241e-01,-9.553924202919006348e-02
7.541608810424804688e-02,7.746619985482539050e-07,2.287792861461639404e-01
-6.242072582244873047e-02,-1.854651272296905518e-01,2.968017570674419403e-02
-4.614591598510742188e-04,1.648884415626525879e-01,4.971038550138473511e-02
1.959240436553955078e-02,1.084396541118621826e-01,-3.867947161197662354e-01
-1.190526485443115234e-01,2.547252550721168518e-02,3.493844568729400635e-01
8.054962009191513062e-02,-1.303649693727493286e-01,3.555980920791625977e-01
-8.699060976505279541e-02,1.588985919952392578e-01,2.348406910896301270e-01
1.232245378196239471e-02,-1.703454256057739258e-01,3.380160331726074219e-01
-2.517390251159667969e-02,-1.896835416555404663e-01,2.183428853750228882e-01
-8.494300395250320435e-02,1.951799392700195312e-01,4.385528340935707092e-02
6.574797630310058594e-02,-1.054623275995254517e-01,-4.145825207233428955e-01
-5.323958396911621094e-02,7.965345680713653564e-02,-2.089273035526275635e-01
2.613520622253417969e-02,1.080174297094345093e-01,-3.463442921638488770e-01
1.023741960525512695e-01,7.618073709636519197e-07,4.091625809669494629e-01
-6.924033164978027344e-02,7.887949794530868530e-02,-4.912533462047576904e-01
6.953835487365722656e-02,7.774647201586049050e-07,-5.103601217269897461e-01
-7.020926475524902344e-02,-7.883262634277343750e-02,2.297811806201934814e-01
7.991492748260498047e-02,-5.222012475132942200e-02,-4.295165836811065674e-01
-3.678616508841514587e-02,1.780654191970825195e-01,2.741699106991291046e-02
-9.179363399744033813e-02,7.380938529968261719e-02,-1.515982002019882202e-01
1.064072847366333008e-01,-1.028384938836097717e-01,2.429577559232711792e-01
6.422282755374908447e-02,1.063263416290283203e-01,6.410460919141769409e-02
7.270181179046630859e-02,-1.050135567784309387e-01,-3.745700120925903320e-01
5.307507514953613281e-02,1.062789708375930786e-01,1.397808790206909180e-01
-1.169791221618652344e-01,2.550593018531799316e-02,1.695083528757095337e-01
1.286287978291511536e-02,1.032711267471313477e-01,-4.998174905776977539e-01
-9.778690338134765625e-02,1.814596652984619141e-01,1.545855700969696045e-01
6.615354120731353760e-02,5.842089653015136719e-02,2.499569654464721680e-01
5.405843257904052734e-02,7.848461223147751298e-07,-2.831765711307525635e-01
-1.123584508895874023e-01,7.679387927055358887e-02,2.598831057548522949e-01
-1.144897937774658203e-01,1.279957145452499390e-01,2.864684909582138062e-02
-3.764716908335685730e-02,1.424245834350585938e-01,3.442752063274383545e-01
-7.225596904754638672e-02,7.873363047838211060e-02,-4.512118399143218994e-01
6.586234271526336670e-02,6.564688682556152344e-02,-4.528820812702178955e-01
9.776067733764648438e-02,-1.033964678645133972e-01,-1.494381725788116455e-01
-1.117577552795410156e-01,2.559006214141845703e-02,-1.656182855367660522e-01
-1.285957098007202148e-01,-2.531876415014266968e-02,1.506695449352264404e-01
-8.290731906890869141e-02,-7.821842283010482788e-02,-1.869592219591140747e-01
1.267142295837402344e-01,5.071164667606353760e-02,-1.641223132610321045e-01
8.556807041168212891e-02,-5.203790217638015747e-02,-3.899224698543548584e-01
-3.812804445624351501e-02,-1.225486993789672852e-01,-1.645196527242660522e-01
-3.864384070038795471e-02,1.012089252471923828e-01,-4.812011718750000000e-01
5.693938955664634705e-02,5.669749528169631958e-02,-5.278940200805664062e-01
1.007498502731323242e-01,7.625819193890492897e-07,3.163836598396301270e-01
-1.139200925827026367e-01,-2.555521950125694275e-02,-1.653927564620971680e-01
-9.996414184570312500e-03,-1.658130288124084473e-01,-4.522582888603210449e-02
-6.952381134033203125e-02,-7.886578142642974854e-02,3.607046306133270264e-01
-9.371547400951385498e-02,-3.977012634277343750e-02,3.674420118331909180e-01
1.283930055797100067e-02,1.061983108520507812e-01,-4.603771865367889404e-01
-1.050354242324829102e-01,2.569837309420108795e-02,2.426937818527221680e-01
9.110009670257568359e-02,-5.185959115624427795e-02,-3.510257005691528320e-01
5.686056613922119141e-02,7.835099609110329766e-07,-5.343914628028869629e-01
-3.690252825617790222e-02,-1.732321977615356445e-01,2.150674462318420410e-01
-9.307503700256347656e-02,7.772662490606307983e-02,1.542352288961410522e-01
-9.070575237274169922e-02,2.592925168573856354e-02,-4.842837452888488770e-01
8.143103122711181641e-02,5.217125266790390015e-02,3.956725895404815674e-01
-7.501614093780517578e-02,7.860013097524642944e-02,-4.118566811084747314e-01
-3.856166824698448181e-02,1.045967340469360352e-01,-2.928057909011840820e-01
-6.494934111833572388e-02,1.300327032804489136e-01,-8.928418159484863281e-02
-2.433800697326660156e-02,-1.672036498785018921e-01,-8.405608683824539185e-02
-3.929042816162109375e-02,7.444608211517333984e-02,4.164370596408843994e-01
1.262157782912254333e-02,-1.332252025604248047e-01,-4.904415905475616455e-01
-9.503757953643798828e-02,1.295660883188247681e-01,2.632653713226318359e-01
1.097249984741210938e-02,1.637797355651855469e-01,2.198217660188674927e-01
4.090523719787597656e-02,1.070642918348312378e-01,2.529443204402923584e-01
1.249463558197021484e-01,5.076862871646881104e-02,-4.148376360535621643e-02
-3.528738021850585938e-02,-1.885381042957305908e-01,1.793722510337829590e-01
5.491816997528076172e-02,-1.061611995100975037e-01,-4.761624038219451904e-01
-3.857604414224624634e-02,1.040018796920776367e-01,-4.420245289802551270e-01
6.580846756696701050e-02,6.698358058929443359e-02,-4.137448072433471680e-01
1.271450892090797424e-02,-1.216772794723510742e-01,-2.715518176555633545e-01
-3.981912136077880859e-02,-1.880248785018920898e-01,4.861511290073394775e-02
7.881724834442138672e-02,-1.572010517120361328e-01,2.663070559501647949e-01
-9.072509407997131348e-02,-9.274649620056152344e-02,4.122836291790008545e-01
7.301628589630126953e-02,7.758063134133408312e-07,-4.699462652206420898e-01
1.282991934567689896e-02,1.073507070541381836e-01,-4.409823417663574219e-01
-3.851008415222167969e-02,1.067427396774291992e-01,-4.034619033336639404e-01
-5.427193641662597656e-02,-2.651628479361534119e-02,-2.831765711307525635e-01
-3.708926588296890259e-02,-1.655334234237670898e-01,3.036560118198394775e-01
1.208396628499031067e-01,3.613042831420898438e-02,1.041223108768463135e-01
5.826532840728759766e-02,-2.127764821052551270e-01,1.587087959051132202e-01
6.881189346313476562e-02,-2.114095985889434814e-01,1.209719851613044739e-01
-9.141635894775390625e-02,2.591780200600624084e-02,-4.454376101493835449e-01
-7.756769657135009766e-02,7.847669720649719238e-02,-3.731103539466857910e-01
-8.308064937591552734e-02,-7.821004092693328857e-02,1.914852857589721680e-01
7.157909870147705078e-02,7.764916176711267326e-07,-4.315020740032196045e-01
-6.656670570373535156e-02,-7.900881767272949219e-02,-3.000482022762298584e-01
6.850075721740722656e-02,7.779594852763693780e-07,-3.557714819908142090e-01
-2.245843410491943359e-02,-1.354252845048904419e-01,-3.281097412109375000e-01
7.479107379913330078e-02,-1.575914323329925537e-01,6.562652438879013062e-02
2.631072886288166046e-02,-1.943093687295913696e-01,1.564753055572509766e-02
-4.233360290527343750e-02,-1.338208019733428955e-01,2.154315114021301270e-01
-4.162859916687011719e-02,-1.878199279308319092e-01,1.413580328226089478e-01
-8.893639594316482544e-02,1.244226694107055664e-01,3.304092288017272949e-01
-8.672135323286056519e-02,1.636686325073242188e-01,1.065734867006540298e-02
-7.862758636474609375e-02,2.612386457622051239e-02,-2.789858877658843994e-01
-9.243578463792800903e-02,-6.244039535522460938e-02,-4.541244506835937500e-01
1.259973831474781036e-02,-1.359244585037231445e-01,-4.517904520034790039e-01
-9.232790023088455200e-02,-6.435191631317138672e-02,3.810894787311553955e-01
-9.371638298034667969e-02,-2.588074840605258942e-02,2.444161921739578247e-01
1.340208053588867188e-01,7.467170917152543552e-07,-1.808383166790008545e-01
-3.691776841878890991e-02,1.726207733154296875e-01,2.672152519226074219e-01
-1.091796159744262695e-01,-7.694765925407409668e-02,1.526895165443420410e-01
6.573262810707092285e-02,6.886577606201171875e-02,-3.559805154800415039e-01
1.207080204039812088e-02,-2.015841007232666016e-01,2.449993789196014404e-01
7.123899459838867188e-02,1.051068082451820374e-01,1.130401622503995895e-02
-1.153826713562011719e-03,-1.649555712938308716e-01,-7.102660834789276123e-03
7.083547115325927734e-02,7.768462069179804530e-07,-4.124340713024139404e-01
-9.204554557800292969e-02,2.590766362845897675e-02,-4.071176052093505859e-01
-3.847758471965789795e-02,1.080951690673828125e-01,-3.843945264816284180e-01
-9.349244087934494019e-02,4.371392726898193359e-02,4.248611330986022949e-01
-9.279835224151611328e-02,-7.773999869823455811e-02,-4.841564893722534180e-01
1.258128136396408081e-02,-1.381812095642089844e-01,-4.138674736022949219e-01
9.930932521820068359e-02,-5.159497633576393127e-02,3.913021683692932129e-01
-9.166812896728515625e-02,-2.591374889016151428e-02,-4.839941263198852539e-01
5.264294147491455078e-02,1.063068583607673645e-01,2.699035704135894775e-01
8.358836174011230469e-02,5.210171639919281006e-02,3.199447691440582275e-01
1.189639568328857422e-01,-1.020281761884689331e-01,2.952264249324798584e-01
6.992149353027343750e-02,7.772820254103862680e-07,-3.177926540374755859e-01
-7.178246974945068359e-02,-1.314434260129928589e-01,3.043926954269409180e-01
6.929647922515869141e-02,7.775800554554734845e-07,-3.745745718479156494e-01
-1.107412576675415039e-01,1.799925565719604492e-01,1.176321357488632202e-01
-9.115654975175857544e-02,-8.510291576385498047e-02,-1.505453437566757202e-01
2.680194377899169922e-02,1.079744026064872742e-01,1.983303725719451904e-01
-1.031208038330078125e-01,1.289135366678237915e-01,2.256094366312026978e-01
