1.298987027257680893e-02,-8.749508857727050781e-02,-2.774328589439392090e-01
4.522857721894979477e-03,7.008434832096099854e-02,6.139904260635375977e-01
-2.016812115907669067e-01,1.002615839242935181e-01,1.463274955749511719e-01
2.086883783340454102e-01,-4.806937649846076965e-02,1.097381561994552612e-01
-5.871551483869552612e-02,9.210451692342758179e-02,-5.591003894805908203e-01
-3.781151026487350464e-02,-1.356252431869506836e-01,3.457781970500946045e-01
-1.965223848819732666e-01,8.149099349975585938e-02,-1.517486572265625000e-01
-8.821839094161987305e-02,-1.371543407440185547e-01,1.084136962890625000e-02
6.348130106925964355e-02,1.247316598892211914e-01,2.937771677970886230e-01
3.236079216003417969e-02,1.076156795024871826e-01,-6.944580003619194031e-03
-1.437188386917114258e-01,7.527698576450347900e-02,3.806927502155303955e-01
6.483215093612670898e-02,-9.119868278503417969e-02,-5.039892196655273438e-01
-3.820328786969184875e-02,1.194238662719726562e-01,-3.264581263065338135e-01
1.125713586807250977e-01,-1.024406999349594116e-01,-7.718108594417572021e-02
1.580252647399902344e-01,-4.970238730311393738e-02,3.230160474777221680e-01
-1.466155946254730225e-01,-1.230593919754028320e-01,-1.756531000137329102e-01
-1.645151376724243164e-01,-7.427106797695159912e-02,2.164849787950515747e-01
-1.170269250869750977e-01,-2.550516091287136078e-02,-4.195138514041900635e-01
1.264201011508703232e-02,-1.306771039962768555e-01,1.680255085229873657e-01
9.202909469604492188e-02,5.182965099811553955e-02,-1.857839971780776978e-01
4.509918019175529480e-02,-7.761888206005096436e-02,4.972385168075561523e-01
1.222053244709968567e-01,1.732349395751953125e-02,-3.678979277610778809e-01
-1.366991698741912842e-01,1.613113880157470703e-01,-6.419372279196977615e-03
-3.797739744186401367e-02,1.287618875503540039e-01,1.506777852773666382e-01
2.979469299316406250e-02,1.619546115398406982e-01,4.496290385723114014e-01
-2.017287015914916992e-01,-2.414043061435222626e-02,-2.283386141061782837e-02
-1.168641671538352966e-01,-3.927116468548774719e-02,4.816813468933105469e-01
-3.817095607519149780e-02,1.207616329193115234e-01,-1.470300257205963135e-01
8.436889201402664185e-02,5.760370567440986633e-02,-5.091272592544555664e-01
1.765545606613159180e-01,2.019405364990234375e-02,-2.573821879923343658e-02
1.102893352508544922e-01,5.124105885624885559e-02,1.524841338396072388e-01
-1.396938562393188477e-01,2.513994835317134857e-02,-2.863177359104156494e-01
-1.747062653303146362e-01,-8.685270696878433228e-02,3.541371822357177734e-01
1.016721725463867188e-01,5.151881650090217590e-02,4.284927248954772949e-01
6.365666538476943970e-02,-1.203635931015014648e-01,4.599975422024726868e-02
-3.781101852655410767e-02,-1.356532573699951172e-01,-1.107287555932998657e-01
-8.906575292348861694e-02,1.221344470977783203e-01,2.764065563678741455e-01
-2.010295391082763672e-01,4.437112808227539062e-02,2.726837098598480225e-01
-6.022857502102851868e-02,1.509098708629608154e-01,5.356115102767944336e-01
-1.636129617691040039e-01,-2.475455403327941895e-02,9.590453654527664185e-02
-8.933663368225097656e-02,1.173355579376220703e-01,-4.389010667800903320e-01
9.521758556365966797e-02,1.121959686279296875e-01,5.429588556289672852e-01
-7.831115275621414185e-03,-1.821457408368587494e-02,-5.700360536575317383e-01
1.142829284071922302e-01,-1.264089345932006836e-01,2.400408834218978882e-01
1.735824793577194214e-01,4.847180843353271484e-02,2.526519596576690674e-01
6.465378403663635254e-02,-9.562492370605468750e-02,-3.876067996025085449e-01
-2.122512757778167725e-01,-2.428139373660087585e-02,-1.929889917373657227e-01
6.422632932662963867e-02,-1.062320470809936523e-01,3.897235095500946045e-01
5.469441413879394531e-02,-1.061756387352943420e-01,-1.719030737876892090e-01
-9.684371948242187500e-02,3.683605045080184937e-02,5.572321414947509766e-01
-8.929127454757690430e-02,-1.181474924087524414e-01,1.341924965381622314e-01
-3.871189802885055542e-02,9.838140010833740234e-02,3.726767003536224365e-01
6.541864573955535889e-02,7.665705680847167969e-02,-2.980880737304687500e-01
-9.058593213558197021e-02,-7.012075930833816528e-02,-2.503708600997924805e-01
-1.962000131607055664e-01,7.273848354816436768e-02,4.380706697702407837e-02
-3.231251239776611328e-02,-8.066568523645401001e-02,-4.622842371463775635e-01
8.064971864223480225e-02,2.717318636769050499e-07,5.603405237197875977e-01
-1.269751787185668945e-01,2.534487470984458923e-02,-5.116546750068664551e-01
1.674830913543701172e-02,1.086231842637062073e-01,-4.469592273235321045e-01
-4.944839328527450562e-02,-1.187435910105705261e-01,4.754397869110107422e-01
1.777460575103759766e-01,-4.906674101948738098e-02,2.144802808761596680e-01
1.132987737655639648e-01,-5.114406347274780273e-02,-2.912747263908386230e-01
-8.830367773771286011e-02,-1.356436014175415039e-01,2.561798095703125000e-01
-2.046051062643527985e-02,-3.660126775503158569e-02,5.646687746047973633e-01
1.148611828684806824e-01,-1.184444427490234375e-01,1.343069374561309814e-01
9.719216823577880859e-02,5.166322737932205200e-02,4.666107147932052612e-02
-1.465771198272705078e-01,-1.254053860902786255e-01,-7.561615109443664551e-02
-3.950577229261398315e-02,-6.554865837097167969e-02,-3.565194606781005859e-01
-3.940337151288986206e-02,6.978523731231689453e-02,-2.434774786233901978e-01
1.357184648513793945e-01,7.459075845872575883e-07,-1.106918305158615112e-01
-1.884402036666870117e-01,7.311382889747619629e-02,-5.662475526332855225e-02
6.550341099500656128e-02,7.455360889434814453e-02,-9.700957685708999634e-02
-1.376446783542633057e-01,1.506687402725219727e-01,9.708068519830703735e-02
-1.218788623809814453e-01,1.273992359638214111e-01,-9.441467374563217163e-02
1.414019763469696045e-01,4.369093850255012512e-02,3.445345163345336914e-01
-3.784745931625366211e-02,1.341649293899536133e-01,4.557434096932411194e-02
1.621652245521545410e-01,-8.417698740959167480e-02,4.024624824523925781e-02
-1.327297687530517578e-01,7.580852508544921875e-02,-3.604247868061065674e-01
8.081939816474914551e-02,-1.839985884726047516e-02,-5.580621957778930664e-01
6.374711543321609497e-02,1.181354522705078125e-01,2.050799578428268433e-01
-3.794324398040771484e-02,1.301827430725097656e-01,-5.875549092888832092e-02
-2.106300592422485352e-01,-7.204050570726394653e-02,-1.055139154195785522e-01
1.257888972759246826e-02,-1.385240554809570312e-01,2.731097340583801270e-01
-1.405398249626159668e-01,1.180824041366577148e-01,2.057275325059890747e-01
1.271126139909029007e-02,-1.220804452896118164e-01,-4.153930395841598511e-02
1.729812659323215485e-02,1.459033340215682983e-01,5.742474794387817383e-01
-1.857167035341262817e-01,3.542264153111318592e-07,3.812379837036132812e-01
1.198396682739257812e-01,7.534791848229360767e-07,-4.564214944839477539e-01
6.408375501632690430e-02,1.097818613052368164e-01,9.933227300643920898e-02
1.768860518932342529e-01,1.704037189483642578e-02,6.801391392946243286e-02
-1.978259086608886719e-01,2.420331723988056183e-02,1.777117848396301270e-01
-1.440457552671432495e-01,7.861936092376708984e-02,-2.246304303407669067e-01
-3.843363374471664429e-02,-1.098936796188354492e-01,-2.015628069639205933e-01
6.539209187030792236e-02,7.731580734252929688e-02,-3.920300304889678955e-01
1.783203147351741791e-02,9.416577219963073730e-02,-5.335761308670043945e-01
-6.925559043884277344e-02,1.316474229097366333e-01,4.383779764175415039e-01
-2.135906219482421875e-01,-2.394930832087993622e-02,3.112551867961883545e-01
-1.673073768615722656e-01,-7.413600385189056396e-02,2.763488702476024628e-02
1.023256778717041016e-01,-5.149775743484497070e-02,-2.025680541992187500e-01
-3.766490519046783447e-02,-1.416984796524047852e-01,7.995879650115966797e-02
-2.246500253677368164e-01,2.377111837267875671e-02,-1.044122278690338135e-01
-1.293762922286987305e-01,-2.530618384480476379e-02,-3.425411880016326904e-01
-8.854032307863235474e-02,-1.314512491226196289e-01,4.023553431034088135e-01
5.685126781463623047e-02,1.060352623462677002e-01,4.023077189922332764e-01
-3.788846358656883240e-02,1.324607133865356445e-01,-4.908080995082855225e-01
1.578806638717651367e-01,-4.970705881714820862e-02,-4.061645269393920898e-02
-3.835752978920936584e-02,1.130346059799194336e-01,2.235470563173294067e-01
-1.406518220901489258e-01,-2.512451261281967163e-02,1.669735610485076904e-01
8.968579769134521484e-02,-5.190517753362655640e-02,4.317062199115753174e-01
-1.329030990600585938e-01,-7.580014318227767944e-02,4.203930497169494629e-01
1.146744713187217712e-01,-1.210178136825561523e-01,-6.578979548066854477e-03
1.299038622528314590e-02,8.743131160736083984e-02,-1.862243562936782837e-01
-7.057403773069381714e-02,1.821634359657764435e-02,-5.694468021392822266e-01
1.778516173362731934e-01,7.857441902160644531e-03,1.441100984811782837e-01
1.150252819061279297e-01,5.108841881155967712e-02,-4.174529761075973511e-02
1.321268081665039062e-01,1.011775955557823181e-01,2.747897207736968994e-01
-1.159603819251060486e-01,-1.321385949850082397e-01,3.373049497604370117e-01
-1.087582111358642578e-02,-8.170257508754730225e-02,-5.293408036231994629e-01
-1.575265526771545410e-01,-7.108400017023086548e-02,-2.304340600967407227e-01
1.158863008022308350e-01,-1.043317317962646484e-01,3.165063261985778809e-01
1.159783601760864258e-01,-5.105768516659736633e-02,-3.640408217906951904e-01
1.255470328032970428e-02,-1.415147781372070312e-01,4.176083207130432129e-01
-1.405112445354461670e-01,1.184039115905761719e-01,-1.655532866716384888e-01
-9.411263465881347656e-02,-3.273379802703857422e-02,-5.024627447128295898e-01
-2.029111385345458984e-01,-2.412137761712074280e-02,2.448062151670455933e-01
-1.413798630237579346e-01,1.086268424987792969e-01,3.160653710365295410e-01
-9.040117263793945312e-02,9.847807884216308594e-02,-2.759729027748107910e-01
1.184750348329544067e-01,-6.868696212768554688e-02,-1.339700222015380859e-01
-5.741165205836296082e-02,1.080198958516120911e-01,5.860390663146972656e-01
1.682969778776168823e-01,-9.875988960266113281e-02,1.723815947771072388e-01
-3.804733604192733765e-02,1.258878707885742188e-01,-3.986135721206665039e-01
8.880531787872314453e-02,7.682775162720645312e-07,-2.405664026737213135e-01
-1.842573881149291992e-01,2.442192472517490387e-02,-2.263439893722534180e-01
-1.309523582458496094e-01,2.528079412877559662e-02,4.204794168472290039e-01
-3.829714655876159668e-02,-1.155524253845214844e-01,2.053082287311553955e-01
6.607696413993835449e-02,7.135562598705291748e-02,5.942771434783935547e-01
1.277891453355550766e-02,1.136821508407592773e-01,3.321435451507568359e-01
-8.624067157506942749e-02,1.721826791763305664e-01,-5.725799500942230225e-02
1.674176752567291260e-01,-1.071294546127319336e-01,9.996490180492401123e-02
9.325647354125976562e-02,7.661550398552208208e-07,3.925777971744537354e-01
-8.793883770704269409e-02,-1.421068906784057617e-01,-5.838500708341598511e-02
6.462229788303375244e-02,-9.640181064605712891e-02,-3.128839135169982910e-01
-1.256810426712036133e-01,7.614947110414505005e-02,-4.742510914802551270e-01
-8.944500982761383057e-02,1.154154539108276367e-01,1.167266815900802612e-01
1.266331598162651062e-02,1.280319690704345703e-01,2.570254504680633545e-01
-3.979153558611869812e-02,-5.373418331146240234e-02,-2.833151221275329590e-01
-8.965172618627548218e-02,1.117548942565917969e-01,-2.015884369611740112e-01
1.289835758507251740e-02,-9.885525703430175781e-02,-3.491638004779815674e-01
1.288603898137807846e-02,-1.003491878509521484e-01,-4.238924980163574219e-01
6.349409371614456177e-02,-1.244025230407714844e-01,2.042675763368606567e-01
-8.810202032327651978e-02,-1.392159461975097656e-01,-1.629928499460220337e-01
2.911209128797054291e-02,2.636600697769608814e-07,5.947707891464233398e-01
-1.959555894136428833e-01,-8.615565299987792969e-02,-1.695019453763961792e-01
1.289665419608354568e-02,9.907877445220947266e-02,-3.677456676959991455e-01
-1.972859352827072144e-01,7.520353794097900391e-02,2.120208740234375000e-01
6.380487233400344849e-02,-1.166858673095703125e-01,-1.121295168995857239e-01
-1.412056684494018555e-01,2.511558495461940765e-02,-3.946706950664520264e-01
-1.437022238969802856e-01,-8.249402046203613281e-02,8.329925686120986938e-02
-4.412841796875000000e-02,3.537161648273468018e-02,6.027474403381347656e-01
1.216233819723129272e-01,2.533638477325439453e-02,-3.080718815326690674e-01
-1.907056421041488647e-01,1.293971538543701172e-01,6.358886510133743286e-02
-7.831115275621414185e-03,5.462763085961341858e-02,-5.707737207412719727e-01
-1.976115703582763672e-01,-7.267020642757415771e-02,2.802856266498565674e-01
-4.762161150574684143e-02,-7.630331814289093018e-02,5.176427364349365234e-01
1.284890156239271164e-02,1.049942970275878906e-01,-7.739105075597763062e-02
-1.408440321683883667e-01,-1.146651506423950195e-01,-6.614074576646089554e-03
-1.892729997634887695e-01,2.434111572802066803e-02,1.046447735279798508e-02
-9.070742130279541016e-02,-9.305250644683837891e-02,1.903845220804214478e-01
-8.944924175739288330e-02,1.153403520584106445e-01,-3.645776212215423584e-01
-2.017228007316589355e-01,3.866279125213623047e-02,3.310806155204772949e-01
1.262851245701313019e-02,1.323527097702026367e-01,1.152990683913230896e-01
1.070982217788696289e-01,-5.134392529726028442e-02,-4.988625943660736084e-01
6.547126919031143188e-02,7.535123825073242188e-02,-4.501931667327880859e-01
1.773165911436080933e-01,3.336034808398835594e-07,3.007971048355102539e-01
-2.283622026443481445e-01,-2.371130883693695068e-02,-1.369900554418563843e-01
7.315301895141601562e-02,5.243808031082153320e-02,3.786331117153167725e-01
-8.958943933248519897e-02,1.128566265106201172e-01,3.512664735317230225e-01
-1.882866621017456055e-01,2.435700781643390656e-02,1.111959815025329590e-01
1.124863624572753906e-01,-5.117025226354598999e-02,-4.208810329437255859e-01
1.320236455649137497e-02,6.112921237945556641e-02,-2.633047401905059814e-01
-1.415892839431762695e-01,-1.258080452680587769e-01,2.734515368938446045e-01
-3.766965121030807495e-02,-1.415135860443115234e-01,-2.375549264252185822e-02
1.160886287689208984e-01,7.552678198408102617e-07,-1.829089373350143433e-01
-1.084620952606201172e-01,7.698234915733337402e-02,4.269497692584991455e-01
8.589202910661697388e-02,-3.910401836037635803e-02,4.868576526641845703e-01
6.345941871404647827e-02,-1.252628564834594727e-01,3.117870986461639404e-01
6.613439321517944336e-02,-5.888867378234863281e-02,-2.452322393655776978e-01
-1.293798685073852539e-01,7.597056031227111816e-02,-4.166726469993591309e-01
-1.350986957550048828e-01,2.521398477256298065e-02,-4.520730376243591309e-01
1.023530960083007812e-01,-5.149687081575393677e-02,3.718371391296386719e-01
6.469826400279998779e-02,-9.452116489410400391e-02,-4.448809623718261719e-01
1.158675774931907654e-01,-1.045894622802734375e-01,6.429138034582138062e-02
1.289905514568090439e-02,-9.876883029937744141e-02,-2.209756374359130859e-01
-1.389986127614974976e-01,1.354302167892456055e-01,1.505853235721588135e-01
-3.810885548591613770e-02,1.233506202697753906e-01,3.120037913322448730e-01
1.168803498148918152e-01,9.064447879791259766e-02,1.908682137727737427e-01
-1.260917186737060547e-01,-7.612961530685424805e-02,1.510662734508514404e-01
1.262799277901649475e-02,-1.324172019958496094e-01,2.823181077837944031e-02
-9.019733965396881104e-02,1.020873785018920898e-01,1.893142610788345337e-01
1.727941334247589111e-01,-5.597615242004394531e-02,2.702789306640625000e-01
1.581368446350097656e-01,4.969879984855651855e-02,1.998358070850372314e-01
-8.971635252237319946e-02,1.106170415878295898e-01,-5.177313089370727539e-01
1.019569635391235352e-01,5.150964483618736267e-02,-1.309606879949569702e-01
4.225555434823036194e-02,1.819325238466262817e-02,-5.709229707717895508e-01
5.127105396240949631e-03,-1.190637946128845215e-01,4.721531867980957031e-01
-9.291326254606246948e-02,-5.398166179656982422e-02,-3.024874925613403320e-01
1.297371275722980499e-02,8.950078487396240234e-02,-3.139855861663818359e-01
-9.020209312438964844e-02,-1.299564540386199951e-01,6.491119414567947388e-02
1.119945049285888672e-01,7.572200502181658521e-07,-5.164605379104614258e-01
-1.323456764221191406e-01,7.582710683345794678e-02,-3.059799075126647949e-01
6.463942676782608032e-02,9.598875045776367188e-02,4.670959338545799255e-02
1.297328434884548187e-02,8.955407142639160156e-02,-1.319128423929214478e-01
-8.882321417331695557e-02,1.264327764511108398e-01,2.838378772139549255e-02
6.320706009864807129e-02,-1.315249204635620117e-01,-2.391998283565044403e-02
-1.417858898639678955e-01,1.040554046630859375e-01,2.619650065898895264e-01
6.371394544839859009e-02,-1.189469099044799805e-01,1.163757294416427612e-01
1.270230580121278763e-02,1.231921911239624023e-01,1.688269078731536865e-01
6.572744250297546387e-02,6.898951530456542969e-02,-2.487365715205669403e-02
1.276360079646110535e-02,-1.155833005905151367e-01,-1.297811865806579590e-01
1.257085334509611130e-02,-1.395102739334106445e-01,1.147726401686668396e-01
-1.802037954330444336e-01,-2.448724396526813507e-02,4.422729462385177612e-02
1.765164732933044434e-01,-2.055621147155761719e-02,-8.193450421094894409e-02
-3.779945150017738342e-02,-1.361242532730102539e-01,1.499719172716140747e-01
1.267563179135322571e-02,-1.265032291412353516e-01,3.294592201709747314e-01
1.937093734741210938e-01,-4.855219647288322449e-02,1.613549739122390747e-01
-1.389499008655548096e-01,1.359773874282836914e-01,4.568755999207496643e-02
-2.197686433792114258e-01,2.384977042675018311e-02,-1.709582507610321045e-01
6.421242654323577881e-02,1.065841913223266602e-01,1.528842151165008545e-01
1.128422021865844727e-01,5.115877464413642883e-02,9.911224246025085449e-02
4.295623674988746643e-02,-3.698442503809928894e-02,5.526710748672485352e-01
-2.370190620422363281e-02,1.353249102830886841e-01,4.109045267105102539e-01
-3.768795356154441833e-02,-1.407564878463745117e-01,2.906374931335449219e-01
-3.748993948101997375e-02,-1.489374637603759766e-01,3.973535001277923584e-01
4.259033128619194031e-02,-5.499276518821716309e-02,-5.630899667739868164e-01
-1.897817850112915039e-01,-7.304894179105758667e-02,-3.980194032192230225e-02
1.287822332233190536e-02,-1.013191938400268555e-01,-4.810430705547332764e-01
-9.310077130794525146e-02,-5.065250396728515625e-02,-3.794604539871215820e-01
5.457007884979248047e-02,-1.061836630105972290e-01,4.418084621429443359e-01
6.302389502525329590e-02,-1.360749006271362305e-01,2.559097111225128174e-01
1.144595816731452942e-01,-1.239767074584960938e-01,1.869149804115295410e-01
-1.469676494598388672e-01,2.502274699509143829e-02,-3.387045264244079590e-01
-1.720991134643554688e-01,7.390424609184265137e-02,-6.356811150908470154e-03
1.265232730656862259e-02,-1.293960809707641602e-01,2.211849987506866455e-01
1.266241911798715591e-02,1.281436681747436523e-01,6.317779421806335449e-02
-3.786503523588180542e-02,1.334104537963867188e-01,9.780547767877578735e-02
-3.787282481789588928e-02,1.330962181091308594e-01,-6.513366475701332092e-03
-1.730533838272094727e-01,2.460245043039321899e-02,6.137878447771072388e-02
1.455937623977661133e-01,-1.003096774220466614e-01,2.724294960498809814e-01
-2.131551504135131836e-01,7.191837579011917114e-02,9.290832281112670898e-02
1.812599897384643555e-01,7.241916932798631024e-07,2.310650646686553955e-01
-1.625205278396606445e-01,-1.241182908415794373e-01,-1.263418495655059814e-01
-8.657760173082351685e-02,-3.792399168014526367e-02,5.234922170639038086e-01
-2.174869775772094727e-01,-2.388652972877025604e-02,-7.193999737501144409e-02
-8.852764964103698730e-02,1.316686868667602539e-01,-1.462042182683944702e-01
-1.415976285934448242e-01,-2.510927431285381317e-02,4.176266491413116455e-01
-1.553149372339248657e-01,-2.337019704282283783e-02,-2.495508193969726562e-01
-3.764562681317329407e-02,-1.425074338912963867e-01,2.805755473673343658e-02
-3.938870877027511597e-02,-7.039189338684082031e-02,-4.126669168472290039e-01
-2.051441669464111328e-01,2.408539876341819763e-02,-3.935638442635536194e-02
1.740822345018386841e-01,-4.372036457061767578e-02,1.153442356735467911e-02
-1.364573389291763306e-01,1.640346050262451172e-01,-5.769805610179901123e-02
-8.785486966371536255e-02,-1.435875892639160156e-01,-1.103100553154945374e-01
1.079380810260772705e-01,3.736053407192230225e-02,5.409466028213500977e-01
2.021999359130859375e-01,-4.827851802110671997e-02,6.023071333765983582e-02
-3.871777281165122986e-02,9.813809394836425781e-02,-2.030529677867889404e-01
-8.981546014547348022e-02,-1.088609695434570312e-01,-2.199252247810363770e-01
9.961688518524169922e-02,5.158507078886032104e-02,-4.242931902408599854e-01
6.624938547611236572e-02,5.604243278503417969e-02,-2.270489484071731567e-01
-1.989371776580810547e-01,2.418541163206100464e-02,2.284054458141326904e-01
-8.919586241245269775e-02,-7.810110598802566528e-02,4.897625446319580078e-01
6.546033918857574463e-02,7.562220096588134766e-02,-1.513110250234603882e-01
1.406186819076538086e-01,-5.026346445083618164e-02,-9.303954988718032837e-02
-9.701690822839736938e-02,5.534027516841888428e-02,-5.559214353561401367e-01
4.903869703412055969e-03,-7.598820328712463379e-02,5.225406885147094727e-01
5.638397112488746643e-02,1.493621319532394409e-01,5.475618839263916016e-01
1.688360571861267090e-01,2.608738653361797333e-02,-8.090519905090332031e-02
-2.037491798400878906e-01,7.237333804368972778e-02,-1.060015857219696045e-01
1.277572754770517349e-02,1.140778064727783203e-01,3.875030577182769775e-01
1.083960533142089844e-01,1.027089953422546387e-01,3.155257999897003174e-01
1.646350622177124023e-01,4.948933795094490051e-02,3.039028942584991455e-01
1.313970088958740234e-01,7.479682153643807396e-07,3.648876845836639404e-01
-2.785980142652988434e-02,-1.244780346751213074e-01,-1.580713987350463867e-01
-8.704635500907897949e-02,1.579111814498901367e-01,-6.418456789106130600e-03
-4.771240055561065674e-02,-5.735350400209426880e-02,-5.143003463745117188e-01
-7.062316685914993286e-02,2.862445853679673746e-07,5.686006546020507812e-01
-3.857517242431640625e-02,1.040579080581665039e-01,-2.746545374393463135e-01
1.584525108337402344e-01,-9.947987645864486694e-02,2.175375372171401978e-01
2.907318063080310822e-02,1.065890491008758545e-01,6.007852554321289062e-01
-1.145315542817115784e-01,3.003709423410327872e-07,5.053817033767700195e-01
-1.111824512481689453e-01,-2.559933066368103027e-02,-2.733840942382812500e-01
6.423660367727279663e-02,1.059888601303100586e-01,3.340145945549011230e-01
4.317748919129371643e-02,5.575132742524147034e-02,-5.474078655242919922e-01
1.729902029037475586e-01,7.281350349330750760e-07,2.750030532479286194e-02
1.276250649243593216e-02,1.157310009002685547e-01,-4.959173500537872314e-01
8.797252178192138672e-02,1.040269434452056885e-01,4.328396618366241455e-01
-1.869715899229049683e-01,-4.277353733777999878e-02,3.730056285858154297e-01
-8.270476758480072021e-02,7.241670787334442139e-02,5.778260231018066406e-01
-1.989364624023437500e-02,2.656097990438865963e-07,5.963805913925170898e-01
-1.462730169296264648e-01,1.254299283027648926e-01,-4.103393480181694031e-02
1.050820350646972656e-01,5.140891298651695251e-02,-3.479751646518707275e-01
-9.197420626878738403e-02,7.060885429382324219e-02,-2.436706423759460449e-01
-1.855987310409545898e-01,7.325126975774765015e-02,-1.921346932649612427e-01
-1.706800758838653564e-01,4.244776815176010132e-02,3.830993175506591797e-01
-9.373570233583450317e-02,-3.941154479980468750e-02,-4.605108499526977539e-01
-1.908270567655563354e-01,1.283963918685913086e-01,1.164352372288703918e-01
-2.003192901611328125e-02,-8.125969767570495605e-02,-3.085961937904357910e-01
-1.864343881607055664e-01,7.321085035800933838e-02,2.997826933860778809e-01
-1.686239242553710938e-01,-2.467382140457630157e-02,1.983990371227264404e-01
-7.184905558824539185e-02,-1.854543387889862061e-02,-5.490229129791259766e-01
1.199091300368309021e-01,4.894328117370605469e-02,1.146514900028705597e-02
9.174489974975585938e-02,5.183880776166915894e-02,-2.768365442752838135e-01
-3.822182863950729370e-02,1.186567544937133789e-01,-5.338976979255676270e-01
1.154042482376098633e-01,7.555941579084901605e-07,-2.726223766803741455e-01
-1.980909705162048340e-01,-6.856942176818847656e-02,3.251205384731292725e-01
8.210601657629013062e-02,-5.605839937925338745e-02,-5.410740375518798828e-01
-8.793893456459045410e-02,-1.421048641204833984e-01,3.086929321289062500e-01
-3.325546160340309143e-02,1.468982100486755371e-01,5.665616989135742188e-01
-2.060934454202651978e-01,3.930922218842169968e-07,3.454226255416870117e-01
9.556182473897933960e-02,-8.696708828210830688e-02,3.523904085159301758e-01
-1.986038126051425934e-02,1.064354702830314636e-01,6.023687124252319336e-01
-1.192994117736816406e-01,7.645814865827560425e-02,-5.146856307983398438e-01
-1.605807393789291382e-01,8.742292225360870361e-02,3.452804088592529297e-01
-1.419997364282608032e-01,-1.016526222229003906e-01,3.732714653015136719e-01
1.204786524176597595e-01,4.109859466552734375e-02,-8.070068061351776123e-02
-1.459590941667556763e-01,-5.708611011505126953e-02,1.213067620992660522e-01
1.806149184703826904e-01,-1.843762397766113281e-02,1.849984675645828247e-01
1.309573464095592499e-02,7.435369491577148438e-02,-2.243450880050659180e-01
-7.498145103454589844e-02,-1.311851888895034790e-01,3.602456450462341309e-01
-1.875895261764526367e-01,-2.436823770403862000e-02,-2.258462458848953247e-01
1.299005746841430664e-01,-1.013223975896835327e-01,-4.141784459352493286e-02
1.214307099580764771e-01,2.799201011657714844e-02,6.737792491912841797e-02
-1.422992050647735596e-01,-9.828603267669677734e-02,4.678863286972045898e-02
7.915939390659332275e-02,3.603881970047950745e-02,5.819507837295532227e-01
6.705871224403381348e-02,1.085305362939834595e-01,5.807673931121826172e-01
1.971406936645507812e-01,7.166191835494828410e-07,1.105303913354873657e-01
7.022690027952194214e-02,-3.793876618146896362e-02,5.230339765548706055e-01
-1.130561828613281250e-01,3.799153864383697510e-02,5.213791131973266602e-01
-1.521321535110473633e-01,2.493953704833984375e-02,-2.487081885337829590e-01
9.681820869445800781e-02,5.167527496814727783e-02,-4.633120596408843994e-01
1.280645374208688736e-02,-1.102639436721801758e-01,-1.835876405239105225e-01
-1.945631355047225952e-01,-9.762370586395263672e-02,-1.322119086980819702e-01
-8.438140898942947388e-02,1.107325702905654907e-01,5.580608844757080078e-01
-1.516735553741455078e-01,1.249939426779747009e-01,1.075836177915334702e-02
-5.779693648219108582e-02,5.443513765931129456e-02,-5.746045112609863281e-01
8.669376373291015625e-03,1.091445311903953552e-01,-4.091323614120483398e-01
1.101148128509521484e-01,-5.124668776988983154e-02,-4.594692885875701904e-01
4.099350050091743469e-02,3.529458120465278625e-02,6.050933599472045898e-01
-7.924498990178108215e-03,-5.527666583657264709e-02,-5.573579072952270508e-01
-8.775532245635986328e-02,1.453510522842407227e-01,-9.285644441843032837e-02
-1.233668327331542969e-01,-2.540301345288753510e-02,-3.806451261043548584e-01
-2.029907144606113434e-02,1.815825514495372772e-02,-5.729013681411743164e-01
1.223148107528686523e-01,7.522989449171291199e-07,-4.180581569671630859e-01
1.153099536895751953e-01,1.122674942016601562e-01,2.421981692314147949e-01
-1.727151870727539062e-01,1.232952922582626343e-01,1.640512049198150635e-01
-1.418289095163345337e-01,-1.035796403884887695e-01,2.256988435983657837e-01
-3.970142081379890442e-02,-5.745434761047363281e-02,-2.453192025423049927e-01
6.534444540739059448e-02,7.849836349487304688e-02,-3.538784682750701904e-01
-2.061218209564685822e-02,9.209551662206649780e-02,-5.591983795166015625e-01
1.023702621459960938e-01,5.149631202220916748e-02,-3.858642578125000000e-01
2.958770655095577240e-02,-1.810723543167114258e-02,-5.762805938720703125e-01
-8.929774910211563110e-02,1.180242300033569336e-01,-4.767587184906005859e-01
-7.480430603027343750e-02,-1.311994642019271851e-01,1.017648279666900635e-01
6.418830156326293945e-02,-1.071757078170776367e-01,1.706744283437728882e-01
1.277618110179901123e-02,1.140215396881103516e-01,2.054531872272491455e-01
1.253989152610301971e-02,1.433534622192382812e-01,4.171154797077178955e-01
-9.281727671623229980e-02,-5.567502975463867188e-02,-3.400662243366241455e-01
6.513956189155578613e-02,8.358240127563476562e-02,1.120422314852476120e-02
-3.793682157993316650e-02,1.304483413696289062e-01,-4.534899890422821045e-01
1.078564450144767761e-01,7.462511211633682251e-02,5.435953140258789062e-01
-3.788765892386436462e-02,-1.324940919876098633e-01,2.385543733835220337e-01
8.119293302297592163e-02,1.848491653800010681e-02,-5.527832508087158203e-01
1.289220433682203293e-02,-9.963095188140869141e-02,-3.863378763198852539e-01
6.462860107421875000e-02,-9.625005722045898438e-02,-3.500045835971832275e-01
-7.541656494140625000e-03,3.508157283067703247e-02,6.117579936981201172e-01
6.329050660133361816e-02,1.294661760330200195e-01,2.569909691810607910e-01
1.261103153228759766e-01,7.504891073040198535e-07,-1.464892476797103882e-01
-8.921759575605392456e-02,-1.194527149200439453e-01,2.229324281215667725e-01
-8.938805013895034790e-02,1.164330244064331055e-01,-4.015289247035980225e-01
3.119873069226741791e-02,-9.536542743444442749e-02,-5.187207460403442383e-01
-8.960292488336563110e-02,1.126194000244140625e-01,-3.099609315395355225e-01
-1.331099271774291992e-01,-1.264925599098205566e-01,-4.138153046369552612e-02
1.145642027258872986e-01,-1.225360631942749023e-01,2.766235172748565674e-01
1.255638338625431061e-02,-1.413062810897827148e-01,3.808502256870269775e-01
-3.804581612348556519e-02,1.259505748748779297e-01,2.753802537918090820e-01
1.021465063095092773e-01,7.619159418936760630e-07,4.281432926654815674e-01
-3.180557116866111755e-02,7.039291411638259888e-02,6.091747283935546875e-01
-8.979668468236923218e-02,1.091868877410888672e-01,1.527532935142517090e-01
6.504613906145095825e-02,-8.588397502899169922e-02,-2.779266238212585449e-01
1.571612507104873657e-01,3.244739161800680449e-07,3.390877246856689453e-01
1.278631761670112610e-02,1.127632856369018555e-01,-4.178436100482940674e-02
1.290640607476234436e-02,-9.785592555999755859e-02,-3.123565614223480225e-01
-1.400033086538314819e-01,1.241167783737182617e-01,-1.295861750841140747e-01
1.178026422858238220e-01,7.794797420501708984e-02,3.405090272426605225e-01
-5.916351079940795898e-02,-3.715682774782180786e-02,5.472780466079711914e-01
1.267718523740768433e-02,1.263107061386108398e-01,2.932540774345397949e-01
-1.290345191955566406e-01,-2.531169168651103973e-02,-3.063079714775085449e-01
6.352966278791427612e-02,-1.235196590423583984e-01,-7.655181735754013062e-02
-1.893279552459716797e-01,7.307087630033493042e-02,2.472839355468750000e-01
1.390935182571411133e-01,-1.007291451096534729e-01,1.083312928676605225e-02
6.477655470371246338e-02,-9.257817268371582031e-02,-2.038635164499282837e-01
6.559333950281143188e-02,7.232201099395751953e-02,-6.095275655388832092e-02
-3.812382742762565613e-02,1.227115392684936523e-01,-3.624108731746673584e-01
-8.901055157184600830e-02,1.231139898300170898e-01,3.124560415744781494e-01
1.157299280166625977e-01,-5.106570571660995483e-02,-1.652682423591613770e-01
1.676863878965377808e-01,-1.045731306076049805e-01,1.358734071254730225e-01
-9.012814611196517944e-02,1.033133268356323242e-01,2.252087295055389404e-01
-3.833369165658950806e-02,1.140288114547729492e-01,1.876556426286697388e-01
-2.048580646514892578e-01,7.231969386339187622e-02,1.770635992288589478e-01
-3.806173428893089294e-02,1.252804994583129883e-01,-1.114630103111267090e-01
1.182676553726196289e-01,-5.098390579223632812e-02,-3.267712295055389404e-01
-8.918964862823486328e-02,1.199407577514648438e-01,8.118072152137756348e-02
-9.132250398397445679e-02,8.215427398681640625e-02,3.959197998046875000e-01
1.274636108428239822e-02,-1.177352666854858398e-01,-9.435882419347763062e-02
1.152492985129356384e-01,-1.131027936935424805e-01,9.930542111396789551e-02
6.394459307193756104e-02,-1.132235527038574219e-01,8.146239817142486572e-02
-1.786304712295532227e-01,-7.358832657337188721e-02,-6.329650525003671646e-03
-7.804286479949951172e-02,-1.309380382299423218e-01,4.360156059265136719e-01
-1.464897394180297852e-01,-1.254124343395233154e-01,3.083346486091613770e-01
-3.773849457502365112e-02,-1.386651992797851562e-01,-7.577697932720184326e-02
1.266452390700578690e-02,-1.278475522994995117e-01,-6.533508189022541046e-03
1.269479375332593918e-02,1.241248846054077148e-01,2.838134765625000000e-02
-1.910454034805297852e-01,-2.431255765259265900e-02,1.045227050781250000e-02
-9.096382558345794678e-02,8.851003646850585938e-02,-5.447826981544494629e-01
-3.770278021693229675e-02,-1.401313543319702148e-01,1.147567704319953918e-01
1.259952597320079803e-02,-1.359508037567138672e-01,6.286407262086868286e-02
6.317365169525146484e-02,-1.323543787002563477e-01,1.086608879268169403e-02
-8.805342763662338257e-02,-1.400768756866455078e-01,-2.380828745663166046e-02
6.553063541650772095e-02,7.387328147888183594e-02,-1.879363954067230225e-01
1.874387264251708984e-01,7.212454420368885621e-07,-5.659606680274009705e-02
-1.871852874755859375e-01,-7.317452132701873779e-02,2.476345747709274292e-01
-1.523107290267944336e-01,-2.493665926158428192e-02,1.311025917530059814e-01
1.839908361434936523e-01,7.228895242405997124e-07,2.651486098766326904e-01
-2.007765769958496094e-01,-7.251711934804916382e-02,-7.282653450965881348e-02
-2.125262022018432617e-01,-2.396645769476890564e-02,2.772149741649627686e-01
-2.155541181564331055e-01,2.391767129302024841e-02,-7.203368842601776123e-02
-1.945117712020874023e-01,2.425670996308326721e-02,1.443493664264678955e-01
-2.110542058944702148e-01,7.201999425888061523e-02,1.262576282024383545e-01
7.584685832262039185e-02,-8.190698176622390747e-02,4.307906627655029297e-01
-1.200448572635650635e-01,-8.063793927431106567e-02,4.504452943801879883e-01
1.151249036192893982e-01,-1.148129701614379883e-01,2.862304635345935822e-02
-1.232916265726089478e-01,-7.032807916402816772e-02,-2.460703849792480469e-01
-1.347729414701461792e-01,2.891917461056436878e-07,4.412442445755004883e-01
-1.148569583892822266e-01,7.667303085327148438e-02,-2.730352580547332764e-01
-2.264521121978759766e-01,2.374208346009254456e-02,-1.371676623821258545e-01
-2.265522480010986328e-01,-2.374047040939331055e-02,-1.042776480317115784e-01
-1.112738028168678284e-01,1.869863830506801605e-02,-5.394861698150634766e-01
-9.877044707536697388e-02,3.061337281451415038e-07,5.339286327362060547e-01
6.460727006196975708e-02,-9.677910804748535156e-02,3.545483350753784180e-01
-2.638876438140869141e-02,-8.095220476388931274e-02,-3.848800659179687500e-01
-9.010806679725646973e-02,1.036773920059204102e-01,4.284139871597290039e-01
-9.507417678833007812e-03,1.103175058960914612e-01,-1.212197840213775635e-01
-1.391257345676422119e-01,-1.340067386627197266e-01,-1.463284343481063843e-01
9.303259849548339844e-02,-1.037015914916992188e-01,-1.139486655592918396e-01
-2.123513221740722656e-01,-7.195724546909332275e-02,-1.386242657899856567e-01
1.211530119180679321e-01,3.181588649749755859e-02,1.230126917362213135e-01
6.553123146295547485e-02,7.386314868927001953e-02,-4.896856546401977539e-01
-2.107552289962768555e-01,2.399499341845512390e-02,2.946594059467315674e-01
1.212796345353126526e-01,3.006970882415771484e-02,-1.184789985418319702e-01
-1.454106271266937256e-01,-6.326389312744140625e-02,1.943682879209518433e-01
-3.057217597961425781e-02,-8.074986934661865234e-02,-5.029016137123107910e-01
1.410113424062728882e-01,-4.357020929455757141e-02,3.482803106307983398e-01
1.898758411407470703e-01,7.200833351816982031e-07,-6.275634746998548508e-03
1.283375024795532227e-01,7.494271017094433773e-07,-3.245220780372619629e-01
-9.655952453613281250e-03,1.103271096944808960e-01,-3.339999318122863770e-01
-9.340608119964599609e-02,-4.525113105773925781e-02,-4.195779263973236084e-01
1.763653010129928589e-01,2.199864387512207031e-02,1.053076162934303284e-01
-1.346334815025329590e-01,-4.051142185926437378e-02,4.431895017623901367e-01
1.063127517700195312e-01,5.136924237012863159e-02,-3.108593821525573730e-01
-1.797701120376586914e-01,-7.353319227695465088e-02,-2.100356966257095337e-01
1.309049967676401138e-02,-7.501578330993652344e-02,-5.484893918037414551e-01
-1.105505377054214478e-01,-1.209518983960151672e-01,-2.017573118209838867e-01
6.502237915992736816e-02,8.649027347564697266e-02,3.568237125873565674e-01
1.681427657604217529e-01,-1.002271175384521484e-01,6.465179473161697388e-02
9.281066805124282837e-02,7.296921312808990479e-02,5.692675113677978516e-01
-1.391093581914901733e-01,-1.341910362243652344e-01,-1.112362667918205261e-01
9.545135498046875000e-02,2.778392911295668455e-07,5.347063541412353516e-01
6.613379716873168945e-02,5.891072750091552734e-02,-2.638665735721588135e-01
-1.411495655775070190e-01,-1.112221479415893555e-01,-2.021285891532897949e-01
-6.945739686489105225e-02,3.585162758827209473e-02,5.877921581268310547e-01
-1.892105042934417725e-01,4.328566789627075195e-02,3.571169376373291016e-01
4.806578159332275391e-02,1.066022068262100220e-01,1.772326678037643433e-01
-1.422595232725143433e-01,9.872090816497802734e-02,-2.037188708782196045e-01
-3.327514603734016418e-02,-1.842338219285011292e-02,-5.565617084503173828e-01
9.055316448211669922e-02,-5.187721922993659973e-02,-2.587032914161682129e-01
1.213062331080436707e-01,-2.970325946807861328e-02,-4.042675793170928955e-01
-3.955850750207901001e-02,-6.335473060607910156e-02,-3.191659450531005859e-01
-1.158080995082855225e-02,-1.345400214195251465e-01,-3.345036506652832031e-02
-1.137778759002685547e-01,-7.672522217035293579e-02,1.878497302532196045e-01
1.731506362557411194e-02,-3.660577535629272461e-02,5.644844770431518555e-01
9.192645549774169922e-02,1.037717983126640320e-01,1.906109601259231567e-01
4.098037630319595337e-02,7.052952796220779419e-02,6.070549488067626953e-01
-1.524818390607833862e-01,2.908361409481585724e-07,4.109603166580200195e-01
6.350725144147872925e-02,1.240831613540649414e-01,4.226083159446716309e-01
1.970511674880981445e-01,7.166618729570473079e-07,7.709625363349914551e-02
3.161834552884101868e-02,9.664792567491531372e-02,-5.028345584869384766e-01
-4.797697067260742188e-03,1.100135743618011475e-01,-5.347387790679931641e-01
-2.208785898983478546e-02,-1.183728650212287903e-01,4.792625904083251953e-01
-1.739246845245361328e-01,7.381593436002731323e-02,2.751556411385536194e-02
4.960021935403347015e-03,-9.605279564857482910e-02,-5.101654529571533203e-01
9.857428073883056641e-02,7.636193117832590360e-07,-5.405200123786926270e-01
4.572641849517822266e-02,1.067531630396842957e-01,2.985412441194057465e-02
5.416793748736381531e-02,2.661716109741973924e-07,5.837837457656860352e-01
1.744720339775085449e-02,5.531794950366020203e-02,-5.564072132110595703e-01
-1.942388862371444702e-01,1.002982854843139648e-01,1.725305169820785522e-01
-2.583777904510498047e-02,1.113713458180427551e-01,-2.975399792194366455e-01
-2.035584449768066406e-01,1.208053454756736755e-01,9.370269626379013062e-02
-3.386352583765983582e-02,-5.622793734073638916e-02,-5.375839471817016602e-01
-5.662276968359947205e-02,7.108439505100250244e-02,5.984553098678588867e-01
-1.981039941310882568e-01,-6.846523284912109375e-02,-1.897924691438674927e-01
6.974975764751434326e-02,5.650927498936653137e-02,-5.317850112915039062e-01
1.323958635330200195e-01,5.052851140499114990e-02,1.679229736328125000e-01
-1.428295522928237915e-01,-9.231650829315185547e-02,-2.227328419685363770e-01
3.312560915946960449e-02,-1.214476153254508972e-01,4.475617408752441406e-01
-2.003868371248245239e-01,-4.966092109680175781e-02,2.529312074184417725e-01
-3.885829448699951172e-02,-9.234428405761718750e-02,-2.219198495149612427e-01
-1.693579107522964478e-01,-4.211895540356636047e-02,3.933004140853881836e-01
-1.067780256271362305e-01,-2.567029371857643127e-02,-4.794470071792602539e-01
1.759658455848693848e-01,2.579915523529052734e-02,2.944290041923522949e-01
-1.406774520874023438e-01,-1.165361404418945312e-01,3.512731790542602539e-01
-1.678762435913085938e-01,7.410849630832672119e-02,-2.116790711879730225e-01
-4.472183063626289368e-02,2.772258937966398662e-07,5.875251293182373047e-01
-2.121597155928611755e-02,-7.586643099784851074e-02,5.244262218475341797e-01
1.215384528040885925e-01,-2.650296688079833984e-02,-2.886755168437957764e-01
-1.953375935554504395e-01,-9.124541282653808594e-02,-9.664001315832138062e-02
1.743489950895309448e-01,-4.118251800537109375e-02,2.917236387729644775e-01
-9.472145140171051025e-02,-2.194130420684814453e-02,-5.260952711105346680e-01
-1.049898862838745117e-01,-1.287626475095748901e-01,2.881835959851741791e-02
-2.013796567916870117e-01,2.414605394005775452e-02,-2.068353295326232910e-01
-1.467929929494857788e-01,-4.770410060882568359e-02,-2.476748675107955933e-01
-4.360437393188476562e-02,1.125178486108779907e-01,-1.821734607219696045e-01
-2.000901401042938232e-01,5.210888385772705078e-02,-1.916949450969696045e-01
1.171503067016601562e-01,-8.692741394042968750e-02,3.386242687702178955e-01
-1.557972431182861328e-01,-7.469275593757629395e-02,6.213684007525444031e-02
5.475463718175888062e-02,-1.818050257861614227e-02,-5.716651678085327148e-01
6.413704156875610352e-02,-1.084476709365844727e-01,-1.482534706592559814e-01
8.933007717132568359e-02,-5.191664025187492371e-02,3.937414586544036865e-01
-1.929930448532104492e-01,1.105585098266601562e-01,4.658752307295799255e-02
-6.060882285237312317e-02,-1.213425099849700928e-01,-1.969294548034667969e-01
-1.156389713287353516e-01,7.663520425558090210e-02,-2.368365377187728882e-01
1.732421852648258209e-02,-5.492781102657318115e-02,-5.644726753234863281e-01
-9.051378071308135986e-02,9.648978710174560547e-02,-2.216354310512542725e-01
1.696672439575195312e-01,7.297195452338200994e-07,1.982382088899612427e-01
-7.853087969124317169e-03,1.457390040159225464e-01,5.755159854888916016e-01
4.697265569120645523e-03,1.821136288344860077e-02,-5.699433088302612305e-01
-1.403823792934417725e-01,-8.443856239318847656e-02,3.915627002716064453e-01
-1.192672252655029297e-01,-1.276100724935531616e-01,-6.590270902961492538e-03
-1.979316920042037964e-01,6.988537311553955078e-02,-7.967315614223480225e-02
-3.273834288120269775e-02,5.435915663838386536e-02,-5.762183666229248047e-01
5.947769060730934143e-02,-7.894250005483627319e-02,4.767092466354370117e-01
6.662172824144363403e-02,-4.678583145141601562e-02,-5.584527254104614258e-01
-4.523529112339019775e-02,1.813161745667457581e-02,-5.747793912887573242e-01
1.301566325128078461e-02,-8.425760269165039062e-02,-2.412533462047576904e-01
-1.694662421941757202e-01,1.422385275363922119e-01,6.192004680633544922e-02
1.288213673979043961e-02,1.008688211441040039e-01,3.533685207366943359e-01
1.031500101089477539e-01,7.614374339937057812e-07,-2.203640639781951904e-01
4.673004150390625000e-03,2.680837951629655436e-07,5.985907316207885742e-01
-2.002683579921722412e-01,5.064105987548828125e-02,3.096023499965667725e-01
-1.789395809173583984e-01,7.357336580753326416e-02,3.364990055561065674e-01
6.521226465702056885e-02,-8.176612854003906250e-02,-5.267187356948852539e-01
4.574432503432035446e-03,1.062259003520011902e-01,6.045442819595336914e-01
-1.380302906036376953e-01,1.260953545570373535e-01,-7.603240758180618286e-02
-2.344703674316406250e-02,-8.109450340270996094e-02,-3.465850651264190674e-01
-2.032390683889389038e-01,2.617394924163818359e-02,2.565307617187500000e-01
1.246274709701538086e-01,1.016615480184555054e-01,2.223107814788818359e-01
-2.045861482620239258e-01,-2.409438788890838623e-02,3.479076921939849854e-01
8.522129058837890625e-02,-1.042056605219841003e-01,3.387948572635650635e-01
-2.218527793884277344e-01,-2.381618879735469818e-02,-1.707177758216857910e-01
-1.702255010604858398e-01,-7.399486005306243896e-02,3.742089867591857910e-01
-9.024701267480850220e-02,1.012091636657714844e-01,3.725021183490753174e-01
1.660415530204772949e-02,3.510314598679542542e-02,6.110961437225341797e-01
9.677581489086151123e-02,-5.708311870694160461e-02,-5.198737382888793945e-01
6.685344874858856201e-02,4.105281829833984375e-02,-2.478973269462585449e-01
-3.844876587390899658e-02,1.092602014541625977e-01,3.516055345535278320e-01
1.742701679468154907e-01,-4.192864894866943359e-02,-2.540496736764907837e-02
-5.841803550720214844e-02,-1.325222998857498169e-01,1.394903510808944702e-01
-8.997580409049987793e-02,-1.060205698013305664e-01,1.709313988685607910e-01
-7.794982939958572388e-02,-1.205384060740470886e-01,4.569287300109863281e-01
6.299090385437011719e-02,-1.056402474641799927e-01,4.201211333274841309e-01
-9.679412841796875000e-02,7.359521090984344482e-02,5.595618486404418945e-01
6.388957053422927856e-02,-1.145884990692138672e-01,3.322128355503082275e-01
7.318472862243652344e-02,1.049812510609626770e-01,1.198959350585937500e-01
-2.004647254943847656e-01,2.416079305112361908e-02,3.488665819168090820e-01
1.783824861049652100e-01,2.802610397338867188e-03,4.965515062212944031e-02
1.227918788790702820e-01,9.247183799743652344e-03,-3.893908560276031494e-01
-1.011956781148910522e-01,-3.849140182137489319e-02,5.058783292770385742e-01
1.168727576732635498e-01,-9.074902534484863281e-02,-9.621764719486236572e-02
1.273536216467618942e-02,1.190537214279174805e-01,-6.570129189640283585e-03
-1.432467103004455566e-01,-8.762073516845703125e-02,2.096893191337585449e-01
1.789409667253494263e-01,-2.507090568542480469e-03,1.641177386045455933e-01
-1.956183016300201416e-01,8.893775939941406250e-02,1.919683814048767090e-01
1.179966703057289124e-01,7.527625560760498047e-02,1.744094789028167725e-01
5.884087085723876953e-02,1.059068813920021057e-01,6.609832495450973511e-02
-1.280267238616943359e-01,5.777211487293243408e-02,-5.056394338607788086e-01
1.835705488920211792e-01,-8.506198972463607788e-02,5.857384204864501953e-02
-5.269432067871093750e-02,1.329844146966934204e-01,4.232586622238159180e-01
1.757709980010986328e-01,7.268090485013090074e-07,-9.089477360248565674e-02
1.112393140792846680e-01,1.925425417721271515e-02,-5.049860477447509766e-01
-1.895965337753295898e-01,2.433590777218341827e-02,3.690868914127349854e-01
1.281443610787391663e-02,1.092727184295654297e-01,-5.173623561859130859e-01
1.543837785720825195e-01,4.981976374983787537e-02,3.237789869308471680e-01
1.352083683013916016e-01,-1.009798794984817505e-01,2.921929955482482910e-01
6.520325690507888794e-02,-8.198988437652587891e-02,-2.234652638435363770e-01
-1.541059911251068115e-01,4.197149351239204407e-02,3.978838920593261719e-01
1.757198572158813477e-01,-4.913204163312911987e-02,2.493496686220169067e-01
-3.916185721755027771e-02,7.978522777557373047e-02,-2.236535549163818359e-01
1.228597015142440796e-01,8.313059806823730469e-03,-2.918133437633514404e-01
1.208233982324600220e-01,-3.635168075561523438e-02,-3.831484913825988770e-01
-3.816821798682212830e-02,-1.208864450454711914e-01,-1.824081391096115112e-01
-1.426599025726318359e-01,9.421443939208984375e-02,3.562249541282653809e-01
-8.845274895429611206e-02,1.329941749572753906e-01,-1.110610961914062500e-01
6.499420851469039917e-02,8.718943595886230469e-02,3.943801820278167725e-01
-1.267806291580200195e-01,1.270035207271575928e-01,-1.469033807516098022e-01
8.199346065521240234e-02,-1.044139638543128967e-01,-1.328039467334747314e-01
1.219982206821441650e-01,2.017521858215332031e-02,-1.379537880420684814e-01
-8.898904919624328613e-02,-1.235016584396362305e-01,-2.000973522663116455e-01
-1.040640249848365784e-01,-7.912348210811614990e-02,4.739229679107666016e-01
-1.399548649787902832e-01,-1.246738433837890625e-01,3.311306834220886230e-01
1.077685356140136719e-01,5.132232233881950378e-02,-9.499938786029815674e-02
1.245645135641098022e-01,-4.311536625027656555e-02,3.624117374420166016e-01
-1.843534708023071289e-01,1.223557516932487488e-01,1.457769721746444702e-01
1.171598434448242188e-01,7.547570248789270408e-07,-4.954537749290466309e-01
-1.446535587310791016e-01,-7.178521156311035156e-02,1.020236164331436157e-01
1.151943281292915344e-01,-1.138570308685302734e-01,2.963436841964721680e-01
6.570281833410263062e-02,6.960523128509521484e-02,-5.107537508010864258e-01
-8.908972889184951782e-02,1.217097043991088867e-01,-1.825500428676605225e-01
1.689052581787109375e-01,7.300828883671783842e-07,3.205703794956207275e-01
1.754976660013198853e-01,-3.024983406066894531e-02,-6.282165646553039551e-02
9.304213523864746094e-02,-5.179700255393981934e-02,-2.218740731477737427e-01
-1.972501128911972046e-01,-7.549452781677246094e-02,3.049371242523193359e-01
1.218162328004837036e-01,2.268385887145996094e-02,-3.472500443458557129e-01
-2.501118183135986328e-02,1.113179922103881836e-01,-1.608886718750000000e-01
-1.976369619369506836e-01,7.231259346008300781e-02,-1.709558069705963135e-01
3.302836418151855469e-02,1.075725853443145752e-01,3.885769546031951904e-01
-1.835165023803710938e-01,-2.443386428058147430e-02,2.135839760303497314e-01
1.284677982330322266e-01,-5.065511912107467651e-02,-1.287881433963775635e-01
-1.039942502975463867e-01,-1.288430243730545044e-01,2.436105310916900635e-01
1.175851002335548401e-01,-8.094060420989990234e-02,-1.148696839809417725e-01
-9.122760593891143799e-02,8.383190631866455078e-02,-2.600622475147247314e-01
-1.678395271301269531e-02,1.107870861887931824e-01,-1.409112513065338135e-01
7.418704032897949219e-02,1.049165576696395874e-01,4.172476232051849365e-01
-3.889523819088935852e-02,9.079611301422119141e-02,-2.586056590080261230e-01
-2.323269844055175781e-03,1.098538935184478760e-01,-1.017263755202293396e-01
-1.308155059814453125e-01,2.528299763798713684e-02,-4.912435710430145264e-01
6.376585364341735840e-02,1.176704168319702148e-01,3.132903873920440674e-01
1.261953171342611313e-02,-1.334328651428222656e-01,3.099279701709747314e-01
-1.531253010034561157e-01,-4.170431569218635559e-02,4.061727523803710938e-01
1.773388087749481201e-01,1.273632049560546875e-02,1.175018306821584702e-02
3.094816207885742188e-02,-1.077080518007278442e-01,-1.931417733430862427e-01
1.265627983957529068e-02,1.289057731628417969e-01,4.023809731006622314e-01
-3.797496110200881958e-02,1.288706064224243164e-01,-5.111212134361267090e-01
1.271254289895296097e-02,-1.218864917755126953e-01,1.866772472858428955e-01
-1.944620609283447266e-01,-2.425751462578773499e-02,3.678979277610778809e-01
-9.356754273176193237e-02,-4.239070415496826172e-02,-4.399358928203582764e-01
-8.992817997932434082e-02,-1.068642139434814453e-01,2.067022621631622314e-01
1.251327991485595703e-01,1.016289293766021729e-01,2.940743863582611084e-01
-1.103037595748901367e-01,-2.561348676681518555e-02,-4.592358171939849854e-01
-9.705810248851776123e-02,1.846123859286308289e-02,-5.542502403259277344e-01
-1.451056748628616333e-01,-6.669640541076660156e-02,4.006390273571014404e-01
1.070190668106079102e-01,5.134647339582443237e-02,2.870330773293972015e-02
6.473302841186523438e-02,-9.366309642791748047e-02,-4.837234318256378174e-01
-3.839185461401939392e-02,1.116224527359008789e-01,3.882037401199340820e-01
6.319765001535415649e-02,-1.317588090896606445e-01,2.924664318561553955e-01
-6.683337688446044922e-02,-1.318429410457611084e-01,1.205047592520713806e-01
-1.112115457653999329e-01,5.604465678334236145e-02,-5.413452386856079102e-01
-1.410646438598632812e-01,1.258503943681716919e-01,2.816650271415710449e-02
2.037780731916427612e-01,-2.842838689684867859e-02,6.438899040222167969e-02
6.552170962095260620e-02,-7.409214973449707031e-02,-2.614257633686065674e-01
-4.005800932645797729e-02,-4.268896579742431641e-02,-2.663366496562957764e-01
9.284957498311996460e-02,3.651918470859527588e-02,5.670512914657592773e-01
-8.431182801723480225e-02,3.015226184288621880e-07,5.537111759185791016e-01
-1.996392458677291870e-01,-5.581724643707275391e-02,-4.359985142946243286e-02
1.770095974206924438e-01,1.586866378784179688e-02,1.245446726679801941e-01
-1.497779488563537598e-01,-1.410555839538574219e-02,1.812115460634231567e-01
1.032263040542602539e-01,7.614010542056348640e-07,-2.565332055091857910e-01
-1.411821097135543823e-01,1.108511686325073242e-01,-1.842367500066757202e-01
1.153505519032478333e-01,1.117115020751953125e-01,2.785220146179199219e-01
-9.325075149536132812e-02,-4.800271987915039062e-02,-3.994232118129730225e-01
-9.400670975446701050e-02,-3.460335731506347656e-02,-2.679837048053741455e-01
1.308195479214191437e-02,-7.607626914978027344e-02,-2.609033286571502686e-01
1.706192493438720703e-01,4.929644614458084106e-02,2.328051775693893433e-01
-1.418106853961944580e-01,1.037774085998535156e-01,3.355230689048767090e-01
-1.137170791625976562e-01,-2.555848844349384308e-02,-4.392623901367187500e-01
-3.823538124561309814e-02,1.180962324142456055e-01,3.313052356243133545e-01
1.096347048878669739e-01,-1.897654682397842407e-02,-5.222223997116088867e-01
1.311545819044113159e-02,7.190525531768798828e-02,-2.801150381565093994e-01
-1.685197353363037109e-01,3.214259436390420888e-07,3.991112709045410156e-01
1.907523870468139648e-01,-4.864750429987907410e-02,4.393737763166427612e-02
-1.408345699310302734e-01,-1.147718429565429688e-01,2.421307265758514404e-01
-8.258724212646484375e-02,-1.305712014436721802e-01,8.323761075735092163e-02
-1.380479484796524048e-01,1.461309194564819336e-01,6.269866973161697388e-02
6.575768440961837769e-02,6.824374198913574219e-02,-2.069497704505920410e-01
2.557611465454101562e-02,1.080535128712654114e-01,-2.556823752820491791e-02
8.441293239593505859e-02,5.207513272762298584e-02,3.949435353279113770e-01
-8.606469631195068359e-02,-1.302904188632965088e-01,3.766543567180633545e-01
6.390590220689773560e-02,-1.141786575317382812e-01,1.521554589271545410e-01
9.540057182312011719e-02,5.172096937894821167e-02,-4.830590784549713135e-01
-1.706024408340454102e-01,2.464194037020206451e-02,3.917397856712341309e-01
-9.295695275068283081e-02,-5.320775508880615234e-02,-3.596780300140380859e-01
-1.298880577087402344e-01,-1.267526596784591675e-01,2.575488090515136719e-01
-1.410796344280242920e-01,1.120051145553588867e-01,2.245077490806579590e-01
