-1.054172515869140625e-01,-7.712961733341217041e-02,2.875091508030891418e-02
-7.842406630516052246e-03,1.824064366519451141e-02,-5.684189796447753906e-01
-7.709808181971311569e-03,-3.586375340819358826e-02,5.874946117401123047e-01
1.580591201782226562e-01,-4.970130324363708496e-02,2.698239088058471680e-01
9.548580646514892578e-02,5.171822756528854370e-02,-2.215365618467330933e-01
-1.364303827285766602e-01,7.562953233718872070e-02,3.096865713596343994e-01
1.525316238403320312e-01,-1.500531584024429321e-01,2.799926698207855225e-02
7.297122478485107422e-02,1.049950271844863892e-01,6.552917510271072388e-02
-1.088935136795043945e-01,2.563620544970035553e-02,-3.470083475112915039e-01
6.350409239530563354e-02,-1.241544485092163086e-01,-3.992599546909332275e-01
-1.685568243265151978e-01,1.414751559495925903e-01,5.246388912200927734e-02
-3.841514512896537781e-02,-1.106587648391723633e-01,3.884393274784088135e-01
1.265658438205718994e-02,-1.288796663284301758e-01,-1.462362706661224365e-01
6.572425365447998047e-02,6.906855106353759766e-02,4.180316030979156494e-01
-9.127886593341827393e-02,8.292913436889648438e-02,-1.326623558998107910e-01
1.265936437994241714e-02,-1.285228729248046875e-01,1.682559102773666382e-01
1.413272619247436523e-01,7.432331017298565712e-07,-5.832153186202049255e-02
5.420720577239990234e-02,5.304874852299690247e-02,-3.974969387054443359e-01
1.311116572469472885e-02,7.243812084197998047e-02,2.292062342166900635e-01
-1.039465665817260742e-01,-2.571591734886169434e-02,1.888177394866943359e-01
-9.522517025470733643e-02,1.302468776702880859e-02,4.527430534362792969e-01
6.361953169107437134e-02,1.213012933731079102e-01,-9.421935677528381348e-02
-2.476966381072998047e-02,-8.103053271770477295e-02,-2.885525524616241455e-01
-6.025505065917968750e-02,-7.931412756443023682e-02,-4.741863906383514404e-01
7.376456260681152344e-02,-1.576910018920898438e-01,3.044573962688446045e-01
1.253426074981689453e-01,-5.075585097074508667e-02,1.334390193223953247e-01
-8.743987977504730225e-02,1.509379148483276367e-01,1.661148071289062500e-01
6.967498362064361572e-02,-9.401653707027435303e-02,-5.354214906692504883e-01
-1.010424792766571045e-01,-1.151395738124847412e-01,5.126096010208129883e-01
2.674007415771484375e-02,-1.955630779266357422e-01,-2.648040652275085449e-02
-7.559704780578613281e-02,7.857203483581542969e-02,-4.697497487068176270e-01
-3.819696977734565735e-02,1.196852922439575195e-01,-6.569213699549436569e-03
1.194146350026130676e-01,-5.574655532836914062e-02,-3.024774193763732910e-01
-1.630120277404785156e-01,2.476424165070056915e-02,-4.046539217233657837e-02
1.016010046005249023e-01,-5.152111500501632690e-02,3.907418847084045410e-01
1.186843439936637878e-01,-6.580483913421630859e-02,-1.708364784717559814e-01
-9.543144702911376953e-02,-7.761263847351074219e-02,-9.579772502183914185e-02
-3.996246308088302612e-02,4.665410518646240234e-02,-2.469320595264434814e-01
1.521074771881103516e-01,-1.500943154096603394e-01,2.014535516500473022e-01
-3.844790905714035034e-02,1.093033552169799805e-01,3.701351881027221680e-01
7.149856537580490112e-02,-7.721100002527236938e-02,5.035582780838012695e-01
-1.763484477996826172e-01,7.369870692491531372e-02,1.633209139108657837e-01
9.255790710449218750e-02,-1.037322208285331726e-01,-6.027130037546157837e-02
-3.835713863372802734e-02,-1.130704879760742188e-01,2.776336669921875000e-01
-1.235265731811523438e-01,2.540043555200099945e-02,6.336944550275802612e-02
6.113025173544883728e-02,-1.830610036849975586e-01,7.787688821554183960e-02
1.024901866912841797e-01,5.149246007204055786e-02,1.711267083883285522e-01
-1.282787322998046875e-01,-2.532387152314186096e-02,3.473455607891082764e-01
6.314086727797985077e-03,1.222699731588363647e-01,-1.854056119918823242e-01
8.476293087005615234e-02,7.702050766056345310e-07,-4.860089123249053955e-01
9.053242206573486328e-02,5.187789350748062134e-02,3.000674247741699219e-01
-3.858426585793495178e-02,1.036618947982788086e-01,-3.667880296707153320e-01
1.817352324724197388e-02,3.842063993215560913e-02,5.081871747970581055e-01
-1.049424409866333008e-01,-2.569987066090106964e-02,-1.842199712991714478e-01
1.366040706634521484e-01,7.454852948285406455e-07,4.549011215567588806e-02
-3.785909712314605713e-02,-1.336640119552612305e-01,8.037108927965164185e-02
1.295925676822662354e-02,9.130728244781494141e-02,-5.035626292228698730e-01
-3.802264109253883362e-02,-1.269096136093139648e-01,-2.397796511650085449e-02
-4.518210887908935547e-02,-8.004318177700042725e-02,-3.805581629276275635e-01
4.848742485046386719e-02,5.323312804102897644e-02,-3.031722903251647949e-01
-8.478591591119766235e-02,3.032188828910875600e-07,5.472625494003295898e-01
-9.585633873939514160e-02,-1.843094825744628906e-03,-5.117724537849426270e-01
-9.044097363948822021e-02,1.398541629314422607e-01,2.577315568923950195e-01
1.273097097873687744e-02,1.196336746215820312e-01,1.338577270507812500e-01
1.600105613470077515e-01,-1.776033639907836914e-01,1.125842258334159851e-01
1.140717267990112305e-01,-5.111914500594139099e-02,-4.016970694065093994e-01
1.260844897478818893e-02,-1.348084211349487305e-01,-4.709661900997161865e-01
-1.113615036010742188e-01,-7.684210687875747681e-02,1.169757023453712463e-01
1.186164468526840210e-01,6.674253940582275391e-02,-6.805114448070526123e-03
6.359889358282089233e-02,-1.217974424362182617e-01,-3.079287707805633545e-01
1.351937055587768555e-01,5.043832957744598389e-02,-1.282369941473007202e-01
-8.738749474287033081e-02,1.518675088882446289e-01,7.954040169715881348e-02
-3.877199441194534302e-02,-9.589469432830810547e-02,-2.033374011516571045e-01
8.779937773942947388e-02,2.958209961434477009e-07,4.593093395233154297e-01
5.904793739318847656e-02,-5.289272591471672058e-02,-2.451367080211639404e-01
-2.085113525390625000e-02,-9.316267073154449463e-02,-5.459799766540527344e-01
-9.472715109586715698e-02,-2.184760570526123047e-02,-4.255120754241943359e-01
1.740661635994911194e-02,-1.102442741394042969e-01,5.630941390991210938e-01
-1.009520292282104492e-01,-7.734560966491699219e-02,4.289642274379730225e-01
1.180241778492927551e-01,-7.489478588104248047e-02,1.128509454429149628e-02
1.942193508148193359e-02,1.084506362676620483e-01,3.138137757778167725e-01
-1.423989385366439819e-01,9.715449810028076172e-02,-6.687011569738388062e-03
-1.570498645305633545e-01,9.446283429861068726e-02,2.361971139907836914e-01
6.184278428554534912e-02,-1.653794050216674805e-01,2.162860035896301270e-01
1.433769464492797852e-01,-1.004527360200881958e-01,3.265933096408843994e-01
-3.953423351049423218e-02,6.437146663665771484e-02,4.383932352066040039e-01
-3.812909871339797974e-02,1.224935054779052734e-01,-9.409942477941513062e-02
5.741524696350097656e-02,-1.060000658035278320e-01,4.215521216392517090e-01
-1.899225711822509766e-01,7.304212450981140137e-02,7.755248993635177612e-02
-8.716917037963867188e-02,-2.598623372614383698e-02,-2.959561049938201904e-01
1.379976272583007812e-01,7.448207952620577998e-07,3.270416259765625000e-01
8.765876293182373047e-02,1.040472015738487244e-01,-1.684588640928268433e-01
1.200464963912963867e-01,5.092655494809150696e-02,9.866241365671157837e-02
6.057311967015266418e-02,-1.821800917387008667e-01,-9.142374992370605469e-02
1.139043569564819336e-01,7.563093618045968469e-07,2.233590632677078247e-01
-9.238345175981521606e-02,-6.336772441864013672e-02,2.680157423019409180e-01
5.573394522070884705e-02,-1.850558072328567505e-02,-5.514895915985107422e-01
-1.360262632369995117e-01,2.519903890788555145e-02,2.557430863380432129e-01
1.213705539703369141e-02,-1.382181346416473389e-01,3.398184180259704590e-01
-1.112622022628784180e-01,4.232030361890792847e-02,3.870937824249267578e-01
-8.327849954366683960e-02,-7.291980832815170288e-02,5.700508356094360352e-01
6.386703252792358398e-02,1.151598691940307617e-01,-6.591491401195526123e-03
-3.892547637224197388e-02,-8.955693244934082031e-02,2.086767554283142090e-01
-1.433871239423751831e-01,8.603298664093017578e-02,-7.861693948507308960e-02
-8.194375038146972656e-02,7.826503366231918335e-02,-2.972235083580017090e-01
1.258756127208471298e-02,-1.374362707138061523e-01,2.814147807657718658e-02
1.587172746658325195e-01,-9.946277737617492676e-02,7.922698557376861572e-02
1.090792417526245117e-01,7.586101560264069121e-07,-3.469229042530059814e-01
8.561170101165771484e-02,-1.041804701089859009e-01,-4.672784209251403809e-01
-3.813494741916656494e-02,-1.222515106201171875e-01,-9.411376714706420898e-02
-1.269235610961914062e-01,2.534570172429084778e-02,1.332531720399856567e-01
1.097048893570899963e-01,-1.894452571868896484e-01,1.621539294719696045e-01
-3.834933042526245117e-02,1.133934259414672852e-01,2.055880725383758545e-01
6.177771091461181641e-02,-1.057185456156730652e-01,-1.895742714405059814e-01
1.350444555282592773e-01,7.462289772774965968e-07,-1.807202100753784180e-01
-1.202099323272705078e-01,-2.545387670397758484e-02,-5.911926180124282837e-02
-1.503103673458099365e-01,1.513212323188781738e-01,1.394814252853393555e-01
9.173023700714111328e-02,7.668828061468957458e-07,-2.766952514648437500e-01
-5.923767015337944031e-02,5.579235032200813293e-02,-5.465451478958129883e-01
9.522032737731933594e-02,-1.556104868650436401e-01,-6.700133904814720154e-03
1.268690917640924454e-02,1.250687837600708008e-01,4.582702368497848511e-02
-1.176954507827758789e-01,2.549439109861850739e-02,-1.119815036654472351e-01
1.334329247474670410e-01,-1.383632123470306396e-01,2.731081247329711914e-01
-7.226860523223876953e-02,-7.873302698135375977e-02,3.412020802497863770e-01
-9.217746555805206299e-02,6.700956821441650391e-02,-3.948275744915008545e-01
-4.389655590057373047e-02,-2.668344601988792419e-02,-2.473037689924240112e-01
1.293009519577026367e-02,9.491539001464843750e-02,-4.253323376178741455e-01
-3.797762840986251831e-02,1.287719011306762695e-01,2.928713858127593994e-01
-9.285648167133331299e-02,5.497884750366210938e-02,-1.902682483196258545e-01
-8.937543630599975586e-02,1.166446208953857422e-01,3.320403993129730225e-01
-9.124711900949478149e-02,8.349156379699707031e-02,2.915832400321960449e-02
1.253636647015810013e-02,-1.437909603118896484e-01,2.544488608837127686e-01
8.020690828561782837e-02,-1.298104971647262573e-01,3.613162040710449219e-01
1.330512762069702148e-01,-5.050738528370857239e-02,-1.109381094574928284e-01
-9.125043451786041260e-02,8.343112468719482422e-02,-4.262298345565795898e-02
1.267630234360694885e-02,-1.264200210571289062e-01,-3.614651262760162354e-01
1.615515947341918945e-01,-9.927988052368164062e-02,1.650570631027221680e-01
-4.771270602941513062e-02,3.824445232748985291e-02,5.136300325393676758e-01
1.291439402848482132e-02,9.686446189880371094e-02,-3.310315012931823730e-01
1.265157759189605713e-02,1.294894218444824219e-01,-4.134399443864822388e-02
-3.828280791640281677e-02,1.161260604858398438e-01,9.888458251953125000e-02
2.492535114288330078e-02,-1.392505019903182983e-01,-6.475219875574111938e-02
6.366860121488571167e-02,-1.200674772262573242e-01,-1.118899509310722351e-01
6.677190214395523071e-02,4.307627677917480469e-02,2.335229367017745972e-01
5.643653869628906250e-02,5.297689884901046753e-02,-4.749819934368133545e-01
1.090156063437461853e-01,-1.989336013793945312e-01,4.379150271415710449e-02
-5.991399288177490234e-02,-1.324015557765960693e-01,4.408892691135406494e-01
5.603912100195884705e-02,-3.720868378877639771e-02,5.456943511962890625e-01
6.454383581876754761e-02,9.836053848266601562e-02,1.536730974912643433e-01
6.543247401714324951e-02,7.631385326385498047e-02,3.590740859508514404e-01
1.310708839446306229e-02,7.290828227996826172e-02,-2.429479956626892090e-01
9.555137157440185547e-02,7.650607471987314057e-07,-4.251501262187957764e-01
1.571615934371948242e-01,-9.956318885087966919e-02,2.352200299501419067e-01
1.295647211372852325e-02,9.164106845855712891e-02,3.929852247238159180e-01
1.261722203344106674e-02,1.337542533874511719e-01,-1.282925456762313843e-01
1.274326443672180176e-01,-5.465292930603027344e-02,2.081002742052078247e-01
-8.515846729278564453e-02,-7.810954004526138306e-02,-1.685668975114822388e-01
1.179428920149803162e-01,7.601404190063476562e-02,-7.900238037109375000e-02
-1.029293537139892578e-01,2.573230490088462830e-02,-4.613659679889678955e-01
-1.238858699798583984e-01,-2.539464645087718964e-02,1.091735810041427612e-02
-1.283289194107055664e-01,-2.532305568456649780e-02,9.810699522495269775e-02
-1.387934833765029907e-01,1.377391815185546875e-01,2.031713873147964478e-01
1.060637235641479492e-01,-5.137726292014122009e-02,-4.606399536132812500e-01
-9.148846566677093506e-02,-7.922291755676269531e-02,1.738052368164062500e-01
-9.084048867225646973e-02,-9.070217609405517578e-02,-2.456176653504371643e-02
9.669125080108642578e-02,-1.034654900431632996e-01,-3.503515422344207764e-01
-9.348714351654052734e-02,-2.588443458080291748e-02,-3.690658509731292725e-01
-9.419918060302734375e-02,-2.587296813726425171e-02,3.923983573913574219e-01
-1.358343362808227539e-01,-2.520213276147842407e-02,2.915078699588775635e-01
-9.354686737060546875e-02,2.588348090648651123e-02,-2.764187455177307129e-01
-5.899596959352493286e-02,-1.852799206972122192e-02,-5.500580072402954102e-01
2.738904953002929688e-02,5.391318723559379578e-02,-5.442590117454528809e-01
-1.549952030181884766e-01,4.461967945098876953e-02,2.071795612573623657e-01
1.726806536316871643e-02,-5.474974587559700012e-02,-5.681537389755249023e-01
-1.877405643463134766e-01,1.220823004841804504e-01,1.115835532546043396e-01
1.255785766988992691e-02,-1.411234140396118164e-01,1.146539300680160522e-01
1.293415483087301254e-02,-9.441161155700683594e-02,-2.215771377086639404e-01
1.091991662979125977e-01,7.585529715470329393e-07,4.074148535728454590e-01
1.202932596206665039e-01,7.532628956141707022e-07,1.691317707300186157e-01
1.333214044570922852e-01,7.470505920537107158e-07,1.152239963412284851e-01
1.313543319702148438e-01,-5.056207999587059021e-02,-4.131500050425529480e-02
1.286084651947021484e-01,-5.065058544278144836e-02,6.318999826908111572e-02
-1.482483148574829102e-01,2.500211261212825775e-02,3.249377310276031494e-01
-1.164060831069946289e-01,-2.551516517996788025e-02,-1.297262609004974365e-01
1.263971440494060516e-02,-1.309275627136230469e-01,-4.157894849777221680e-01
-3.796384111046791077e-02,-1.293227672576904297e-01,1.506240814924240112e-01
1.087330132722854614e-01,-2.028272151947021484e-01,1.104022189974784851e-01
-1.532649248838424683e-01,2.514851093292236328e-02,1.199523918330669403e-02
1.468299627304077148e-01,-5.006325617432594299e-02,3.433791995048522949e-01
-3.845942392945289612e-02,1.088190078735351562e-01,1.525903344154357910e-01
-3.866026923060417175e-02,1.005170345306396484e-01,-2.027514576911926270e-01
-3.812478855252265930e-02,1.226717233657836914e-01,-1.468521058559417725e-01
6.141667068004608154e-02,-1.759488582611083984e-01,1.462286412715911865e-01
-4.551910236477851868e-02,-1.093073338270187378e-01,5.727523565292358398e-01
-3.856797516345977783e-02,1.043359041213989258e-01,-3.111740052700042725e-01
1.237088441848754883e-01,5.080851539969444275e-02,4.588897526264190674e-02
1.111566200852394104e-01,-1.694557666778564453e-01,2.334744185209274292e-01
1.430983543395996094e-01,7.423885790558415465e-07,2.723004221916198730e-01
-3.822707757353782654e-02,-1.184396743774414062e-01,-1.472460925579071045e-01
-3.865870460867881775e-02,1.005823612213134766e-01,-4.239407181739807129e-01
-3.878933563828468323e-02,9.518957138061523438e-02,-5.024780035018920898e-01
1.389932632446289062e-01,7.443460390277323313e-07,-6.487121339887380600e-03
1.436116695404052734e-01,7.421438112942269072e-07,-1.101330518722534180e-01
-8.222274482250213623e-02,8.483669161796569824e-02,3.853713274002075195e-01
1.275929342955350876e-02,-1.161179542541503906e-01,3.870047032833099365e-01
-3.823980689048767090e-02,1.179326772689819336e-01,4.604675248265266418e-02
9.750670939683914185e-02,-5.751421302556991577e-02,-5.109614133834838867e-01
6.068424507975578308e-02,-1.941286325454711914e-01,2.714172378182411194e-02
-3.794026002287864685e-02,-1.303178071975708008e-01,2.827697619795799255e-02
1.272325217723846436e-02,-1.205917596817016602e-01,-3.079241812229156494e-01
1.737213134765625000e-02,2.717954998843197245e-07,5.618685483932495117e-01
-4.936337471008300781e-03,1.100225225090980530e-01,2.599331736564636230e-01
-1.724345684051513672e-01,7.388801127672195435e-02,-4.025909304618835449e-02
1.591477692127227783e-01,-1.858088970184326172e-01,6.119323521852493286e-02
5.989135429263114929e-02,3.976623341441154480e-02,4.663529396057128906e-01
-1.098026037216186523e-01,-2.562156319618225098e-02,2.419683784246444702e-01
1.243561506271362305e-01,5.078765377402305603e-02,-1.820489466190338135e-01
6.712483614683151245e-02,3.431844711303710938e-02,-3.442147672176361084e-01
-3.861211612820625305e-02,-1.025098562240600586e-01,-4.234298467636108398e-01
-1.362817138433456421e-01,1.660115718841552734e-01,7.899840921163558960e-02
-1.088067591190338135e-01,1.402777582406997681e-01,3.765189647674560547e-02
5.719543248414993286e-02,1.899091526865959167e-02,-5.213685035705566406e-01
5.748367309570312500e-02,2.824653790867159842e-07,5.154541730880737305e-01
-1.117195114493370056e-01,-3.754240274429321289e-02,5.353130102157592773e-01
-1.661968231201171875e-01,7.418972998857498169e-02,2.765502780675888062e-02
-9.022674709558486938e-02,-1.015748977661132812e-01,8.212433010339736938e-02
8.866083621978759766e-02,-1.039837151765823364e-01,-1.502868682146072388e-01
1.287664938718080521e-02,-1.015498638153076172e-01,2.070687860250473022e-01
-5.730834975838661194e-02,-3.599162027239799500e-02,5.834264755249023438e-01
6.557665020227432251e-02,7.273161411285400391e-02,1.926418989896774292e-01
5.511975288391113281e-02,5.301934480667114258e-02,-2.457235604524612427e-01
-7.854473590850830078e-02,2.612519450485706329e-02,-2.237884402275085449e-01
1.292097568511962891e-02,9.601199626922607422e-02,1.897381544113159180e-01
1.657003164291381836e-01,-1.487762629985809326e-01,1.477825939655303955e-01
-3.922900557518005371e-02,-7.698726654052734375e-02,-3.352230787277221680e-01
-3.837480768561363220e-02,-1.123396158218383789e-01,-4.971084594726562500e-01
8.303904533386230469e-02,-1.567916870117187500e-01,-6.078613176941871643e-02
1.768939495086669922e-01,-1.476908326148986816e-01,7.849670201539993286e-02
1.112964153289794922e-01,7.575529252790147439e-07,-2.192398011684417725e-01
1.137258410453796387e-01,-1.340798139572143555e-01,3.287255764007568359e-01
-3.279602155089378357e-02,2.736727253704884788e-07,5.733060836791992188e-01
-1.532422602176666260e-01,2.488851547241210938e-02,-8.402007818222045898e-02
1.245675608515739441e-01,-8.618784695863723755e-02,3.644497394561767578e-01
1.273102499544620514e-02,-1.196389198303222656e-01,-5.334274172782897949e-01
-1.059828996658325195e-01,2.568310126662254333e-02,-4.035885632038116455e-01
-3.851204738020896912e-02,-1.066497564315795898e-01,3.337023854255676270e-01
-8.710086345672607422e-02,7.801558822393417358e-02,-3.521267473697662354e-01
1.307309232652187347e-02,7.716441154479980469e-02,4.348513782024383545e-01
8.908879756927490234e-02,1.039549261331558228e-01,-6.040130555629730225e-02
-3.237915039062500000e-02,-7.166363298892974854e-02,5.895261764526367188e-01
-8.795348554849624634e-02,5.777730792760848999e-02,-5.055619478225708008e-01
-1.124558448791503906e-01,2.557880990207195282e-02,-1.655453443527221680e-01
-1.140351817011833191e-01,8.670415729284286499e-02,3.564244508743286133e-01
1.260716281831264496e-02,-1.350028514862060547e-01,-2.384857088327407837e-02
6.020692735910415649e-02,-2.059731483459472656e-01,-5.594787374138832092e-02
-6.107330322265625000e-02,-5.752114951610565186e-02,-5.108035802841186523e-01
1.217693090438842773e-01,-5.087102949619293213e-02,-3.443340957164764404e-01
-1.543459892272949219e-01,3.731191158294677734e-02,8.946929872035980225e-02
-1.228663921356201172e-01,-2.541107311844825745e-02,1.512188613414764404e-01
4.266387969255447388e-02,-7.342715561389923096e-02,5.621923208236694336e-01
9.337675571441650391e-02,-1.036793813109397888e-01,-6.690368521958589554e-03
6.446927040815353394e-02,1.002151966094970703e-01,-2.028948962688446045e-01
-1.687370538711547852e-01,1.236164420843124390e-01,1.644784510135650635e-01
1.178974434733390808e-01,-7.663989067077636719e-02,-7.897186279296875000e-02
9.370565414428710938e-02,5.177560076117515564e-02,3.926717936992645264e-01
-8.416426181793212891e-02,2.603464946150779724e-02,4.138799905776977539e-01
9.527921676635742188e-02,1.035554409027099609e-01,-1.137893646955490112e-01
8.703842014074325562e-02,-3.962588310241699219e-02,4.706676006317138672e-01
1.177086904644966125e-01,7.923877239227294922e-02,-1.512490808963775635e-01
6.761422753334045410e-02,2.216923236846923828e-02,-4.449557363986968994e-01
-7.714760303497314453e-02,-2.614770270884037018e-02,-2.239813208580017090e-01
-9.485678374767303467e-02,-1.955091953277587891e-02,-4.660186767578125000e-01
6.588163226842880249e-02,6.516826152801513672e-02,2.675122022628784180e-01
9.229195117950439453e-02,-5.182117968797683716e-02,-2.219775319099426270e-01
1.288508530706167221e-02,1.005028486251831055e-01,3.534494042396545410e-01
-1.544140279293060303e-01,3.807771205902099609e-02,1.672851592302322388e-01
-9.247474372386932373e-02,6.174159049987792969e-02,-4.348000884056091309e-01
1.214870810508728027e-01,2.721607685089111328e-02,2.933389246463775635e-01
-2.057006768882274628e-02,5.518250912427902222e-02,-5.592423677444458008e-01
-1.488711833953857422e-01,7.502775639295578003e-02,2.716079652309417725e-01
9.510266780853271484e-02,-5.173057317733764648e-02,4.302538931369781494e-01
3.019165061414241791e-02,-9.228676557540893555e-02,-5.568555593490600586e-01
-1.175177097320556641e-02,-1.362896263599395752e-01,2.962338328361511230e-01
-3.349548205733299255e-02,-5.561689287424087524e-02,-5.502164363861083984e-01
8.946943283081054688e-02,-1.039315089583396912e-01,-4.276492297649383545e-01
1.295970678329467773e-01,5.061871930956840515e-02,-4.136138781905174255e-02
4.738464020192623138e-03,-1.837154291570186615e-02,-5.600037574768066406e-01
1.024271249771118164e-01,7.617821324856777210e-07,-3.856503069400787354e-01
6.858489662408828735e-02,-5.556559562683105469e-02,-5.512937307357788086e-01
4.382583498954772949e-02,-1.130428090691566467e-01,5.342389345169067383e-01
1.797878742218017578e-02,-1.945708245038986206e-01,-6.469298899173736572e-02
-7.180114835500717163e-02,1.853306591510772705e-02,-5.497903823852539062e-01
6.360618770122528076e-02,-1.216208934783935547e-01,-4.944589138031005859e-01
-4.091298580169677734e-02,8.024968206882476807e-02,-2.668557763099670410e-01
-8.773820847272872925e-02,1.456528902053833008e-01,2.192370593547821045e-01
-6.198322772979736328e-02,-7.923051714897155762e-02,2.495037764310836792e-01
-3.871067985892295837e-02,9.843158721923828125e-02,-4.627404808998107910e-01
1.128225326538085938e-01,-5.115941911935806274e-02,1.700198352336883545e-01
1.300102565437555313e-02,-8.612239360809326172e-02,-2.592895328998565674e-01
-1.268121004104614258e-01,1.270009726285934448e-01,2.580532729625701904e-01
1.293739676475524902e-02,9.402120113372802734e-02,-4.638943374156951904e-01
1.128461360931396484e-01,7.568139608338242397e-07,3.692031800746917725e-01
-8.193075656890869141e-02,-7.826565951108932495e-02,3.958071768283843994e-01
1.292352005839347839e-02,9.574329853057861328e-02,-3.872762918472290039e-01
1.178499609231948853e-01,-7.729375362396240234e-02,-1.332632452249526978e-01
1.480989456176757812e-01,-1.001480072736740112e-01,2.719906568527221680e-01
-8.521438390016555786e-02,-1.118259578943252563e-01,5.467903614044189453e-01
6.498779356479644775e-02,-8.734107017517089844e-02,-2.592953443527221680e-01
-1.119840964674949646e-01,-7.522319257259368896e-02,5.343512296676635742e-01
9.316217899322509766e-02,-1.036932244896888733e-01,-3.886938393115997314e-01
-9.555029869079589844e-02,7.760689407587051392e-02,-9.579070657491683960e-02
1.273168995976448059e-02,-1.195446252822875977e-01,-1.825158596038818359e-01
8.309204131364822388e-02,-1.891720294952392578e-02,-5.259543657302856445e-01
2.970962412655353546e-02,-3.635780140757560730e-02,5.722630023956298828e-01
-1.776349544525146484e-02,8.136941492557525635e-02,4.115035831928253174e-01
6.356483697891235352e-02,1.226586103439331055e-01,-1.469296216964721680e-01
4.642944317311048508e-03,-7.194438576698303223e-02,5.852006673812866211e-01
-8.470225334167480469e-02,-7.813160866498947144e-02,3.013497889041900635e-01
9.707117080688476562e-02,-1.034409627318382263e-01,-3.131493926048278809e-01
6.422934681177139282e-02,1.061692237854003906e-01,1.173162832856178284e-01
1.205873265862464905e-01,3.960216045379638672e-02,1.410021930932998657e-01
-9.026405215263366699e-02,-1.009141206741333008e-01,1.356545984745025635e-01
-8.923990279436111450e-02,1.190508604049682617e-01,2.950662076473236084e-01
6.350147724151611328e-02,-1.242192983627319336e-01,-3.622528016567230225e-01
1.097391843795776367e-01,7.582954708595934790e-07,-3.100298941135406494e-01
6.574193388223648071e-02,6.863462924957275391e-02,3.229989409446716309e-01
3.018585219979286194e-02,1.847329363226890564e-02,-5.535629987716674805e-01
-3.843085840344429016e-02,-1.100088357925415039e-01,-4.593957364559173584e-01
-1.053205728530883789e-01,-2.569377794861793518e-02,4.273483157157897949e-01
-1.083616018295288086e-01,2.564477548003196716e-02,-3.103387355804443359e-01
1.104062274098396301e-01,-1.797882318496704102e-01,1.974459737539291382e-01
7.787024974822998047e-02,1.046788766980171204e-01,2.927398681640625000e-02
6.210538744926452637e-02,-1.588675975799560547e-01,2.521798610687255859e-01
-3.800665959715843201e-02,1.275589466094970703e-01,3.293234109878540039e-01
1.305181346833705902e-02,7.980573177337646484e-02,-2.787557840347290039e-01
6.746195256710052490e-02,2.594816684722900391e-02,-2.882464528083801270e-01
1.454960107803344727e-01,-1.003159806132316589e-01,4.532531648874282837e-02
-9.417307376861572266e-02,-2.587337978184223175e-02,-3.316195607185363770e-01
1.265768986195325851e-02,-1.287305355072021484e-01,4.210339188575744629e-01
-3.992040455341339111e-02,-4.840266704559326172e-02,-2.842324674129486084e-01
-9.242582321166992188e-02,-7.775802165269851685e-02,-1.318276971578598022e-01
-9.105662256479263306e-02,-8.687329292297363281e-02,-6.045501679182052612e-02
-9.124688059091567993e-02,8.349573612213134766e-02,-6.728210486471652985e-03
-1.478717327117919922e-01,1.253008544445037842e-01,2.804351784288883209e-02
9.188115596771240234e-02,-1.037758886814117432e-01,-9.609710425138473511e-02
9.127461910247802734e-02,5.185396969318389893e-02,3.556616008281707764e-01
9.380567073822021484e-02,-1.036517024040222168e-01,2.898650988936424255e-02
-1.330038309097290039e-01,2.524773590266704559e-02,3.645614683628082275e-01
-1.554410755634307861e-01,4.963827133178710938e-02,5.110961943864822388e-02
-1.480566263198852539e-01,2.500520646572113037e-02,2.892300486564636230e-01
-1.837469339370727539e-01,7.334084063768386841e-02,1.285732984542846680e-01
-9.319823980331420898e-02,-4.893314838409423828e-02,3.654141128063201904e-01
1.270914264023303986e-02,1.223435401916503906e-01,9.847106784582138062e-02
3.872942924499511719e-02,-1.403648853302001953e-01,2.063391059637069702e-01
-3.819839283823966980e-02,1.196383237838745117e-01,2.405108660459518433e-01
-1.081418991088867188e-01,-7.699783891439437866e-02,6.405456364154815674e-02
4.964148998260498047e-02,5.319592356681823730e-02,-5.168569684028625488e-01
-1.183251142501831055e-01,-2.548423781991004944e-02,-9.433288127183914185e-02
1.264074910432100296e-02,-1.308335065841674805e-01,-1.110409498214721680e-01
-1.427913159132003784e-01,9.273791313171386719e-02,-4.247680678963661194e-02
4.024352878332138062e-02,1.230131611227989197e-01,-1.762518882751464844e-01
6.161542609333992004e-02,-1.710170507431030273e-01,1.810064613819122314e-01
1.595193147659301758e-01,-4.965423792600631714e-02,3.049154579639434814e-01
-3.807822242379188538e-02,-1.245982646942138672e-01,-5.896453559398651123e-02
-3.816923871636390686e-02,1.208248138427734375e-01,-4.158294573426246643e-02
-1.220625638961791992e-01,-2.542402595281600952e-02,-2.404785156250000000e-02
1.276375055313110352e-01,-5.068187415599822998e-02,9.818847477436065674e-02
1.267280895262956619e-02,1.268538236618041992e-01,1.089599542319774628e-02
-1.224112510681152344e-01,2.541840821504592896e-02,2.841491624712944031e-02
-1.256816387176513672e-01,-2.536571398377418518e-02,4.581390321254730225e-02
-8.734285086393356323e-02,1.526583433151245117e-01,1.312649548053741455e-01
1.600148677825927734e-01,-9.937904030084609985e-02,1.999035626649856567e-01
1.263080444186925888e-02,1.320797204971313477e-01,-9.350341558456420898e-02
1.349773406982421875e-01,7.462609801223152317e-07,8.028014749288558960e-02
9.322997927665710449e-02,-8.484511077404022217e-02,3.852717876434326172e-01
-3.781733661890029907e-02,-1.353918313980102539e-01,1.151055917143821716e-01
-1.884865760803222656e-02,8.131692558526992798e-02,-2.322686761617660522e-01
1.437935829162597656e-01,7.420570682370453142e-07,-1.448434442281723022e-01
1.256803236901760101e-02,-1.398258209228515625e-01,8.003418147563934326e-02
1.616904735565185547e-01,-9.927091747522354126e-02,1.305621266365051270e-01
5.533862113952636719e-02,5.301229283213615417e-02,-4.360320866107940674e-01
6.376706808805465698e-02,1.176404953002929688e-01,-4.168853536248207092e-02
6.036590412259101868e-02,-2.020282745361328125e-01,-6.230163387954235077e-03
1.289593894034624100e-02,9.915554523468017578e-02,-2.209222316741943359e-01
1.082957535982131958e-01,-2.088454961776733398e-01,7.669250667095184326e-02
-1.917775869369506836e-01,1.217564269900321960e-01,7.761840522289276123e-02
6.125066801905632019e-02,-1.800729036331176758e-01,1.118765249848365784e-01
-1.754988431930541992e-01,7.373979687690734863e-02,-6.342773325741291046e-03
-9.574340283870697021e-02,-3.843784332275390625e-03,2.200686633586883545e-01
6.352330744266510010e-02,-1.236774921417236328e-01,-4.368017613887786865e-01
1.449009180068969727e-01,-5.012542754411697388e-02,2.367199659347534180e-01
6.184646859765052795e-02,-1.652835607528686523e-01,4.469177126884460449e-02
1.390672922134399414e-01,-1.513587832450866699e-01,2.385986298322677612e-01
7.066757231950759888e-02,-3.817684575915336609e-02,5.156482458114624023e-01
-1.682335138320922852e-01,7.409121096134185791e-02,1.986560076475143433e-01
-1.246186494827270508e-01,2.538283914327621460e-02,9.833861887454986572e-02
8.922934532165527344e-02,-5.191989243030548096e-02,-2.589163184165954590e-01
1.330202817916870117e-01,5.050838366150856018e-02,-9.349273145198822021e-02
1.179661452770233154e-01,-7.569408416748046875e-02,-2.481658942997455597e-02
8.665812015533447266e-02,7.693013799325854052e-07,-2.408871352672576904e-01
1.304662227630615234e-01,-5.059070140123367310e-02,-6.525878794491291046e-03
1.228195130825042725e-01,2.415684610605239868e-02,-2.007520198822021484e-01
-2.981054782867431641e-02,-1.348317712545394897e-01,4.291381835937500000e-01
1.326743364334106445e-01,-5.051953345537185669e-02,-1.459539830684661865e-01
-6.242084503173828125e-02,7.920935750007629395e-02,-2.077624499797821045e-01
1.221047267317771912e-01,1.870858669281005859e-02,2.564700245857238770e-01
1.176261752843856812e-01,8.037495613098144531e-02,-1.149096637964248657e-01
-8.866727352142333984e-02,7.793981581926345825e-02,-1.682006865739822388e-01
1.723029613494873047e-01,-1.481360197067260742e-01,1.128842160105705261e-01
1.295512914657592773e-01,-5.062019079923629761e-02,2.829711884260177612e-02
-1.375744342803955078e-01,1.514594554901123047e-01,4.523529112339019775e-02
-1.455824226140975952e-01,6.132113933563232422e-02,-9.810485690832138062e-02
-1.365894973278045654e-01,1.625429391860961914e-01,1.135201975703239441e-01
6.546418368816375732e-02,-7.551503181457519531e-02,-2.243594378232955933e-01
-9.042620658874511719e-02,-9.804165363311767578e-02,4.668639972805976868e-02
6.465947628021240234e-02,-9.548366069793701172e-02,3.923519849777221680e-01
1.237838715314865112e-01,-4.284527152776718140e-02,3.707906007766723633e-01
-5.259353667497634888e-02,8.426860719919204712e-02,3.941707611083984375e-01
-6.643414497375488281e-02,7.901523262262344360e-02,-5.119299292564392090e-01
2.670025825500488281e-02,5.393539369106292725e-02,-2.689672708511352539e-01
1.026199311017990112e-01,-2.018388547003269196e-02,-4.473264217376708984e-01
-5.427789688110351562e-02,-7.960322499275207520e-02,-4.365966618061065674e-01
9.053070098161697388e-02,4.121587797999382019e-02,4.213405847549438477e-01
7.154052704572677612e-02,7.123667746782302856e-02,-2.273257970809936523e-01
-1.353800296783447266e-01,2.520944736897945404e-02,2.203637659549713135e-01
1.419349908828735352e-01,-2.019325047731399536e-01,8.059173077344894409e-02
7.671722024679183960e-02,2.072536200284957886e-02,-4.137629270553588867e-01
-9.256875514984130859e-02,2.589923515915870667e-02,-5.228460431098937988e-01
-4.564819112420082092e-02,1.829715818166732788e-02,-5.645059347152709961e-01
-1.377544999122619629e-01,1.494339704513549805e-01,1.666656434535980225e-01
1.322158575057983398e-01,-5.053430795669555664e-02,-7.610747963190078735e-02
-1.542627513408660889e-01,3.637993335723876953e-02,1.282080113887786865e-01
6.261627376079559326e-02,-1.461853981018066406e-01,3.436224162578582764e-01
6.730172783136367798e-02,2.992880344390869141e-02,-3.839288353919982910e-01
1.248546130955219269e-02,-1.500760316848754883e-01,3.066354393959045410e-01
-8.164214901626110077e-03,3.797696903347969055e-02,5.219420194625854492e-01
8.475410938262939453e-02,1.042346432805061340e-01,-2.466461062431335449e-02
3.976428508758544922e-02,-1.404484212398529053e-01,1.673330664634704590e-01
-7.707166671752929688e-02,-2.614892832934856415e-02,-5.278869271278381348e-01
1.069384738802909851e-01,7.301322370767593384e-02,-1.905579566955566406e-01
-3.875894844532012939e-02,-9.644675254821777344e-02,2.440402209758758545e-01
-8.318908512592315674e-02,-3.643978759646415710e-02,5.695363283157348633e-01
1.201756671071052551e-01,-4.527032375335693359e-02,-1.915902644395828247e-01
7.214950770139694214e-02,2.884559648919093888e-07,4.902508258819580078e-01
-9.280709177255630493e-02,5.585360527038574219e-02,-4.756597876548767090e-01
6.373611837625503540e-02,-1.183965206146240234e-01,-1.473266631364822388e-01
7.384443283081054688e-02,-1.049398183822631836e-01,-2.803542912006378174e-01
8.442779630422592163e-02,-9.600685536861419678e-02,-5.107569694519042969e-01
-9.063057601451873779e-02,-9.442067146301269531e-02,1.113769505172967911e-02
-1.360372304916381836e-01,2.519886754453182220e-02,1.850213557481765747e-01
-3.844325244426727295e-02,-1.094961166381835938e-01,1.881918311119079590e-01
-3.924581781029701233e-02,-7.631158828735351562e-02,-2.241329848766326904e-01
-1.854397505521774292e-01,1.009566187858581543e-01,1.355602741241455078e-01
6.639250367879867554e-02,5.248630046844482422e-02,4.418081641197204590e-01
5.304312705993652344e-02,5.308628082275390625e-02,-3.593285977840423584e-01
-1.466154158115386963e-01,4.969525337219238281e-02,3.087325990200042725e-01
-3.316375613212585449e-02,-1.836168766021728516e-02,-5.603903532028198242e-01
7.951659709215164185e-02,-1.844311356544494629e-01,-7.157266139984130859e-02
4.865600541234016418e-02,8.373994380235671997e-02,4.023427963256835938e-01
-9.959548711776733398e-02,3.086909430294326739e-07,5.241881608963012695e-01
1.130994707345962524e-01,-1.427017450332641602e-01,2.909545898437500000e-01
-7.837219163775444031e-03,-1.092202141880989075e-01,5.736718177795410156e-01
-9.316573292016983032e-02,-4.950201511383056641e-02,-1.909017860889434814e-01
-9.587581455707550049e-02,1.489043235778808594e-03,4.156600832939147949e-01
9.131205081939697266e-02,7.670822128602594603e-07,2.083883583545684814e-01
3.962826728820800781e-02,1.071467101573944092e-01,1.595101952552795410e-01
-1.671078205108642578e-01,7.414566725492477417e-02,-7.446197420358657837e-02
-8.563709259033203125e-02,-2.601092308759689331e-02,2.091506868600845337e-01
-1.356378197669982910e-01,9.111125022172927856e-02,2.881227731704711914e-01
1.148378998041152954e-01,-1.187674999237060547e-01,3.503222465515136719e-01
-9.534478187561035156e-02,2.585451118648052216e-02,-2.033740133047103882e-01
1.225868333131074905e-02,-1.782615184783935547e-01,-4.006042331457138062e-02
-5.814636126160621643e-02,2.634006648349895841e-07,5.665491819381713867e-01
-6.201370060443878174e-02,3.894675895571708679e-02,4.917490482330322266e-01
8.831417560577392578e-02,-2.025367170572280884e-01,9.232085943222045898e-02
-9.309257566928863525e-02,5.079793930053710938e-02,-2.841891348361968994e-01
1.263586245477199554e-02,-1.314401626586914062e-01,-5.101528763771057129e-01
-1.063609123229980469e-02,1.103903353214263916e-01,3.589068651199340820e-01
-1.138979196548461914e-01,-2.555557340383529663e-02,3.690063357353210449e-01
-8.838331699371337891e-02,-2.596667408943176270e-02,-5.045272707939147949e-01
-1.277845799922943115e-01,3.351282487074058736e-07,3.671470880508422852e-01
-5.868184566497802734e-02,-7.939021289348602295e-02,3.631030321121215820e-01
2.474334649741649628e-02,-1.827335059642791748e-01,-8.656132221221923828e-02
1.282219868153333664e-02,1.083211898803710938e-01,2.783920168876647949e-01
-1.083288565278053284e-01,1.421582102775573730e-01,2.339816093444824219e-01
-5.735915899276733398e-02,-7.200974971055984497e-02,5.841628313064575195e-01
4.253539815545082092e-02,-5.492208898067474365e-02,-5.645514726638793945e-01
7.109165191650390625e-02,7.767240504108485766e-07,-2.616958618164062500e-01
-7.878112606704235077e-03,-5.495665967464447021e-02,-5.639725923538208008e-01
-9.239061176776885986e-02,-6.323373317718505859e-02,3.432406485080718994e-01
4.766845609992742538e-03,-9.230614453554153442e-02,-5.565762519836425781e-01
1.271264534443616867e-02,-1.219085454940795898e-01,2.222393751144409180e-01
-1.026400327682495117e-01,-7.726396620273590088e-02,-6.645812653005123138e-03
4.762268159538507462e-03,5.536599457263946533e-02,-5.554630756378173828e-01
3.000884875655174255e-02,-1.836488954722881317e-02,-5.602903366088867188e-01
4.354476928710937500e-02,2.774590370790974703e-07,5.364828109741210938e-01
1.044708192348480225e-01,2.378450334072113037e-02,-2.238785028457641602e-01
-3.882775828242301941e-02,-9.358000755310058594e-02,3.550713956356048584e-01
1.260941028594970703e-01,5.073162913322448730e-02,1.090637221932411194e-02
-7.886962965130805969e-03,2.726558250287780538e-07,5.719096660614013672e-01
-3.861802443861961365e-02,-1.022652387619018555e-01,-5.197765827178955078e-01
8.759510517120361328e-02,5.197256803512573242e-02,1.908267140388488770e-01
-3.235305845737457275e-02,-3.582147881388664246e-02,5.887230634689331055e-01
1.303603127598762512e-02,8.176493644714355469e-02,-5.263088941574096680e-01
-2.559733390808105469e-02,-1.351718753576278687e-01,4.887847974896430969e-02
1.028144359588623047e-01,-1.030703410506248474e-01,3.723095655441284180e-01
1.255698204040527344e-01,7.507468353651347570e-07,3.478988707065582275e-01
1.315080001950263977e-02,-6.748187541961669922e-02,-2.437582314014434814e-01
5.954051017761230469e-02,5.287685245275497437e-02,2.126144319772720337e-01
1.593807935714721680e-01,-1.475333869457244873e-01,1.785317659378051758e-01
-3.899380192160606384e-02,8.671832084655761719e-02,-5.248342752456665039e-01
-1.035009622573852539e-01,-7.722233235836029053e-02,1.532345563173294067e-01
1.264835894107818604e-02,1.299005746841430664e-01,-1.637100130319595337e-01
1.316086053848266602e-01,-1.012121737003326416e-01,3.472854495048522949e-01
1.182723864912986755e-01,7.147991657257080078e-02,-4.298278689384460449e-02
-5.683851242065429688e-02,-7.947937399148941040e-02,-2.084707617759704590e-01
1.121823266148567200e-01,-1.553329229354858398e-01,2.708721756935119629e-01
-9.039586037397384644e-02,-9.858381748199462891e-02,4.297811686992645264e-01
-5.437314510345458984e-02,-7.959862053394317627e-02,-5.157098174095153809e-01
-7.690596580505371094e-02,-7.850871980190277100e-02,1.922164857387542725e-01
-9.015105664730072021e-02,1.414153128862380981e-01,5.171251296997070312e-02
1.285910792648792267e-02,-1.037273406982421875e-01,-2.746402025222778320e-01
6.786231696605682373e-02,1.601314544677734375e-02,-4.868066310882568359e-01
-1.000527143478393555e-01,2.577865310013294220e-02,-5.008739829063415527e-01
-5.122005939483642578e-02,2.656544931232929230e-02,-2.462103217840194702e-01
1.182010546326637268e-01,-7.245945930480957031e-02,-3.181335330009460449e-01
2.871227264404296875e-02,-1.395561993122100830e-01,1.201202347874641418e-02
-9.177325665950775146e-02,7.417047023773193359e-02,-3.174688518047332764e-01
6.333529949188232422e-02,7.804225674590270501e-07,-5.322857499122619629e-01
1.298074238002300262e-02,8.864033222198486328e-02,2.451644837856292725e-01
-1.544437706470489502e-01,3.841269016265869141e-02,3.143066167831420898e-02
6.388676166534423828e-02,-1.146582365036010742e-01,-5.160125494003295898e-01
-3.849006071686744690e-02,-1.075712442398071289e-01,-1.839465349912643433e-01
6.399970501661300659e-02,1.118628978729248047e-01,-1.835458278656005859e-01
1.282674726098775864e-02,1.077446937561035156e-01,1.704806536436080933e-01
1.674985885620117188e-01,-1.486018747091293335e-01,4.480011016130447388e-02
1.054462194442749023e-01,-5.139717459678649902e-02,-2.744781374931335449e-01
-3.838297352194786072e-02,1.120015382766723633e-01,-1.834344416856765747e-01
-9.346635639667510986e-02,-4.417598247528076172e-02,1.961752325296401978e-01
1.013277769088745117e-01,7.623063424944120925e-07,4.283627271652221680e-01
-9.980511665344238281e-02,-7.740109413862228394e-02,-4.217346012592315674e-02
1.278418302536010742e-01,-2.037590146064758301e-01,9.894531220197677612e-02
-1.557142287492752075e-01,5.271291732788085938e-02,2.279394418001174927e-01
-1.401950418949127197e-01,1.219631433486938477e-01,2.410324066877365112e-01
1.100964248180389404e-01,-1.840516328811645508e-01,2.737304568290710449e-02
6.401956826448440552e-02,1.113702058792114258e-01,4.626189917325973511e-02
4.555557295680046082e-02,3.922253102064132690e-02,4.832406044006347656e-01
1.090364456176757812e-01,7.586305628137779422e-07,1.881912201642990112e-01
-3.912426531314849854e-02,8.134055137634277344e-02,-2.234387099742889404e-01
-9.425258636474609375e-02,-2.587210759520530701e-02,-2.035125643014907837e-01
1.134470701217651367e-01,5.113928020000457764e-02,-2.011581361293792725e-01
-7.828259468078613281e-02,2.612941712141036987e-02,-2.605743408203125000e-01
-8.298950269818305969e-03,9.641681611537933350e-02,-5.056830644607543945e-01
8.873992413282394409e-02,7.189445942640304565e-02,-2.137274742126464844e-01
1.606562137603759766e-01,-1.714569330215454102e-01,4.472106695175170898e-02
1.274759694933891296e-02,-1.175348758697509766e-01,1.871920675039291382e-01
-1.089680194854736328e-02,-8.170155435800552368e-02,-2.716836631298065186e-01
-8.156883716583251953e-02,7.828316837549209595e-02,-4.101959168910980225e-01
-1.019011735916137695e-01,1.290120035409927368e-01,2.804153263568878174e-01
-8.983527868986129761e-02,1.085015535354614258e-01,3.522302210330963135e-01
-7.510995864868164062e-02,-7.859558612108230591e-02,-1.878607124090194702e-01
6.226466968655586243e-02,-1.549102067947387695e-01,3.237634301185607910e-01
-1.458877325057983398e-01,1.254610270261764526e-01,2.195672541856765747e-01
7.996380329132080078e-02,7.724934789621329401e-07,-5.070968270301818848e-01
-1.411634236574172974e-01,1.110618114471435547e-01,2.608148157596588135e-01
-3.914904594421386719e-02,-8.028709888458251953e-02,2.281600832939147949e-01
-9.198670089244842529e-02,-7.039618492126464844e-02,3.229019045829772949e-01
1.193610280752182007e-01,5.649006366729736328e-02,6.622955203056335449e-02
3.382324054837226868e-02,8.274140208959579468e-02,4.178279638290405273e-01
-3.940413519740104675e-02,6.974160671234130859e-02,4.176422059535980225e-01
-1.886505037546157837e-01,8.512869477272033691e-02,5.992114543914794922e-02
-7.919061183929443359e-02,7.839820533990859985e-02,-1.873889118432998657e-01
-9.571516513824462891e-02,-4.344224929809570312e-03,3.950707912445068359e-01
5.612808093428611755e-02,-7.449664920568466187e-02,5.456020832061767578e-01
1.281061023473739624e-02,-1.097478866577148438e-01,-2.015289217233657837e-01
1.283103227615356445e-01,7.494400620089436416e-07,2.391210943460464478e-01
6.493115425109863281e-02,8.875393867492675781e-02,1.726483106613159180e-01
-4.023467749357223511e-02,-3.537976741790771484e-02,-2.675112783908843994e-01
-1.525212228298187256e-01,1.677238941192626953e-02,-6.449005007743835449e-02
-1.753195524215698242e-01,1.230850368738174438e-01,4.450774937868118286e-02
-6.511926651000976562e-03,-1.367126107215881348e-01,3.165948390960693359e-01
6.773389875888824463e-02,1.920461654663085938e-02,-4.657513201236724854e-01
3.508150577545166016e-02,-1.965078115463256836e-01,-7.256469689309597015e-03
8.206748962402343750e-02,5.215073376893997192e-02,2.646698057651519775e-01
1.257562637329101562e-01,7.506579322580364533e-07,-1.994937062263488770e-01
6.206630915403366089e-02,-1.598328351974487305e-01,2.872308194637298584e-01
1.299760211259126663e-02,8.653545379638671875e-02,4.132324159145355225e-01
1.199893280863761902e-01,4.783880710601806641e-02,1.218310520052909851e-01
1.299898624420166016e-01,-1.522390097379684448e-01,2.579009830951690674e-01
1.183214038610458374e-01,7.080221176147460938e-02,-1.703143268823623657e-01
8.842694759368896484e-02,7.684579372835287359e-07,-4.654949903488159180e-01
-9.251037985086441040e-02,-6.111884117126464844e-02,4.010674953460693359e-01
1.327800750732421875e-02,1.088471412658691406e-01,3.343826234340667725e-01
-6.903517246246337891e-02,7.888942211866378784e-02,-2.809280455112457275e-01
-3.835235163569450378e-02,-1.132766008377075195e-01,3.139971792697906494e-01
-1.350494623184204102e-01,-2.521477639675140381e-02,3.277017176151275635e-01
4.679298400878906250e-02,-1.978342086076736450e-01,1.217559818178415298e-02
-9.493744373321533203e-02,-1.811456680297851562e-02,-4.865780472755432129e-01
8.055794239044189453e-02,-1.045066043734550476e-01,-1.692010462284088135e-01
-2.360473573207855225e-02,8.440717309713363647e-02,3.920143842697143555e-01
8.431053161621093750e-02,-2.020832598209381104e-01,7.217315584421157837e-02
-3.815539926290512085e-02,1.213974952697753906e-01,3.489227294921875000e-01
-1.227142810821533203e-01,-2.541352435946464539e-02,2.579199075698852539e-01
-7.392704486846923828e-02,-7.865279167890548706e-02,2.661740183830261230e-01
-9.263577312231063843e-02,5.888879299163818359e-02,-4.551092386245727539e-01
-1.680350303649902344e-02,-1.358817815780639648e-01,3.041168116033077240e-02
-9.303556382656097412e-02,-5.181515216827392578e-02,2.511584460735321045e-01
-3.865824639797210693e-02,1.006129980087280273e-01,1.712887585163116455e-01
-9.191596508026123047e-02,-2.590974979102611542e-02,-4.452993571758270264e-01
9.202182292938232422e-02,7.667437671443622094e-07,-4.452120959758758545e-01
-7.349073886871337891e-02,7.867390662431716919e-02,-4.899728298187255859e-01
1.033195257186889648e-01,-5.146571993827819824e-02,-4.806750416755676270e-01
1.189778670668601990e-01,6.176328659057617188e-02,2.958099357783794403e-02
8.361995220184326172e-02,-1.043089926242828369e-01,-4.873645007610321045e-01
-1.540738344192504883e-01,1.248001754283905029e-01,2.009097188711166382e-01
-7.764256000518798828e-02,7.847307622432708740e-02,-4.497186243534088135e-01
-1.593669652938842773e-01,7.452008873224258423e-02,2.346701025962829590e-01
1.609821319580078125e-01,-1.683596372604370117e-01,1.304409801959991455e-01
-7.559955120086669922e-02,-2.617264911532402039e-02,-2.795068323612213135e-01
-9.068432450294494629e-02,-9.346854686737060547e-02,1.542626917362213135e-01
9.474754333496093750e-02,1.035897508263587952e-01,-1.497192382812500000e-01
1.087697744369506836e-01,-5.129004269838333130e-02,-4.408041238784790039e-01
-3.967813029885292053e-02,5.840551853179931641e-02,-5.542398095130920410e-01
-9.467463940382003784e-02,-2.277743816375732422e-02,-4.055221378803253174e-01
1.437447071075439453e-01,7.420803740387782454e-07,3.078778088092803955e-01
1.217056661844253540e-01,2.420330047607421875e-02,3.130938708782196045e-01
1.224218457937240601e-01,1.434206962585449219e-02,3.343560695648193359e-01
-3.814953938126564026e-02,-1.216595172882080078e-01,1.690347194671630859e-01
9.901869297027587891e-02,7.634073995177459437e-07,-4.052993655204772949e-01
-1.546252965927124023e-01,4.045605659484863281e-02,1.870764046907424927e-01
5.607569217681884766e-02,5.298852920532226562e-02,-4.948977530002593994e-01
4.968166351318359375e-02,5.319463089108467102e-02,2.325240969657897949e-01
6.721047312021255493e-02,3.219354152679443359e-02,-3.639840483665466309e-01
-1.154873371124267578e-01,-2.552997134625911713e-02,1.696682721376419067e-01
1.488631963729858398e-01,-1.000986844301223755e-01,3.075036406517028809e-01
-9.203886985778808594e-02,6.946325302124023438e-02,-3.751324415206909180e-01
8.756136894226074219e-02,-1.040546596050262451e-01,-4.473761022090911865e-01
-3.551471233367919922e-02,-8.051078766584396362e-02,-5.419665575027465820e-01
-7.963204383850097656e-02,7.837685942649841309e-02,-4.298702776432037354e-01
-1.431949138641357422e-01,2.508353814482688904e-02,3.440490663051605225e-01
9.876966476440429688e-02,-5.161238461732864380e-02,4.102990627288818359e-01
-7.096362113952636719e-02,-7.879614830017089844e-02,3.793887197971343994e-01
-6.035101413726806641e-02,-7.930947095155715942e-02,-4.939312636852264404e-01
1.275042295455932617e-01,7.498244372072804254e-07,1.507543921470642090e-01
-1.115791797637939453e-01,-2.559293620288372040e-02,-1.656368970870971680e-01
7.596325874328613281e-02,-1.574777662754058838e-01,-7.916686683893203735e-02
1.276997923851013184e-01,-5.832815170288085938e-02,1.887515187263488770e-01
-1.058946847915649414e-01,2.568452805280685425e-02,-1.841101050376892090e-01
-3.873772174119949341e-02,9.732472896575927734e-02,-4.823702871799468994e-01
3.895056247711181641e-02,-1.403827369213104248e-01,2.259951680898666382e-01
8.667922019958496094e-02,5.200209096074104309e-02,3.193331956863403320e-01
1.114385128021240234e-01,-5.120402202010154724e-02,-4.211590588092803955e-01
1.307146530598402023e-02,7.736623287200927734e-02,2.102017104625701904e-01
1.296755205839872360e-02,9.026575088500976562e-02,-2.953591942787170410e-01
6.561482697725296021e-02,7.178890705108642578e-02,3.036504983901977539e-01
-1.018770933151245117e-01,2.574925869703292847e-02,-4.809219241142272949e-01
1.260268781334161758e-02,-1.355582475662231445e-01,1.499871760606765747e-01
1.057797670364379883e-01,7.601834681736363564e-07,-3.661941587924957275e-01
6.706712394952774048e-02,3.575050830841064453e-02,-3.247177004814147949e-01
1.309962272644042969e-01,5.057362467050552368e-02,-1.636755317449569702e-01
6.356210261583328247e-02,-1.227195262908935547e-01,-4.749737381935119629e-01
-9.545601904392242432e-02,-8.935213088989257812e-03,-2.914028763771057129e-01
1.294110342860221863e-02,9.354877471923828125e-02,-4.833810329437255859e-01
9.133625030517578125e-02,-1.038110405206680298e-01,-4.080914258956909180e-01
-1.543020159006118774e-01,3.682184219360351562e-02,1.476840227842330933e-01
3.902316093444824219e-02,-1.403886079788208008e-01,1.867947280406951904e-01
1.166704893112182617e-01,-5.103537440299987793e-02,-3.824105858802795410e-01
-1.545838266611099243e-01,3.998923301696777344e-02,7.020873576402664185e-02
-1.039639711380004883e-01,2.571563236415386200e-02,-4.419631958007812500e-01
-9.542395174503326416e-02,9.495735168457031250e-03,4.336386024951934814e-01
-1.616512537002563477e-01,1.241884753108024597e-01,1.825595051050186157e-01
5.589199066162109375e-02,5.299445614218711853e-02,-4.554522633552551270e-01
6.624433398246765137e-02,5.616784095764160156e-02,2.502999901771545410e-01
1.591445654630661011e-01,-1.858428716659545898e-01,9.502502530813217163e-02
-1.542808413505554199e-01,3.657889366149902344e-02,1.088137775659561157e-01
-3.868444263935089111e-02,9.951710700988769531e-02,-4.432666003704071045e-01
-1.530410200357437134e-01,2.262353897094726562e-02,-7.186889648437500000e-03
-3.241550922393798828e-02,-8.066071569919586182e-02,-3.063214123249053955e-01
1.461498737335205078e-01,-1.506720185279846191e-01,2.198449671268463135e-01
1.228484138846397400e-02,-1.750142574310302734e-01,-7.399383187294006348e-02
2.681052684783935547e-02,-1.394027024507522583e-01,-7.199401501566171646e-03
4.053485393524169922e-02,5.348946154117584229e-02,-2.856515347957611084e-01
1.074233055114746094e-01,-5.133344978094100952e-02,1.884799152612686157e-01
5.477702617645263672e-02,5.303039029240608215e-02,-4.167156815528869629e-01
2.431678771972656250e-02,-1.392013579607009888e-01,-4.553924500942230225e-02
1.293363049626350403e-02,9.447658061981201172e-02,-4.445471167564392090e-01
-3.863372653722763062e-02,1.016274690628051758e-01,-4.047570824623107910e-01
9.494709968566894531e-02,-1.035780236124992371e-01,-3.694494664669036865e-01
-1.049816608428955078e-01,2.569923549890518188e-02,-4.227059781551361084e-01
1.192357540130615234e-01,-5.095269158482551575e-02,-3.632922172546386719e-01
1.115525066852569580e-01,-1.640048027038574219e-01,2.517968714237213135e-01
-9.404657036066055298e-02,-3.390431404113769531e-02,2.349987775087356567e-01
-1.279043555259704590e-01,1.399389654397964478e-01,3.343737125396728516e-02
-1.012587547302246094e-02,-1.364208757877349854e-01,2.771936058998107910e-01
-7.148559391498565674e-02,-1.105420291423797607e-01,5.600178241729736328e-01
-3.973321989178657532e-02,-5.612647533416748047e-02,-3.017013370990753174e-01
-1.276228278875350952e-01,4.288653656840324402e-02,3.695205450057983398e-01
1.182871982455253601e-01,-7.127332687377929688e-02,-3.371908366680145264e-01
1.554256677627563477e-01,-4.978618025779724121e-02,3.235607743263244629e-01
-1.754109859466552734e-01,1.230776682496070862e-01,1.466372609138488770e-01
