-1.665769815444946289e-01,7.417134940624237061e-02,2.860754430294036865e-01
4.243896529078483582e-02,-1.827215962111949921e-02,-5.660260915756225586e-01
1.810322999954223633e-01,7.243002642098872457e-07,-7.369934022426605225e-02
5.483856052160263062e-02,7.278453558683395386e-02,5.721285343170166016e-01
-1.363426744937896729e-01,1.653254032135009766e-01,-5.764953419566154480e-02
1.704822778701782227e-01,-4.930087551474571228e-02,2.676501274108886719e-01
-9.365637600421905518e-02,-4.081702232360839844e-02,-2.859091162681579590e-01
-9.047505259513854980e-02,-9.717619419097900391e-02,6.452301144599914551e-02
6.368523091077804565e-02,1.196711063385009766e-01,1.163223236799240112e-01
-3.888481482863426208e-02,-9.122729301452636719e-02,4.121377468109130859e-01
1.157189607620239258e-01,7.554440912826976273e-07,-3.454748392105102539e-01
-9.010404348373413086e-02,1.037403345108032227e-01,-4.426711797714233398e-01
1.259066071361303329e-02,-1.370513439178466797e-01,-1.280224621295928955e-01
3.939390182495117188e-02,1.071618348360061646e-01,-1.735018938779830933e-01
1.285969745367765427e-02,1.036543846130371094e-01,3.713531494140625000e-01
-2.266530990600585938e-01,7.126548141241073608e-02,9.206482023000717163e-02
1.172419413924217224e-01,-8.566272258758544922e-02,8.302795141935348511e-02
-1.405329704284667969e-01,-2.512642741203308105e-02,-1.103652939200401306e-01
-3.950571268796920776e-02,-6.553077697753906250e-02,2.302386462688446045e-01
-1.135373115539550781e-02,-8.167946338653564453e-02,-4.279922246932983398e-01
-1.043315082788467407e-01,3.968415781855583191e-02,4.688750505447387695e-01
-9.029332548379898071e-02,1.003887653350830078e-01,1.535980254411697388e-01
1.264986861497163773e-02,1.297014951705932617e-01,-2.392913773655891418e-02
-3.873734548687934875e-02,9.732854366302490234e-02,-2.941397130489349365e-01
1.067459061741828918e-01,3.107146824277151609e-07,3.968226909637451172e-01
1.758016496896743774e-01,2.736151218414306641e-02,1.424490362405776978e-01
7.113444805145263672e-02,-5.250314995646476746e-02,-2.248986810445785522e-01
-9.606216847896575928e-02,1.810669898986816406e-03,-5.335418581962585449e-01
6.582284718751907349e-02,6.662678718566894531e-02,-4.526107609272003174e-01
1.180120632052421570e-01,7.506430149078369141e-02,2.849484086036682129e-01
-9.085030108690261841e-02,9.052121639251708984e-02,-1.680776923894882202e-01
6.419409811496734619e-02,-1.070318222045898438e-01,3.153967261314392090e-01
-1.375265121459960938e-01,2.517486549913883209e-02,1.082305889576673508e-02
-1.467045098543167114e-01,-4.870009422302246094e-02,3.089184463024139404e-01
1.814254745841026306e-02,-3.835552930831909180e-02,5.102068185806274414e-01
1.212249547243118286e-01,3.082251548767089844e-02,3.013977035880088806e-02
-1.509209722280502319e-01,-1.239657402038574219e-03,1.825945973396301270e-01
1.264877617359161377e-02,-1.298023462295532227e-01,-6.525268312543630600e-03
1.272338721901178360e-02,-1.205751895904541016e-01,1.337780803442001343e-01
-5.897064134478569031e-02,1.109533309936523438e-01,5.557879209518432617e-01
1.301613822579383850e-02,8.423435688018798828e-02,2.275451570749282837e-01
-2.086181566119194031e-02,9.321057796478271484e-02,-5.453864336013793945e-01
-1.113442182540893555e-01,-2.559672109782695770e-02,-4.022311270236968994e-01
9.553313255310058594e-02,-5.171670019626617432e-02,-4.636834561824798584e-01
-9.045901894569396973e-02,-9.745335578918457031e-02,-1.853555291891098022e-01
1.297428552061319351e-02,-8.942973613739013672e-02,-3.139993250370025635e-01
2.242890596389770508e-01,-4.756651446223258972e-02,7.573822140693664551e-02
-1.387917250394821167e-01,1.377588510513305664e-01,6.303649395704269409e-02
-8.990387618541717529e-02,-1.072950363159179688e-01,-5.968963354825973511e-02
6.568124890327453613e-02,-7.012867927551269531e-02,2.113037109375000000e-01
-8.973667770624160767e-02,1.102482080459594727e-01,3.518438637256622314e-01
-1.962045282125473022e-01,9.753893315792083740e-02,1.885180473327636719e-01
1.693842709064483643e-01,-8.841514587402343750e-02,1.734951734542846680e-01
1.137326955795288086e-01,-5.113007873296737671e-02,-1.299957185983657837e-01
6.689941138029098511e-02,3.991246223449707031e-02,-2.669213712215423584e-01
-3.787102550268173218e-02,1.331706047058105469e-01,6.299224495887756348e-02
-5.014979839324951172e-02,1.331897974014282227e-01,4.435140788555145264e-01
1.131000518798828125e-01,-5.115046724677085876e-02,-2.419403009116649628e-02
1.075911521911621094e-01,5.132804438471794128e-02,-1.304989606142044067e-01
-1.181180477142333984e-01,7.651529461145401001e-02,-3.453552126884460449e-01
-8.896522223949432373e-02,1.239169836044311523e-01,2.580999732017517090e-01
1.302958372980356216e-02,8.257758617401123047e-02,-3.715359270572662354e-01
-1.137088537216186523e-01,7.672856748104095459e-02,-7.705596834421157837e-02
1.807449385523796082e-02,1.524499803781509399e-01,5.237357616424560547e-01
-5.927276611328125000e-02,2.685030153770640027e-07,5.445929765701293945e-01
-9.129312634468078613e-02,-8.268332481384277344e-02,1.552981585264205933e-01
-3.894240409135818481e-02,-8.886480331420898438e-02,3.188281059265136719e-01
9.026241302490234375e-02,5.188659578561782837e-02,1.905108541250228882e-01
-1.111186742782592773e-01,-2.560035884380340576e-02,3.882638514041900635e-01
-1.341069936752319336e-01,-2.522996068000793457e-02,9.774627536535263062e-02
6.959128379821777344e-02,1.052131131291389465e-01,4.377752542495727539e-01
-3.809596598148345947e-02,1.238641738891601562e-01,-9.401763975620269775e-02
-3.443328663706779480e-02,-5.717313289642333984e-02,-5.180442333221435547e-01
7.613444328308105469e-02,1.047908887267112732e-01,2.930541895329952240e-02
6.513107568025588989e-02,-8.378088474273681641e-02,-3.904681205749511719e-01
-1.021591424942016602e-01,2.574471384286880493e-02,-2.205291688442230225e-01
7.543313503265380859e-02,-1.048373132944107056e-01,-7.898681610822677612e-02
9.695404022932052612e-02,1.906947977840900421e-02,-5.164896249771118164e-01
-2.495646476745605469e-03,1.098650321364402771e-01,-4.520690739154815674e-01
-7.747466862201690674e-02,-3.998998925089836121e-02,4.594098329544067383e-01
6.383156776428222656e-02,1.055848225951194763e-01,-7.955108582973480225e-02
1.418002247810363770e-01,-4.381384700536727905e-02,3.407216072082519531e-01
1.764625459909439087e-01,-2.107322216033935547e-02,1.169219985604286194e-02
-1.425466835498809814e-01,4.289256036281585693e-02,3.693181276321411133e-01
-1.048017740249633789e-01,7.715939730405807495e-02,-5.194064378738403320e-01
5.043828487396240234e-02,-5.317024141550064087e-02,4.422280788421630859e-01
1.287290826439857483e-02,-1.020145416259765625e-01,-2.205276489257812500e-01
-3.968453407287597656e-02,-5.815291404724121094e-02,-3.581326305866241455e-01
6.880545616149902344e-02,-1.052650213241577148e-01,-1.704287678003311157e-01
-1.257659196853637695e-01,2.536435797810554504e-02,-4.547689855098724365e-01
-8.802006393671035767e-02,1.406611204147338867e-01,-6.490478292107582092e-03
-1.840417385101318359e-01,8.304893225431442261e-02,1.692497730255126953e-02
1.207029819488525391e-01,3.801250457763671875e-02,-4.386596754193305969e-02
1.835222244262695312e-01,7.231129757201415487e-07,2.135552912950515747e-01
-7.708892691880464554e-03,3.585958853363990784e-02,5.876238346099853516e-01
9.819102287292480469e-02,-5.163102969527244568e-02,-2.940481603145599365e-01
1.277782768011093140e-02,1.138173341751098633e-01,2.955822646617889404e-01
-1.904912889003753662e-01,1.311616897583007812e-01,1.162304654717445374e-01
1.104134321212768555e-01,7.579739644825167488e-07,-1.835644543170928955e-01
-1.295682191848754883e-01,2.530309185385704041e-02,-2.881756424903869629e-01
-2.046783454716205597e-02,1.830940507352352142e-02,-5.635193586349487305e-01
-3.908070176839828491e-02,8.314275741577148438e-02,-2.231899946928024292e-01
1.268354244530200958e-02,1.255216598510742188e-01,1.685772687196731567e-01
1.180224418640136719e-01,5.099179968237876892e-02,9.878875315189361572e-02
-1.313873529434204102e-01,-2.527378499507904053e-02,-1.811657696962356567e-01
6.791090965270996094e-02,-1.053227484226226807e-01,2.945373393595218658e-02
-1.385507583618164062e-01,-2.515836432576179504e-02,-4.110961779952049255e-02
1.167370006442070007e-01,-9.261822700500488281e-02,2.634994387626647949e-01
1.110720634460449219e-01,7.576599045933107845e-07,-4.210372865200042725e-01
-9.228539466857910156e-02,7.776480913162231445e-02,4.122277796268463135e-01
4.355010762810707092e-02,5.623240768909454346e-02,-5.374622344970703125e-01
1.328365802764892578e-01,5.051430687308311462e-02,3.464730679988861084e-01
1.268301531672477722e-02,-1.255869865417480469e-01,6.328063458204269409e-02
1.294340845197439194e-02,-9.326255321502685547e-02,2.627102732658386230e-01
-1.895896196365356445e-01,2.433601394295692444e-02,6.071411073207855225e-02
6.524831801652908325e-02,-8.087635040283203125e-02,3.769454956054687500e-01
-1.961065530776977539e-01,2.423101291060447693e-02,1.273928731679916382e-01
-1.152306795120239258e-01,-7.665496319532394409e-02,-6.593322381377220154e-03
1.756383031606674194e-01,2.891182899475097656e-02,6.753387302160263062e-02
-5.888031050562858582e-02,-7.077775150537490845e-02,-2.367737293243408203e-01
-9.467601776123046875e-02,-7.764916867017745972e-02,2.810977101325988770e-01
-1.852096319198608398e-01,2.440658770501613617e-02,2.477007955312728882e-01
7.041244208812713623e-02,2.815119444221636513e-07,5.193729400634765625e-01
2.107894420623779297e-01,-4.800165072083473206e-02,1.428442299365997314e-01
8.807575702667236328e-02,5.195706710219383240e-02,-3.893170058727264404e-01
-1.400010138750076294e-01,1.241472959518432617e-01,2.049389630556106567e-01
8.122992515563964844e-02,5.217773467302322388e-02,-2.052429169416427612e-01
-9.429203718900680542e-02,-2.955579757690429688e-02,-4.632440209388732910e-01
1.696058660745620728e-01,-8.630669116973876953e-02,4.721221700310707092e-02
7.936215400695800781e-02,-5.223793908953666687e-02,-5.273470878601074219e-01
6.455311924219131470e-02,9.813475608825683594e-02,3.356603980064392090e-01
1.745682060718536377e-01,3.909313678741455078e-02,-6.940307561308145523e-03
-9.225839376449584961e-02,-6.557607650756835938e-02,3.427496254444122314e-01
-3.784679248929023743e-02,1.341731548309326172e-01,1.326605230569839478e-01
-4.932284355163574219e-02,-1.332565546035766602e-01,-1.356439143419265747e-01
1.297512836754322052e-02,-8.928966522216796875e-02,-4.846627712249755859e-01
4.682922270148992538e-03,1.087451353669166565e-01,5.785646438598632812e-01
-3.834303468465805054e-02,1.136541366577148438e-01,-4.017117321491241455e-01
-3.816562891006469727e-02,-1.209740638732910156e-01,9.858214855194091797e-02
7.507801055908203125e-04,5.477181822061538696e-02,-2.731384336948394775e-01
-3.805063292384147644e-02,-1.257512569427490234e-01,2.835937403142452240e-02
-1.374448537826538086e-01,2.517618611454963684e-02,-1.454531848430633545e-01
6.468181312084197998e-02,-9.492468833923339844e-02,1.540026813745498657e-01
1.291473954916000366e-02,-9.678614139556884766e-02,1.896466016769409180e-01
-1.339712142944335938e-01,2.523215301334857941e-02,-3.780847191810607910e-01
-1.751585006713867188e-01,2.456853352487087250e-02,3.193029761314392090e-01
-8.994753658771514893e-02,1.065214872360229492e-01,4.643920809030532837e-02
-3.787964954972267151e-02,-1.328253746032714844e-01,-7.606048136949539185e-02
6.477512419223785400e-02,9.262561798095703125e-02,2.630194127559661865e-01
-2.122337818145751953e-01,1.201050356030464172e-01,5.999053642153739929e-02
-9.289669990539550781e-02,7.773524522781372070e-02,-2.768179178237915039e-01
-9.346130490303039551e-02,-4.427266120910644531e-02,2.148233056068420410e-01
8.450579643249511719e-02,5.207214877009391785e-02,4.139538407325744629e-01
-1.222078800201416016e-01,-2.542168274521827698e-02,-3.441046178340911865e-01
1.229615584015846252e-01,-6.910800933837890625e-03,-8.236388862133026123e-02
-1.488903015851974487e-01,-2.409696578979492188e-02,2.369360327720642090e-01
-3.826205432415008545e-02,1.170045137405395508e-01,-1.650979518890380859e-01
6.576456874608993530e-02,6.807303428649902344e-02,-3.372393846511840820e-01
-1.157802343368530273e-01,7.662837952375411987e-02,-6.591186393052339554e-03
1.320473197847604752e-02,-6.083536148071289062e-02,-2.633520364761352539e-01
-1.592054367065429688e-01,1.243859156966209412e-01,-2.355529740452766418e-02
1.558805704116821289e-01,7.362935434684914071e-07,3.054769933223724365e-01
1.295090373605489731e-02,-9.233260154724121094e-02,3.552547991275787354e-01
2.995208650827407837e-02,2.712682771743857302e-07,5.628778934478759766e-01
2.140154838562011719e-01,7.085726565492223017e-07,1.092892438173294067e-01
-1.228004693984985352e-01,-7.628880441188812256e-02,-1.293368488550186157e-01
1.258522737771272659e-02,1.377259492874145508e-01,9.751098603010177612e-02
1.828613318502902985e-02,9.656402468681335449e-02,-5.038690567016601562e-01
-7.123535126447677612e-02,5.514189228415489197e-02,-5.600339174270629883e-01
-1.379970312118530273e-01,2.516728825867176056e-02,-7.579711824655532837e-02
-3.355109691619873047e-02,1.118690818548202515e-01,2.446322590112686157e-01
6.438414007425308228e-02,1.023279428482055664e-01,1.711938381195068359e-01
-3.841544687747955322e-02,1.106464862823486328e-01,1.880557239055633545e-01
-3.828046470880508423e-02,-1.162307262420654297e-01,-2.007595747709274292e-01
-3.971333429217338562e-02,-5.694925785064697266e-02,-3.015502989292144775e-01
1.263107638806104660e-02,1.320344209671020508e-01,4.201486110687255859e-01
-3.814327716827392578e-02,1.219185590744018555e-01,-4.941091835498809814e-01
6.975036114454269409e-02,1.128869205713272095e-01,5.358419418334960938e-01
1.164681985974311829e-01,-9.631931781768798828e-02,1.901953071355819702e-01
-3.823035582900047302e-02,1.183040142059326172e-01,3.312615752220153809e-01
-1.169462203979492188e-01,7.657197862863540649e-02,-4.012295305728912354e-01
1.296835020184516907e-02,-9.016656875610351562e-02,-3.697927892208099365e-01
1.684483736753463745e-01,-9.732317924499511719e-02,1.185208112001419067e-01
6.502293795347213745e-02,-8.646941184997558594e-02,-3.334378004074096680e-01
-3.854294121265411377e-02,-1.053835153579711914e-01,1.707778871059417725e-01
1.206945106387138367e-01,3.812909126281738281e-02,2.346466034650802612e-01
-1.431435048580169678e-01,8.877527713775634766e-02,3.386764526367187500e-01
6.409168243408203125e-02,1.095805168151855469e-01,-2.425475977361202240e-02
6.431010365486145020e-02,-1.041532754898071289e-01,9.968383610248565674e-02
1.029076576232910156e-01,-5.147899687290191650e-02,-3.670446574687957764e-01
-1.392559558153152466e-01,1.325336694717407227e-01,1.508642584085464478e-01
-3.839704766869544983e-02,1.114075183868408203e-01,3.882562220096588135e-01
7.192242145538330078e-02,-1.050638630986213684e-01,-2.486053481698036194e-02
-3.850104287266731262e-02,1.071168184280395508e-01,-3.474520742893218994e-01
1.270617358386516571e-02,1.227121353149414062e-01,-1.291967779397964478e-01
-8.745307475328445435e-02,1.507054567337036133e-01,-7.529052346944808960e-02
1.166895255446434021e-01,-9.326922893524169922e-02,1.364447027444839478e-01
-1.502678394317626953e-01,-8.591413497924804688e-03,3.555310070514678955e-01
-9.009119868278503418e-02,1.039694547653198242e-01,2.070779353380203247e-01
-1.364133358001708984e-01,-2.519280090928077698e-02,2.816253527998924255e-02
-8.979567140340805054e-02,1.092031002044677734e-01,9.944610297679901123e-02
-3.472839295864105225e-02,-3.845120966434478760e-02,5.071419477462768555e-01
1.094073057174682617e-01,7.584537229377019685e-07,-2.918374538421630859e-01
-3.802026063203811646e-02,1.269882917404174805e-01,-4.142059385776519775e-02
1.267788000404834747e-02,1.262241601943969727e-01,-7.636108249425888062e-02
1.218967214226722717e-01,-2.156996726989746094e-02,3.030670061707496643e-02
-1.106606721878051758e-01,2.560773491859436035e-02,4.070931971073150635e-01
1.262207143008708954e-02,1.331522464752197266e-01,2.821868844330310822e-02
-3.796488046646118164e-02,-1.292990446090698242e-01,-2.394164912402629852e-02
-3.794581815600395203e-02,1.300878524780273438e-01,1.087615918368101120e-02
1.262377109378576279e-02,-1.329412460327148438e-01,-5.863708257675170898e-02
1.301106903702020645e-02,8.486378192901611328e-02,-2.228945940732955933e-01
-1.410915106534957886e-01,1.118713617324829102e-01,2.606820762157440186e-01
1.297542825341224670e-02,-8.928799629211425781e-02,4.125274419784545898e-01
6.460145115852355957e-02,-9.692823886871337891e-02,2.623153626918792725e-01
1.939902305603027344e-01,-4.854313656687736511e-02,1.951888948678970337e-01
-9.406645596027374268e-02,-3.355193138122558594e-02,-2.303344607353210449e-01
-2.160372734069824219e-01,7.177897542715072632e-02,1.424331665039062500e-01
-1.372041106224060059e-01,1.556277275085449219e-01,1.073822006583213806e-02
-8.966252207756042480e-02,-1.115638017654418945e-01,-1.125799566507339478e-01
4.783630371093750000e-03,-5.561317503452301025e-02,-5.503534078598022461e-01
1.018294095993041992e-01,-5.151375755667686462e-02,-1.846514791250228882e-01
1.174232065677642822e-01,-8.316969871520996094e-02,3.207040429115295410e-01
-1.273576021194458008e-01,1.269569545984268188e-01,-9.408691525459289551e-02
-1.915389299392700195e-01,2.430461160838603973e-02,1.954302936792373657e-01
6.442628055810928345e-02,1.012822389602661133e-01,-1.310543864965438843e-01
1.550027430057525635e-01,-2.682923339307308197e-02,-3.484570980072021484e-02
1.311746705323457718e-02,7.165586948394775391e-02,-3.174645900726318359e-01
-4.642913863062858582e-02,-1.861012354493141174e-02,-5.450843572616577148e-01
-9.040755033493041992e-02,9.836339950561523438e-02,-1.135153174400329590e-01
-8.887893706560134888e-02,3.178565748385153711e-07,4.916145801544189453e-01
-4.508773609995841980e-02,7.224248349666595459e-02,5.805281400680541992e-01
7.745940983295440674e-02,-4.184591770172119141e-02,4.018234014511108398e-01
1.403242349624633789e-01,7.437113822561514098e-07,3.628112673759460449e-01
-1.945307254791259766e-01,7.281922549009323120e-02,2.293139547109603882e-01
1.210799217224121094e-01,7.528877858931082301e-07,-1.293261647224426270e-01
6.533877551555633545e-02,-7.863163948059082031e-02,-4.882501065731048584e-01
8.435881137847900391e-02,7.703977757955726702e-07,-2.229571491479873657e-01
1.211028471589088440e-01,3.250384330749511719e-02,1.416049152612686157e-01
-1.516900360584259033e-01,7.421374320983886719e-03,1.260699480772018433e-01
2.111757993698120117e-01,7.099267236299056094e-07,5.983855947852134705e-02
-8.521209657192230225e-02,7.461208105087280273e-02,5.438065528869628906e-01
1.267025712877511978e-02,-1.271706819534301758e-01,-1.816351264715194702e-01
-1.274971961975097656e-01,-2.533646300435066223e-02,1.507748365402221680e-01
-1.197061538696289062e-01,-7.643847167491912842e-02,-7.676452398300170898e-02
6.552854180335998535e-02,7.392966747283935547e-02,3.785629272460937500e-01
1.134688854217529297e-01,-5.113857984542846680e-02,-7.701751589775085449e-02
6.850280612707138062e-02,1.850619725883007050e-02,-5.514866113662719727e-01
-3.962105512619018555e-02,-6.076681613922119141e-02,-4.736230373382568359e-01
1.491372585296630859e-01,2.581400051712989807e-02,-9.785592555999755859e-02
-2.177653312683105469e-01,7.169537246227264404e-02,4.317901656031608582e-02
-1.078478097915649414e-01,-7.701206952333450317e-02,9.948883205652236938e-02
-8.875758200883865356e-02,1.275954246520996094e-01,3.115679919719696045e-01
8.229919523000717163e-02,3.746824339032173157e-02,5.376051664352416992e-01
1.074808835983276367e-01,7.593723125864926260e-07,-4.791735708713531494e-01
-9.030726552009582520e-02,1.001398563385009766e-01,-3.680749535560607910e-01
-2.041168138384819031e-02,2.725268188896734500e-07,5.676399469375610352e-01
1.596022844314575195e-01,4.965156316757202148e-02,-5.766753852367401123e-02
-1.141338348388671875e-01,7.670801132917404175e-02,-4.777294695377349854e-01
6.382700055837631226e-02,-1.161415576934814453e-01,-1.298364251852035522e-01
1.713413447141647339e-01,-6.979835033416748047e-02,2.308349609375000000e-01
1.875721216201782227e-01,7.211818342511833180e-07,-2.304656989872455597e-02
4.768981598317623138e-03,5.544584989547729492e-02,-5.538126230239868164e-01
8.505773544311523438e-02,7.700645028307917528e-07,4.327221512794494629e-01
-7.767748832702636719e-02,7.847139239311218262e-02,-2.058267146348953247e-01
-6.092524528503417969e-02,-7.928169518709182739e-02,1.941088885068893433e-01
6.577419489622116089e-02,6.783413887023925781e-02,2.300335615873336792e-01
-1.296244710683822632e-01,-4.355915263295173645e-02,3.486537933349609375e-01
-1.006824970245361328e-01,-2.576850540935993195e-02,4.285913109779357910e-01
-7.129379361867904663e-02,3.679964318871498108e-02,5.583825111389160156e-01
8.356869220733642578e-02,5.210234969854354858e-02,-4.866210818290710449e-01
-8.840751647949218750e-02,-2.596628107130527496e-02,-5.045196413993835449e-01
-9.051904827356338501e-02,9.638965129852294922e-02,-3.131301701068878174e-01
8.148038387298583984e-02,1.044459193944931030e-01,8.319732546806335449e-02
6.562286615371704102e-02,-7.157266139984130859e-02,-2.803906202316284180e-01
-7.277435064315795898e-02,9.382335096597671509e-02,-5.377893447875976562e-01
-9.262631088495254517e-02,-5.906522274017333984e-02,4.015701115131378174e-01
-9.323652088642120361e-02,-4.825496673583984375e-02,-3.607598841190338135e-01
-9.627623111009597778e-02,5.595803260803222656e-03,-2.550668418407440186e-01
1.697128266096115112e-02,7.172006368637084961e-02,5.886412858963012695e-01
1.312665548175573349e-02,-7.051527500152587891e-02,2.294769287109375000e-01
1.990081071853637695e-01,7.157287313930282835e-07,1.607040315866470337e-01
1.287362072616815567e-02,-1.018906831741333008e-01,3.161682188510894775e-01
1.134952306747436523e-01,5.113772675395011902e-02,-6.596374325454235077e-03
4.677867889404296875e-02,1.066852733492851257e-01,4.047741591930389404e-01
-4.021559655666351318e-02,-3.616917133331298828e-02,-2.673843204975128174e-01
-1.553908586502075195e-01,1.246938556432723999e-01,2.790771424770355225e-02
-3.933548927307128906e-02,7.258176803588867188e-02,-2.615329027175903320e-01
4.562057554721832275e-02,-3.927840292453765869e-02,4.815076589584350586e-01
-1.212313175201416016e-01,2.543742209672927856e-02,-4.942440688610076904e-01
4.265106096863746643e-02,1.100123226642608643e-01,5.654910802841186523e-01
6.525112688541412354e-02,-8.080196380615234375e-02,-4.486828446388244629e-01
-3.874721378087997437e-02,-9.692025184631347656e-02,3.730166554450988770e-01
-9.022840112447738647e-02,-1.015456914901733398e-01,1.108856219798326492e-02
-2.134353667497634888e-02,1.523260474205017090e-01,5.246828794479370117e-01
1.078701764345169067e-01,4.242714494466781616e-02,3.837664127349853516e-01
6.760675460100173950e-02,-2.235233783721923828e-02,-2.506918311119079590e-01
1.184838935732841492e-01,-6.856226921081542969e-02,4.759490862488746643e-02
-3.970899432897567749e-02,-5.714094638824462891e-02,-4.160223305225372314e-01
9.852671623229980469e-02,-5.162021145224571228e-02,-4.245822131633758545e-01
4.204376041889190674e-02,3.619878366589546204e-02,5.770431756973266602e-01
1.416894197463989258e-01,5.022894591093063354e-02,3.084444999694824219e-01
1.671046018600463867e-01,7.309415082090708893e-07,2.681018114089965820e-01
-3.904055804014205933e-02,-8.478367328643798828e-02,2.641653418540954590e-01
-1.805334091186523438e-01,1.226641461253166199e-01,1.632113605737686157e-01
-7.886047475039958954e-03,-1.834264211356639862e-02,-5.620908737182617188e-01
6.499177962541580200e-02,-8.723759651184082031e-02,-2.045406997203826904e-01
-3.302368149161338806e-02,5.483326688408851624e-02,-5.664163827896118164e-01
2.987975999712944031e-02,1.828571781516075134e-02,-5.652036666870117188e-01
9.556732326745986938e-02,-8.697241544723510742e-02,3.523079156875610352e-01
-1.661353111267089844e-01,-2.471391670405864716e-02,2.858608961105346680e-01
-1.523107439279556274e-01,1.440346240997314453e-02,8.828948438167572021e-02
-3.806055337190628052e-02,1.253410577774047852e-01,2.935110330581665039e-01
1.766530126333236694e-01,1.925730705261230469e-02,3.043548576533794403e-02
4.307891800999641418e-02,-5.562406033277511597e-02,-5.500388145446777344e-01
-1.416818350553512573e-01,1.052277088165283203e-01,2.983438074588775635e-01
-1.300051212310791016e-01,2.529605291783809662e-02,-4.160745143890380859e-01
1.282096281647682190e-02,1.084625720977783203e-01,3.332363963127136230e-01
-1.531762778759002686e-01,2.414572238922119141e-02,5.036498978734016418e-02
-5.831237509846687317e-02,1.831331290304660797e-02,-5.633823871612548828e-01
-2.109162062406539917e-01,3.705298900604248047e-02,8.975921571254730225e-02
-9.297538548707962036e-02,-5.288124084472656250e-02,-3.216259777545928955e-01
8.180785924196243286e-02,-1.862486824393272400e-02,-5.440970659255981445e-01
1.134144067764282227e-01,7.565429882561147679e-07,-3.829980492591857910e-01
-1.376824378967285156e-01,2.517235465347766876e-02,-3.407296538352966309e-01
8.212219178676605225e-02,7.473577558994293213e-02,5.418962240219116211e-01
-1.157088279724121094e-01,7.663182169198989868e-02,-4.391668736934661865e-01
-1.130334436893463135e-01,8.594230562448501587e-02,3.682302236557006836e-01
1.221178397536277771e-01,-1.852810382843017578e-02,-7.005920168012380600e-03
-9.002481400966644287e-02,1.051437854766845703e-01,-4.806405603885650635e-01
-3.819141536951065063e-02,1.199151277542114258e-01,-4.565331935882568359e-01
1.102124452590942383e-01,5.124354362487792969e-02,-7.717559486627578735e-02
-1.280666589736938477e-01,2.532728761434555054e-02,-1.815493702888488770e-01
1.754022985696792603e-01,3.116106986999511719e-02,1.047326624393463135e-01
-9.019941091537475586e-02,1.020592451095581055e-01,-4.051736295223236084e-01
6.593951582908630371e-02,6.373190879821777344e-02,-3.004614114761352539e-01
1.178585961461067200e-01,7.717466354370117188e-02,3.218933045864105225e-01
1.296669244766235352e-02,9.037256240844726562e-02,-4.075012207031250000e-01
-9.299773722887039185e-02,-7.198724895715713501e-02,-2.117847204208374023e-01
-1.893978714942932129e-01,1.401678323745727539e-01,8.060180395841598511e-02
1.020261049270629883e-01,5.150742083787918091e-02,-1.666976958513259888e-01
1.208429113030433655e-01,3.608584403991699219e-02,1.786166280508041382e-01
-1.217887401580810547e-01,-2.542843483388423920e-02,-3.077206313610076904e-01
6.579907983541488647e-02,6.721675395965576172e-02,-4.136855900287628174e-01
1.236563101410865784e-01,-4.280104860663414001e-02,3.721626996994018555e-01
1.765593439340591431e-01,2.014851570129394531e-02,1.808444112539291382e-01
1.164790913462638855e-01,-9.616935253143310547e-02,2.264517098665237427e-01
6.439950317144393921e-02,1.019468307495117188e-01,2.980264127254486084e-01
-1.176184415817260742e-01,-7.653944939374923706e-02,-1.651785224676132202e-01
1.057325601577758789e-01,-5.138794705271720886e-02,-3.293606638908386230e-01
1.681931465864181519e-01,-9.975147247314453125e-02,8.253936469554901123e-02
2.083841562271118164e-01,-4.807917401194572449e-02,4.342406988143920898e-02
6.505919992923736572e-02,8.557188510894775391e-02,-1.865844726562500000e-01
1.223510131239891052e-01,-1.531744003295898438e-02,-4.446502402424812317e-02
-1.785188913345336914e-01,2.451439015567302704e-02,2.835528552532196045e-01
1.283935178071260452e-02,1.061798334121704102e-01,2.605984508991241455e-01
-1.388882547616958618e-01,1.366679668426513672e-01,1.154309064149856567e-01
-3.824141994118690491e-02,-1.178462505340576172e-01,1.340438872575759888e-01
-1.080931425094604492e-01,-2.564910613000392914e-02,1.883273273706436157e-01
-8.966757357120513916e-02,-1.114809513092041016e-01,-1.480862349271774292e-01
-9.006559103727340698e-02,-1.044299602508544922e-01,-2.435211092233657837e-02
-3.814671188592910767e-02,1.217646598815917969e-01,-1.293081641197204590e-01
-1.128669977188110352e-01,-7.676927745342254639e-02,2.861633151769638062e-02
-1.147850751876831055e-01,7.667651027441024780e-02,-4.177856445312500000e-02
1.127942800521850586e-01,-5.116032436490058899e-02,1.099853496998548508e-02
1.270014047622680664e-02,-1.234612464904785156e-01,9.840118139982223511e-02
1.165622472763061523e-01,5.103886872529983521e-02,6.367431581020355225e-02
-6.721023470163345337e-02,-8.437743037939071655e-02,3.925179243087768555e-01
-1.175082921981811523e-01,-7.654479146003723145e-02,-4.170684888958930969e-02
-3.810789436101913452e-02,-1.233706474304199219e-01,6.338623166084289551e-02
1.266599539667367935e-02,-1.276998519897460938e-01,2.831695415079593658e-02
1.259259041398763657e-02,1.368117332458496094e-01,1.324026435613632202e-01
6.423421949148178101e-02,-1.060318946838378906e-01,6.411651521921157837e-02
-1.403902769088745117e-01,-2.512872964143753052e-02,-1.451791375875473022e-01
-1.543955802917480469e-01,1.247742176055908203e-01,-5.802062898874282837e-02
-3.782131150364875793e-02,1.352194547653198242e-01,9.769256412982940674e-02
1.260706130415201187e-02,-1.350270509719848633e-01,-9.332763403654098511e-02
-1.352823972702026367e-01,-2.521102316677570343e-02,6.289703398942947388e-02
-1.119294166564941406e-01,7.681463658809661865e-02,-1.302282661199569702e-01
-1.381173133850097656e-01,2.516534924507141113e-02,-1.105361878871917725e-01
1.260362472385168076e-02,1.354421377182006836e-01,6.288451701402664185e-02
-1.378376483917236328e-01,2.516985870897769928e-02,-4.112823307514190674e-02
-1.174541711807250977e-01,1.172835156321525574e-01,2.359216213226318359e-01
-1.375021934509277344e-01,-2.517525851726531982e-02,-6.494140252470970154e-03
-1.395605802536010742e-01,-2.514209225773811340e-02,-7.572143524885177612e-02
-8.731459081172943115e-02,1.531575918197631836e-01,-4.078460484743118286e-02
-1.367383450269699097e-01,1.608719825744628906e-01,-2.354583702981472015e-02
6.717050820589065552e-02,3.318488597869873047e-02,-2.302056849002838135e-01
-6.185394152998924255e-02,-1.238355860114097595e-01,-1.660476922988891602e-01
-8.763427846133708954e-03,-8.148827403783798218e-02,4.373335838317871094e-01
-1.944533586502075195e-01,2.425765246152877808e-02,1.612127721309661865e-01
-9.204927086830139160e-02,-6.928801536560058594e-02,2.484960854053497314e-01
-7.656443119049072266e-02,-2.615709975361824036e-02,-2.608502209186553955e-01
1.446812152862548828e-01,-5.013251304626464844e-02,3.078524768352508545e-01
-7.280576229095458984e-02,2.621765807271003723e-02,-2.429867535829544067e-01
-1.467860639095306396e-01,-4.777777194976806641e-02,2.712026834487915039e-01
2.216773033142089844e-01,-4.765070229768753052e-02,1.087823435664176941e-01
-2.134131193161010742e-01,1.200097948312759399e-01,9.308563172817230225e-02
6.608723104000091553e-02,6.006634235382080078e-02,-5.137420296669006348e-01
1.306839194148778915e-02,-7.774770259857177734e-02,-5.276156663894653320e-01
1.297009084373712540e-02,-8.995044231414794922e-02,-4.076083302497863770e-01
-4.513931274414062500e-02,3.618177399039268494e-02,5.776156187057495117e-01
-1.158875226974487305e-01,7.662319391965866089e-02,-3.091921806335449219e-01
8.981013298034667969e-02,5.190117284655570984e-02,-3.513070642948150635e-01
1.802576929330825806e-01,-1.503503322601318359e-02,2.428472787141799927e-01
3.584849834442138672e-02,-1.073918119072914124e-01,1.598733514547348022e-01
1.350709199905395508e-01,5.044228583574295044e-02,2.738467454910278320e-01
4.049743711948394775e-02,-1.237891465425491333e-01,-1.666400432586669922e-01
-7.897615432739257812e-03,1.102136224508285522e-01,-5.149587988853454590e-01
-1.252126693725585938e-02,-8.162298053503036499e-02,-4.677703678607940674e-01
-1.929582506418228149e-01,1.108450889587402344e-01,2.882965095341205597e-02
6.807054579257965088e-02,1.085090637207031250e-02,-2.524105906486511230e-01
1.754647940397262573e-01,3.056252002716064453e-02,-8.144622296094894409e-02
-1.266275048255920410e-01,3.320940038520348025e-07,3.792147636413574219e-01
1.297243963927030563e-02,-8.965909481048583984e-02,-4.458810389041900635e-01
-3.295196592807769775e-02,1.093013361096382141e-01,5.728048086166381836e-01
-6.430578231811523438e-02,-7.911818474531173706e-02,3.428710997104644775e-01
-9.826964884996414185e-02,5.605496466159820557e-02,-5.411460399627685547e-01
-1.013541221618652344e-02,-8.173838257789611816e-02,-3.886178433895111084e-01
-1.611119508743286133e-01,-2.479485236108303070e-02,3.222442567348480225e-01
-8.873701095581054688e-03,-8.179941773414611816e-02,-3.495977818965911865e-01
6.577977538108825684e-02,6.769573688507080078e-02,-3.752465844154357910e-01
7.987737655639648438e-02,1.045493707060813904e-01,1.375060975551605225e-01
-2.080570459365844727e-01,7.216496020555496216e-02,1.766845732927322388e-01
1.325535774230957031e-02,5.450248718261718750e-02,-2.456960976123809814e-01
1.274461671710014343e-02,1.179516315460205078e-01,-1.649560481309890747e-01
-9.072480350732803345e-02,-9.274458885192871094e-02,1.183966025710105896e-01
-1.691503822803497314e-01,1.419732123613357544e-01,5.863368511199951172e-02
8.960199356079101562e-02,5.190787836909294128e-02,-3.141186535358428955e-01
9.055888652801513672e-02,5.187704041600227356e-02,2.267648279666900635e-01
8.630359172821044922e-02,5.201419815421104431e-02,-4.278225600719451904e-01
6.381843984127044678e-02,1.163611412048339844e-01,6.370086222887039185e-02
-9.384299069643020630e-02,-3.751111030578613281e-02,-4.215405285358428955e-01
-1.104090213775634766e-01,-7.688817381858825684e-02,6.396331638097763062e-02
-1.043579075485467911e-02,-1.212391629815101624e-01,-1.982084512710571289e-01
7.889676094055175781e-02,-8.604485541582107544e-02,2.307064831256866455e-01
-1.858868300914764404e-01,4.622957110404968262e-02,2.657723426818847656e-01
-1.613723039627075195e-01,7.442310452461242676e-02,3.225243985652923584e-01
-7.270751893520355225e-02,-1.876696199178695679e-02,-5.352741479873657227e-01
5.612823367118835449e-02,2.758042114692216273e-07,5.433887243270874023e-01
1.856752634048461914e-01,-4.881115630269050598e-02,2.728607133030891418e-02
-3.887428715825080872e-02,9.167468547821044922e-02,2.084020972251892090e-01
1.772205531597137451e-01,-1.385784149169921875e-02,-4.463104158639907837e-02
-3.782273828983306885e-02,-1.351685523986816406e-01,-1.107629388570785522e-01
-8.445160090923309326e-02,1.849870756268501282e-02,-5.519080162048339844e-01
3.439147770404815674e-02,-8.413216471672058105e-02,3.963295221328735352e-01
5.984795093536376953e-02,-1.058430671691894531e-01,2.874575853347778320e-01
-1.367771625518798828e-02,1.105866283178329468e-01,3.397262394428253174e-01
-8.202361874282360077e-03,-3.815506398677825928e-02,5.164172649383544922e-01
6.719274073839187622e-02,-3.261601924896240234e-02,4.471365213394165039e-01
6.463590264320373535e-02,-9.606862068176269531e-02,3.547054827213287354e-01
-1.076307669281959534e-01,3.335952669658581726e-07,4.293266534805297852e-01
-1.598718166351318359e-01,4.354172572493553162e-02,3.491688966751098633e-01
-2.121273577213287354e-01,4.702782630920410156e-02,5.120666325092315674e-02
-3.985940292477607727e-02,5.091810226440429688e-02,-2.462951540946960449e-01
-6.255355477333068848e-02,-3.928582370281219482e-02,4.812302589416503906e-01
-3.867387771606445312e-02,9.995412826538085938e-02,-2.028225660324096680e-01
1.432617157697677612e-01,-8.450254052877426147e-02,4.699087142944335938e-02
-2.005218528211116791e-02,7.170415669679641724e-02,5.888621807098388672e-01
3.958094120025634766e-02,1.071497425436973572e-01,2.910098135471343994e-01
9.112894535064697266e-02,-5.185865610837936401e-02,-5.038638114929199219e-01
-1.697998046875000000e-01,9.244197607040405273e-02,2.675044536590576172e-01
1.287927944213151932e-02,1.012235879898071289e-01,-2.026092410087585449e-01
6.654119491577148438e-02,-5.265120044350624084e-02,-2.625631690025329590e-01
-1.906158477067947388e-01,1.301366090774536133e-01,4.601379111409187317e-02
-2.118443846702575684e-01,4.470157623291015625e-02,1.292596459388732910e-01
6.504923850297927856e-02,8.581912517547607422e-02,1.910925209522247314e-01
-3.799071162939071655e-02,1.282306909561157227e-01,4.212771654129028320e-01
-1.133450269699096680e-01,1.904667168855667114e-02,-5.178858041763305664e-01
-4.646087437868118286e-02,9.301714599132537842e-02,-5.477961301803588867e-01
-3.789132088422775269e-02,-1.323428153991699219e-01,-1.634982228279113770e-01
1.285459753125905991e-02,1.042873859405517578e-01,-4.801498353481292725e-01
-3.866216540336608887e-02,-1.004586219787597656e-01,-2.207998633384704590e-01
4.796447698026895523e-03,2.751577881099365186e-07,5.695278644561767578e-01
1.725677400827407837e-02,-1.824434846639633179e-02,-5.680148601531982422e-01
-5.946636199951171875e-02,-7.935225963592529297e-02,4.206430017948150635e-01
4.725036676973104477e-03,1.831931620836257935e-02,-5.632447004318237305e-01
-1.744484901428222656e-02,1.108297258615493774e-01,-4.154495000839233398e-01
-7.728326320648193359e-02,-7.849046587944030762e-02,3.214013576507568359e-01
-7.341109961271286011e-02,2.975442043862130959e-07,5.239381790161132812e-01
5.395114421844482422e-02,-1.062236130237579346e-01,-1.904800385236740112e-01
1.309321448206901550e-02,-7.463049888610839844e-02,-2.426907271146774292e-01
-1.505200564861297607e-01,-5.752325057983398438e-03,2.203359901905059814e-01
1.698898337781429291e-02,3.591635450720787048e-02,5.858702659606933594e-01
-1.295528411865234375e-01,-2.530333958566188812e-02,3.653643727302551270e-01
1.893410682678222656e-01,7.203383347587077878e-07,1.046264637261629105e-02
1.920635998249053955e-01,3.613478725128516089e-07,1.844314336776733398e-01
6.652588397264480591e-02,4.918110370635986328e-02,2.140194624662399292e-01
4.882812500000000000e-03,9.455122798681259155e-02,-5.287659168243408203e-01
-3.915642574429512024e-02,-8.000206947326660156e-02,4.342037737369537354e-01
-7.564198970794677734e-02,-7.856984436511993408e-02,2.658932507038116455e-01
9.628814458847045898e-02,-1.893852464854717255e-02,-5.246170759201049805e-01
-1.038016080856323242e-01,-7.720778137445449829e-02,1.353524774312973022e-01
6.818786263465881348e-02,3.683722391724586487e-02,5.572069883346557617e-01
6.397277116775512695e-02,-1.125241518020629883e-01,-5.944732576608657837e-02
5.959308147430419922e-02,-5.287515372037887573e-02,4.203375279903411865e-01
6.691735237836837769e-02,3.946709632873535156e-02,-5.404864549636840820e-01
2.002679407596588135e-01,-2.793868444859981537e-02,3.399622440338134766e-02
1.824483871459960938e-01,-4.891516640782356262e-02,2.310043275356292725e-01
5.222511291503906250e-02,1.063337996602058411e-01,-1.536849886178970337e-01
6.475219130516052246e-02,9.319019317626953125e-02,4.118487536907196045e-01
-1.208848953247070312e-01,2.544300444424152374e-02,3.858773708343505859e-01
1.034455299377441406e-01,5.146166682243347168e-02,1.710241734981536865e-01
-1.544100195169448853e-01,3.803277015686035156e-02,3.142394870519638062e-02
-9.202945232391357422e-02,-6.963896751403808594e-02,1.748327612876892090e-01
-8.539047092199325562e-02,3.740402683615684509e-02,5.396231412887573242e-01
-9.478909522294998169e-02,-2.075529098510742188e-02,4.506683349609375000e-01
6.570281833410263062e-02,6.960523128509521484e-02,-2.067770361900329590e-01
1.291648205369710922e-02,9.660518169403076172e-02,2.077093422412872314e-01
1.581096649169921875e-01,-4.969968274235725403e-02,2.874682545661926270e-01
-2.046334743499755859e-01,8.358040452003479004e-02,2.791368961334228516e-02
-9.110832214355468750e-02,8.595037460327148438e-02,3.760571181774139404e-01
6.398211419582366943e-02,1.123043298721313477e-01,1.100524887442588806e-02
-3.848475217819213867e-02,1.077710390090942383e-01,3.519348204135894775e-01
-1.032133102416992188e-01,-2.572772651910781860e-02,-4.421710073947906494e-01
7.754468917846679688e-02,-1.047010719776153564e-01,-1.150469928979873657e-01
-1.828052997589111328e-01,7.338637858629226685e-02,2.656661868095397949e-01
-3.884365409612655640e-02,-9.293019771575927734e-02,1.901519745588302612e-01
-1.091579198837280273e-01,1.167481318116188049e-01,2.144460976123809814e-01
2.976489067077636719e-02,1.077831685543060303e-01,3.893374502658843994e-01
1.196493878960609436e-01,5.251955986022949219e-02,3.649996817111968994e-01
-7.119110226631164551e-02,7.345442473888397217e-02,5.617510080337524414e-01
-1.674758195877075195e-01,1.237182691693305969e-01,1.818682849407196045e-01
-7.287734746932983398e-02,1.126940697431564331e-01,5.378242731094360352e-01
-1.329444646835327148e-01,-2.524869143962860107e-02,2.207067757844924927e-01
-9.105145186185836792e-02,8.696460723876953125e-02,4.328994750976562500e-01
9.027409553527832031e-02,-5.188621580600738525e-02,-2.040960639715194702e-01
1.202711910009384155e-01,4.395771026611328125e-02,1.221173033118247986e-01
1.281970087438821793e-02,-1.086193323135375977e-01,1.703869551420211792e-01
1.195777654647827148e-01,5.350291728973388672e-02,2.511624097824096680e-01
1.671718358993530273e-01,7.309094485208333936e-07,-9.140777587890625000e-02
1.499743461608886719e-01,7.391098506559501402e-07,3.425061106681823730e-01
-3.813118487596511841e-02,1.224187612533569336e-01,1.689535528421401978e-01
1.174537762999534607e-01,-8.274900913238525391e-02,2.836004495620727539e-01
6.586002558469772339e-02,6.570422649383544922e-02,-4.921426177024841309e-01
1.744383126497268677e-01,4.032886028289794922e-02,-4.393035918474197388e-02
-9.569334983825683594e-02,7.759997993707656860e-02,-1.854809522628784180e-01
1.306038815528154373e-02,-7.874143123626708984e-02,4.344286918640136719e-01
-1.540195941925048828e-01,2.490912564098834991e-02,3.596719205379486084e-01
-2.099548280239105225e-02,-5.632413178682327271e-02,-5.356419086456298828e-01
1.277359854429960251e-02,1.143071651458740234e-01,1.875738501548767090e-01
6.488486379384994507e-02,8.990263938903808594e-02,3.560690283775329590e-01
5.821287631988525391e-02,5.291965231299400330e-02,-2.266830354928970337e-01
-9.243829548358917236e-02,6.238889694213867188e-02,-2.078543007373809814e-01
1.308505050837993622e-02,-7.567989826202392578e-02,-2.794656455516815186e-01
1.717850118875503540e-01,-6.557321548461914062e-02,2.959686145186424255e-02
1.076071113348007202e-01,-4.232369363307952881e-02,3.869756460189819336e-01
-1.134106442332267761e-01,5.715294554829597473e-02,-5.184327363967895508e-01
-9.153459966182708740e-02,-7.840538024902343750e-02,3.026522696018218994e-01
5.961418151855468750e-02,-1.058581620454788208e-01,1.208959966897964478e-01
6.509926915168762207e-02,-8.457028865814208984e-02,1.730966120958328247e-01
-2.162921428680419922e-02,5.549319460988044739e-02,-2.571890056133270264e-01
1.002863645553588867e-01,7.628029266015801113e-07,-2.027215510606765747e-01
6.389867514371871948e-02,-1.143628358840942383e-01,-9.463348239660263062e-02
-3.826986998319625854e-02,1.166695356369018555e-01,-5.150906443595886230e-01
-1.608545333147048950e-01,1.105768680572509766e-01,1.258941646665334702e-02
1.210562288761138916e-01,3.314578533172607422e-02,-8.108764141798019409e-02
-1.180635690689086914e-01,2.548845857381820679e-02,-2.004946917295455933e-01
2.360606193542480469e-02,-8.337045460939407349e-02,2.430078089237213135e-01
-1.475228518247604370e-01,-3.948438167572021484e-02,3.297979533672332764e-01
1.183590888977050781e-01,7.028603553771972656e-02,3.421176075935363770e-01
6.550316512584686279e-02,-7.454764842987060547e-02,-5.092056393623352051e-01
1.290737371891736984e-02,9.773600101470947266e-02,-4.436444044113159180e-01
1.274897437542676926e-02,-1.173988580703735352e-01,-2.005593776702880859e-01
-1.004958152770996094e-01,2.577151544392108917e-02,-5.399413704872131348e-01
-1.962891519069671631e-01,8.341276645660400391e-02,2.109497040510177612e-01
1.150541305541992188e-01,5.108748376369476318e-02,2.855834923684597015e-02
6.399261206388473511e-02,1.120388507843017578e-01,1.523608416318893433e-01
1.704946905374526978e-01,-7.784986495971679688e-02,2.112896740436553955e-01
6.469210982322692871e-02,9.468579292297363281e-02,-1.675125062465667725e-01
-1.218290328979492188e-01,-2.542779222130775452e-02,-2.000173926353454590e-01
1.211738437414169312e-01,3.152906894683837891e-02,-6.951903924345970154e-03
1.178877502679824829e-01,-7.677328586578369141e-02,3.407556116580963135e-01
-1.017762422561645508e-01,2.575087919831275940e-02,-2.567993104457855225e-01
-9.453269094228744507e-02,-2.528512477874755859e-02,-4.845034778118133545e-01
1.293349824845790863e-02,-9.449291229248046875e-02,3.922885060310363770e-01
-1.115689054131507874e-01,-7.329039275646209717e-02,-1.848582029342651367e-01
-9.363273531198501587e-02,-4.123556613922119141e-02,-4.010592699050903320e-01
-9.237416833639144897e-02,-6.353223323822021484e-02,3.812805116176605225e-01
1.306726224720478058e-02,-7.788813114166259766e-02,2.101339697837829590e-01
-1.678336858749389648e-01,2.468655444681644440e-02,3.386041224002838135e-01
-1.905170679092407227e-01,1.218581721186637878e-01,1.451843231916427612e-01
-1.134381070733070374e-01,-4.314797744154930115e-02,3.614168167114257812e-01
-3.933649137616157532e-02,-7.255232334136962891e-02,2.108801156282424927e-01
-3.935675323009490967e-02,-7.171392440795898438e-02,-2.431893795728683472e-01
1.984903812408447266e-01,7.159756023611407727e-07,4.368926957249641418e-02
-9.079793095588684082e-02,9.145617485046386719e-02,-5.239727497100830078e-01
1.771626174449920654e-01,1.441264152526855469e-02,2.004824727773666382e-01
1.116969585418701172e-01,5.119568854570388794e-02,1.523489356040954590e-01
8.375847339630126953e-02,7.706840392529556993e-07,-2.596606314182281494e-01
6.408438831567764282e-02,-1.097546815872192383e-01,-6.613769568502902985e-03
1.299440953880548477e-02,-8.694386482238769531e-02,-5.049285888671875000e-01
9.422314167022705078e-02,5.175893008708953857e-02,-1.855303943157196045e-01
-9.343039989471435547e-02,-4.481291770935058594e-02,-3.808038234710693359e-01
7.599711418151855469e-02,-1.048009395599365234e-01,-1.514678895473480225e-01
-8.908532559871673584e-02,1.217840909957885742e-01,3.309625089168548584e-01
1.190776005387306213e-01,-6.038999557495117188e-02,3.632559180259704590e-01
-1.014498472213745117e-01,-2.575614675879478455e-02,-2.750588953495025635e-01
-1.071494817733764648e-01,-2.566430717706680298e-02,4.079925417900085449e-01
-9.242064505815505981e-02,6.269645690917968750e-02,-2.634631395339965820e-01
-1.290631294250488281e-02,-8.160436153411865234e-02,-4.878787100315093994e-01
-9.013816714286804199e-02,1.031355857849121094e-01,-5.006396174430847168e-01
-1.960059404373168945e-01,2.423262968659400940e-02,9.388244152069091797e-02
2.242574989795684814e-01,-2.850943244993686676e-02,6.942439079284667969e-02
1.089131832122802734e-01,-5.128542333841323853e-02,-1.659793108701705933e-01
-1.931116431951522827e-01,1.095819473266601562e-01,1.715292334556579590e-01
-1.151236295700073242e-01,-2.553582563996315002e-02,-3.826351761817932129e-01
8.678698539733886719e-02,-5.199861526489257812e-02,-2.776898145675659180e-01
6.420241296291351318e-02,1.068373918533325195e-01,-5.966033786535263062e-02
1.058161258697509766e-01,7.601661309308838099e-07,-4.990045130252838135e-01
-1.199693679809570312e-01,-2.545775286853313446e-02,1.691882312297821045e-01
-1.054553985595703125e-01,7.712777704000473022e-02,-1.664480566978454590e-01
5.338633060455322266e-02,-1.062600463628768921e-01,1.397543251514434814e-01
9.401249885559082031e-02,-5.176571756601333618e-02,-4.834768474102020264e-01
-1.194417476654052734e-02,-8.165090531110763550e-02,-4.478274583816528320e-01
7.230496406555175781e-02,1.050380095839500427e-01,-6.778259295970201492e-03
1.224252283573150635e-01,3.136017312499461696e-07,3.847218751907348633e-01
-1.125752925872802734e-01,7.678339630365371704e-02,-4.974700808525085449e-01
-9.261379390954971313e-02,-5.928683280944824219e-02,2.314187586307525635e-01
-2.112316042184829712e-01,3.965413570404052734e-02,1.093762218952178955e-01
8.449089527130126953e-02,5.207262560725212097e-02,-4.668743908405303955e-01
-1.235371828079223633e-01,2.540026605129241943e-02,-4.744036793708801270e-01
-3.962200880050659180e-02,-6.073951721191406250e-02,-4.933816492557525635e-01
-1.420697569847106934e-01,1.008614301681518555e-01,3.176077306270599365e-01
-5.112051963806152344e-03,-8.198136836290359497e-02,-3.113369643688201904e-01
6.529385596513748169e-02,-7.973682880401611328e-02,-4.683853089809417725e-01
-1.290388405323028564e-01,8.667855709791183472e-02,3.568123579025268555e-01
-9.358406066894531250e-03,1.103079020977020264e-01,-4.336358606815338135e-01
6.583636254072189331e-02,6.628668308258056641e-02,-4.722732305526733398e-01
-1.075017452239990234e-02,-8.170865476131439209e-02,-4.082577526569366455e-01
-3.841977566480636597e-02,1.104789972305297852e-01,-1.836105287075042725e-01
-3.972815722227096558e-02,-5.633580684661865234e-02,-3.776620328426361084e-01
1.290442328900098801e-02,-9.810209274291992188e-02,3.354058861732482910e-01
-8.992352336645126343e-02,1.069397926330566406e-01,1.351434290409088135e-01
6.520950049161911011e-02,-8.183002471923828125e-02,-4.291338920593261719e-01
1.086889505386352539e-01,7.587962613797571976e-07,-4.596423208713531494e-01
1.279618032276630402e-02,1.115391254425048828e-01,-1.834402382373809814e-01
-1.406395882368087769e-01,1.169593334197998047e-01,2.417968660593032837e-01
9.911894798278808594e-02,7.633595942024840042e-07,-5.206478834152221680e-01
1.167351007461547852e-01,7.549595579803280998e-07,-1.650775074958801270e-01
9.703755378723144531e-02,-5.166820436716079712e-02,-4.440539479255676270e-01
6.500878185033798218e-02,-8.682060241699218750e-02,2.456326186656951904e-01
-1.512035131454467773e-01,-2.495450526475906372e-02,3.422790467739105225e-01
6.517631560564041138e-02,8.267056941986083984e-02,2.462646365165710449e-01
-9.509563446044921875e-03,-8.176866173744201660e-02,-3.690664470195770264e-01
8.540248870849609375e-02,5.204324051737785339e-02,-4.472772181034088135e-01
-1.187396049499511719e-01,-2.547756396234035492e-02,-3.632647693157196045e-01
-3.964183107018470764e-02,-5.990743637084960938e-02,-3.387508988380432129e-01
-1.475214064121246338e-01,-3.950512409210205078e-02,2.536273002624511719e-01
-7.565063238143920898e-02,-7.125080376863479614e-02,-2.269560098648071289e-01
-2.109121978282928467e-01,3.702354431152343750e-02,7.032684236764907837e-02
7.976745069026947021e-02,-8.614076673984527588e-02,3.651851415634155273e-01
6.581017374992370605e-02,6.693661212921142578e-02,-4.330838024616241455e-01
-7.383811473846435547e-02,-7.865710556507110596e-02,3.597500622272491455e-01
6.523914635181427002e-02,-8.109927177429199219e-02,-2.972723245620727539e-01
1.000010967254638672e-01,-5.157268419861793518e-02,-4.052609205245971680e-01
-1.279208660125732422e-01,2.532963268458843231e-02,-4.353292882442474365e-01
-1.188390254974365234e-01,2.547596953809261322e-02,-2.720666527748107910e-01
-1.526536941528320312e-01,1.826381683349609375e-02,6.933227181434631348e-02
6.432423740625381470e-02,-1.038024425506591797e-01,3.344729542732238770e-01
-3.964855149388313293e-02,-5.962932109832763672e-02,-4.543136358261108398e-01
-9.304878115653991699e-02,-5.157375335693359375e-02,-3.409143090248107910e-01
1.761236786842346191e-01,2.429747581481933594e-02,1.615338027477264404e-01
-7.289481163024902344e-02,7.870273292064666748e-02,-5.498297214508056641e-01
1.297384873032569885e-02,-8.948421478271484375e-02,-4.652050733566284180e-01
6.629228591918945312e-02,5.497288703918457031e-02,-2.832489013671875000e-01
-3.804008662700653076e-02,-1.261876821517944336e-01,-1.817959547042846680e-01
1.698707491159439087e-01,-8.378994464874267578e-02,1.922308355569839478e-01
6.516972184181213379e-02,-8.282220363616943359e-02,-4.097320437431335449e-01
1.098858118057250977e-01,7.582255534543946851e-07,-4.402661025524139404e-01
1.262158621102571487e-02,-1.332241296768188477e-01,-1.633639484643936157e-01
-9.055703133344650269e-02,9.571683406829833984e-02,-1.495556533336639404e-01
1.768288016319274902e-01,-1.758480072021484375e-02,-2.577819675207138062e-02
-1.093592643737792969e-01,2.562870644032955170e-02,4.262661635875701904e-01
-1.149625778198242188e-01,7.666792720556259155e-02,-4.583657681941986084e-01
9.954905509948730469e-02,7.631545031472342089e-07,-2.753500342369079590e-01
8.719456195831298828e-02,5.198547616600990295e-02,-4.085046350955963135e-01
-3.896632045507431030e-02,8.787524700164794922e-02,-2.774395644664764404e-01
-1.519898027181625366e-01,1.079118251800537109e-02,1.071978732943534851e-01
6.578888744115829468e-02,6.746935844421386719e-02,-3.944088518619537354e-01
8.519244194030761719e-02,7.700002697674790397e-07,4.135632216930389404e-01
6.509374827146530151e-02,-8.470737934112548828e-02,-3.713360428810119629e-01
-8.068048954010009766e-02,-2.609077841043472290e-02,-2.418109029531478882e-01
-3.967772051692008972e-02,-5.842280387878417969e-02,-4.351156651973724365e-01
1.765656471252441406e-01,-4.910477995872497559e-02,2.492111176252365112e-01
-8.227825164794921875e-03,-8.183067291975021362e-02,-3.302056789398193359e-01
-1.514119803905487061e-01,4.291653633117675781e-03,1.449182033538818359e-01
-3.990120440721511841e-02,-4.919695854187011719e-02,-2.840960621833801270e-01
1.014609336853027344e-01,-5.152561888098716736e-02,-3.860839903354644775e-01
1.297090295702219009e-02,-8.981418609619140625e-02,-4.266842603683471680e-01
-8.663238584995269775e-02,-1.897642575204372406e-02,-5.222592353820800781e-01
-3.974218666553497314e-02,-5.577564239501953125e-02,-3.970278799533843994e-01
-1.511557996273040771e-01,1.403212547302246094e-03,1.637551784515380859e-01
1.508121490478515625e-01,4.993490129709243774e-02,-4.080261290073394775e-02
-1.320209503173828125e-01,2.526357024908065796e-02,-3.969961404800415039e-01
-1.507086902856826782e-01,-3.629088401794433594e-03,2.014498859643936157e-01
1.185827702283859253e-01,6.720614433288574219e-02,2.676653861999511719e-01
1.122480630874633789e-01,7.570991442662489135e-07,-4.019503593444824219e-01
8.894753456115722656e-02,5.192896723747253418e-02,-3.702529966831207275e-01
-3.889647126197814941e-02,-9.075689315795898438e-02,2.999572753906250000e-01
