-9.615705162286758423e-02,3.484249114990234375e-03,-1.588037014007568359e-01
3.100097551941871643e-02,3.793829679489135742e-02,5.232393741607666016e-01
1.042285114526748657e-01,-1.804073713719844818e-02,-5.803028345108032227e-01
1.139737516641616821e-01,-1.306661367416381836e-01,1.508474647998809814e-01
-1.425481289625167847e-01,9.547674655914306641e-02,1.724652051925659180e-01
1.652743518352508545e-01,-7.658403366804122925e-02,-1.166999340057373047e-01
-9.338308125734329224e-02,4.565870761871337891e-02,-4.194744825363159180e-01
6.600639224052429199e-02,6.207227706909179688e-02,2.867043912410736084e-01
6.554940342903137207e-02,7.341229915618896484e-02,2.931732125580310822e-02
6.551136076450347900e-02,-7.433950901031494141e-02,-3.171884119510650635e-01
-8.135700225830078125e-02,-7.829340547323226929e-02,4.715270921587944031e-02
-8.491383492946624756e-02,1.956899166107177734e-01,-7.310424745082855225e-02
-6.470274925231933594e-02,-7.909897714853286743e-02,2.490893453359603882e-01
-7.989807054400444031e-03,1.298217177391052246e-01,-5.537412166595458984e-01
-8.296295255422592163e-02,-1.817263849079608917e-02,-5.721451044082641602e-01
1.283277384936809540e-02,-1.069612503051757812e-01,-4.793453812599182129e-01
1.291086245328187943e-02,-9.730279445648193359e-02,-7.776428014039993286e-02
-4.080563783645629883e-02,-1.175761222839355469e-02,3.928329348564147949e-01
8.356916904449462891e-02,-1.043122932314872742e-01,3.018356263637542725e-01
-7.780313491821289062e-03,5.504680424928665161e-02,-2.745095789432525635e-01
-7.256996631622314453e-02,1.143870353698730469e-01,5.168365314602851868e-02
-7.230499386787414551e-02,9.077169001102447510e-02,2.933748960494995117e-01
1.142223402857780457e-01,-1.272431612014770508e-01,1.092163100838661194e-02
1.323779951781034470e-02,5.673074722290039062e-02,-9.799682348966598511e-02
1.295385695993900299e-02,9.196567535400390625e-02,1.541665643453598022e-01
9.763360023498535156e-02,7.640678632014896721e-07,1.715576201677322388e-01
8.247292041778564453e-02,7.712970386819506530e-07,4.142596423625946045e-01
1.299589406698942184e-02,-8.674752712249755859e-02,-2.044436633586883545e-01
-1.110994815826416016e-01,2.560066804289817810e-02,-2.421508729457855225e-02
-9.915626049041748047e-02,-2.579309791326522827e-02,1.534921228885650635e-01
1.296289637684822083e-02,9.084355831146240234e-02,4.121291935443878174e-01
1.285582873970270157e-02,-1.041345596313476562e-01,9.960754215717315674e-02
7.718849182128906250e-02,7.738168505966314115e-07,-2.239465266466140747e-01
6.994175910949707031e-02,-3.558290004730224609e-02,-4.193057119846343994e-01
9.461843967437744141e-02,7.655056037947360892e-07,-4.226073995232582092e-02
2.961700409650802612e-02,-9.053094685077667236e-02,-5.786050558090209961e-01
-3.896857798099517822e-02,8.777368068695068359e-02,-1.862332075834274292e-01
-4.105538129806518555e-02,-1.424908638000488281e-03,-3.508300781250000000e-01
-9.245090931653976440e-02,-6.217265129089355469e-02,-6.138061359524726868e-02
-3.458809852600097656e-02,8.271160822914680466e-07,-4.802673161029815674e-01
-8.433074690401554108e-03,-3.922843933105468750e-02,4.831211566925048828e-01
-8.107173442840576172e-02,7.830721139907836914e-02,-5.271328687667846680e-01
-7.683348655700683594e-02,7.851222157478332520e-02,-9.690795838832855225e-02
8.124446868896484375e-02,-5.217726528644561768e-02,6.509460508823394775e-02
-8.743590861558914185e-02,3.543875948253116803e-07,2.992610931396484375e-01
1.286371052265167236e-02,-1.031560897827148438e-01,2.068606466054916382e-01
-1.436257362365722656e-02,-2.715930901467800140e-02,-1.380856335163116455e-01
-9.732532501220703125e-02,2.582259289920330048e-02,6.442260742187500000e-02
1.277526840567588806e-02,-1.141350269317626953e-01,1.098388619720935822e-02
-4.904586821794509888e-02,3.931313380599021912e-02,4.804786443710327148e-01
-4.072853177785873413e-02,-1.496839523315429688e-02,-2.326007038354873657e-01
6.793888658285140991e-02,1.411795616149902344e-02,-5.076770186424255371e-01
8.964598178863525391e-02,-5.190646648406982422e-02,-1.499609351158142090e-01
-9.251424670219421387e-02,6.104159355163574219e-02,-2.451013177633285522e-01
-3.882846608757972717e-02,9.357059001922607422e-02,-2.448608353734016418e-02
3.026974201202392578e-02,7.961894539221248124e-07,3.495971560478210449e-01
9.300947189331054688e-03,-8.267851918935775757e-02,-3.930877745151519775e-01
1.619168072938919067e-01,-5.604417622089385986e-02,-3.868508338928222656e-02
-2.023529075086116791e-02,5.428449809551239014e-02,-5.778064727783203125e-01
-3.967349603772163391e-02,-5.861783027648925781e-02,3.248135447502136230e-01
1.106052398681640625e-01,-1.025675758719444275e-01,2.242895513772964478e-01
-9.508705139160156250e-02,2.585865743458271027e-02,2.260385155677795410e-01
7.710385322570800781e-02,5.231073126196861267e-02,1.194207742810249329e-01
9.842276573181152344e-03,-2.754930593073368073e-02,-2.942086756229400635e-01
-1.039607524871826172e-01,1.288457214832305908e-01,-4.215148836374282837e-02
-3.898986801505088806e-02,8.689284324645996094e-02,2.090219110250473022e-01
6.572385132312774658e-02,6.908345222473144531e-02,2.114392071962356567e-01
1.360710859298706055e-01,-1.009241864085197449e-01,8.039093017578125000e-02
9.870874881744384766e-02,7.635551924067840446e-07,2.618115246295928955e-01
-3.870979323983192444e-02,-9.846067428588867188e-02,1.535836756229400635e-01
1.290558651089668274e-02,-9.796977043151855469e-02,2.802029252052307129e-01
2.988372743129730225e-02,-1.828845776617527008e-02,-5.650339126586914062e-01
-1.417254656553268433e-01,1.047353744506835938e-01,9.995879977941513062e-02
-1.857614517211914062e-02,1.666449755430221558e-01,-6.460601836442947388e-02
-3.949421644210815430e-02,6.601464748382568359e-02,-3.754382133483886719e-01
1.300746295601129532e-02,8.527565002441406250e-02,8.283264189958572388e-02
1.955509185791015625e-03,5.473298579454421997e-02,-5.111901760101318359e-01
1.054084300994873047e-01,-5.139838904142379761e-02,-5.188717246055603027e-01
6.876563280820846558e-02,-6.397604942321777344e-03,-3.329412639141082764e-01
1.364581100642681122e-02,6.069779396057128906e-03,-1.956204175949096680e-01
6.600191444158554077e-02,6.218349933624267578e-02,-4.314941167831420898e-02
1.403522584587335587e-02,-4.225742816925048828e-02,-5.032592415809631348e-01
1.161042079329490662e-01,-1.013288497924804688e-01,-5.997558310627937317e-02
6.333947181701660156e-02,7.804205779393669218e-07,-1.158132925629615784e-01
1.018680334091186523e-01,7.620487281201349106e-07,2.878112718462944031e-02
-9.487223625183105469e-02,-1.927709579467773438e-02,-5.065182447433471680e-01
1.293503493070602417e-02,9.430217742919921875e-02,2.625405788421630859e-01
1.330682635307312012e-02,-4.814970493316650391e-02,4.036120474338531494e-01
6.039452552795410156e-02,5.284932628273963928e-02,3.816024661064147949e-01
-1.242995262145996094e-01,7.621628791093826294e-02,2.579284608364105225e-01
1.317708007991313934e-02,6.421971321105957031e-02,3.236212134361267090e-01
-3.841573745012283325e-02,-1.106264591217041016e-01,-4.185150191187858582e-02
6.508877873420715332e-02,-8.483564853668212891e-02,-2.413549721240997314e-01
8.621990680694580078e-02,-5.201689153909683228e-02,1.367544531822204590e-01
6.489475071430206299e-02,-8.964514732360839844e-02,-2.455871552228927612e-02
-1.112021207809448242e-01,-2.559901215136051178e-02,2.861663699150085449e-02
-8.223867416381835938e-02,2.606567554175853729e-02,-2.968609631061553955e-01
-3.903323039412498474e-02,8.508694171905517578e-02,1.188061460852622986e-01
7.191558927297592163e-02,2.875209190733585274e-07,4.941720962524414062e-01
6.736114621162414551e-02,-4.472620040178298950e-02,3.124824762344360352e-01
1.385149545967578888e-02,-1.946306228637695312e-02,-3.749655187129974365e-01
-8.699484914541244507e-02,1.588234901428222656e-01,1.069122273474931717e-02
-9.573800861835479736e-02,-3.939390182495117188e-03,-8.242278546094894409e-02
-3.326952457427978516e-02,8.264873372354486492e-07,-4.184072911739349365e-01
-3.962897881865501404e-02,6.043910980224609375e-02,4.007131755352020264e-01
6.309437006711959839e-02,-1.343170404434204102e-01,1.853512525558471680e-01
-2.188718318939208984e-02,-8.116995543241500854e-02,-5.464038252830505371e-01
1.289921160787343979e-02,9.874916076660156250e-02,1.109039317816495895e-02
-1.605689525604248047e-02,1.107401549816131592e-01,-4.967059195041656494e-01
6.491227447986602783e-02,-8.921062946319580078e-02,-4.463525414466857910e-01
-5.618381500244140625e-02,5.660698935389518738e-02,-4.655987322330474854e-01
-9.418784826993942261e-02,-3.140127658843994141e-02,8.572967350482940674e-02
-3.927430510520935059e-02,-7.511305809020996094e-02,-9.692565351724624634e-02
-9.374441951513290405e-02,-3.925693035125732422e-02,2.154739350080490112e-01
1.325384378433227539e-01,7.474239396287885029e-07,-5.290563702583312988e-01
-3.338789939880371094e-02,2.685276977717876434e-02,3.489898741245269775e-01
-9.424000233411788940e-02,3.046858310699462891e-02,1.229840070009231567e-01
9.536492824554443359e-02,7.651496503058297094e-07,1.001516729593276978e-01
6.474804133176803589e-02,-9.328579902648925781e-02,-5.229690670967102051e-01
-9.650015830993652344e-02,9.562492370605468750e-03,-2.169866859912872314e-01
6.557897478342056274e-02,7.267391681671142578e-02,4.363943338394165039e-01
-9.204836934804916382e-02,6.929659843444824219e-02,-1.702941805124282837e-01
8.648467063903808594e-02,-5.200836062431335449e-02,2.091223150491714478e-01
6.488441675901412964e-02,-8.989703655242919922e-02,-1.140264868736267090e-01
1.391302049160003662e-02,-2.710056304931640625e-02,-4.372414946556091309e-01
-8.374786004424095154e-03,7.787104696035385132e-02,4.933490753173828125e-01
-8.988191187381744385e-02,1.076755523681640625e-01,2.245935052633285522e-01
-1.155078411102294922e-01,2.552963607013225555e-02,-5.348739624023437500e-01
-1.913785934448242188e-03,5.485770106315612793e-02,-1.584872454404830933e-01
-9.004526585340499878e-02,1.047832965850830078e-01,1.531762629747390747e-01
-3.925259411334991455e-02,7.601130008697509766e-02,-3.166976869106292725e-01
-1.385927200317382812e-03,-8.216160535812377930e-02,-1.392932087182998657e-01
1.314647309482097626e-02,-6.805515289306640625e-02,-3.369802832603454590e-01
-9.590461850166320801e-02,-9.877681732177734375e-04,-4.509243667125701904e-01
6.511557102203369141e-02,-8.416569232940673828e-02,-3.903753459453582764e-01
-7.001101970672607422e-02,-7.884223014116287231e-02,1.018530279397964478e-01
9.259760379791259766e-02,-5.181131884455680847e-02,1.113861054182052612e-02
-9.284520149230957031e-02,-7.773774117231369019e-02,-6.686706561595201492e-03
6.496486812829971313e-02,-8.790087699890136719e-02,-1.863152980804443359e-01
6.386048346757888794e-02,-1.153105497360229492e-01,1.166433691978454590e-01
-9.063434600830078125e-02,2.593040093779563904e-02,-3.509905934333801270e-01
-3.899779170751571655e-02,8.656513690948486328e-02,-2.409713715314865112e-01
8.091866970062255859e-02,7.720381631770578679e-07,-2.785553038120269775e-01
6.337226182222366333e-02,-1.274303197860717773e-01,2.394491583108901978e-01
7.068598270416259766e-02,7.769174885652319063e-07,-1.698788404464721680e-01
-3.844548761844635010e-02,-1.094151735305786133e-01,2.865356393158435822e-02
7.654428482055664062e-04,5.477134138345718384e-02,-2.154449373483657837e-01
4.539611563086509705e-02,7.812945544719696045e-02,4.892843961715698242e-01
1.312707550823688507e-02,-7.047522068023681641e-02,-2.618032693862915039e-01
1.295115891844034195e-02,9.230065345764160156e-02,-4.232299700379371643e-02
1.274988204240798950e-01,-5.556392669677734375e-02,-8.540313690900802612e-02
1.273217052221298218e-02,-1.194968223571777344e-01,-5.334753394126892090e-01
-8.259429596364498138e-03,2.855334457763092360e-07,5.186295509338378906e-01
1.672692596912384033e-01,-1.085380315780639648e-01,-4.212493821978569031e-02
6.767883151769638062e-02,1.828356646001338959e-02,-5.653030872344970703e-01
-1.231513023376464844e-01,1.272964924573898315e-01,4.603088274598121643e-02
-6.757831573486328125e-02,-7.895988970994949341e-02,1.933209151029586792e-01
1.294094044715166092e-02,9.356892108917236328e-02,2.081027179956436157e-01
8.580350875854492188e-02,-5.203031376004219055e-02,2.640585303306579590e-01
-3.904754668474197388e-02,8.449470996856689453e-02,-1.323620527982711792e-01
6.688445806503295898e-02,-5.418798327445983887e-02,-5.797730684280395508e-01
1.285305712372064590e-02,-1.044784784317016602e-01,1.529669165611267090e-01
-1.159926652908325195e-01,-2.552182786166667938e-02,-2.414062432944774628e-02
-4.056341946125030518e-02,-2.179121971130371094e-02,-5.254595875740051270e-01
4.579101502895355225e-02,-3.942538797855377197e-02,4.769474267959594727e-01
-8.944988250732421875e-02,1.153290271759033203e-01,9.906310588121414185e-02
1.360382046550512314e-02,1.128208637237548828e-02,-1.195010319352149963e-01
-7.023712247610092163e-02,5.436883866786956787e-02,-5.760157108306884766e-01
-7.041847705841064453e-02,7.882250845432281494e-02,1.129943784326314926e-02
-3.841197490692138672e-02,-2.677182108163833618e-02,4.452787637710571289e-01
8.559668064117431641e-02,-5.203698575496673584e-02,-2.778948843479156494e-01
1.290977299213409424e-01,-7.757961750030517578e-02,3.209716826677322388e-02
6.494241207838058472e-02,-8.846259117126464844e-02,2.904601953923702240e-02
-9.557795524597167969e-02,2.585075050592422485e-02,1.718002259731292725e-01
1.369679067283868790e-02,-2.962350845336914062e-04,-2.538784742355346680e-01
6.054973602294921875e-02,-5.284432321786880493e-02,-4.935507178306579590e-01
1.310458499938249588e-02,-7.321906089782714844e-02,3.218404948711395264e-01
9.181475639343261719e-02,-5.183655023574829102e-02,-2.039007544517517090e-01
-2.559828758239746094e-02,8.099045604467391968e-02,4.491789042949676514e-01
-3.905272483825683594e-02,8.428037166595458984e-02,6.495758146047592163e-02
-4.124756902456283569e-02,6.526231765747070312e-03,-2.742455899715423584e-01
8.617353439331054688e-02,-5.201838910579681396e-02,-4.250518605113029480e-02
-1.040026843547821045e-01,4.555671289563179016e-02,2.867040634155273438e-01
-4.064599424600601196e-02,-1.837503910064697266e-02,-1.753845214843750000e-01
1.740081794559955597e-02,9.188908338546752930e-02,-5.617771148681640625e-01
1.134872287511825562e-01,-1.373652219772338867e-01,9.778717160224914551e-02
-9.626579284667968750e-02,-2.583966590464115143e-02,2.622448801994323730e-01
7.014799118041992188e-02,7.771740229145507328e-07,3.224377334117889404e-01
8.339989185333251953e-02,-5.210779234766960144e-02,-3.527056872844696045e-01
-3.760778903961181641e-02,5.600821971893310547e-02,-4.196722209453582764e-01
6.733977794647216797e-02,2.897989749908447266e-02,-8.114257454872131348e-02
-5.012298375368118286e-02,1.662584841251373291e-01,-1.457953453063964844e-02
-6.431518495082855225e-02,1.800799369812011719e-01,-1.099878549575805664e-01
-3.898697718977928162e-02,8.700048923492431641e-02,2.638027966022491455e-01
-9.358570724725723267e-02,4.206001758575439453e-02,-4.996520876884460449e-01
-1.504594087600708008e-01,7.495094835758209229e-02,1.313958764076232910e-01
4.689636174589395523e-03,-5.452076345682144165e-02,-5.729358196258544922e-01
-4.528320208191871643e-02,9.065965563058853149e-02,-5.769983530044555664e-01
-4.510467499494552612e-02,1.807930506765842438e-02,-5.780255794525146484e-01
-1.061890125274658203e-01,2.567978575825691223e-02,-1.127960160374641418e-01
7.919919490814208984e-02,5.224319919943809509e-02,1.736215204000473022e-01
-5.722546577453613281e-02,2.646869421005249023e-02,4.207803308963775635e-01
-3.891278058290481567e-02,-9.008216857910156250e-02,2.816552817821502686e-01
-5.254149436950683594e-03,-8.197449147701263428e-02,-4.496020376682281494e-01
-8.262288570404052734e-02,1.305682957172393799e-01,-7.872955501079559326e-02
7.153904438018798828e-02,5.249010026454925537e-02,6.548492610454559326e-02
6.929583847522735596e-02,-1.955425739288330078e-02,-3.752774000167846680e-01
8.193814754486083984e-02,5.215490609407424927e-02,2.463043183088302612e-01
-6.550014019012451172e-02,-2.633536979556083679e-02,3.233990371227264404e-01
8.160006999969482422e-02,5.216579884290695190e-02,-6.729125976562500000e-03
1.324987132102251053e-02,5.522000789642333984e-02,3.634558022022247314e-01
-2.137298509478569031e-02,3.823360428214073181e-02,5.140358209609985352e-01
-7.511436939239501953e-02,1.145512387156486511e-01,-7.391967810690402985e-03
1.382424309849739075e-02,-1.608026027679443359e-02,-3.345696926116943359e-01
1.548798084259033203e-01,-9.971041232347488403e-02,1.072357129305601120e-02
6.534659117460250854e-02,-7.843303680419921875e-02,1.012905836105346680e-01
8.553147315979003906e-03,5.452032387256622314e-02,-5.503881573677062988e-01
-3.622439131140708923e-02,2.013074159622192383e-01,-7.273681461811065674e-02
1.047103404998779297e-01,-5.142088606953620911e-02,-5.585058331489562988e-01
-3.882525861263275146e-02,-9.369134902954101562e-02,8.242218196392059326e-02
-4.921859502792358398e-02,3.051006558507651789e-07,4.756668806076049805e-01
-8.573025465011596680e-02,1.812266111373901367e-01,-2.318023703992366791e-02
1.289548277854919434e-01,-7.560920715332031250e-02,-7.398376241326332092e-03
1.075046062469482422e-01,7.593610007461393252e-07,-4.984762370586395264e-01
-3.935312479734420776e-02,7.186412811279296875e-02,3.034789860248565674e-01
-1.242053508758544922e-02,-8.162785321474075317e-02,-5.083697438240051270e-01
-9.333862364292144775e-02,4.643750190734863281e-02,-4.585623145103454590e-01
1.671954244375228882e-01,-1.092405319213867188e-01,-9.538482129573822021e-02
1.279030553996562958e-02,-1.122683286666870117e-01,-4.179748520255088806e-02
-6.975245475769042969e-02,7.885472476482391357e-02,-4.296539351344108582e-02
7.177657634019851685e-02,3.877585753798484802e-02,4.970650672912597656e-01
-2.797842025756835938e-03,-2.734564803540706635e-02,3.750762939453125000e-01
-5.785894393920898438e-02,7.943001389503479004e-02,-2.828530967235565186e-01
1.854138374328613281e-01,-6.409645080566406250e-02,-8.606445044279098511e-02
-3.877057880163192749e-02,-9.594535827636718750e-02,2.259542793035507202e-01
-9.330577403306961060e-02,-4.702079296112060547e-02,1.217648312449455261e-01
-5.247735977172851562e-02,7.969032227993011475e-02,-4.963030815124511719e-01
1.964747905731201172e-02,1.084360852837562561e-01,-5.270712375640869141e-01
-9.531982243061065674e-02,1.813059858977794647e-02,-5.747705698013305664e-01
-4.114500805735588074e-02,2.283096313476562500e-03,-3.124212622642517090e-01
-3.792216628789901733e-02,1.310546398162841797e-01,-5.297119021415710449e-01
1.328449789434671402e-02,-5.092144012451171875e-02,4.418833851814270020e-01
-4.607879370450973511e-02,-2.551208622753620148e-02,-1.166046857833862305e-01
-1.338145732879638672e-01,7.575605064630508423e-02,2.208132892847061157e-01
-8.784890174865722656e-02,2.597528137266635895e-02,-2.590371668338775635e-01
3.104507364332675934e-02,2.811652564105315832e-07,5.213913917541503906e-01
1.034401655197143555e-01,-1.030299514532089233e-01,2.615807950496673584e-01
6.577777862548828125e-02,7.792579026499879546e-07,3.801519572734832764e-01
1.365561969578266144e-02,4.864692687988281250e-03,-1.577792316675186157e-01
1.052123978734016418e-01,1.821108907461166382e-02,-5.697302818298339844e-01
-6.164455413818359375e-02,2.639749459922313690e-02,3.241619765758514404e-01
6.736242771148681641e-02,-2.840542793273925781e-02,4.482658207416534424e-01
-3.879956528544425964e-02,9.476613998413085938e-02,2.891754172742366791e-02
-4.437839984893798828e-02,2.667568437755107880e-02,3.851800560951232910e-01
1.237838715314865112e-01,-5.635498464107513428e-02,-4.832744598388671875e-02
7.321977615356445312e-02,-1.431492269039154053e-01,1.506762653589248657e-01
-1.075111627578735352e-01,2.565848082304000854e-02,2.868316508829593658e-02
1.258254051208496094e-01,-1.015853881835937500e-01,1.160162314772605896e-01
1.161063909530639648e-01,-1.022125780582427979e-01,1.877447515726089478e-01
6.360106170177459717e-02,-1.217480897903442383e-01,2.762588560581207275e-01
-8.403325080871582031e-02,7.816396653652191162e-02,-2.050204426050186157e-01
-9.003785252571105957e-02,1.049146652221679688e-01,2.612118422985076904e-01
-9.550297260284423828e-02,2.585195936262607574e-02,-3.873721361160278320e-01
-6.942331790924072266e-02,-7.887065410614013672e-02,1.565054357051849365e-01
-1.178264617919921875e-02,-2.720087952911853790e-02,-2.139645367860794067e-01
-9.210754930973052979e-02,6.824839115142822266e-02,-1.338665783405303955e-01
-8.766841888427734375e-02,1.468975543975830078e-01,4.526244848966598511e-02
9.145140647888183594e-02,-5.184826627373695374e-02,-2.402960211038589478e-01
9.867179393768310547e-02,7.635728138666308951e-07,2.255041450262069702e-01
-1.137232780456542969e-01,1.280576139688491821e-01,1.102233864367008209e-02
1.287101395428180695e-02,-1.022615432739257812e-01,2.430920302867889404e-01
6.669127941131591797e-02,-1.801683753728866577e-02,-5.818567276000976562e-01
-3.900728747248649597e-02,8.617222309112548828e-02,1.728353798389434814e-01
7.110798358917236328e-02,-5.250398814678192139e-02,-4.512371718883514404e-01
8.635890483856201172e-02,-5.201241374015808105e-02,1.728546172380447388e-01
-4.578948765993118286e-02,-1.835371367633342743e-02,-5.609964132308959961e-01
-5.936563014984130859e-02,1.135349497199058533e-01,-4.641051962971687317e-02
6.492265313863754272e-02,-8.895277976989746094e-02,-1.500692665576934814e-01
6.485116481781005859e-02,-9.072673320770263672e-02,-7.814422249794006348e-02
8.810114860534667969e-02,-5.195626243948936462e-02,-1.141204833984375000e-01
1.296248007565736771e-02,9.089529514312744141e-02,1.183483824133872986e-01
-3.868011385202407837e-02,-9.969627857208251953e-02,1.177316233515739441e-01
1.292610354721546173e-02,9.537565708160400391e-02,4.669128358364105225e-02
9.216952323913574219e-02,7.666733381483936682e-07,6.462158262729644775e-02
9.693276882171630859e-02,7.644020456609723624e-07,1.357760578393936157e-01
8.676302433013916016e-02,-2.878866158425807953e-02,-4.947778284549713135e-01
-8.987073600292205811e-02,1.078733205795288086e-01,1.886285394430160522e-01
-1.077228784561157227e-01,2.565506845712661743e-02,-5.958648398518562317e-02
1.280831638723611832e-02,-1.099975109100341797e-01,4.626586660742759705e-02
9.991359710693359375e-02,7.629806759723578580e-07,-6.649475079029798508e-03
-3.834970667958259583e-02,-1.133661270141601562e-01,-6.595458835363388062e-03
1.137860491871833801e-01,-1.332480907440185547e-01,4.570770263671875000e-02
5.221465975046157837e-02,-8.986476808786392212e-02,3.074795007705688477e-01
-3.209996223449707031e-02,1.679563224315643311e-01,-1.037753298878669739e-01
-1.413909941911697388e-01,1.084971427917480469e-01,1.353274434804916382e-01
-1.801347732543945312e-02,5.537664145231246948e-02,-3.351098597049713135e-01
-1.038738489151000977e-01,2.571708895266056061e-02,-1.843435615301132202e-01
4.715442657470703125e-02,-1.066622063517570496e-01,-4.784097075462341309e-01
-3.874019905924797058e-02,-9.721052646636962891e-02,1.896456927061080933e-01
4.202117770910263062e-02,2.571623958647251129e-02,-1.040717363357543945e-01
-1.039506196975708008e-01,-2.571585029363632202e-02,-5.387753248214721680e-01
7.975578308105468750e-02,-5.222523957490921021e-02,-3.913262784481048584e-01
-5.652666091918945312e-03,-8.195522427558898926e-02,-1.011578366160392761e-01
-1.000732369720935822e-02,2.327647246420383453e-02,-2.560150623321533203e-01
-1.070884466171264648e-01,-2.566529065370559692e-02,-5.961028859019279480e-02
-1.061595678329467773e-01,7.709371298551559448e-02,2.973468005657196045e-01
1.292628981173038483e-02,-9.535253047943115234e-02,-4.252166748046875000e-01
3.879916667938232422e-02,-5.354540050029754639e-02,3.288101255893707275e-01
-5.288362503051757812e-03,-2.730550989508628845e-02,-2.530691325664520264e-01
1.297056302428245544e-02,-8.990395069122314453e-02,-1.678805500268936157e-01
-1.266838312149047852e-01,1.270113438367843628e-01,8.096832036972045898e-02
6.530050188302993774e-02,-7.957684993743896484e-02,-3.536431789398193359e-01
8.495211601257324219e-02,-5.205775052309036255e-02,1.008538827300071716e-01
-9.427845478057861328e-02,2.587168663740158081e-02,2.625698745250701904e-01
-3.670369088649749756e-02,1.814588308334350586e-01,-3.998626768589019775e-02
-1.266241073608398438e-01,7.610386610031127930e-02,9.831542521715164185e-02
-6.526031345129013062e-02,-7.844693213701248169e-02,-7.822453975677490234e-02
-4.090076312422752380e-02,-7.822155952453613281e-03,-4.485278129577636719e-01
-7.182434201240539551e-02,4.510828852653503418e-02,3.005989789962768555e-01
7.800436019897460938e-02,5.228170752525329590e-02,4.156197905540466309e-01
-7.779235485941171646e-03,9.037577360868453979e-02,-5.805137157440185547e-01
-3.991706296801567078e-02,4.854106903076171875e-02,3.268078565597534180e-01
1.457337141036987305e-01,-1.003006324172019958e-01,4.531860351562500000e-02
6.807420402765274048e-02,1.076006889343261719e-02,-2.524240016937255859e-01
1.386284921318292618e-02,-2.085971832275390625e-02,-5.386736989021301270e-01
7.782697677612304688e-02,7.735123972452129237e-07,-7.870666682720184326e-02
-7.971429824829101562e-02,-2.610634453594684601e-02,-9.663573652505874634e-02
-9.720458649098873138e-03,-9.038332104682922363e-02,2.995040416717529297e-01
-2.052490226924419403e-02,1.835998333990573883e-02,-5.603799819946289062e-01
2.491882257163524628e-02,7.900751382112503052e-02,-6.667065620422363281e-02
-4.098010808229446411e-02,-4.539251327514648438e-03,-3.895632922649383545e-01
-6.304419040679931641e-02,7.917919754981994629e-02,4.768615588545799255e-02
-9.356117993593215942e-02,-4.250323772430419922e-02,1.777429133653640747e-01
8.541631698608398438e-02,-5.204279348254203796e-02,-3.149352967739105225e-01
6.748115271329879761e-02,-2.546405792236328125e-02,4.094738662242889404e-01
-2.067494392395019531e-02,8.122859150171279907e-02,4.107916057109832764e-01
-9.299241751432418823e-02,5.257213115692138672e-02,-5.569320321083068848e-01
-9.672539681196212769e-02,1.355278491973876953e-02,-4.143060147762298584e-01
5.030405521392822266e-02,5.317457020282745361e-02,-8.008361607789993286e-02
1.202064752578735352e-01,-1.019479855895042419e-01,1.517691016197204590e-01
6.677108258008956909e-02,4.309666156768798828e-02,3.090014457702636719e-01
6.526592373847961426e-02,-8.043479919433593750e-02,-5.671703815460205078e-01
-4.442811012268066406e-03,-8.201374113559722900e-02,-5.729607939720153809e-01
-9.594250470399856567e-02,-3.093481063842773438e-04,-1.204650849103927612e-01
-1.312971115112304688e-02,-2.717917412519454956e-02,-1.759030073881149292e-01
4.434013366699218750e-02,-1.068438142538070679e-01,-5.599877834320068359e-01
4.369506612420082092e-02,8.019264042377471924e-02,-4.227519035339355469e-02
-3.491775318980216980e-02,2.913763523793022614e-07,5.004214048385620117e-01
1.820091009140014648e-01,-9.795970469713211060e-02,-7.380523532629013062e-02
1.325361710041761398e-02,-5.475473403930664062e-02,-3.018746972084045410e-01
1.841201819479465485e-02,-3.892494365572929382e-02,4.925435781478881836e-01
-3.833889961242675781e-03,5.491960048675537109e-02,-1.206292733550071716e-01
6.504044681787490845e-02,-8.603477478027343750e-02,-4.860205054283142090e-01
8.420145511627197266e-02,5.208195745944976807e-02,2.911437861621379852e-02
1.148808002471923828e-02,-8.278431743383407593e-02,-2.364599555730819702e-01
-1.052844524383544922e-01,2.569435723125934601e-02,-4.798965454101562500e-01
2.108347415924072266e-02,-1.083446368575096130e-01,-5.062204003334045410e-01
1.303731091320514679e-02,8.160638809204101562e-02,3.015844523906707764e-01
1.351420395076274872e-02,-2.240657806396484375e-02,3.512548804283142090e-01
1.831130869686603546e-02,7.738310843706130981e-02,5.008879899978637695e-01
-1.060910001397132874e-01,-5.476073920726776123e-02,1.183986663818359375e-03
2.504253387451171875e-02,-8.343993127346038818e-02,-3.566088676452636719e-01
1.220339015126228333e-01,1.968395709991455078e-02,-5.479217171669006348e-01
-1.017878055572509766e-01,2.575069293379783630e-02,-4.425655901432037354e-01
8.660387992858886719e-02,7.693272436881670728e-07,3.006436228752136230e-01
6.552280485630035400e-02,-7.405567169189453125e-02,6.540282815694808960e-02
-7.069335877895355225e-02,3.202394509571604431e-07,3.219637870788574219e-01
6.834067404270172119e-02,4.142642021179199219e-03,-1.959954798221588135e-01
-8.342540264129638672e-02,-2.604655362665653229e-02,3.012750148773193359e-01
-3.883232548832893372e-02,-9.341073036193847656e-02,-7.797332853078842163e-02
4.891204647719860077e-03,3.791423887014389038e-02,5.239818096160888672e-01
2.949249185621738434e-02,-5.412740632891654968e-02,-5.810902118682861328e-01
-1.050715446472167969e-01,2.569779381155967712e-02,-1.484667956829071045e-01
6.574343889951705933e-02,-6.858050823211669922e-02,-2.809060513973236084e-01
6.585673987865447998e-02,6.578576564788818359e-02,1.385266035795211792e-01
-2.784657478332519531e-02,8.239014732680516317e-07,-5.198919773101806641e-01
3.857648372650146484e-02,5.355258658528327942e-02,3.673123121261596680e-01
1.293407566845417023e-02,-9.442114830017089844e-02,-1.136175543069839478e-01
1.203345954418182373e-01,-4.307925701141357422e-02,-5.402926802635192871e-01
1.332595795392990112e-01,-1.859063282608985901e-02,-5.461847782135009766e-01
-9.327386319637298584e-02,-4.759335517883300781e-02,6.651885807514190674e-02
-4.498626664280891418e-02,5.407609045505523682e-02,-5.820564031600952148e-01
9.311318397521972656e-03,-2.754074521362781525e-02,-4.126772880554199219e-01
-6.980987638235092163e-02,1.801907457411289215e-02,-5.816901922225952148e-01
1.396471355110406876e-02,-3.351747989654541016e-02,-4.799868762493133545e-01
-8.907663822174072266e-02,-7.792001962661743164e-02,-4.245605319738388062e-02
6.565787643194198608e-02,7.072055339813232422e-02,2.480840981006622314e-01
1.534732580184936523e-01,-9.980118274688720703e-02,-2.361511252820491791e-02
3.398609161376953125e-02,-2.793831378221511841e-02,-5.009185671806335449e-01
1.700191497802734375e-01,-4.931579902768135071e-02,-7.427215576171875000e-02
6.566391140222549438e-02,7.057070732116699219e-02,-6.776733323931694031e-03
1.277052611112594604e-02,1.147235631942749023e-01,-5.547302365303039551e-01
-1.726603507995605469e-02,5.535254999995231628e-02,-4.962817132472991943e-01
-8.465480804443359375e-02,1.829469799995422363e-01,-9.694427251815795898e-02
6.856234371662139893e-02,-1.352548599243164062e-03,-1.394680738449096680e-01
-3.357330337166786194e-02,1.298477202653884888e-01,-5.535025596618652344e-01
1.284455657005310059e-01,-6.859707832336425781e-02,-1.057452335953712463e-01
6.901876628398895264e-02,-1.268374919891357422e-02,-4.951022267341613770e-01
-4.001469165086746216e-02,4.448127746582031250e-02,-4.783285558223724365e-01
1.223004981875419617e-01,-1.601290702819824219e-02,-5.080297589302062988e-01
1.309997960925102234e-02,7.382667064666748047e-02,3.782919347286224365e-01
9.989196807146072388e-02,-9.090816229581832886e-02,2.913210391998291016e-01
-4.492688179016113281e-02,5.624414235353469849e-02,-4.419696033000946045e-01
6.736579537391662598e-02,2.833926677703857422e-02,-5.441085696220397949e-01
-1.425789594650268555e-01,7.533212006092071533e-02,1.844390779733657837e-01
-9.987139701843261719e-02,2.578156813979148865e-02,-2.389453053474426270e-01
-1.013933420181274414e-01,-2.575705014169216156e-02,6.425933539867401123e-02
6.595170497894287109e-02,6.342935562133789062e-02,1.022277772426605225e-01
-9.485411643981933594e-02,2.586241252720355988e-02,1.001965329051017761e-01
-1.247332766652107239e-01,9.483785182237625122e-02,2.303835153579711914e-01
-7.146941870450973511e-02,-4.488537833094596863e-02,3.075143098831176758e-01
6.959851831197738647e-02,-2.706515789031982422e-02,-3.970309495925903320e-01
-3.849956020712852478e-02,1.071780920028686523e-01,-4.987243413925170898e-01
-8.868566155433654785e-02,1.288694143295288086e-01,8.072204142808914185e-02
4.675424098968505859e-02,7.883290322752145585e-07,3.653146326541900635e-01
-7.808971405029296875e-02,7.845146209001541138e-02,-2.424496412277221680e-01
-9.998822212219238281e-02,-2.577968686819076538e-02,1.176910400390625000e-01
-8.106398582458496094e-02,7.830759137868881226e-02,-1.508581489324569702e-01
-3.915278241038322449e-02,-8.015263080596923828e-02,3.019338846206665039e-01
1.338081713765859604e-02,3.896474838256835938e-02,3.477877676486968994e-01
8.057582378387451172e-02,5.219881981611251831e-02,2.098879963159561157e-01
-3.168809413909912109e-02,5.581741034984588623e-02,-3.979775905609130859e-01
-4.994034767150878906e-03,8.198709040880203247e-02,3.947528004646301270e-01
-9.680211544036865234e-02,1.815712302923202515e-01,-6.037078797817230225e-02
-4.060013219714164734e-02,-2.025973796844482422e-02,-1.376248151063919067e-01
6.983876228332519531e-03,-2.750323899090290070e-02,-3.525094389915466309e-01
-3.944026678800582886e-02,6.825888156890869141e-02,4.373513758182525635e-01
6.306280195713043213e-02,-1.351047754287719727e-01,1.326504498720169067e-01
-2.273849397897720337e-02,-4.067649692296981812e-02,4.382600784301757812e-01
1.382473763078451157e-02,-1.612877845764160156e-02,-2.757171690464019775e-01
-1.102858781814575195e-01,2.561377175152301788e-02,-5.563372969627380371e-01
-4.093527793884277344e-02,-6.406545639038085938e-03,-2.529430985450744629e-01
-9.197614341974258423e-02,7.058310508728027344e-02,-2.252160608768463135e-01
-9.196861833333969116e-02,-7.071661949157714844e-02,2.938873134553432465e-02
6.596149504184722900e-02,6.318652629852294922e-02,4.002496302127838135e-01
6.902048736810684204e-02,-1.272177696228027344e-02,-3.539355397224426270e-01
4.818189144134521484e-02,-1.065959259867668152e-01,-5.181210041046142578e-01
1.169535964727401733e-01,-8.963596820831298828e-02,-7.833953946828842163e-02
-2.570533752441406250e-02,-2.697654813528060913e-02,3.895242214202880859e-01
8.937096595764160156e-02,-5.191532149910926819e-02,-5.044143795967102051e-01
1.297271903604269028e-02,-8.962440490722656250e-02,3.000906407833099365e-01
6.852717697620391846e-02,-4.800558090209960938e-04,-3.122524917125701904e-01
1.393788587301969528e-02,-3.018724918365478516e-02,-4.584832787513732910e-01
1.364006288349628448e-02,6.783366203308105469e-03,-2.336700409650802612e-01
6.642562150955200195e-02,5.166923999786376953e-02,-6.172607466578483582e-02
-6.711947917938232422e-02,1.140353307127952576e-01,1.226440444588661194e-02
-8.085072040557861328e-02,2.608803659677505493e-02,3.017550706863403320e-01
-2.208161354064941406e-02,5.550777912139892578e-02,-3.557659685611724854e-01
1.145995855331420898e-01,7.559778509858006146e-07,-5.745525956153869629e-01
1.275929342955350876e-02,-1.161179542541503906e-01,-5.542422533035278320e-01
-7.119631767272949219e-02,-7.878488302230834961e-02,6.554107367992401123e-02
1.419540345668792725e-01,-5.583288148045539856e-02,-3.212499618530273438e-02
6.722342967987060547e-02,-5.262920260429382324e-02,-4.718646109104156494e-01
-9.830939769744873047e-02,-2.580674365162849426e-02,1.894848644733428955e-01
-9.674525260925292969e-02,-2.583194524049758911e-02,-7.779906690120697021e-02
-3.923118114471435547e-02,8.293300766126776580e-07,-5.023684501647949219e-01
-3.825080394744873047e-02,8.037845790386199951e-02,8.534179627895355225e-02
-1.430761814117431641e-02,5.525719374418258667e-02,-3.146997094154357910e-01
-2.205673232674598694e-02,7.887114584445953369e-02,4.778015613555908203e-01
-5.533966049551963806e-02,-4.435831308364868164e-02,3.239736557006835938e-01
3.710662573575973511e-02,-9.077330678701400757e-02,2.934215068817138672e-01
-9.243983775377273560e-02,6.236875057220458984e-02,-5.334478616714477539e-01
-4.052342846989631653e-02,-2.343332767486572266e-02,4.097573757171630859e-01
7.445275783538818359e-02,-5.239618569612503052e-02,-4.309646487236022949e-01
6.386884301900863647e-02,-1.151032447814941406e-01,2.955728173255920410e-01
1.220759302377700806e-01,1.910805702209472656e-02,-5.275317430496215820e-01
5.780486762523651123e-02,2.840424713212996721e-07,5.088405609130859375e-01
6.527835130691528320e-02,-8.012640476226806641e-02,-5.074578523635864258e-01
-8.012461662292480469e-02,-7.835302501916885376e-02,-6.068237125873565674e-02
6.579011678695678711e-02,6.743907928466796875e-02,1.749322414398193359e-01
1.293970942497253418e-01,-8.170187473297119141e-02,5.197875946760177612e-02
1.145716235041618347e-01,-1.224339008331298828e-01,1.693472266197204590e-01
-1.090931892395019531e-02,5.514766275882720947e-02,-2.945068180561065674e-01
-6.895019114017486572e-02,1.655734181404113770e-01,-7.500052452087402344e-03
-3.940947353839874268e-02,6.953287124633789062e-02,-3.556503355503082275e-01
7.711410522460937500e-03,-2.751496434211730957e-02,-3.923144340515136719e-01
-8.068180084228515625e-02,7.832607626914978027e-02,-5.471981763839721680e-01
1.305274013429880142e-02,-7.969081401824951172e-02,-3.721990883350372314e-01
1.390463951975107193e-02,-2.606010437011718750e-02,-5.193713307380676270e-01
1.232029572129249573e-01,3.589749336242675781e-03,-5.117776393890380859e-01
1.019310951232910156e-02,1.090461984276771545e-01,-5.095040798187255859e-01
-9.541090577840805054e-02,-9.726762771606445312e-03,-4.890044927597045898e-01
8.076012134552001953e-02,-5.219287797808647156e-02,2.833505272865295410e-01
-9.335909038782119751e-02,4.607474803924560547e-02,-4.784890711307525635e-01
1.381666399538516998e-02,-1.513934135437011719e-02,-3.146990835666656494e-01
6.555701047182083130e-02,-7.321631908416748047e-02,-2.615664601325988770e-01
6.745418161153793335e-02,2.614569664001464844e-02,-5.243682861328125000e-01
-2.151894569396972656e-02,-8.118776232004165649e-02,-5.260055661201477051e-01
1.029324531555175781e-02,5.446423590183258057e-02,-5.291799902915954590e-01
7.732188701629638672e-02,-5.230370536446571350e-02,-4.110052287578582764e-01
5.772170796990394592e-02,3.832571953535079956e-02,5.110412836074829102e-01
-5.819916725158691406e-03,5.498361587524414062e-02,-2.548272609710693359e-01
-3.909926488995552063e-02,8.236682415008544922e-02,2.830050587654113770e-01
-7.829058170318603516e-02,1.147562265396118164e-01,7.162139564752578735e-02
1.288816332817077637e-01,-7.460117340087890625e-02,1.232299767434597015e-02
-6.874930858612060547e-02,1.141404882073402405e-01,3.192016482353210449e-02
8.881390094757080078e-02,-5.193327739834785461e-02,4.690490663051605225e-02
-6.158685684204101562e-02,7.924968749284744263e-02,-2.635305821895599365e-01
-1.397867202758789062e-01,7.546717673540115356e-02,1.148828119039535522e-01
-3.932877629995346069e-02,7.285928726196289062e-02,-3.360757231712341309e-01
-9.638193249702453613e-02,7.475376129150390625e-03,-1.974920630455017090e-01
-6.025671958923339844e-03,-8.193718641996383667e-02,-4.898684620857238770e-01
-9.626456350088119507e-02,5.388498306274414062e-03,-4.324181973934173584e-01
-3.237450122833251953e-02,2.686910144984722137e-02,3.685400187969207764e-01
-5.682218074798583984e-02,2.647519297897815704e-02,4.403451383113861084e-01
-1.192318201065063477e-01,7.646141201257705688e-02,2.767980992794036865e-01
-3.880853950977325439e-02,-9.438300132751464844e-02,2.625955045223236084e-01
-8.883476257324218750e-03,-8.179894089698791504e-02,-4.687786698341369629e-01
-9.559354931116104126e-02,-6.498694419860839844e-03,-4.696380496025085449e-01
3.701448440551757812e-03,-8.240768313407897949e-02,-4.117504656314849854e-01
-9.018254280090332031e-02,2.593768574297428131e-02,2.815921008586883545e-01
-9.295340627431869507e-02,5.326163768768310547e-02,-5.162759423255920410e-01
-1.088857650756835938e-03,-8.217597007751464844e-02,-4.305938482284545898e-01
8.474802970886230469e-02,7.702121820329921320e-07,-2.595016360282897949e-01
-3.918031603097915649e-02,7.900166511535644531e-02,-2.975030541419982910e-01
-9.334322810173034668e-02,4.635584354400634766e-02,-4.388836622238159180e-01
-9.626816213130950928e-02,5.452513694763183594e-03,-1.781005859375000000e-01
-4.101612046360969543e-02,-3.061771392822265625e-03,-3.701495230197906494e-01
1.296657510101795197e-02,9.039890766143798828e-02,2.815267741680145264e-01
-4.776716232299804688e-04,5.481141433119773865e-02,-2.347863763570785522e-01
1.206998676061630249e-01,-3.805243968963623047e-02,-5.215862989425659180e-01
-8.812572062015533447e-02,1.387889385223388672e-01,6.284789741039276123e-02
-9.234809875488281250e-02,-2.590279281139373779e-02,2.812133729457855225e-01
1.337561383843421936e-02,-3.961086273193359375e-02,3.862515091896057129e-01
-4.109851270914077759e-02,3.595352172851562500e-04,-3.315908610820770264e-01
8.177828788757324219e-02,-5.216005071997642517e-02,-3.719006180763244629e-01
9.501743316650390625e-02,7.653153488718089648e-07,2.807098329067230225e-01
-8.821746706962585449e-02,1.659810543060302734e-01,-1.168859004974365234e-02
-4.069203138351440430e-02,-1.645743846893310547e-02,-2.134066671133041382e-01
-3.911217302083969116e-02,8.184087276458740234e-02,-2.784780859947204590e-01
-7.198357582092285156e-02,7.874679565429687500e-02,-5.101910233497619629e-01
5.470025539398193359e-02,-1.061752736568450928e-01,-5.362072587013244629e-01
-9.604874998331069946e-02,1.565575599670410156e-03,-1.395941078662872314e-01
-2.454745769500732422e-02,8.104127645492553711e-02,4.295962452888488770e-01
-1.906239986419677734e-02,1.666921079158782959e-01,-8.379913121461868286e-02
-4.119522869586944580e-02,4.339814186096191406e-03,-2.933093309402465820e-01
6.735287606716156006e-02,-2.864253520965576172e-02,4.283932447433471680e-01
2.420287951827049255e-02,2.558753266930580139e-02,-1.124012470245361328e-01
-1.102030277252197266e-02,-2.721315808594226837e-02,-2.331079095602035522e-01
-9.347774088382720947e-02,4.397428035736083984e-02,-4.003970324993133545e-01
-3.562569618225097656e-03,-8.205632120370864868e-02,-1.201837137341499329e-01
1.331672631204128265e-02,-4.692065715789794922e-02,-2.844137549400329590e-01
-6.237590312957763672e-02,-7.921152561902999878e-02,2.680648863315582275e-01
-1.064511537551879883e-01,1.286446899175643921e-01,-6.643676664680242538e-03
4.216897487640380859e-02,-1.069839373230934143e-01,-4.599700868129730225e-01
8.838260173797607422e-02,7.684790830353449564e-07,-6.030242890119552612e-02
-9.384109079837799072e-02,-3.754448890686035156e-02,2.344854623079299927e-01
-9.583944827318191528e-02,-2.142429351806640625e-03,-1.014102175831794739e-01
6.487791985273361206e-02,-9.005832672119140625e-02,-4.654015898704528809e-01
1.284203976392745972e-01,-6.825053691864013672e-02,-2.701599150896072388e-02
1.286114752292633057e-02,-1.034743785858154297e-01,6.416931003332138062e-02
-1.291559934616088867e-01,7.598139345645904541e-02,2.392718493938446045e-01
-1.021623611450195312e-04,5.479931086301803589e-02,-1.964285224676132202e-01
6.830216944217681885e-02,5.098223686218261719e-03,-2.918365299701690674e-01
-1.247048377990722656e-02,-2.718979492783546448e-02,-1.949001997709274292e-01
-3.891810774803161621e-02,8.986961841583251953e-02,-2.222613543272018433e-01
-4.066906496882438660e-02,-1.742041110992431641e-02,-1.943600475788116455e-01
1.364125590771436691e-02,6.635069847106933594e-03,-2.145962417125701904e-01
-9.948015213012695312e-04,5.482808500528335571e-02,-1.774447560310363770e-01
-3.856957703828811646e-02,-1.042696237564086914e-01,-5.972534045577049255e-02
1.609561443328857422e-01,-4.960792884230613708e-02,-5.761688202619552612e-02
-6.351387500762939453e-02,-7.915648072957992554e-02,8.404418826103210449e-02
-2.859711647033691406e-03,5.488820001482963562e-02,-1.395504772663116455e-01
1.365066878497600555e-02,5.479335784912109375e-03,-1.766833513975143433e-01
-1.376044750213623047e-02,-2.716901153326034546e-02,-1.569665521383285522e-01
1.284017320722341537e-02,-1.060781478881835938e-01,-5.964233353734016418e-02
1.366065908223390579e-02,4.226326942443847656e-03,-1.389022767543792725e-01
6.619439274072647095e-02,5.740714073181152344e-02,8.432769775390625000e-02
-3.869215026497840881e-02,-9.919834136962890625e-02,6.435790657997131348e-02
1.327792927622795105e-02,-5.173671245574951172e-02,4.221450686454772949e-01
-4.062281921505928040e-02,-1.932120323181152344e-02,-1.564743071794509888e-01
-9.018868952989578247e-02,1.022405624389648438e-01,2.798913419246673584e-01
-3.945948928594589233e-02,6.745159626007080078e-02,4.182287454605102539e-01
6.496660411357879639e-02,-8.785748481750488281e-02,-4.275356829166412354e-01
1.072585582733154297e-01,-1.027835607528686523e-01,2.428280562162399292e-01
8.384346961975097656e-02,7.706435098953079432e-07,4.330474734306335449e-01
1.850592046976089478e-01,-7.742341607809066772e-02,-9.936404228210449219e-02
6.794192641973495483e-02,-1.403510570526123047e-02,3.925067186355590820e-01
8.461797237396240234e-02,-5.206853151321411133e-02,-3.337228298187255859e-01
6.568346917629241943e-02,7.008063793182373047e-02,4.177722036838531494e-01
-5.329227447509765625e-02,2.653206698596477509e-02,4.023947119712829590e-01
-9.347381442785263062e-02,-4.405093193054199219e-02,1.590078771114349365e-01
-9.423796087503433228e-02,-3.050649166107177734e-02,-5.234100222587585449e-01
7.997250556945800781e-02,5.221826583147048950e-02,4.343102872371673584e-01
-3.905031830072402954e-02,8.437991142272949219e-02,-2.596368491649627686e-01
6.571270525455474854e-02,6.936001777648925781e-02,2.668264806270599365e-01
1.135921329259872437e-01,-1.359182596206665039e-01,1.328228712081909180e-01
6.573753058910369873e-02,6.873941421508789062e-02,4.750335589051246643e-02
1.324031352996826172e-01,7.474884569091955200e-07,-5.485259890556335449e-01
-1.027704477310180664e-01,2.573486231267452240e-02,-5.000231862068176270e-01
1.284910645335912704e-02,-1.049691438674926758e-01,-4.607321023941040039e-01
-6.567680835723876953e-02,-7.905185967683792114e-02,2.304199188947677612e-01
-1.036084890365600586e-01,2.572136186063289642e-02,-4.611700475215911865e-01
1.319778524339199066e-02,-6.168544292449951172e-02,-3.194085657596588135e-01
-9.790730476379394531e-02,1.293344199657440186e-01,-2.449249289929866791e-02
6.501161307096481323e-02,-8.674550056457519531e-02,-2.228085249662399292e-01
-9.338892996311187744e-02,-4.555499553680419922e-02,1.403506398200988770e-01
1.294739451259374619e-02,9.276783466339111328e-02,4.306701421737670898e-01
6.503570824861526489e-02,-8.614754676818847656e-02,-4.088894426822662354e-01
-1.382863521575927734e-01,7.553975284099578857e-02,2.025399804115295410e-01
-1.108742952346801758e-01,2.560429461300373077e-02,-5.168920755386352539e-01
6.512369215488433838e-02,-8.395946025848388672e-02,4.705993458628654480e-02
8.112978935241699219e-02,5.218096077442169189e-02,2.648229897022247314e-01
-6.663489341735839844e-02,-7.900551706552505493e-02,2.118322700262069702e-01
6.348243355751037598e-02,-1.246963739395141602e-01,2.577716112136840820e-01
8.016991615295410156e-02,5.221190303564071655e-02,4.715667665004730225e-02
8.659625053405761719e-02,-5.200475454330444336e-02,2.455950826406478882e-01
6.580840796232223511e-02,6.698036193847656250e-02,-2.490448020398616791e-02
6.520431488752365112e-02,-8.196353912353515625e-02,-3.719665408134460449e-01
1.310265064239501953e-01,-1.012497395277023315e-01,9.812957793474197388e-02
8.576190471649169922e-02,-5.203165858983993530e-02,-2.963296473026275635e-01
-5.252301692962646484e-02,-7.968810200691223145e-02,2.884790003299713135e-01
-3.897249326109886169e-02,8.761191368103027344e-02,2.453848272562026978e-01
-3.809197247028350830e-02,1.240295171737670898e-01,-5.126962065696716309e-01
-1.466987133026123047e-01,7.513286173343658447e-02,1.664990186691284180e-01
-9.339667111635208130e-02,-4.541754722595214844e-02,1.034335270524024963e-01
6.540334969758987427e-02,-7.702934741973876953e-02,-3.353884816169738770e-01
-6.850743293762207031e-02,-7.891495525836944580e-02,1.748803704977035522e-01
1.288727950304746628e-02,-1.002303361892700195e-01,-4.429537951946258545e-01
1.298030372709035873e-02,8.868288993835449219e-02,6.476379185914993286e-02
1.135414838790893555e-01,-1.023780778050422668e-01,2.059362679719924927e-01
6.562518328428268433e-02,-7.151997089385986328e-02,-2.990313768386840820e-01
-1.416440904140472412e-01,1.056526899337768555e-01,1.534515321254730225e-01
6.327058374881744385e-02,-1.299488544464111328e-01,2.212792932987213135e-01
-7.032632827758789062e-02,-7.882697135210037231e-02,1.381909102201461792e-01
-1.000585556030273438e-01,1.291607469320297241e-01,-6.006042286753654480e-02
-9.313750267028808594e-02,2.589006908237934113e-02,-3.691461086273193359e-01
6.569082289934158325e-02,6.990277767181396484e-02,2.297421246767044067e-01
1.298305485397577286e-02,-8.834135532379150391e-02,-1.861193776130676270e-01
-1.225064992904663086e-01,1.273485422134399414e-01,9.877807646989822388e-02
1.293242909014225006e-02,9.463787078857421875e-02,2.442520111799240112e-01
8.482205867767333984e-02,-5.206195265054702759e-02,-2.596246302127838135e-01
-8.798885345458984375e-02,2.597302384674549103e-02,-3.328967094421386719e-01
-2.843139506876468658e-02,-2.543264068663120270e-02,-1.213740110397338867e-01
7.839751243591308594e-02,5.226903781294822693e-02,-2.472320571541786194e-02
-3.878649696707725525e-02,-9.530699253082275391e-02,2.442138642072677612e-01
1.287633832544088364e-02,-1.015883684158325195e-01,2.613491714000701904e-01
-9.201969951391220093e-02,6.980299949645996094e-02,-1.885537654161453247e-01
6.575674563646316528e-02,6.826245784759521484e-02,1.931710839271545410e-01
6.062448024749755859e-02,7.817151868039218243e-07,-9.776153415441513062e-02
6.559488922357559204e-02,-7.227146625518798828e-02,8.356475830078125000e-02
-8.994236588478088379e-02,1.066061258316040039e-01,2.428091317415237427e-01
-8.531296253204345703e-02,1.886178255081176758e-01,-3.984954580664634705e-02
-8.519327640533447266e-02,2.601806819438934326e-02,-3.148559629917144775e-01
1.301095262169837952e-02,8.487820625305175781e-02,3.946377336978912354e-01
8.938908576965332031e-02,-5.191474407911300659e-02,-2.455535903573036194e-02
-7.267856597900390625e-02,7.871318608522415161e-02,-6.096130236983299255e-02
-7.911145687103271484e-02,2.611606754362583160e-02,-2.789025902748107910e-01
1.295820903033018112e-02,-9.143745899200439453e-02,-1.497213691473007202e-01
6.498782336711883545e-02,-8.733570575714111328e-02,-2.045284956693649292e-01
-3.888173028826713562e-02,9.137475490570068359e-02,4.681976139545440674e-02
-9.018337726593017578e-02,2.593767084181308746e-02,8.258880674839019775e-02
6.582317501306533813e-02,6.661403179168701172e-02,1.567190587520599365e-01
8.654248714447021484e-02,-5.200650170445442200e-02,2.273306250572204590e-01
8.125865459442138672e-02,5.217681825160980225e-02,2.280749529600143433e-01
-9.491658210754394531e-02,2.586140856146812439e-02,2.442333996295928955e-01
-9.213799983263015747e-02,6.770718097686767578e-02,-1.156881675124168396e-01
-3.898068517446517944e-02,8.725273609161376953e-02,2.271789461374282837e-01
-9.170927852392196655e-02,-7.531106472015380859e-02,1.127044670283794403e-02
-3.944236040115356445e-02,6.817209720611572266e-02,-4.911447167396545410e-01
-9.525394439697265625e-02,2.585597522556781769e-02,2.079046517610549927e-01
-6.933557987213134766e-02,7.887487858533859253e-02,2.940124459564685822e-02
-3.875573351979255676e-02,-9.657967090606689453e-02,2.077667117118835449e-01
7.988929748535156250e-02,5.222094804048538208e-02,1.917385756969451904e-01
-7.121694087982177734e-02,-7.878388464450836182e-02,1.199316382408142090e-01
1.292720995843410492e-02,9.527349472045898438e-02,-2.445373497903347015e-02
1.409705877304077148e-01,-1.006080284714698792e-01,6.279052793979644775e-02
8.642363548278808594e-02,-5.201033130288124084e-02,1.909652650356292725e-01
-7.026410102844238281e-02,7.882998138666152954e-02,-2.486328035593032837e-02
6.494332849979400635e-02,-8.844006061553955078e-02,-1.681643575429916382e-01
7.850503921508789062e-02,5.226556584239006042e-02,1.555328369140625000e-01
1.286730170249938965e-02,-1.027102470397949219e-01,2.249432355165481567e-01
9.871876239776611328e-02,7.635504175595997367e-07,4.659240692853927612e-02
8.004748821258544922e-02,-5.221584811806678772e-02,8.314117044210433960e-02
-7.076334953308105469e-02,7.880583405494689941e-02,-6.778564304113388062e-03
1.289180293679237366e-02,-9.963357448577880859e-02,8.209594339132308960e-02
1.294598821550607681e-02,-9.294259548187255859e-02,-1.316354274749755859e-01
9.901499748229980469e-02,7.634091616637306288e-07,2.435781806707382202e-01
-3.899827972054481506e-02,8.653295040130615234e-02,1.909088045358657837e-01
1.669330149888992310e-01,-1.117370128631591797e-01,-7.748596370220184326e-02
-7.495450973510742188e-02,7.860311120748519897e-02,-7.893829047679901123e-02
9.249746799468994141e-02,-5.181454867124557495e-02,-2.219491600990295410e-01
1.293663587421178818e-02,9.410333633422851562e-02,2.261550873517990112e-01
7.780659198760986328e-02,5.228807404637336731e-02,1.374673396348953247e-01
-1.412220001220703125e-01,1.103992462158203125e-01,1.173702999949455261e-01
-1.042208671569824219e-01,2.571149542927742004e-02,4.643829166889190674e-02
6.553751975297927856e-02,7.370734214782714844e-02,1.127258315682411194e-02
-3.852574899792671204e-02,-1.061025857925415039e-01,4.639099165797233582e-02
-3.901553153991699219e-02,8.581137657165527344e-02,1.547967493534088135e-01
-1.032440662384033203e-01,2.572723291814327240e-02,-2.023727297782897949e-01
1.145414486527442932e-01,-1.228493452072143555e-01,-6.571350153535604477e-03
8.629107475280761719e-02,-5.201459303498268127e-02,1.547857671976089478e-01
-3.894198313355445862e-02,8.886194229125976562e-02,-2.042288184165954590e-01
9.832739830017089844e-02,7.637370345037197694e-07,2.074795514345169067e-01
-9.541761875152587891e-02,2.585333772003650665e-02,1.898269653320312500e-01
1.285985577851533890e-02,-1.035993099212646484e-01,1.888406276702880859e-01
1.183239221572875977e-01,-1.020694673061370850e-01,1.696948260068893433e-01
9.111166000366210938e-02,-5.185921862721443176e-02,-1.858898848295211792e-01
1.294496003538370132e-02,9.303462505340576172e-02,1.900903284549713135e-01
6.317795068025588989e-02,-1.322475671768188477e-01,2.032504230737686157e-01
