-8.204281330108642578e-02,7.826025038957595825e-02,-7.859405130147933960e-02
4.218368604779243469e-02,2.687863229766662698e-07,5.728513002395629883e-01
7.240783423185348511e-02,-8.233809471130371094e-02,-6.800726652145385742e-01
1.229295134544372559e-02,-1.740075349807739258e-01,2.149023413658142090e-01
-4.950559139251708984e-02,1.869278103113174438e-01,2.715814113616943359e-01
-3.791503235697746277e-02,1.313501596450805664e-01,-4.157855212688446045e-01
1.100013032555580139e-01,-1.853638887405395508e-01,-1.074609383940696716e-01
1.285437121987342834e-02,-1.043154001235961914e-01,-3.294931054115295410e-01
1.102826595306396484e-01,7.580363217130070552e-07,6.389373540878295898e-02
-9.116964787244796753e-02,8.486378192901611328e-02,-6.478686332702636719e-01
9.547829627990722656e-02,7.650955922144930810e-07,3.359442055225372314e-01
9.722387790679931641e-02,2.077276706695556641e-01,-1.143643185496330261e-01
-1.302541494369506836e-01,2.529204078018665314e-02,1.329711824655532837e-01
-6.962370872497558594e-02,-7.886095345020294189e-02,-5.308606028556823730e-01
-3.611812368035316467e-02,2.056931257247924805e-01,7.667510956525802612e-02
-3.850202634930610657e-02,-1.070644855499267578e-01,-6.621703971177339554e-03
-1.001306101679801941e-01,3.580949510251230095e-07,3.386416435241699219e-01
5.120754241943359375e-02,5.314545333385467529e-02,-2.276501357555389404e-01
8.235776424407958984e-02,1.043892800807952881e-01,-6.284371614456176758e-01
-5.372142791748046875e-02,-7.963014394044876099e-02,-1.718484461307525635e-01
6.727087497711181641e-02,1.053628697991371155e-01,1.935333162546157837e-01
-2.228772640228271484e-02,8.115058392286300659e-02,4.500671327114105225e-01
-9.298705495893955231e-03,-1.295829713344573975e-01,3.636819124221801758e-01
7.423377037048339844e-02,5.240324512124061584e-02,-7.892211526632308960e-02
4.642832279205322266e-02,-5.329949408769607544e-02,-4.580737054347991943e-01
9.475946426391601562e-02,-5.174164101481437683e-02,2.080499231815338135e-01
-8.722698688507080078e-02,-7.800947874784469604e-02,2.273815870285034180e-01
-6.473784893751144409e-02,-8.346271514892578125e-02,-6.661282777786254883e-01
4.266643524169921875e-02,-1.607064604759216309e-01,8.541442453861236572e-02
6.834149360656738281e-03,5.457572638988494873e-02,-5.302630662918090820e-01
-6.469893455505371094e-02,7.909916341304779053e-02,-2.816748023033142090e-01
7.359123229980468750e-02,-5.242394655942916870e-02,-1.514559835195541382e-01
2.382731437683105469e-02,1.625332385301589966e-01,-2.566162124276161194e-02
-1.085513830184936523e-01,7.697802037000656128e-02,2.424102723598480225e-01
3.566650301218032837e-02,6.545824557542800903e-02,-3.468613624572753906e-01
-3.775737807154655457e-02,1.378840208053588867e-01,-1.804449409246444702e-01
6.686071306467056274e-02,-4.085552692413330078e-02,4.449270665645599365e-01
-7.534146308898925781e-02,-7.858439534902572632e-02,1.015200763940811157e-01
4.807186126708984375e-02,1.066018268465995789e-01,3.274847269058227539e-01
-1.093713045120239258e-01,-2.562851086258888245e-02,-4.187774658203125000e-02
5.612540245056152344e-02,1.060821190476417542e-01,6.620758026838302612e-02
-8.178806304931640625e-02,7.827255874872207642e-02,4.714019596576690674e-02
2.348339557647705078e-02,-5.403907597064971924e-02,-5.869433283805847168e-01
7.917976379394531250e-02,-5.224382132291793823e-02,-2.605316042900085449e-01
7.639110088348388672e-02,-5.233370512723922729e-02,-4.276275634765625000e-02
-3.504061698913574219e-02,1.344095468521118164e-01,1.788391023874282837e-01
-5.117869377136230469e-02,-2.656611800193786621e-02,-2.649292051792144775e-01
4.110300540924072266e-02,-1.971897631883621216e-01,-2.670074440538883209e-02
-4.370021820068359375e-02,2.668661810457706451e-02,-1.727151423692703247e-01
-4.861533641815185547e-02,-7.987712323665618896e-02,-4.185479581356048584e-01
8.418060094118118286e-02,7.660932838916778564e-02,5.128636360168457031e-01
-9.270572662353515625e-02,7.774448394775390625e-02,-5.431350469589233398e-01
1.274282205849885941e-02,-1.181745529174804688e-01,-9.433257579803466797e-02
1.252952776849269867e-02,1.446399688720703125e-01,-2.853823900222778320e-01
-5.436584353446960449e-02,8.710841089487075806e-02,3.501650094985961914e-01
4.360351245850324631e-03,5.069243907928466797e-02,-6.520758867263793945e-01
-2.883589267730712891e-02,-2.692611329257488251e-02,4.478449821472167969e-01
7.934427261352539062e-02,5.223852023482322693e-02,4.152764678001403809e-01
6.545916944742202759e-02,-7.563948631286621094e-02,1.195632889866828918e-01
1.274748332798480988e-02,-1.175490617752075195e-01,-2.362823486328125000e-01
-8.004913106560707092e-03,7.443315535783767700e-02,5.466209650039672852e-01
1.118096113204956055e-01,5.119206011295318604e-02,2.598043680191040039e-01
4.614818096160888672e-02,1.067259609699249268e-01,-1.542520076036453247e-01
6.534279882907867432e-02,-7.852721214294433594e-02,3.023937940597534180e-01
5.095763877034187317e-02,-2.193982712924480438e-02,-3.384091854095458984e-01
1.281557139009237289e-02,-1.091316938400268555e-01,-5.174084305763244629e-01
-3.815269470214843750e-02,2.677599526941776276e-02,-4.601870477199554443e-01
-4.019963741302490234e-02,-1.339930593967437744e-01,2.722604274749755859e-01
9.896218776702880859e-02,5.160617083311080933e-02,1.356747448444366455e-01
-3.818449005484580994e-02,1.202018260955810547e-01,-5.925817489624023438e-01
-4.195206239819526672e-02,3.567326068878173828e-02,-3.584924340248107910e-01
-5.904519557952880859e-02,-2.643937617540359497e-02,-5.947628617286682129e-01
1.261312328279018402e-02,1.342628002166748047e-01,2.560067772865295410e-01
-3.510618209838867188e-02,-1.344042569398880005e-01,1.601318269968032837e-01
-6.386535614728927612e-02,-2.559908106923103333e-02,-1.113599538803100586e-01
-3.817316889762878418e-02,-1.206700801849365234e-01,-5.924059748649597168e-01
-5.646193027496337891e-02,1.326802372932434082e-01,-6.852111779153347015e-03
-3.997709602117538452e-02,-4.602849483489990234e-02,3.655819594860076904e-01
-9.720516204833984375e-02,-2.582453750073909760e-02,4.664245620369911194e-02
-3.804998099803924561e-02,1.257668733596801758e-01,-5.121310353279113770e-01
-3.372848406434059143e-02,2.814523440974880941e-07,5.412778854370117188e-01
-2.460204996168613434e-02,1.755814105272293091e-01,3.452492952346801758e-01
-9.032726287841796875e-02,9.978735446929931641e-02,1.357501149177551270e-01
-3.602155670523643494e-02,2.096992731094360352e-01,1.596060097217559814e-01
-3.771462291479110718e-02,1.396415233612060547e-01,-9.307647496461868286e-02
2.215397357940673828e-02,-1.082755550742149353e-01,-4.058706462383270264e-01
1.292596384882926941e-02,9.544026851654052734e-02,-4.634844958782196045e-01
1.267626881599426270e-02,1.264241933822631836e-01,-6.505410671234130859e-01
6.552065908908843994e-02,-7.411360740661621094e-02,2.930480800569057465e-02
4.270934965461492538e-03,-4.965692758560180664e-02,-6.734824180603027344e-01
9.642171859741210938e-02,5.168805643916130066e-02,-6.667480338364839554e-03
1.320349331945180893e-02,6.097710132598876953e-02,3.812811076641082764e-01
2.397888153791427612e-02,2.535100840032100677e-02,-1.270765066146850586e-01
-1.260137557983398438e-01,-2.536036446690559387e-02,1.862072646617889404e-01
1.007528305053710938e-01,-5.154845118522644043e-02,-6.203234791755676270e-01
-3.802718967199325562e-02,1.267212629318237305e-01,-3.431759476661682129e-01
-8.358883857727050781e-02,7.818546891212463379e-02,-4.288207888603210449e-01
2.607595920562744141e-02,-1.393433660268783569e-01,1.199371274560689926e-02
2.824664115905761719e-02,1.957337111234664917e-01,-1.037200912833213806e-01
1.365995407104492188e-02,1.635191440582275391e-01,4.929748550057411194e-02
1.274452451616525650e-02,-1.179633140563964844e-01,-1.649551391601562500e-01
-7.071101665496826172e-02,-7.880835235118865967e-02,3.039599657058715820e-01
9.442663192749023438e-02,-1.556874364614486694e-01,-4.246398806571960449e-02
1.512062549591064453e-02,-1.087294369935989380e-01,2.377639710903167725e-01
-3.883188217878341675e-02,-9.343707561492919922e-02,-2.764822244644165039e-01
-1.169650554656982422e-01,-2.550615742802619934e-02,2.769073545932769775e-01
4.199310392141342163e-02,-1.795179545879364014e-01,-1.149579286575317383e-01
4.703831672668457031e-02,7.881935744080692530e-07,3.845114111900329590e-01
1.223243307322263718e-02,-1.815199851989746094e-01,1.455807536840438843e-01
1.280449144542217255e-02,-1.105072498321533203e-01,-6.365896463394165039e-01
1.237753871828317642e-02,-1.634736061096191406e-01,3.039846718311309814e-01
-7.111501693725585938e-02,7.878882437944412231e-02,-2.066595405340194702e-01
1.272182445973157883e-02,1.207692623138427734e-01,1.161511167883872986e-01
7.015670835971832275e-02,-3.790071234107017517e-02,5.242147445678710938e-01
3.739893436431884766e-02,1.072905585169792175e-01,-6.233947724103927612e-02
4.852599930018186569e-03,-1.881338842213153839e-02,-5.325858592987060547e-01
-2.622413635253906250e-02,-2.696818485856056213e-02,-3.456518352031707764e-01
1.290750503540039062e-02,5.437996238470077515e-02,-4.074715971946716309e-01
-4.036021232604980469e-02,1.339801102876663208e-01,-2.486059516668319702e-01
-5.999302864074707031e-02,-7.932679355144500732e-02,-6.143645942211151123e-02
-4.893374443054199219e-02,-2.660229057073593140e-02,-4.968542456626892090e-01
5.261790752410888672e-02,7.855330181882891338e-07,-1.902386397123336792e-01
6.496401876211166382e-02,-8.792662620544433594e-02,-2.044534236192703247e-01
5.978798866271972656e-02,2.125795483589172363e-01,-4.353881627321243286e-02
-1.105566024780273438e-01,2.560940943658351898e-02,1.100982632488012314e-02
-3.849317878484725952e-02,-1.074421405792236328e-01,-4.793252348899841309e-01
7.767188549041748047e-02,1.046916842460632324e-01,2.658025920391082764e-01
1.197161525487899780e-02,2.138968706130981445e-01,1.029296871274709702e-02
-5.983483791351318359e-02,1.324079334735870361e-01,3.066262602806091309e-01
1.278405077755451202e-02,1.130565404891967773e-01,-3.830969035625457764e-01
1.095451116561889648e-01,7.583880119454988744e-07,1.702822893857955933e-01
5.914878845214843750e-02,1.058870032429695129e-01,-3.016848564147949219e-01
5.709791183471679688e-02,-5.295557901263237000e-02,-3.967987000942230225e-01
1.213073078542947769e-02,-1.941117048263549805e-01,4.381805285811424255e-02
6.999838352203369141e-02,1.580561548471450806e-01,-7.945770025253295898e-02
-3.129076957702636719e-02,2.688656188547611237e-02,-2.871307432651519775e-01
1.255091186612844467e-02,1.419856548309326172e-01,-2.150115966796875000e-01
-2.979958057403564453e-02,2.691058814525604248e-02,4.081353545188903809e-01
-6.162619590759277344e-02,2.639779075980186462e-02,-5.329107642173767090e-01
5.828213691711425781e-02,7.828321031411178410e-07,-2.824499309062957764e-01
-6.246542930603027344e-02,1.854600608348846436e-01,2.134811282157897949e-01
4.997955262660980225e-02,8.288847655057907104e-02,-6.732480525970458984e-01
-4.971814155578613281e-02,-7.982378453016281128e-02,4.807433858513832092e-02
-8.513891696929931641e-02,-7.811048626899719238e-02,-6.062649488449096680e-01
-1.277682781219482422e-01,2.533208951354026794e-02,2.214358448982238770e-01
-1.320731639862060547e-02,-1.361721009016036987e-01,1.056219488382339478e-01
6.446235626935958862e-02,1.003868579864501953e-01,1.355935633182525635e-01
3.057956695556640625e-03,5.469744652509689331e-02,-5.940942168235778809e-01
3.922009468078613281e-02,-1.071742400527000427e-01,-4.380981251597404480e-02
4.937481880187988281e-02,-1.065189167857170105e-01,-2.845730483531951904e-01
-7.006466388702392578e-02,1.845994144678115845e-01,1.206426993012428284e-01
-4.223442077636718750e-02,-2.671023085713386536e-02,-4.393350183963775635e-01
9.206616878509521484e-02,7.667226213925459888e-07,-6.016448885202407837e-02
-3.758430480957031250e-02,2.678515575826168060e-02,-2.294418215751647949e-01
-8.822321891784667969e-02,7.796130329370498657e-02,-4.855346679687500000e-01
-7.440555095672607422e-02,2.619188465178012848e-02,-6.096609234809875488e-01
-5.285906791687011719e-02,1.329710781574249268e-01,2.327105700969696045e-01
-3.779911994934082031e-02,-8.040030300617218018e-02,-3.628903031349182129e-01
-3.859064355492591858e-02,-1.033980846405029297e-01,-1.130117774009704590e-01
-9.666430950164794922e-02,-7.755301147699356079e-02,1.538906842470169067e-01
-3.864925354719161987e-02,1.009850502014160156e-01,-6.612298488616943359e-01
-1.067255735397338867e-01,2.567114122211933136e-02,8.174011111259460449e-02
-5.386877059936523438e-02,-2.652277797460556030e-02,-2.086306661367416382e-01
-1.023861169815063477e-01,2.574105747044086456e-02,-7.752532511949539185e-02
6.455494463443756104e-02,9.808933734893798828e-02,1.110382098704576492e-02
8.101699501276016235e-02,3.688456490635871887e-02,5.557128190994262695e-01
-7.880091667175292969e-02,7.841704785823822021e-02,-3.728268444538116455e-01
6.509242951869964600e-02,-8.474481105804443359e-02,2.459487915039062500e-01
-1.023371219635009766e-01,7.727860659360885620e-02,2.980599999427795410e-01
-3.811407089233398438e-02,-1.341614276170730591e-01,2.159799188375473022e-01
5.481243133544921875e-02,1.061668395996093750e-01,-2.461529523134231567e-01
-7.583904266357421875e-02,7.856031507253646851e-02,-1.513449102640151978e-01
1.011493206024169922e-01,5.153567343950271606e-02,3.164688050746917725e-01
4.699873924255371094e-02,5.328111350536346436e-02,-1.724380403757095337e-01
5.705261137336492538e-03,-8.840937167406082153e-02,3.300707340240478516e-01
-9.305036067962646484e-02,7.772780954837799072e-02,-2.451568469405174255e-02
6.445877254009246826e-02,-1.004688739776611328e-01,-6.206145882606506348e-01
-3.838377818465232849e-02,1.119762659072875977e-01,4.622009024024009705e-02
1.150666475296020508e-01,7.557551384707039688e-07,2.411358654499053955e-01
-3.874178975820541382e-02,-9.716439247131347656e-02,-2.212545722723007202e-01
-1.134537458419799805e-01,-2.556272968649864197e-02,9.903564304113388062e-02
-1.197934150695800781e-03,1.649598628282546997e-01,1.447631865739822388e-01
-1.114476919174194336e-01,7.683794200420379639e-02,1.881256103515625000e-01
7.080829143524169922e-02,-5.251365900039672852e-02,-9.720458835363388062e-02
6.513436883687973022e-02,-8.369922637939453125e-02,1.731899976730346680e-01
-1.208050251007080078e-01,2.544428780674934387e-02,2.943087816238403320e-01
1.279938314110040665e-02,-1.111414432525634766e-01,-4.589489698410034180e-01
1.057099103927612305e-01,5.138867348432540894e-02,4.641296342015266418e-02
4.811859223991632462e-03,-3.730090335011482239e-02,5.430060625076293945e-01
1.207232475280761719e-02,-1.089261397719383240e-01,1.621575951576232910e-01
1.065268516540527344e-01,5.136234313249588013e-02,2.065246552228927612e-01
6.674560159444808960e-02,-4.371654987335205078e-02,3.470636010169982910e-01
2.533197402954101562e-03,1.645980626344680786e-01,2.017309516668319702e-01
1.259255409240722656e-02,1.368163824081420898e-01,-1.106176748871803284e-01
1.017774343490600586e-01,7.620919291184691247e-07,1.175439432263374329e-01
6.213510036468505859e-02,5.279322341084480286e-02,3.621038794517517090e-01
5.541288852691650391e-02,5.300990119576454163e-02,-2.830905020236968994e-01
1.068552732467651367e-01,7.596706268486741465e-07,1.103393547236919403e-02
-5.324523895978927612e-02,5.014811828732490540e-02,-6.632345914840698242e-01
4.099845886230468750e-03,1.644461601972579956e-01,2.980026304721832275e-01
-6.647717952728271484e-02,2.631963044404983521e-02,-1.156063824892044067e-01
4.283050447702407837e-02,7.371363043785095215e-02,5.577133893966674805e-01
1.003298908472061157e-01,-4.567693546414375305e-02,2.829427719116210938e-01
1.285977847874164581e-02,-1.036089658737182617e-01,-5.785546898841857910e-01
6.934367865324020386e-02,-2.074134349822998047e-02,-6.457849144935607910e-01
9.323680400848388672e-02,7.661644190193328541e-07,4.305306971073150635e-01
-4.780944809317588806e-02,3.832199424505233765e-02,5.112243890762329102e-01
-3.755117952823638916e-02,-1.464034318923950195e-01,3.253765702247619629e-01
1.206793356686830521e-02,2.019404172897338867e-01,-5.605529621243476868e-02
6.020874530076980591e-02,-2.059279680252075195e-01,-7.255034893751144409e-02
1.285798195749521255e-02,1.038318872451782227e-01,-5.985668897628784180e-01
1.336485799401998520e-02,-4.094576835632324219e-02,4.249087572097778320e-01
-2.945590019226074219e-02,1.891985833644866943e-01,3.027740493416786194e-02
1.851776055991649628e-02,-1.957751065492630005e-02,-4.852976799011230469e-01
-6.848754733800888062e-02,4.301252588629722595e-02,3.656160831451416016e-01
1.390584837645292282e-02,-2.621006965637207031e-02,-6.256027221679687500e-01
-9.288203716278076172e-02,-5.453467369079589844e-02,-6.848754826933145523e-03
4.687194712460041046e-03,3.633294999599456787e-02,5.730299949645996094e-01
-3.830846771597862244e-02,-1.150721311569213867e-01,-5.351080298423767090e-01
1.257029548287391663e-02,1.395910978317260742e-01,-1.626998931169509888e-01
8.830165863037109375e-02,-5.194979161024093628e-02,6.481079012155532837e-02
3.524684906005859375e-02,-5.365990474820137024e-02,-5.213650465011596680e-01
-8.907556533813476562e-03,1.102787926793098450e-01,-5.569369196891784668e-01
5.753478966653347015e-03,2.230711653828620911e-02,-3.157923221588134766e-01
-5.318969488143920898e-02,3.297162720627966337e-07,3.768874406814575195e-01
-9.702527523040771484e-02,7.753555476665496826e-02,-6.018026471138000488e-01
-9.411926381289958954e-03,1.311640888452529907e-01,3.473763465881347656e-01
-8.528411388397216797e-02,-4.402101039886474609e-02,3.343575000762939453e-01
3.350372239947319031e-02,-2.050371281802654266e-02,-4.275568723678588867e-01
6.860053539276123047e-02,-1.427763402462005615e-01,-1.255569458007812500e-01
6.487143039703369141e-02,-1.585533171892166138e-01,-6.826782133430242538e-03
9.571059793233871460e-02,2.785929495985328685e-07,5.315452814102172852e-01
5.943069979548454285e-02,2.252459526062011719e-01,-8.801574259996414185e-02
9.184074401855468750e-02,-5.183571577072143555e-02,1.542535424232482910e-01
1.265768054872751236e-02,1.287320852279663086e-01,1.682336330413818359e-01
-4.835474491119384766e-02,1.333347111940383911e-01,-1.357235759496688843e-01
-1.005670130252838135e-01,4.405187815427780151e-02,3.333883285522460938e-01
7.495629787445068359e-02,-5.237995460629463196e-02,-3.169753849506378174e-01
1.215188950300216675e-02,-1.915184259414672852e-01,9.415344148874282837e-02
1.134635210037231445e-01,7.565195687675441150e-07,2.956384122371673584e-01
2.094829082489013672e-02,-1.628124266862869263e-01,2.566537559032440186e-01
-3.861567378044128418e-02,-1.023622751235961914e-01,1.175353974103927612e-01
2.059531211853027344e-02,-1.083761379122734070e-01,2.943371534347534180e-01
6.918932497501373291e-02,-1.691150665283203125e-02,-2.371246218681335449e-01
4.313302040100097656e-02,-1.069217175245285034e-01,-1.359933465719223022e-01
1.121652126312255859e-02,8.277116715908050537e-02,4.185925126075744629e-01
-3.832320496439933777e-02,-1.144626140594482422e-01,-6.351705789566040039e-01
7.055485248565673828e-02,7.769800163259787951e-07,-9.716919064521789551e-02
-5.652272701263427734e-02,-2.648001536726951599e-02,-1.529858410358428955e-01
-9.457743167877197266e-02,-2.449965476989746094e-02,-8.142364025115966797e-02
6.513366848230361938e-02,1.680033504962921143e-01,-3.254520893096923828e-02
-9.549522399902343750e-02,7.760956138372421265e-02,1.002606153488159180e-01
3.416371345520019531e-02,1.074993312358856201e-01,-3.446829020977020264e-01
8.279800415039062500e-03,-1.379067152738571167e-01,4.986755177378654480e-02
9.077429771423339844e-03,5.450342223048210144e-02,-4.886687994003295898e-01
9.598052501678466797e-02,-4.982154443860054016e-02,-6.700065135955810547e-01
-9.211606532335281372e-02,-6.810450553894042969e-02,2.672399878501892090e-01
1.267505623400211334e-02,1.265401840209960938e-01,3.112914860248565674e-01
-6.911754608154296875e-04,1.649107187986373901e-01,8.764892071485519409e-02
2.939295768737792969e-02,-1.619935333728790283e-01,1.797027587890625000e-01
-5.018293857574462891e-02,1.331871300935745239e-01,3.465518057346343994e-01
-4.161834716796875000e-02,-5.002783611416816711e-02,-6.657477617263793945e-01
1.290482748299837112e-02,9.805214405059814453e-02,3.539907634258270264e-01
-1.856048591434955597e-02,-8.292741328477859497e-02,-6.727656126022338867e-01
1.110279560089111328e-02,5.443814024329185486e-02,-4.477599859237670898e-01
-1.985443010926246643e-02,-1.776070520281791687e-02,-5.975775718688964844e-01
4.951598867774009705e-02,-4.930568486452102661e-02,-6.807050704956054688e-01
2.701293863356113434e-02,-8.257019519805908203e-02,-6.772135496139526367e-01
1.284505333751440048e-02,1.054722070693969727e-01,-4.225347936153411865e-01
-3.906457498669624329e-02,-8.379018306732177734e-02,-3.151806592941284180e-01
-3.770130500197410583e-02,1.401845216751098633e-01,-4.107330366969108582e-02
-5.519819259643554688e-02,-2.650135941803455353e-02,-5.552325248718261719e-01
4.390048980712890625e-02,-1.407823413610458374e-01,-8.488830178976058960e-02
-2.006769180297851562e-03,1.098334640264511108e-01,-5.131823420524597168e-01
7.129450142383575439e-02,6.916391849517822266e-02,-6.416692733764648438e-01
-5.874276161193847656e-02,7.938726991415023804e-02,-3.203460574150085449e-01
-3.799211978912353516e-02,1.281722784042358398e-01,-4.730859398841857910e-01
6.513215601444244385e-02,8.376157283782958984e-02,4.334210157394409180e-01
1.350483391433954239e-02,-2.357006072998046875e-02,3.899832069873809814e-01
-3.785061836242675781e-02,1.340148448944091797e-01,-2.874066233634948730e-01
-4.655480384826660156e-02,2.664062194526195526e-02,4.430966079235076904e-01
1.275137066841125488e-02,-1.171013116836547852e-01,-2.904351651668548584e-01
-6.924772262573242188e-02,2.627498842775821686e-02,-5.706991553306579590e-01
4.280090332031250000e-03,8.288836479187011719e-02,-6.732373237609863281e-01
2.259242534637451172e-02,-1.082472577691078186e-01,-3.665432631969451904e-01
-7.648813724517822266e-02,-7.852892577648162842e-02,-5.687555074691772461e-01
5.225086212158203125e-02,-1.597770899534225464e-01,4.816924780607223511e-02
-6.071662902832031250e-02,-7.929178327322006226e-02,1.136688236147165298e-02
-7.727508246898651123e-02,-5.076238512992858887e-02,-6.505826711654663086e-01
6.326799839735031128e-02,1.300247907638549805e-01,-6.495584249496459961e-01
6.511715799570083618e-02,8.413839340209960938e-02,1.009341403841972351e-01
-6.269752979278564453e-02,-7.919596880674362183e-02,-4.932241737842559814e-01
-3.757774829864501953e-02,-2.678525820374488831e-02,-4.013568162918090820e-01
-5.257713794708251953e-02,2.654358744621276855e-02,-4.957577288150787354e-01
-4.855680465698242188e-02,-2.660836651921272278e-02,-3.030413687229156494e-01
1.208477467298507690e-02,1.998497247695922852e-01,6.029571220278739929e-02
-5.569899082183837891e-02,-7.953448593616485596e-02,-4.558013677597045898e-01
-6.727564334869384766e-02,1.849152743816375732e-01,1.759255975484848022e-01
8.701443672180175781e-03,-1.091436818242073059e-01,2.004757672548294067e-01
-1.145620346069335938e-01,2.554487623274326324e-02,-4.174102842807769775e-02
5.994451045989990234e-02,-5.286382511258125305e-02,-3.578228652477264404e-01
-6.792521476745605469e-02,7.894311100244522095e-02,-2.439691126346588135e-01
-9.026708453893661499e-02,1.008535623550415039e-01,2.074819952249526978e-01
4.781258106231689453e-02,-1.066197380423545837e-01,-2.472003102302551270e-01
7.637989521026611328e-02,-5.233406275510787964e-02,-2.058578431606292725e-01
2.640819549560546875e-02,1.622829735279083252e-01,1.164550799876451492e-02
-1.211726665496826172e-02,1.911622583866119385e-01,-7.059020921587944031e-03
3.531908988952636719e-02,-1.400895714759826660e-01,-2.652893029153347015e-02
1.242515910416841507e-02,-1.575961112976074219e-01,3.408331274986267090e-01
-6.929433345794677734e-02,-7.887688279151916504e-02,-2.487793006002902985e-02
-3.361038118600845337e-02,3.721335157752037048e-02,5.455434322357177734e-01
7.626830786466598511e-02,-1.768978387117385864e-01,-1.380878686904907227e-01
1.256925519555807114e-02,1.397082805633544922e-01,-3.221847414970397949e-01
3.952717781066894531e-02,1.071532145142555237e-01,-2.535522356629371643e-02
-5.726218223571777344e-02,1.326156258583068848e-01,2.694616615772247314e-01
4.091274738311767578e-02,1.070638075470924377e-01,-9.914276003837585449e-02
3.667593002319335938e-02,-1.073384135961532593e-01,-6.926574744284152985e-03
5.135309696197509766e-02,1.063900738954544067e-01,-2.093569934368133545e-01
1.048368215560913086e-01,-1.546779721975326538e-01,-7.775940001010894775e-02
-1.206401586532592773e-01,-2.544694580137729645e-02,2.403192073106765747e-01
5.035376548767089844e-02,7.866126452427124605e-07,-1.535403430461883545e-01
-9.259057044982910156e-02,-7.775004953145980835e-02,1.903588771820068359e-01
4.943668842315673828e-02,1.065137460827827454e-01,-5.994122028350830078e-01
-5.582785606384277344e-02,-7.952825725078582764e-02,-1.348287910223007202e-01
-3.907344862818717957e-02,-8.342313766479492188e-02,8.294921368360519409e-02
8.852863311767578125e-02,5.194247514009475708e-02,-4.244293272495269775e-02
-1.262100934982299805e-01,-2.535719797015190125e-02,1.333135962486267090e-01
8.255672454833984375e-02,-5.213497206568717957e-02,-6.725158542394638062e-03
7.281994819641113281e-02,1.050047874450683594e-01,2.296215742826461792e-01
1.217511110007762909e-02,-1.886022090911865234e-01,-6.281127687543630600e-03
4.792633000761270523e-03,2.749436021076689940e-07,5.704075098037719727e-01
-7.895302772521972656e-02,7.840970158576965332e-02,-1.148425266146659851e-01
9.906148910522460938e-02,5.160296708345413208e-02,8.216521888971328735e-02
4.210327193140983582e-02,3.625010699033737183e-02,5.754510164260864258e-01
6.511025130748748779e-02,-8.429789543151855469e-02,2.094668596982955933e-01
-1.249502897262573242e-01,2.537749707698822021e-02,2.575543224811553955e-01
-9.185610711574554443e-02,7.270276546478271484e-02,1.128845196217298508e-02
9.998869895935058594e-02,7.629448646184755489e-07,-2.438110299408435822e-02
9.666371345520019531e-02,-5.168024823069572449e-02,2.440624982118606567e-01
6.507652252912521362e-02,-8.513486385345458984e-02,-1.685092151165008545e-01
-1.049462556838989258e-01,-2.569980546832084656e-02,1.104858331382274628e-02
2.967822551727294922e-02,5.383940041065216064e-02,-6.266796588897705078e-01
3.224027156829833984e-02,-1.617174744606018066e-01,1.232336387038230896e-01
1.033859252929687500e-01,-2.792997099459171295e-02,3.336262702941894531e-02
-1.305336952209472656e-01,2.528753876686096191e-02,1.856725960969924927e-01
-1.129304170608520508e-01,7.676623016595840454e-02,1.523297131061553955e-01
-3.787088394165039062e-02,1.331957578659057617e-01,-3.783334195613861084e-01
7.002583891153335571e-02,-3.766918182373046875e-02,-6.085302829742431641e-01
-9.021425992250442505e-02,1.017878055572509766e-01,1.713854968547821045e-01
-3.854743018746376038e-02,-1.051976680755615234e-01,-7.740142941474914551e-02
1.029360294342041016e-01,5.147808790206909180e-02,1.710787862539291382e-01
4.418623447418212891e-02,5.337177217006683350e-02,-1.356951892375946045e-01
1.274589076638221741e-02,-1.177817583084106445e-01,-2.005108594894409180e-01
1.123152971267700195e-01,7.570670845780114178e-07,2.056677192449569702e-01
-1.036957502365112305e-01,2.571995742619037628e-02,4.645355045795440674e-02
-3.850617259740829468e-02,-1.068847179412841797e-01,-4.195007309317588806e-02
1.276839431375265121e-02,1.149532794952392578e-01,8.131011575460433960e-02
3.901720046997070312e-03,1.644653677940368652e-01,2.399706989526748657e-01
1.263054553419351578e-02,1.320999860763549805e-01,2.208041399717330933e-01
4.317855834960937500e-02,-3.717596456408500671e-02,5.467288494110107422e-01
1.253971457481384277e-02,1.433870792388916016e-01,-2.500891089439392090e-01
6.788605451583862305e-02,-1.541650295257568359e-02,4.119305312633514404e-01
-6.923663616180419922e-02,-2.627517096698284149e-02,3.603936731815338135e-01
-9.036910533905029297e-02,9.904611110687255859e-02,2.621728479862213135e-01
1.260933931916952133e-02,1.347324848175048828e-01,-7.594817876815795898e-02
3.874175995588302612e-02,1.165189072489738464e-01,-6.711850166320800781e-01
-4.032775759696960449e-02,-8.925572782754898071e-02,3.169252872467041016e-01
-3.615138307213783264e-02,2.043280601501464844e-01,1.938049346208572388e-01
-1.921966485679149628e-02,1.200972720980644226e-01,-6.396039724349975586e-01
-5.791783332824707031e-02,-7.942716777324676514e-02,-9.803741425275802612e-02
-1.068868637084960938e-01,-2.566853910684585571e-02,3.152105510234832764e-01
-8.903960883617401123e-02,5.078987032175064087e-02,-6.499940156936645508e-01
6.932888180017471313e-02,2.038204669952392578e-02,4.005194008350372314e-01
6.402719765901565552e-02,1.111854314804077148e-01,2.963033914566040039e-01
-3.592165932059288025e-02,2.138211727142333984e-01,1.259127706289291382e-01
6.509406119585037231e-02,-8.469486236572265625e-02,-3.151681423187255859e-01
-9.285233914852142334e-02,-5.506086349487304688e-02,-4.337096959352493286e-02
-9.297686070203781128e-02,5.284750461578369141e-02,6.630737334489822388e-02
1.393758598715066910e-02,-3.015017509460449219e-02,-5.627078413963317871e-01
4.078817367553710938e-02,-1.070730388164520264e-01,-8.067138493061065674e-02
5.950251594185829163e-02,2.234641313552856445e-01,-1.210388168692588806e-01
-3.778287395834922791e-02,1.368368864059448242e-01,-2.157781869173049927e-01
1.198927965015172958e-02,2.117040157318115234e-01,-2.267974801361560822e-02
8.676171302795410156e-02,2.090836167335510254e-01,-7.892791926860809326e-02
6.581328064203262329e-02,-6.685209274291992188e-02,8.384276926517486572e-02
1.274337619543075562e-02,-1.180939674377441406e-01,-1.295754909515380859e-01
-3.628443181514739990e-02,1.988235712051391602e-01,2.284597754478454590e-01
-4.944860935211181641e-02,-7.983682304620742798e-02,-2.467309534549713135e-01
1.274248305708169937e-02,-1.182047128677368164e-01,-5.918853729963302612e-02
8.273267745971679688e-02,-5.212929472327232361e-02,3.201141357421875000e-01
-3.811432421207427979e-02,1.231162548065185547e-01,-5.519366264343261719e-01
6.026535481214523315e-02,-2.045189142227172852e-01,-1.059091165661811829e-01
-9.335885196924209595e-02,-4.608762264251708984e-02,8.497497439384460449e-02
3.655517473816871643e-02,-8.942520618438720703e-02,3.143111467361450195e-01
1.442527770996093750e-02,5.433104559779167175e-02,-3.677541911602020264e-01
5.073475837707519531e-02,5.316068604588508606e-02,-3.217001259326934814e-01
-3.663271293044090271e-02,1.844030618667602539e-01,3.174182176589965820e-01
1.078150272369384766e-01,-1.543892025947570801e-01,-1.131945773959159851e-01
-6.480132788419723511e-02,8.354423940181732178e-02,-6.651188135147094727e-01
7.443141937255859375e-02,7.751315251880441792e-07,3.591988980770111084e-01
-9.276636689901351929e-02,-5.658376216888427734e-02,3.067251443862915039e-01
-3.863720968365669250e-02,-1.014713048934936523e-01,-1.488259881734848022e-01
6.946916878223419189e-02,-2.385532855987548828e-02,-1.798821985721588135e-01
6.918822973966598511e-02,7.471542805433273315e-02,5.422136783599853516e-01
8.484089374542236328e-02,-5.206134542822837830e-02,1.188513189554214478e-01
6.486111879348754883e-02,9.048700332641601562e-02,-2.454589866101741791e-02
2.063842676579952240e-02,-1.307139694690704346e-01,3.519978523254394531e-01
-3.865101560950279236e-02,-1.009000539779663086e-01,-4.428832828998565674e-01
4.469323158264160156e-02,-1.068210452795028687e-01,-1.729479879140853882e-01
4.808723926544189453e-02,7.876934091655130032e-07,-1.168926954269409180e-01
5.961761251091957092e-02,2.566834352910518646e-02,-1.070166826248168945e-01
6.506896018981933594e-02,8.533406257629394531e-02,3.383425772190093994e-01
6.085098534822463989e-02,-1.899908781051635742e-01,-6.280212197452783585e-03
3.577244281768798828e-02,1.073955222964286804e-01,1.040872186422348022e-01
2.531982399523258209e-02,-1.869914531707763672e-01,-4.896581172943115234e-02
-8.670389652252197266e-02,-7.803478837013244629e-02,-6.468576192855834961e-01
9.672485291957855225e-02,-8.362255245447158813e-02,-6.641598939895629883e-01
-3.742976114153862000e-02,-1.514269113540649414e-01,1.832305938005447388e-01
1.614332199096679688e-02,-1.086634323000907898e-01,-4.873858392238616943e-01
6.946422904729843140e-02,-2.373266220092773438e-02,-3.165222108364105225e-01
-3.867505118250846863e-02,-9.991753101348876953e-02,-6.616711020469665527e-01
8.860242366790771484e-02,-5.194010213017463684e-02,2.903503365814685822e-02
9.765386581420898438e-03,-1.090750396251678467e-01,-5.508514046669006348e-01
-5.482792854309082031e-02,1.863250434398651123e-01,8.493133634328842163e-02
-3.868754953145980835e-02,-9.940052032470703125e-02,-1.848901361227035522e-01
6.442072987556457520e-02,-1.014083623886108398e-01,-6.613979935646057129e-01
7.831176370382308960e-02,2.600223943591117859e-02,-8.622503280639648438e-02
4.474699497222900391e-02,7.892861617619928438e-07,-3.227005004882812500e-01
-4.558135941624641418e-02,2.523687854409217834e-02,-1.336853504180908203e-01
-3.370404243469238281e-02,-1.345174461603164673e-01,3.500131070613861084e-01
6.782180815935134888e-02,2.711542492761509493e-07,5.628120899200439453e-01
-3.980292007327079773e-02,5.325508117675781250e-02,4.413726627826690674e-01
4.814398288726806641e-02,-5.324419215321540833e-02,-5.989474058151245117e-01
-3.897520527243614197e-02,-8.750736713409423828e-02,-3.893658220767974854e-01
8.374633640050888062e-02,8.339039981365203857e-02,2.392756938934326172e-02
1.001547202467918396e-01,2.705702185630798340e-02,-2.081370353698730469e-02
4.625248908996582031e-02,-1.067204251885414124e-01,-2.100045680999755859e-01
-5.352008342742919922e-02,1.329177170991897583e-01,-6.180724874138832092e-02
-3.846110776066780090e-02,-1.087495088577270508e-01,1.525970399379730225e-01
-9.815692901611328125e-04,1.649388670921325684e-01,3.380877673625946045e-01
1.269575301557779312e-02,1.240056753158569336e-01,-3.436788916587829590e-01
-1.184512302279472351e-01,3.671329977805726230e-07,3.015807867050170898e-01
-9.312167018651962280e-02,5.028223991394042969e-02,-8.017059415578842163e-02
7.819294929504394531e-02,2.101941853761672974e-01,-1.339505016803741455e-01
2.228152751922607422e-02,-1.082673072814941406e-01,3.325976431369781494e-01
-7.828979752957820892e-03,-1.820985786616802216e-02,-5.703287124633789062e-01
-3.780284151434898376e-02,1.360030174255371094e-01,1.083526574075222015e-02
-3.744441270828247070e-02,-1.508324146270751953e-01,2.357635498046875000e-01
-9.157635271549224854e-02,7.765889167785644531e-02,3.214626908302307129e-01
9.085917472839355469e-02,-1.560333520174026489e-01,-1.324200481176376343e-01
-9.068409353494644165e-02,9.346413612365722656e-02,-6.238183379173278809e-01
6.482060253620147705e-02,-9.148991107940673828e-02,-2.586282193660736084e-01
1.743011362850666046e-02,7.365933805704116821e-02,5.585906505584716797e-01
3.881216049194335938e-03,-1.094547510147094727e-01,3.558605909347534180e-01
-1.682925224304199219e-02,1.107900142669677734e-01,-6.019943356513977051e-01
1.286891289055347443e-02,-1.025103330612182617e-01,-6.604278683662414551e-01
-4.116594046354293823e-02,3.149151802062988281e-03,4.363152980804443359e-01
-9.070310741662979126e-02,9.312403202056884766e-02,-5.832626223564147949e-01
5.874896049499511719e-02,5.290235951542854309e-02,4.012173414230346680e-01
5.820703506469726562e-02,5.291983485221862793e-02,-9.795653820037841797e-02
8.815360069274902344e-02,5.195455998182296753e-02,3.376528918743133545e-01
-9.174757450819015503e-02,-7.462537288665771484e-02,1.197314411401748657e-01
-5.159580707550048828e-02,-7.973296195268630981e-02,-2.091357409954071045e-01
-7.597577571868896484e-02,7.855371385812759399e-02,3.404248058795928955e-01
-8.395195007324218750e-02,2.603807300329208374e-02,3.571417033672332764e-01
-3.719937801361083984e-02,1.883215606212615967e-01,2.926812767982482910e-01
6.361354887485504150e-02,1.214499473571777344e-01,-6.124740242958068848e-01
5.488169193267822266e-02,7.844535616641223896e-07,-2.270248383283615112e-01
-8.385039865970611572e-02,3.398551768896140857e-07,3.567016124725341797e-01
6.027786061167716980e-02,-2.042171955108642578e-01,-3.940765187144279480e-02
-1.877868548035621643e-02,5.037702992558479309e-02,-6.585834026336669922e-01
-1.745820045471191406e-03,-1.098178625106811523e-01,-6.179992556571960449e-01
3.882086277008056641e-02,-1.969313174486160278e-01,-6.547790020704269409e-02
7.385070621967315674e-02,8.397895842790603638e-02,-6.597473621368408203e-01
1.225990895181894302e-02,-1.780757904052734375e-01,1.800305098295211792e-01
-2.584808319807052612e-02,2.312196977436542511e-02,-2.647995948791503906e-01
9.527847170829772949e-02,3.747450932860374451e-02,5.374138355255126953e-01
-5.383968353271484375e-02,-2.652324549853801727e-02,-6.173739433288574219e-01
-1.857849024236202240e-02,-4.983994364738464355e-02,-6.696863174438476562e-01
-3.897520154714584351e-02,-8.749961853027343750e-02,2.904846146702766418e-02
3.418970108032226562e-02,5.369398370385169983e-02,3.877014219760894775e-01
6.578790396451950073e-02,-6.748163700103759766e-02,3.232272267341613770e-01
-1.858093217015266418e-02,8.301912248134613037e-02,-6.716296672821044922e-01
-8.027827739715576172e-02,7.834559679031372070e-02,8.318328857421875000e-02
1.298672985285520554e-02,8.788490295410156250e-02,-4.850854277610778809e-01
4.272765945643186569e-03,-8.274276554584503174e-02,-6.750409603118896484e-01
6.427040696144104004e-02,1.051502227783203125e-01,1.708914190530776978e-01
2.696044929325580597e-02,-4.948039725422859192e-02,-6.771521568298339844e-01
2.710144035518169403e-02,8.284125477075576782e-02,-6.738562583923339844e-01
-9.365396201610565186e-02,-4.085958003997802734e-02,2.992736734449863434e-02
-5.310882627964019775e-02,2.054029554128646851e-01,1.136162281036376953e-01
1.275791600346565247e-02,1.162887811660766602e-01,3.315975964069366455e-01
4.968597367405891418e-02,-8.240110427141189575e-02,-6.792850494384765625e-01
-8.931994438171386719e-02,2.595157548785209656e-02,-9.606262296438217163e-02
-1.271128654479980469e-02,1.105242595076560974e-01,-5.792840719223022461e-01
7.209472358226776123e-02,-4.922310635447502136e-02,-6.823837757110595703e-01
2.386260032653808594e-02,-1.081652939319610596e-01,1.163299567997455597e-02
8.366851508617401123e-02,-1.664315909147262573e-01,-1.635539531707763672e-02
2.747404575347900391e-02,-5.391044914722442627e-02,-5.648114085197448730e-01
-3.750212490558624268e-02,-1.484444141387939453e-01,2.892047166824340820e-01
4.554107412695884705e-02,1.669636368751525879e-01,-2.183628082275390625e-02
-1.288414001464843750e-03,-2.736996300518512726e-02,4.151025414466857910e-01
-4.030740261077880859e-02,-2.674127742648124695e-02,-3.236077725887298584e-01
1.271629892289638519e-02,1.214551925659179688e-01,-6.119952201843261719e-01
3.766322135925292969e-02,1.968001872301101685e-01,-1.237466409802436829e-01
8.673461526632308960e-02,1.725299805402755737e-01,-7.924664020538330078e-02
-9.204827994108200073e-02,6.929647922515869141e-02,-6.111358478665351868e-02
-5.353569984436035156e-03,1.100494489073753357e-01,-5.349133014678955078e-01
-9.483703225851058960e-02,-1.990056037902832031e-02,6.763366609811782837e-02
3.139400482177734375e-02,-5.378409102559089661e-02,-5.429556369781494141e-01
-5.669372528791427612e-02,-9.083908796310424805e-02,2.924038171768188477e-01
1.165151596069335938e-03,1.096287891268730164e-01,-4.917211830615997314e-01
1.937878131866455078e-02,1.947294026613235474e-01,-8.395659923553466797e-02
6.476338207721710205e-02,-9.290540218353271484e-02,-2.951046824455261230e-01
3.903484344482421875e-02,-5.353781208395957947e-02,-5.000277757644653320e-01
6.200988590717315674e-02,1.170210838317871094e-01,-6.667575836181640625e-01
1.288586668670177460e-02,-1.003702878952026367e-01,-5.998650789260864258e-01
6.434666365385055542e-02,1.032536029815673828e-01,4.649810865521430969e-02
-7.857692241668701172e-02,-7.842787355184555054e-02,2.839169204235076904e-01
4.372000694274902344e-03,5.465509369969367981e-02,-5.726128816604614258e-01
7.460141181945800781e-02,2.106596529483795166e-01,-6.132690235972404480e-02
-3.488790988922119141e-02,2.682859823107719421e-02,3.873879909515380859e-01
5.132555961608886719e-02,-1.413817703723907471e-01,-1.047772169113159180e-01
4.276132583618164062e-02,-5.341768637299537659e-02,-4.789340198040008545e-01
8.138740062713623047e-02,1.044519096612930298e-01,-6.495794653892517090e-01
6.465899199247360229e-02,9.550774097442626953e-02,8.237182348966598511e-02
5.630850791931152344e-03,5.461451783776283264e-02,-5.513387918472290039e-01
-2.413749694824218750e-02,-1.352897286415100098e-01,1.236550882458686829e-01
3.658759593963623047e-02,-1.401919722557067871e-01,-6.518981605768203735e-02
-3.174662590026855469e-03,1.921750605106353760e-01,-2.602172829210758209e-02
7.148740440607070923e-02,7.395052909851074219e-02,-6.212359666824340820e-01
1.083290576934814453e-01,5.130425468087196350e-02,2.967492640018463135e-01
8.506524562835693359e-02,-5.205410718917846680e-02,-6.058990359306335449e-01
5.003869533538818359e-02,-5.318312346935272217e-02,-4.374371170997619629e-01
-8.361697196960449219e-03,1.656545102596282959e-01,1.071258485317230225e-01
-3.822850435972213745e-02,1.183729171752929688e-01,-6.133493185043334961e-01
1.398151740431785583e-02,-3.559041023254394531e-02,-5.858230590820312500e-01
6.504179537296295166e-02,-8.599650859832763672e-02,-6.057265996932983398e-01
7.982969284057617188e-03,5.453870072960853577e-02,-5.093759298324584961e-01
1.288174837827682495e-02,1.009169816970825195e-01,-4.427636563777923584e-01
6.948440521955490112e-02,-2.423357963562011719e-02,-6.253735423088073730e-01
8.967339992523193359e-02,5.190556868910789490e-02,1.005590781569480896e-01
-9.335085749626159668e-02,-4.622948169708251953e-02,-6.197814643383026123e-02
5.386817455291748047e-02,1.062277853488922119e-01,-3.215896487236022949e-01
1.398386526852846146e-02,-3.589498996734619141e-02,-6.074355840682983398e-01
-3.820342570543289185e-02,-1.194105148315429688e-01,-6.129470467567443848e-01
1.649129390716552734e-02,-1.385696232318878174e-01,3.101318329572677612e-02
1.069854497909545898e-01,7.596085538352781441e-07,3.151501417160034180e-01
4.461324214935302734e-02,-1.975873559713363647e-01,-8.518859744071960449e-02
-5.514943599700927734e-02,1.862886250019073486e-01,2.518517971038818359e-01
5.359435081481933594e-02,-5.306851118803024292e-02,-4.170153737068176270e-01
-2.083134651184082031e-02,1.901753544807434082e-01,1.170410122722387314e-02
-3.805926814675331116e-02,1.253941059112548828e-01,2.836578339338302612e-02
3.079414367675781250e-02,-1.077179759740829468e-01,-6.272378563880920410e-01
6.900043040513992310e-02,-1.222896575927734375e-02,-2.948199510574340820e-01
5.092215538024902344e-02,1.064178943634033203e-01,1.215365603566169739e-01
-9.234418720006942749e-02,-6.406307220458984375e-02,1.022677570581436157e-01
-4.082143679261207581e-02,-1.111662387847900391e-02,4.526669085025787354e-01
1.011753082275390625e-02,5.446989461779594421e-02,-4.681326150894165039e-01
-1.179480552673339844e-01,2.549031376838684082e-02,9.875488281250000000e-02
6.657958030700683594e-03,1.641980856657028198e-01,6.837768107652664185e-02
-9.425878524780273438e-02,-2.587200514972209930e-02,3.362432718276977539e-01
6.564046442508697510e-02,7.114779949188232422e-02,4.174987673759460449e-01
-1.146564483642578125e-01,2.554335258901119232e-02,3.136730790138244629e-01
8.019948005676269531e-02,-5.221095308661460876e-02,-2.973507642745971680e-01
-3.799462318420410156e-02,1.882315278053283691e-01,4.866851866245269775e-02
-2.109405398368835449e-02,7.542873919010162354e-02,5.311455726623535156e-01
6.169319152832031250e-02,7.812055855538346805e-07,4.002898931503295898e-01
-3.814824298024177551e-02,1.216934919357299805e-01,-5.721490383148193359e-01
-3.830464556813240051e-02,1.152306795120239258e-01,-6.348629593849182129e-01
6.437507271766662598e-02,1.025528907775878906e-01,3.162835538387298584e-01
7.301568984985351562e-04,-1.372972577810287476e-01,6.857787817716598511e-02
6.513269990682601929e-02,-8.374059200286865234e-02,2.829116880893707275e-01
-1.187694072723388672e-02,8.165415376424789429e-02,4.328451454639434814e-01
-4.478955268859863281e-02,1.336225420236587524e-01,1.964279115200042725e-01
-9.250295162200927734e-02,6.125068664550781250e-02,4.775848239660263062e-02
9.165000915527343750e-02,5.184186249971389771e-02,4.311797916889190674e-01
1.203298568725585938e-02,5.440815165638923645e-02,-4.275420904159545898e-01
2.103781700134277344e-02,-1.083475723862648010e-01,-4.259246587753295898e-01
-4.108190536499023438e-02,-1.339218169450759888e-01,3.101321458816528320e-01
1.116967201232910156e-02,5.443598330020904541e-02,-6.123538017272949219e-01
8.394789695739746094e-02,7.705937150603858754e-07,-7.840972393751144409e-02
1.262950059026479721e-02,1.322301626205444336e-01,2.921508848667144775e-01
8.126044273376464844e-02,7.718751930951839313e-07,4.145700037479400635e-01
1.782417297363281250e-02,-1.631153672933578491e-01,2.763259708881378174e-01
-4.645109176635742188e-02,1.872737705707550049e-01,6.688384711742401123e-02
1.281290780752897263e-02,1.094626188278198242e-01,-4.026684463024139404e-01
1.280476525425910950e-02,-1.104849576950073242e-01,-3.837176561355590820e-01
-3.808123618364334106e-02,1.244733333587646484e-01,-5.319339036941528320e-01
-8.181965351104736328e-02,-2.607242017984390259e-02,-9.651000797748565674e-02
3.036057949066162109e-02,-1.396892815828323364e-01,-4.569885134696960449e-02
1.372539997100830078e-02,5.435359850525856018e-02,-3.875405788421630859e-01
-6.925658881664276123e-02,-4.349572211503982544e-02,3.506258726119995117e-01
-2.848315238952636719e-02,2.693179249763488770e-02,-3.067248463630676270e-01
-5.716109275817871094e-02,-2.646972984075546265e-02,-5.749288797378540039e-01
-1.940035820007324219e-02,-2.707813680171966553e-02,4.304687380790710449e-01
2.026927471160888672e-02,1.628782451152801514e-01,3.039245493710041046e-02
-2.062103152275085449e-02,2.753234298324969131e-07,5.560201406478881836e-01
-6.393671035766601562e-03,-1.367221772670745850e-01,8.715881407260894775e-02
4.640722274780273438e-02,-1.067104339599609375e-01,-3.040277063846588135e-01
-5.316746234893798828e-02,-2.653407678008079529e-02,-5.356622338294982910e-01
-1.050655841827392578e-01,7.714664191007614136e-02,1.174392700195312500e-01
2.354896068572998047e-02,-1.625602245330810547e-01,2.371908575296401978e-01
4.127311706542968750e-02,1.070405617356300354e-01,8.526397496461868286e-02
3.566861152648925781e-03,1.644978523254394531e-01,3.175994753837585449e-01
6.722936779260635376e-02,-3.170740604400634766e-02,4.276077151298522949e-01
-4.157439991831779480e-02,8.323401212692260742e-02,-6.689798831939697266e-01
1.225424464792013168e-02,-1.788125038146972656e-01,-2.318084612488746643e-02
7.607352733612060547e-02,-5.234393477439880371e-02,1.014083847403526306e-01
9.243857860565185547e-02,-5.181644856929779053e-02,2.997119128704071045e-01
3.756368160247802734e-02,-1.612012386322021484e-01,1.042459085583686829e-01
6.555525213479995728e-02,-7.325053215026855469e-02,6.543517857789993286e-02
-9.416604042053222656e-02,7.767384499311447144e-02,-5.625625252723693848e-01
-5.107700824737548828e-02,-2.656775712966918945e-02,-5.162060260772705078e-01
-3.802046924829483032e-02,1.269994974136352539e-01,-4.925183057785034180e-01
4.567790031433105469e-02,1.067562997341156006e-01,-6.889037787914276123e-03
4.308223724365234375e-03,1.644259542226791382e-01,2.785464525222778320e-01
-9.229759871959686279e-02,-6.488859653472900391e-02,2.864346206188201904e-01
-1.063789129257202148e-01,7.708310335874557495e-02,2.790484428405761719e-01
3.192651271820068359e-02,1.617478877305984497e-01,-6.964416243135929108e-03
-7.274913787841796875e-02,2.621857635676860809e-02,-5.897961258888244629e-01
-4.674291610717773438e-02,-2.663758955895900726e-02,-4.775973260402679443e-01
-9.323901683092117310e-02,-4.821074008941650391e-02,1.145843509584665298e-02
-9.122860431671142578e-02,7.781592011451721191e-02,-5.238256454467773438e-01
-3.821313381195068359e-02,-1.190086603164672852e-01,-5.731222629547119141e-01
1.529717445373535156e-02,-1.942671090364456177e-01,1.195587124675512314e-02
-5.924046039581298828e-02,1.858252882957458496e-01,2.325344830751419067e-01
1.329683139920234680e-02,-4.939031600952148438e-02,4.422937035560607910e-01
-6.773734092712402344e-02,7.895219326019287109e-02,-3.374291956424713135e-01
-3.843724727630615234e-02,2.677141129970550537e-02,4.255926311016082764e-01
-3.796488419175148010e-02,1.292873620986938477e-01,-4.538253545761108398e-01
8.186030387878417969e-02,-5.215741693973541260e-02,8.304809033870697021e-02
6.958334147930145264e-02,-2.668857574462890625e-02,-1.608413606882095337e-01
6.910988688468933105e-02,-1.493990421295166016e-02,-2.562643289566040039e-01
4.233360290527343750e-03,1.644332110881805420e-01,2.592086791992187500e-01
6.387472152709960938e-02,1.149687767028808594e-01,2.774453759193420410e-01
-6.555891036987304688e-02,2.633442543447017670e-02,-5.517352223396301270e-01
4.161712527275085449e-02,2.546893060207366943e-02,-1.194193363189697266e-01
-3.550755977630615234e-02,2.681861072778701782e-02,-2.485565096139907837e-01
-4.450869560241699219e-02,-2.667358517646789551e-02,-4.584271013736724854e-01
6.936710327863693237e-02,-2.132785320281982422e-02,-1.989392042160034180e-01
-7.306301593780517578e-02,-7.869459688663482666e-02,-5.497726202011108398e-01
6.927469372749328613e-02,-1.902973651885986328e-02,-2.180181890726089478e-01
-7.990050315856933594e-02,-7.836387306451797485e-02,-5.878143310546875000e-01
-9.196157008409500122e-02,-7.084155082702636719e-02,2.482592761516571045e-01
-9.102475643157958984e-02,-7.782579958438873291e-02,-6.245019435882568359e-01
-3.899514675140380859e-02,1.340902894735336304e-01,-2.677203416824340820e-01
7.054197788238525391e-02,-5.252224206924438477e-02,-6.100158393383026123e-02
-8.973431587219238281e-02,7.788820564746856689e-02,-5.046283006668090820e-01
4.755973815917968750e-02,-1.602319628000259399e-01,6.672607362270355225e-02
-6.312906742095947266e-02,1.853848993778228760e-01,1.028167679905891418e-01
-3.546607494354248047e-02,1.343752145767211914e-01,-3.063977062702178955e-01
-4.151702672243118286e-02,-8.312017470598220825e-02,-6.703897714614868164e-01
-3.964114189147949219e-02,2.675201557576656342e-02,-2.104339599609375000e-01
-3.279018402099609375e-02,-2.686239965260028839e-02,-3.636059463024139404e-01
2.770245075225830078e-02,-1.621574759483337402e-01,1.987399309873580933e-01
-6.616890430450439453e-02,-7.902805507183074951e-02,-5.120128989219665527e-01
-3.992342948913574219e-02,-2.674746140837669373e-02,-4.203143119812011719e-01
3.331184387207031250e-03,1.645206809043884277e-01,2.208160310983657837e-01
6.423565745353698730e-02,-1.060007810592651367e-01,-6.388921737670898438e-01
-5.735754966735839844e-02,2.646656706929206848e-02,-5.142400860786437988e-01
-6.307077407836914062e-02,7.917791604995727539e-02,-3.006902933120727539e-01
7.317650318145751953e-02,1.049817800521850586e-01,-6.113116145133972168e-01
-4.686856269836425781e-02,2.663556486368179321e-02,-4.775610268115997314e-01
2.183794975280761719e-02,-1.082959547638893127e-01,3.133627176284790039e-01
-3.137290477752685547e-02,-8.071113377809524536e-02,-3.449465930461883545e-01
1.512527465820312500e-03,1.646970212459564209e-01,1.827020198106765747e-01
-8.669519424438476562e-02,7.803522050380706787e-02,-4.665402173995971680e-01
1.276967581361532211e-02,1.148411035537719727e-01,-3.641247451305389404e-01
1.069965362548828125e-01,-5.134719610214233398e-02,-6.383065581321716309e-01
6.121083721518516541e-02,-1.810613870620727539e-01,1.052856445312500000e-02
-3.825865313410758972e-02,-1.171451807022094727e-01,-5.540267825126647949e-01
6.321994960308074951e-02,1.312167644500732422e-01,-6.287850737571716309e-01
-5.920803546905517578e-02,-7.936476171016693115e-02,-4.744891226291656494e-01
2.704858779907226562e-04,1.648174822330474854e-01,1.637167334556579590e-01
-2.902388572692871094e-03,1.651251316070556641e-01,1.258303821086883545e-01
-3.519940376281738281e-02,-2.682357653975486755e-02,-3.824563622474670410e-01
1.910471916198730469e-02,-1.084723323583602905e-01,2.753985524177551270e-01
3.088033199310302734e-02,-1.618493497371673584e-01,1.607684344053268433e-01
5.674350261688232422e-02,-1.593414396047592163e-01,2.973266504704952240e-02
1.319543365389108658e-02,6.197750568389892578e-02,4.002331495285034180e-01
8.147239685058593750e-03,-1.091794371604919434e-01,1.435940563678741455e-01
-3.793928399682044983e-02,1.303464174270629883e-01,-4.347280859947204590e-01
6.054091453552246094e-02,-5.284459888935089111e-02,-3.767816126346588135e-01
-1.138311624526977539e-01,-2.555665187537670135e-02,2.956085205078125000e-01
6.057664752006530762e-02,-1.967986822128295898e-01,-1.232244819402694702e-01
-5.027258396148681641e-02,-2.658072486519813538e-02,-2.838647365570068359e-01
-4.836606979370117188e-02,-7.988917827606201172e-02,-2.656570374965667725e-01
-2.055770903825759888e-02,3.677525371313095093e-02,5.592721700668334961e-01
-5.216848850250244141e-02,-7.970526069402694702e-02,-4.371560513973236084e-01
5.710721015930175781e-03,-1.093366816639900208e-01,1.817767322063446045e-01
-4.167950153350830078e-02,2.671917527914047241e-02,-1.915264874696731567e-01
5.949771404266357422e-02,-5.287823081016540527e-02,-3.389123380184173584e-01
1.277371495962142944e-02,-1.143277883529663086e-01,-3.091451823711395264e-01
-3.879887238144874573e-02,-9.477484226226806641e-02,1.002175882458686829e-01
1.730990409851074219e-02,-1.085881665349006653e-01,2.565417289733886719e-01
1.164002418518066406e-01,7.551192311439081095e-07,2.769699096679687500e-01
1.237225532531738281e-02,-1.089067906141281128e-01,2.190688997507095337e-01
-3.836395964026451111e-02,-1.127767562866210938e-01,-5.163568258285522461e-01
-3.866128250956535339e-02,-1.004874706268310547e-01,1.108123734593391418e-02
