8.500874042510986328e-02,1.566006541252136230e-01,2.922119013965129852e-02
-9.509399533271789551e-02,-5.424358323216438293e-02,-5.785934925079345703e-01
-4.731597751379013062e-02,2.933057885456946678e-07,5.229985713958740234e-01
-1.716910600662231445e-01,-1.233779788017272949e-01,-9.143462777137756348e-02
-3.736924007534980774e-02,-1.539231538772583008e-01,2.177874743938446045e-01
1.290030311793088913e-02,9.861350059509277344e-02,-2.938275039196014404e-01
7.823801040649414062e-02,1.046551391482353210e-01,3.028311133384704590e-01
6.448625028133392334e-02,-9.978234767913818359e-02,-6.655273493379354477e-03
1.050373315811157227e-01,5.141035467386245728e-02,-5.189926028251647949e-01
-8.700466156005859375e-02,2.598888054490089417e-02,1.006866395473480225e-01
-7.835030555725097656e-03,-1.102108135819435120e-01,-2.361700385808944702e-01
-4.014611616730690002e-02,3.904378414154052734e-02,-9.907714277505874634e-02
1.288085058331489563e-02,-1.009932756423950195e-01,-4.237219095230102539e-01
1.058403253555297852e-01,7.601545917168550659e-07,1.528314203023910522e-01
-8.802914619445800781e-02,2.597238309681415558e-02,2.819689810276031494e-01
-3.800845518708229065e-02,1.274963617324829102e-01,-5.504037141799926758e-01
-8.710091561079025269e-02,-1.569514274597167969e-01,4.496948048472404480e-02
1.212542876601219177e-02,1.948031187057495117e-01,-1.065142825245857239e-01
6.639540195465087891e-02,-5.240690708160400391e-02,3.072650134563446045e-01
4.249023273587226868e-02,-9.137702733278274536e-02,-5.680981874465942383e-01
5.095469951629638672e-02,1.413518041372299194e-01,1.684094220399856567e-01
8.112645149230957031e-02,5.218107625842094421e-02,-1.688778698444366455e-01
1.314488239586353302e-02,6.825268268585205078e-02,4.179150164127349854e-01
-3.967209532856941223e-02,-5.865538120269775391e-02,4.011492729187011719e-01
-3.852060064673423767e-02,-1.062958240509033203e-01,-9.506560862064361572e-02
1.307338010519742966e-02,7.712864875793457031e-02,-4.300454556941986084e-01
1.000707149505615234e-01,5.157044157385826111e-02,-4.213897511363029480e-02
-3.852963447570800781e-02,-2.676992118358612061e-02,-3.239544630050659180e-01
1.289661601185798645e-02,-9.907138347625732422e-02,1.177468821406364441e-01
-3.881989791989326477e-02,9.392499923706054688e-02,1.112670917063951492e-02
-9.481239318847656250e-02,-2.586308494210243225e-02,-6.671447772532701492e-03
-2.331709861755371094e-02,2.701503410935401917e-02,-2.125027477741241455e-01
3.894329071044921875e-02,-5.354075878858566284e-02,-1.546826064586639404e-01
-3.891606256365776062e-02,8.994638919830322266e-02,2.086260914802551270e-01
1.137256622314453125e-03,2.740904502570629120e-02,-5.325521826744079590e-01
-9.405612945556640625e-02,2.587527222931385040e-02,4.303671121597290039e-01
-4.078124836087226868e-02,-9.025883674621582031e-02,3.013814687728881836e-01
-9.033870697021484375e-02,-2.593516930937767029e-02,1.904278546571731567e-01
8.958637714385986328e-02,5.190837755799293518e-02,6.475891172885894775e-02
6.537130475044250488e-02,-7.781970500946044922e-02,2.103067040443420410e-01
-4.915440082550048828e-02,-7.985104620456695557e-02,-4.973040521144866943e-01
7.050788402557373047e-02,5.252334102988243103e-02,-3.555184900760650635e-01
8.939874172210693359e-02,5.191443488001823425e-02,2.269280999898910522e-01
9.300589561462402344e-02,-5.179815739393234253e-02,6.462158262729644775e-02
-7.284724712371826172e-02,-1.313574612140655518e-01,1.382644623517990112e-01
1.290521677583456039e-02,9.800374507904052734e-02,9.999023377895355225e-02
8.774578571319580078e-02,-5.196771398186683655e-02,-7.826629281044006348e-02
-9.766540490090847015e-03,9.081255644559860229e-02,2.928138971328735352e-01
-3.866116702556610107e-02,-1.004803180694580078e-01,-6.648864597082138062e-03
-5.705738067626953125e-02,-2.647140435874462128e-02,-1.529360860586166382e-01
1.289668399840593338e-02,9.906303882598876953e-02,-1.311340332031250000e-01
1.851333491504192352e-02,-3.913927823305130005e-02,4.858947992324829102e-01
4.241241514682769775e-02,9.120983630418777466e-02,-5.701690912246704102e-01
-1.906371116638183594e-02,2.708356268703937531e-02,3.519891202449798584e-01
1.003086566925048828e-02,1.380480974912643433e-01,-4.516204819083213806e-02
6.909551471471786499e-02,1.460123062133789062e-02,-4.547073245048522949e-01
-1.455929577350616455e-01,-1.106994971632957458e-01,-1.537084579467773438e-02
1.826644875109195709e-02,3.861730545759201050e-02,5.020865201950073242e-01
-4.229331761598587036e-02,-4.979193210601806641e-02,-4.020467996597290039e-01
3.982532024383544922e-02,-5.351232364773750305e-02,-4.797827005386352539e-01
1.302297320216894150e-02,-8.338582515716552734e-02,-3.338146805763244629e-01
4.787051677703857422e-02,7.877967505010019522e-07,4.231213331222534180e-01
-4.993510246276855469e-02,-7.981328666210174561e-02,6.639648228883743286e-02
1.178691387176513672e-01,7.544188065367052332e-07,1.095764152705669403e-02
1.074477434158325195e-01,1.027702018618583679e-01,1.351660192012786865e-01
6.451213359832763672e-02,5.271660163998603821e-02,-2.628893852233886719e-01
-7.289373874664306641e-02,-2.621624432504177094e-02,-7.895629853010177612e-02
-9.668273478746414185e-02,-1.280617713928222656e-02,-5.161871314048767090e-01
1.289107743650674820e-02,9.977090358734130859e-02,-5.009130835533142090e-01
2.619862556457519531e-03,2.743292972445487976e-02,-3.713284134864807129e-01
-2.017517015337944031e-02,-5.412271246314048767e-02,-5.811508893966674805e-01
-6.806957721710205078e-02,-7.893612980842590332e-02,-2.070458978414535522e-01
1.286152843385934830e-02,1.034271717071533203e-01,-2.203329354524612427e-01
6.723785400390625000e-02,1.816448569297790527e-02,-5.726935863494873047e-01
6.010131910443305969e-03,-2.330202981829643250e-02,-2.540558576583862305e-01
-5.392682552337646484e-02,-7.962020486593246460e-02,2.320767194032669067e-01
1.283379923552274704e-02,-1.068340539932250977e-01,4.635772481560707092e-02
-5.262279510498046875e-02,7.968328893184661865e-02,1.396920680999755859e-01
6.303126364946365356e-02,1.358993053436279297e-01,2.381597906351089478e-01
6.195836514234542847e-02,1.625229120254516602e-01,9.603790193796157837e-02
5.137542635202407837e-02,4.423342645168304443e-02,3.277926445007324219e-01
-5.863058567047119141e-02,-2.644605375826358795e-02,3.247582912445068359e-01
-8.801341056823730469e-02,-1.407855749130249023e-01,-4.111083969473838806e-02
-5.700981616973876953e-02,-7.947108894586563110e-02,-2.829992473125457764e-01
6.114234775304794312e-02,1.827720403671264648e-01,-5.681670829653739929e-02
1.339894067496061325e-02,-3.671503067016601562e-02,3.482589721679687500e-01
-7.647277414798736572e-02,-3.947284072637557983e-02,4.754532575607299805e-01
1.012829542160034180e-01,3.412506544009374920e-07,2.687746286392211914e-01
5.481040477752685547e-02,7.844875540286011528e-07,-1.164169311523437500e-01
1.291177514940500259e-02,-9.718954563140869141e-02,2.620684802532196045e-01
4.418694972991943359e-02,7.895532121438009199e-07,-1.912121474742889404e-01
5.914688110351562500e-03,-1.093235313892364502e-01,-1.580044478178024292e-01
-1.257348060607910156e-02,2.718813903629779816e-02,-2.903515696525573730e-01
-9.441734105348587036e-02,2.732861042022705078e-02,3.017150796949863434e-02
-2.054738998413085938e-02,-1.668361276388168335e-01,1.464099138975143433e-01
6.485838443040847778e-02,9.055495262145996094e-02,-4.652578532695770264e-01
1.278543192893266678e-02,-1.128731966018676758e-01,-5.161914229393005371e-01
-8.717858791351318359e-02,2.598608471453189850e-02,-4.246215894818305969e-02
6.486839801073074341e-02,9.031105041503906250e-02,-9.606903046369552612e-02
1.280387118458747864e-02,-1.105841398239135742e-01,-4.184203967452049255e-02
-8.618140220642089844e-02,-2.600214630365371704e-02,6.487060338258743286e-02
-1.084378957748413086e-01,-7.698351889848709106e-02,-5.182223320007324219e-01
-5.702877044677734375e-02,7.947017252445220947e-02,-5.148773193359375000e-01
1.296057924628257751e-02,9.114336967468261719e-02,-3.695684671401977539e-01
-9.852409362792968750e-03,-1.103410050272941589e-01,1.834466457366943359e-01
-5.468809604644775391e-02,-2.650956995785236359e-02,-2.456924319267272949e-01
-1.008660420775413513e-01,-8.691656589508056641e-02,-6.696807593107223511e-02
2.712476253509521484e-02,-5.392170324921607971e-02,-3.844610452651977539e-01
3.087067604064941406e-02,1.397304385900497437e-01,1.202697772532701492e-02
6.527568399906158447e-02,-8.019232749938964844e-02,1.373052895069122314e-01
1.099640130996704102e-01,-5.125155299901962280e-02,-2.424194291234016418e-02
-5.230975151062011719e-02,-7.969842851161956787e-02,1.581481844186782837e-01
6.878619641065597534e-02,6.915450096130371094e-03,-5.140112042427062988e-01
-4.129910469055175781e-02,8.023100346326828003e-02,6.674408167600631714e-02
-4.692161083221435547e-02,7.995904982089996338e-02,-4.356719925999641418e-02
-4.996132850646972656e-02,-7.981201261281967163e-02,-3.411038219928741455e-01
1.325425319373607635e-02,-5.467569828033447266e-02,4.213922023773193359e-01
-1.576301753520965576e-01,-7.428681850433349609e-02,-6.665069609880447388e-02
6.501037627458572388e-02,8.678793907165527344e-02,-4.087271094322204590e-01
1.289307046681642532e-02,9.951150417327880859e-02,1.713622957468032837e-01
1.037915945053100586e-01,1.030061319470405579e-01,2.072018384933471680e-01
-3.773009404540061951e-02,-1.390126943588256836e-01,2.730947732925415039e-01
3.558301925659179688e-02,-5.364907160401344299e-02,-2.110302746295928955e-01
-3.936540335416793823e-02,7.134389877319335938e-02,3.980480730533599854e-01
-2.007651329040527344e-02,2.706724591553211212e-02,-1.563787758350372314e-01
-1.606106758117675781e-02,8.145176619291305542e-02,-1.757797151803970337e-01
-7.388043403625488281e-02,2.620034478604793549e-02,3.783163428306579590e-01
-9.191584587097167969e-02,2.590975165367126465e-02,2.264852821826934814e-01
1.111638545989990234e-01,7.576161351607879624e-07,-5.945007130503654480e-02
-6.780624389648437500e-03,8.190066367387771606e-02,-8.225005865097045898e-02
-9.151160717010498047e-02,-2.591626532375812531e-02,2.630224525928497314e-01
8.285832405090332031e-02,5.212524905800819397e-02,2.829833924770355225e-01
-4.146781936287879944e-02,-1.562619209289550781e-02,-5.163659453392028809e-01
1.012886762619018555e-01,7.623249871357984375e-07,8.200836181640625000e-02
-8.654665946960449219e-02,-2.599626220762729645e-02,4.132699370384216309e-01
1.289000455290079117e-02,9.990406036376953125e-02,2.434509247541427612e-01
-3.304412588477134705e-02,5.486672744154930115e-02,-5.657252073287963867e-01
6.488873064517974854e-02,8.980166912078857422e-02,-2.455627359449863434e-02
-5.851257219910621643e-02,-9.178565442562103271e-02,-5.630506277084350586e-01
9.088110923767089844e-02,5.186665430665016174e-02,1.723702996969223022e-01
1.391630060970783234e-02,-2.750790119171142578e-02,-5.198071002960205078e-01
-9.009206295013427734e-02,2.593914046883583069e-02,1.723873913288116455e-01
-7.509139925241470337e-02,3.875982761383056641e-02,4.975725412368774414e-01
-8.875358104705810547e-02,-2.596070431172847748e-02,1.364865154027938843e-01
1.041420698165893555e-01,7.609643830619461369e-07,2.067263722419738770e-01
-6.373631954193115234e-02,-7.914572954177856445e-02,-1.341802924871444702e-01
9.234750270843505859e-02,5.181938409805297852e-02,1.182989478111267090e-01
1.287621911615133286e-02,1.015681028366088867e-01,4.651092365384101868e-02
-2.543520927429199219e-02,8.099834620952606201e-02,-2.503204345703125000e-01
-1.375479251146316528e-01,-1.517663002014160156e-01,-5.815887451171875000e-02
-3.724912926554679871e-02,-1.588922739028930664e-01,9.621459990739822388e-02
-1.041479483246803284e-01,-1.074598729610443115e-01,3.485929965972900391e-02
1.024601459503173828e-01,5.149342119693756104e-02,1.107025146484375000e-02
-5.814269930124282837e-02,-1.826002448797225952e-02,-5.666894912719726562e-01
5.785822868347167969e-02,-5.293107405304908752e-02,-5.343444943428039551e-01
1.215547975152730942e-02,1.910728216171264648e-01,-3.972290083765983582e-02
2.363896369934082031e-02,2.777159400284290314e-02,-4.772979617118835449e-01
-5.505013465881347656e-02,7.956586778163909912e-02,2.692642211914062500e-01
6.476510316133499146e-02,9.287440776824951172e-02,-5.231029987335205078e-01
6.503628939390182495e-02,8.614492416381835938e-02,-2.046795636415481567e-01
9.028422832489013672e-02,-5.188589543104171753e-02,1.724340766668319702e-01
1.282269321382045746e-02,-1.082596778869628906e-01,-9.492401033639907837e-02
6.486973166465759277e-02,-9.026145935058593750e-02,4.687652364373207092e-02
7.451474666595458984e-02,7.750917916382604744e-07,3.215737938880920410e-01
-3.669154644012451172e-02,-8.045388013124465942e-02,-4.412621855735778809e-01
-5.988550186157226562e-02,2.642583288252353668e-02,3.245101869106292725e-01
8.756458759307861328e-02,-5.197354778647422791e-02,2.454476803541183472e-01
6.958089023828506470e-02,2.664053440093994141e-02,-3.969335854053497314e-01
-7.253491878509521484e-02,-1.313827037811279297e-01,1.931353658437728882e-01
6.127986684441566467e-02,1.793593168258666992e-01,-6.324462592601776123e-03
5.393064022064208984e-02,1.596142202615737915e-01,-9.862090647220611572e-02
1.329231262207031250e-02,-5.436756834387779236e-02,-2.903408706188201904e-01
-3.846470639109611511e-02,-1.086200475692749023e-01,-1.838250756263732910e-01
6.491466611623764038e-02,-8.915114402770996094e-02,-6.032256782054901123e-02
8.497297763824462891e-02,5.205708742141723633e-02,-1.143420413136482239e-01
-9.309566020965576172e-02,-1.297228634357452393e-01,8.269684016704559326e-02
-7.764282170683145523e-03,9.020172059535980225e-02,-5.826697349548339844e-01
9.590053558349609375e-02,5.170485377311706543e-02,-4.635772705078125000e-01
-2.145233191549777985e-02,-3.837576135993003845e-02,5.096263885498046875e-01
-6.177496910095214844e-02,-7.924059033393859863e-02,-4.317566007375717163e-02
-9.852409362792968750e-03,8.175209164619445801e-02,-3.298886120319366455e-01
-4.136135056614875793e-02,-1.122117042541503906e-02,-1.976684480905532837e-01
1.286218408495187759e-02,1.033103466033935547e-01,-6.635436788201332092e-03
9.261565655469894409e-02,5.462918803095817566e-02,-5.706055164337158203e-01
5.010986234992742538e-03,2.874629956295393640e-07,5.189725160598754883e-01
2.432477474212646484e-02,7.990242352207133081e-07,3.702706694602966309e-01
1.273497473448514938e-02,1.191369295120239258e-01,-5.531859993934631348e-01
6.493632495403289795e-02,8.862543106079101562e-02,-1.500997841358184814e-01
1.496267318725585938e-02,2.763179875910282135e-02,-4.342108070850372314e-01
3.682342544198036194e-02,9.008046984672546387e-02,3.041012287139892578e-01
1.707885786890983582e-02,5.414994433522224426e-02,-5.805534124374389648e-01
-4.397761821746826172e-02,-2.668214961886405945e-02,3.659759461879730225e-01
9.571409225463867188e-02,1.035273969173431396e-01,2.628466784954071045e-01
9.229528903961181641e-02,-5.182106792926788330e-02,1.183029115200042725e-01
6.941796839237213135e-02,2.259790897369384766e-02,-2.184707522392272949e-01
-2.126983553171157837e-02,3.804942220449447632e-02,5.197490453720092773e-01
-2.648353576660156250e-02,-2.696401253342628479e-02,-3.649813830852508545e-01
-2.664530277252197266e-02,-1.114246919751167297e-01,1.272534132003784180e-01
-5.862792953848838806e-02,9.196659922599792480e-02,-5.608093738555908203e-01
-8.907073736190795898e-02,3.185419643614295637e-07,4.890090227127075195e-01
3.797852993011474609e-02,1.403042823076248169e-01,7.007964700460433960e-02
1.301114633679389954e-02,-8.485424518585205078e-02,3.009796142578125000e-01
-5.161643028259277344e-03,2.730755321681499481e-02,-3.304608166217803955e-01
-6.682264804840087891e-02,-7.899643480777740479e-02,2.944671548902988434e-02
-2.068511955440044403e-02,-1.850371994078159332e-02,-5.514578819274902344e-01
6.909899413585662842e-02,1.468241214752197266e-02,-1.597228944301605225e-01
-1.120982170104980469e-01,-2.558457292616367340e-02,-5.557031035423278809e-01
1.304089836776256561e-02,-8.117270469665527344e-02,-2.600845396518707275e-01
-3.509402275085449219e-03,5.490914359688758850e-02,3.766168057918548584e-01
1.285786274820566177e-02,-1.038821935653686523e-01,-2.022723406553268433e-01
-3.897072747349739075e-02,-8.769285678863525391e-02,-3.893209695816040039e-01
2.962646447122097015e-02,-5.437241122126579285e-02,-5.760251283645629883e-01
6.551764160394668579e-02,-7.418847084045410156e-02,8.346618711948394775e-02
-1.353597939014434814e-01,-1.285978555679321289e-01,-1.070642471313476562e-01
3.005187958478927612e-02,1.839141733944416046e-02,-5.586441755294799805e-01
-1.008369103074073792e-01,-8.639848232269287109e-02,-2.726470865309238434e-02
-7.817992940545082092e-03,-9.082624316215515137e-02,-5.749338865280151367e-01
5.769634246826171875e-02,5.293629691004753113e-02,-3.014816343784332275e-01
5.141210556030273438e-02,1.413887143135070801e-01,1.292297393083572388e-01
-9.521976113319396973e-02,-1.312553882598876953e-02,4.527160525321960449e-01
-4.875659942626953125e-02,-2.660514973104000092e-02,-2.841256558895111084e-01
-1.876354217529296875e-02,2.708839438855648041e-02,-2.510568201541900635e-01
3.794181346893310547e-02,7.925311251710809302e-07,-2.293624877929687500e-01
3.488945960998535156e-02,-5.367143079638481140e-02,-4.414535462856292725e-01
-6.044530868530273438e-02,-1.136058792471885681e-01,5.133026093244552612e-02
-2.097404003143310547e-02,8.121412992477416992e-02,-2.892062366008758545e-01
-5.401492118835449219e-03,-1.100537627935409546e-01,2.213760316371917725e-01
1.137363910675048828e-02,1.381565034389495850e-01,-8.330505341291427612e-02
1.337346062064170837e-02,-3.987812995910644531e-02,3.861895799636840820e-01
6.548023968935012817e-02,-7.512128353118896484e-02,2.658837735652923584e-01
-3.956132009625434875e-02,-6.325066089630126953e-02,4.386935234069824219e-01
-6.368374824523925781e-02,-7.914827018976211548e-02,-2.446029633283615112e-01
1.043708324432373047e-01,-5.143184214830398560e-02,2.875091508030891418e-02
-6.848835945129394531e-02,-1.317093521356582642e-01,2.305023074150085449e-01
-1.966404914855957031e-02,8.127748966217041016e-02,-2.131869494915008545e-01
6.331538408994674683e-02,1.288486719131469727e-01,2.750158607959747314e-01
-6.022357940673828125e-02,-1.135915666818618774e-01,9.048125892877578735e-02
-9.500389546155929565e-02,1.693737506866455078e-02,-7.005309686064720154e-03
1.282890047878026962e-02,-1.074421405792236328e-01,-4.792007207870483398e-01
-6.908178329467773438e-02,2.627766318619251251e-02,-7.914154231548309326e-02
4.116237163543701172e-02,-5.346923694014549255e-02,-1.174435392022132874e-01
-3.920801356434822083e-02,7.786786556243896484e-02,4.347756803035736084e-01
-4.143466800451278687e-02,-1.426720619201660156e-02,-1.213403269648551941e-01
-3.713562339544296265e-02,-1.635961532592773438e-01,1.817907691001892090e-01
-3.816850483417510986e-02,1.208630800247192383e-01,-5.137261748313903809e-01
5.431152135133743286e-02,5.408055335283279419e-02,-5.819938182830810547e-01
-5.740508809685707092e-02,-5.406626686453819275e-02,-5.822303295135498047e-01
2.974104881286621094e-02,5.383737012743949890e-02,4.477767944335937500e-01
8.745992183685302734e-02,5.197692289948463440e-02,-4.275161623954772949e-01
-5.311822891235351562e-02,-7.965932041406631470e-02,1.950335651636123657e-01
-6.024372577667236328e-02,-7.931464910507202148e-02,2.684139907360076904e-01
1.292729936540126801e-02,-9.527444839477539062e-02,-3.873895108699798584e-01
-5.150032043457031250e-02,-7.973757386207580566e-02,1.213836669921875000e-01
-5.427467823028564453e-02,7.960339635610580444e-02,1.764059364795684814e-01
-5.013203620910644531e-02,7.980377227067947388e-02,1.030950918793678284e-01
1.289535500109195709e-02,9.923970699310302734e-02,-2.571820020675659180e-01
-1.233595609664916992e-01,-1.272796839475631714e-01,1.095519959926605225e-02
-6.590092182159423828e-02,-7.904101908206939697e-02,-1.705770790576934814e-01
6.532276421785354614e-02,-7.902407646179199219e-02,1.736910939216613770e-01
-1.675631701946258545e-01,-1.125574111938476562e-01,-4.417455196380615234e-02
1.278286520391702652e-02,-1.131919622421264648e-01,-5.552660822868347168e-01
8.749425411224365234e-02,5.197582021355628967e-02,-7.827850431203842163e-02
-9.139931201934814453e-02,-2.591807581484317780e-02,2.265579104423522949e-01
6.520684808492660522e-02,8.191275596618652344e-02,-2.417916804552078247e-01
8.842647075653076172e-02,1.562692672014236450e-01,6.507598608732223511e-02
-9.019339084625244141e-02,-2.593750879168510437e-02,-4.238281026482582092e-02
1.289144158363342285e-02,9.971368312835693359e-02,2.073068171739578247e-01
8.457434177398681641e-02,7.702950028942723293e-07,-9.633331000804901123e-02
-8.888006210327148438e-02,2.595866657793521881e-02,1.364758312702178955e-01
-8.470034599304199219e-02,2.602601051330566406e-02,6.493011116981506348e-02
-8.698439598083496094e-02,-2.598921023309230804e-02,1.006878614425659180e-01
1.287479884922504425e-02,1.017796993255615234e-01,-1.845672577619552612e-01
1.289945840835571289e-02,-9.871852397918701172e-02,1.535192877054214478e-01
1.294094417244195938e-02,-9.353327751159667969e-02,8.240905404090881348e-02
1.073546409606933594e-01,1.027761921286582947e-01,1.708715856075286865e-01
1.279580220580101013e-02,-1.115860939025878906e-01,1.100158691406250000e-02
1.289479620754718781e-02,9.929740428924560547e-02,1.355801373720169067e-01
1.069571971893310547e-01,7.596220257255481556e-07,1.171630844473838806e-01
-3.848467394709587097e-02,-1.077820062637329102e-01,-1.482385247945785522e-01
6.278022378683090210e-02,1.421285867691040039e-01,2.019692957401275635e-01
-9.626460075378417969e-02,-2.583968825638294220e-02,2.888580225408077240e-02
1.128956079483032227e-01,7.567903708149970043e-07,4.617980867624282837e-02
-6.698369979858398438e-02,-7.898865640163421631e-02,-6.794128101319074631e-03
1.312349922955036163e-02,7.087123394012451172e-02,3.223052918910980225e-01
-3.854862228035926819e-02,-1.051365137100219727e-01,-5.969299003481864929e-02
1.198908090591430664e-01,7.534547989962447900e-07,-2.407806366682052612e-02
2.631652727723121643e-02,1.666775345802307129e-01,-1.888835430145263672e-02
8.893048763275146484e-02,-5.192952603101730347e-02,2.088052332401275635e-01
-1.381490975618362427e-01,-1.449992656707763672e-01,-2.378875762224197388e-02
-3.927343338727951050e-02,7.516121864318847656e-02,3.028643727302551270e-01
-3.844737634062767029e-02,-1.093448400497436523e-01,-2.195730507373809814e-01
-8.746577054262161255e-02,-1.504874229431152344e-01,1.074890140444040298e-02
3.169723600149154663e-02,2.870717139558109920e-07,4.966319799423217773e-01
1.206571795046329498e-02,2.022153139114379883e-01,-7.267394661903381348e-02
-3.854260221123695374e-02,-1.053854227066040039e-01,-5.383782982826232910e-01
-3.869644179940223694e-02,-9.903264045715332031e-02,2.884063683450222015e-02
-9.076760709285736084e-02,-9.199333190917968750e-02,-5.436053276062011719e-01
-9.266639500856399536e-02,-5.835509300231933594e-02,-4.947414994239807129e-01
7.851421833038330078e-02,5.226526781916618347e-02,-2.055871486663818359e-01
3.413140773773193359e-02,8.387955278158187866e-02,-4.807024896144866943e-01
8.506369590759277344e-02,1.565953344106674194e-01,1.193304434418678284e-01
2.172291278839111328e-02,-5.409581959247589111e-02,-3.467163145542144775e-01
6.149019673466682434e-02,1.741359233856201172e-01,4.443389922380447388e-02
4.581737518310546875e-02,-1.067485138773918152e-01,-5.391021370887756348e-01
6.527372449636459351e-02,8.025312423706054688e-02,-3.723599016666412354e-01
-3.884619474411010742e-02,-9.282505512237548828e-02,-3.134188652038574219e-01
2.733349800109863281e-02,-5.391497910022735596e-02,-2.498745620250701904e-01
2.271667495369911194e-02,-2.401626482605934143e-02,-2.098910808563232422e-01
-3.953031077980995178e-02,6.453335285186767578e-02,-7.937499880790710449e-02
-1.788151264190673828e-02,2.710261009633541107e-02,-1.190454065799713135e-01
-6.077396869659423828e-02,7.928900420665740967e-02,2.955566346645355225e-02
-3.880601376295089722e-02,-9.448754787445068359e-02,-2.580123841762542725e-01
-3.984982147812843323e-02,5.132281780242919922e-02,3.262573182582855225e-01
4.199898242950439453e-02,1.069937124848365784e-01,-5.403463840484619141e-01
1.062679290771484375e-02,-5.445348098874092102e-02,4.529010057449340820e-01
-1.240003108978271484e-02,8.162885159254074097e-02,-1.383898854255676270e-01
1.351314131170511246e-02,2.253866195678710938e-02,3.512271046638488770e-01
-3.889551758766174316e-02,9.079658985137939453e-02,2.449001967906951904e-01
-1.056732144206762314e-02,-1.472684890031814575e-01,1.813008785247802734e-01
-8.271697908639907837e-02,-1.556321829557418823e-01,9.503507614135742188e-02
9.355133026838302612e-02,1.840012706816196442e-02,-5.580314397811889648e-01
-4.004843533039093018e-02,4.307687282562255859e-02,3.662341237068176270e-01
3.032493591308593750e-02,-5.381855368614196777e-02,3.304876685142517090e-01
-1.020703837275505066e-01,-1.082508563995361328e-01,-8.787475526332855225e-02
-7.792484760284423828e-02,-2.613518014550209045e-02,3.023003935813903809e-01
-5.734813213348388672e-02,7.945472747087478638e-02,-6.834411527961492538e-03
6.648499518632888794e-02,-5.018365383148193359e-02,-9.846404939889907837e-02
-4.090629890561103821e-02,7.592916488647460938e-03,3.544482290744781494e-01
4.151403903961181641e-02,-1.070261895656585693e-01,1.151031441986560822e-02
8.439147472381591797e-02,-4.559088125824928284e-02,2.856441736221313477e-01
-1.459311246871948242e-01,-7.516997307538986206e-02,-9.278259426355361938e-02
-3.993034362792968750e-02,-4.799151420593261719e-02,3.269164860248565674e-01
1.383642014116048813e-02,1.759195327758789062e-02,-2.955133020877838135e-01
1.283319760113954544e-02,-1.069437265396118164e-01,-1.304885894060134888e-01
7.908773422241210938e-02,1.571747958660125732e-01,-6.767577957361936569e-03
-5.283474922180175781e-03,-1.100461557507514954e-01,2.793942093849182129e-01
3.726387023925781250e-02,2.799112349748611450e-02,-5.018655061721801758e-01
4.164703190326690674e-02,-2.548731677234172821e-02,-1.182786226272583008e-01
6.401371955871582031e-02,1.586364805698394775e-01,-4.326843097805976868e-02
7.899880409240722656e-02,5.224964022636413574e-02,-3.915090858936309814e-01
9.658081084489822388e-02,-2.609154582023620605e-02,-8.073186874389648438e-02
-6.753766536712646484e-02,-2.630253881216049194e-02,3.797918558120727539e-01
4.205383360385894775e-02,1.797775179147720337e-01,-1.126661300659179688e-01
-9.150505065917968750e-02,-7.892942428588867188e-02,-5.681402683258056641e-01
-4.804992675781250000e-02,-3.851483762264251709e-02,5.052425861358642578e-01
9.050488471984863281e-02,7.674670996493659914e-07,2.999166846275329590e-01
7.764739543199539185e-02,-2.578168176114559174e-02,-9.991371631622314453e-02
1.292175427079200745e-02,9.595072269439697266e-02,-3.312200903892517090e-01
-4.760482534766197205e-02,3.815802559256553650e-02,5.163109302520751953e-01
-6.055867671966552734e-02,-2.641499042510986328e-02,-2.077828943729400635e-01
-5.466544628143310547e-02,-2.650993503630161285e-02,-9.812957793474197388e-02
1.290213316679000854e-02,-9.835112094879150391e-02,1.894613653421401978e-01
-2.116256579756736755e-02,2.825538842898822622e-07,5.259771347045898438e-01
1.292289700359106064e-02,9.582090377807617188e-02,2.805786132812500000e-01
1.790094375610351562e-02,5.421902239322662354e-02,3.914923071861267090e-01
1.029987335205078125e-01,7.615095682922401465e-07,2.429717928171157837e-01
-3.297790512442588806e-02,-9.119831025600433350e-02,-5.703290700912475586e-01
-7.797241210937500000e-03,5.439215525984764099e-02,-5.756412744522094727e-01
-8.468414098024368286e-02,-1.063141599297523499e-01,5.259418487548828125e-02
7.848262786865234375e-03,8.260825276374816895e-02,-3.927536010742187500e-01
1.714172400534152985e-02,9.051869064569473267e-02,-5.787519216537475586e-01
-8.310973644256591797e-02,-1.820487156510353088e-02,-5.701444149017333984e-01
1.715759187936782837e-02,-9.060391038656234741e-02,-5.776965618133544922e-01
4.972255229949951172e-02,7.869136311455804389e-07,-1.535989344120025635e-01
-5.674874782562255859e-02,7.948371022939682007e-02,2.316787689924240112e-01
-3.265167027711868286e-02,9.029703587293624878e-02,-5.814926624298095703e-01
4.662170074880123138e-03,-5.420591309666633606e-02,-5.794450044631958008e-01
7.448180764913558960e-02,1.481569409370422363e-01,1.721050739288330078e-01
-1.095954179763793945e-01,-1.283908486366271973e-01,4.642638936638832092e-02
5.013966560363769531e-02,-1.064695641398429871e-01,-2.519317530095577240e-02
6.514254212379455566e-02,8.350837230682373047e-02,-5.660940408706665039e-01
-8.030090481042861938e-03,1.304706782102584839e-01,-5.480115413665771484e-01
-3.693939000368118286e-02,-1.717150211334228516e-01,1.294799745082855225e-01
6.246313452720642090e-02,1.499925851821899414e-01,1.487191766500473022e-01
1.315072271972894669e-02,6.752765178680419922e-02,-4.520086646080017090e-01
-2.365589141845703125e-03,-5.487227439880371094e-02,3.962093889713287354e-01
7.104277610778808594e-02,5.250610411167144775e-02,3.037008643150329590e-01
-3.249263763427734375e-02,8.065698295831680298e-02,-6.246673315763473511e-02
3.206374868750572205e-02,3.923884034156799316e-02,4.828996658325195312e-01
-7.443359494209289551e-02,3.016884875250980258e-07,5.075577497482299805e-01
-4.209726676344871521e-02,-4.166781902313232422e-02,-3.799062967300415039e-01
1.314644515514373779e-02,-6.802272796630859375e-02,3.228686451911926270e-01
5.142822116613388062e-02,-4.427880048751831055e-02,3.263851404190063477e-01
3.598141670227050781e-02,-1.073832362890243530e-01,-4.389526322484016418e-02
8.628726005554199219e-03,2.752975188195705414e-02,-5.557622909545898438e-01
1.289184205234050751e-02,-9.962868690490722656e-02,-2.389581203460693359e-01
-3.085887432098388672e-02,-8.073601871728897095e-02,-4.826873540878295898e-01
-9.764008224010467529e-02,-2.976620197296142578e-02,-5.004302859306335449e-01
-3.861611336469650269e-02,1.023560762405395508e-01,-5.002343654632568359e-01
6.867704540491104126e-02,4.211902618408203125e-03,-5.547036528587341309e-01
6.544799357652664185e-02,-7.591652870178222656e-02,-7.886352390050888062e-02
-4.260647669434547424e-02,6.274819374084472656e-02,-5.093103051185607910e-01
7.488238811492919922e-02,5.238233506679534912e-02,-2.427712976932525635e-01
-1.885294914245605469e-02,-2.708695270121097565e-02,-3.862118422985076904e-01
5.271077156066894531e-02,-5.309699103236198425e-02,-5.562887191772460938e-01
5.614013411104679108e-03,2.176578715443611145e-02,-3.493829965591430664e-01
-1.586187928915023804e-01,-8.541631698608398438e-02,-4.718505591154098511e-02
-3.894389420747756958e-02,8.879506587982177734e-02,-2.455902099609375000e-02
-5.882382392883300781e-02,-1.324895620346069336e-01,2.692056298255920410e-01
1.290550176054239273e-02,-9.796822071075439453e-02,2.256109565496444702e-01
-3.891221061348915100e-02,9.011375904083251953e-02,4.685638472437858582e-02
5.108141899108886719e-02,1.598905026912689209e-01,-2.524444460868835449e-02
-7.875037193298339844e-02,2.612187713384628296e-02,3.021462857723236084e-01
2.718317508697509766e-02,8.354348689317703247e-02,-4.582073986530303955e-01
2.955889701843261719e-02,-1.077976971864700317e-01,3.014587424695491791e-02
-1.257168501615524292e-01,-1.100794076919555664e-01,-5.765795707702636719e-03
-3.894707933068275452e-02,8.864331245422363281e-02,1.545251458883285522e-01
9.987652301788330078e-02,-5.157670751214027405e-02,-5.990356206893920898e-02
-4.139602184295654297e-02,-1.266825199127197266e-02,-1.594525128602981567e-01
1.925563812255859375e-02,2.770096994936466217e-02,-4.556311070919036865e-01
-4.181080311536788940e-02,-2.982890605926513672e-02,-4.997988641262054443e-01
-1.168516874313354492e-01,-2.550798654556274414e-02,-5.344201326370239258e-01
-9.109842777252197266e-02,-7.782222330570220947e-02,-5.042007565498352051e-01
1.299065351486206055e-02,8.739817142486572266e-02,3.005053699016571045e-01
-3.901894763112068176e-02,8.568978309631347656e-02,2.824237048625946045e-01
1.075947284698486328e-02,2.756407856941223145e-02,-4.130270183086395264e-01
-5.365777015686035156e-02,2.652618102729320526e-02,3.638366758823394775e-01
-4.139016568660736084e-02,-1.240479946136474609e-02,-2.363793849945068359e-01
-4.100680351257324219e-03,8.203028142452239990e-02,-3.505844175815582275e-01
1.396441459655761719e-02,-1.088040396571159363e-01,-6.321807950735092163e-02
-3.870487213134765625e-03,1.920962929725646973e-01,-8.282134681940078735e-02
6.931269168853759766e-02,1.999032497406005859e-02,-4.972143471240997314e-01
-3.793597221374511719e-02,-1.304951906204223633e-01,2.925503551959991455e-01
7.215270772576332092e-03,1.675598919391632080e-01,-2.796304225921630859e-02
6.645083427429199219e-03,2.749778516590595245e-02,-3.920693993568420410e-01
-3.283345699310302734e-02,-2.686169557273387909e-02,-3.442867994308471680e-01
1.276790909469127655e-02,1.150484085083007812e-01,-5.154839754104614258e-01
2.921259403228759766e-02,7.966935413605824579e-07,3.498184084892272949e-01
-1.547312736511230469e-02,8.148020505905151367e-02,-3.094335794448852539e-01
2.163696289062500000e-02,-9.143748879432678223e-02,2.831655740737915039e-01
-3.381276130676269531e-02,-8.059310913085937500e-02,-4.618682861328125000e-01
1.010608673095703125e-01,7.624336149092414416e-07,-7.757964730262756348e-02
1.291644573211669922e-02,2.759883366525173187e-02,-5.154666304588317871e-01
6.574322283267974854e-02,-6.859064102172851562e-02,2.855636477470397949e-01
-3.896876797080039978e-02,8.775401115417480469e-02,1.186102256178855896e-01
3.801429271697998047e-02,-5.357070267200469971e-02,-5.003350973129272461e-01
6.597278267145156860e-02,6.290614604949951172e-02,-3.383068740367889404e-01
-3.949451446533203125e-02,-8.031829446554183960e-02,-4.208596646785736084e-01
4.611110687255859375e-02,1.409607827663421631e-01,1.093362420797348022e-01
9.578406810760498047e-02,1.035228669643402100e-01,1.182302832603454590e-01
-8.414208889007568359e-02,-1.304456442594528198e-01,1.011801138520240784e-01
3.615224361419677734e-02,7.933844585750193801e-07,3.870434463024139404e-01
-9.812926873564720154e-03,-9.124406427145004272e-02,2.861666679382324219e-01
1.399285253137350082e-02,-3.699755668640136719e-02,-5.017397999763488770e-01
-4.379904270172119141e-02,-2.668502181768417358e-02,-3.039144873619079590e-01
-5.249524116516113281e-02,-7.968945056200027466e-02,2.884838879108428955e-01
6.957413256168365479e-02,2.647280693054199219e-02,-2.384451180696487427e-01
-1.846909523010253906e-02,-1.108970642089843750e-01,1.458529680967330933e-01
-8.914828300476074219e-03,2.724708244204521179e-02,-3.103158473968505859e-01
-4.247951507568359375e-02,-8.017391711473464966e-02,8.512450754642486572e-02
6.356757134199142456e-02,1.225906610488891602e-01,2.941763103008270264e-01
-1.006075441837310791e-01,-8.233690261840820312e-02,-4.699371382594108582e-02
3.096997737884521484e-02,5.379776284098625183e-02,4.276717901229858398e-01
1.768676750361919403e-02,1.869888789951801300e-02,-5.398126840591430664e-01
-1.383436471223831177e-01,-1.428095102310180664e-01,-9.322631359100341797e-02
-4.109036922454833984e-02,8.024110645055770874e-02,-4.997332692146301270e-01
-9.920653887093067169e-03,2.307489514350891113e-02,-2.685199975967407227e-01
6.520359218120574951e-02,-8.197700977325439453e-02,6.508392095565795898e-02
-8.554494380950927734e-02,2.601240575313568115e-02,3.945132493972778320e-01
6.930146366357803345e-02,1.971149444580078125e-02,-1.987524330615997314e-01
6.900683790445327759e-02,1.239550113677978516e-02,-4.745080471038818359e-01
8.789861202239990234e-02,5.196277797222137451e-02,2.637158036231994629e-01
4.168081283569335938e-02,1.406031697988510132e-01,8.963286876678466797e-02
4.673969745635986328e-02,7.883359671723155770e-07,4.429894983768463135e-01
6.491318345069885254e-02,8.919978141784667969e-02,-4.850674271583557129e-01
-9.636775404214859009e-02,-7.225990295410156250e-03,-5.352398753166198730e-01
-4.745674133300781250e-02,-7.993316650390625000e-02,-3.607818484306335449e-01
6.985265761613845825e-02,3.338432312011718750e-02,-3.782958984375000000e-01
9.756612777709960938e-02,5.165116488933563232e-02,4.665008559823036194e-02
6.853689253330230713e-02,7.338523864746093750e-04,-5.327889919281005859e-01
6.757781654596328735e-02,8.969286084175109863e-02,3.101167678833007812e-01
6.922115385532379150e-02,1.771366596221923828e-02,-4.352038502693176270e-01
-1.015645265579223633e-01,-1.290391832590103149e-01,6.445312500000000000e-02
9.322452545166015625e-02,5.179110914468765259e-02,-5.032073855400085449e-01
3.494083881378173828e-02,1.400590240955352783e-01,5.064575001597404480e-02
-5.238962173461914062e-02,-7.969457656145095825e-02,-3.215859830379486084e-01
-5.770301818847656250e-02,-1.134289205074310303e-01,7.079223543405532837e-02
6.937912106513977051e-02,2.163362503051757812e-02,-4.159356653690338135e-01
-3.984928131103515625e-03,-1.099623739719390869e-01,2.597882151603698730e-01
-3.961693122982978821e-02,6.093776226043701172e-02,3.813894689083099365e-01
-8.854904770851135254e-02,-1.312965154647827148e-01,-2.394226007163524628e-02
6.919608265161514282e-02,1.709139347076416016e-02,-1.791763305664062500e-01
-3.471016883850097656e-02,-2.683146484196186066e-02,3.487127721309661865e-01
8.581638336181640625e-02,-5.202990025281906128e-02,8.284515142440795898e-02
5.978417396545410156e-02,1.590465903282165527e-01,-7.995544373989105225e-02
6.461520493030548096e-02,-9.658682346343994141e-02,-4.224304109811782837e-02
6.520395725965499878e-02,8.198428153991699219e-02,-5.068759322166442871e-01
-9.562357515096664429e-02,-5.966901779174804688e-03,4.345440566539764404e-01
1.344539504498243332e-02,-3.094851970672607422e-02,3.688192665576934814e-01
-8.733761310577392578e-02,-2.598352171480655670e-02,2.820898294448852539e-01
-3.990212082862854004e-02,-4.913854598999023438e-02,3.841348290443420410e-01
-9.214520454406738281e-02,2.590606175363063812e-02,2.629186809062957764e-01
6.900896131992340088e-02,1.244819164276123047e-02,-1.403775066137313843e-01
-6.473338603973388672e-02,-1.320124864578247070e-01,2.496032714843750000e-01
4.991607740521430969e-03,-3.869260102510452271e-02,4.998385906219482422e-01
-9.084227681159973145e-02,-9.067058563232421875e-02,-5.242288112640380859e-01
7.404088973999023438e-03,8.258678019046783447e-02,-4.937521219253540039e-01
3.511500358581542969e-02,1.074379384517669678e-01,-5.222195386886596680e-01
-5.473971366882324219e-02,-7.958088815212249756e-02,-3.022207617759704590e-01
3.255784511566162109e-02,1.398666501045227051e-01,3.130340576171875000e-02
4.101979732513427734e-02,-1.070581004023551941e-01,-5.203674435615539551e-01
-8.051645755767822266e-02,2.609342522919178009e-02,-6.060455366969108582e-02
3.251099586486816406e-02,1.398628801107406616e-01,-7.223205175250768661e-03
3.738284111022949219e-02,-5.359105393290519714e-02,-4.605798125267028809e-01
-3.760832548141479492e-02,-1.440390348434448242e-01,2.544741630554199219e-01
9.217488765716552734e-02,1.037557572126388550e-01,2.817919850349426270e-01
1.345546171069145203e-02,2.969884872436523438e-02,3.690951466560363770e-01
-5.497801303863525391e-02,7.956936210393905640e-02,4.792113974690437317e-02
4.240393638610839844e-03,-1.094315722584724426e-01,-1.771746724843978882e-01
4.117953777313232422e-02,7.909872579148213845e-07,-2.102114856243133545e-01
1.314188167452812195e-02,6.862509250640869141e-02,4.371395707130432129e-01
3.234744071960449219e-02,-5.375336110591888428e-02,-4.223968386650085449e-01
-5.919635295867919922e-02,-7.936532050371170044e-02,-2.639150917530059814e-01
-8.378887176513671875e-02,-2.604069933295249939e-02,-6.048217788338661194e-02
-1.347780227661132812e-02,-1.105749681591987610e-01,1.646121144294738770e-01
-4.134481772780418396e-02,-1.055014133453369141e-02,-2.168304324150085449e-01
9.646344184875488281e-02,5.168671905994415283e-02,-4.827389419078826904e-01
2.795279026031494141e-02,5.389501526951789856e-02,4.087457060813903809e-01
-4.328966140747070312e-03,-1.099845692515373230e-01,2.405087202787399292e-01
5.273723602294921875e-02,-5.309613421559333801e-02,-5.158874392509460449e-01
1.293865311890840530e-02,9.385311603546142578e-02,-3.502545058727264404e-01
1.292893756181001663e-02,9.505927562713623047e-02,6.450744718313217163e-02
6.466984748840332031e-02,9.523344039916992188e-02,-5.420873761177062988e-01
-9.513235092163085938e-02,2.585792727768421173e-02,1.111663784831762314e-02
2.975881099700927734e-02,-5.383679270744323730e-02,-4.034017920494079590e-01
-6.346750259399414062e-02,7.915872335433959961e-02,-5.328649878501892090e-01
6.488493829965591431e-02,8.990073204040527344e-02,-4.461614787578582764e-01
-4.137840494513511658e-02,-1.192677021026611328e-02,-1.785446107387542725e-01
-7.217168807983398438e-03,-1.101709529757499695e-01,2.023626714944839478e-01
5.945403873920440674e-02,-2.559811621904373169e-02,-1.113752126693725586e-01
-4.141486063599586487e-02,-1.344776153564453125e-02,-1.403866559267044067e-01
1.288603991270065308e-02,-1.003844738006591797e-01,6.429351866245269775e-02
2.444577217102050781e-02,-5.400805920362472534e-02,-3.655682206153869629e-01
8.929610252380371094e-03,1.379591971635818481e-01,-6.415160745382308960e-02
1.895642280578613281e-02,-5.418499931693077087e-02,-3.278985619544982910e-01
-4.195860400795936584e-02,-3.594386577606201172e-02,-3.585482835769653320e-01
3.428280353546142578e-02,-5.369098484516143799e-02,-2.299868762493133545e-01
-6.164669990539550781e-02,-7.924679666757583618e-02,4.772674292325973511e-02
8.103847503662109375e-04,-1.096529141068458557e-01,-2.157751470804214478e-01
1.614630222320556641e-02,-5.427557229995727539e-02,-3.091091811656951904e-01
9.879934787750244141e-02,1.033282801508903503e-01,2.441177368164062500e-01
1.039409637451171875e-02,-5.446098744869232178e-02,-2.715881168842315674e-01
4.702222347259521484e-02,7.882012482696154620e-07,-1.723461896181106567e-01
4.450213909149169922e-02,7.894029181443329435e-07,4.044900536537170410e-01
-5.346977710723876953e-02,-2.652920410037040710e-02,-2.645611464977264404e-01
-3.748849779367446899e-02,-1.490085124969482422e-01,2.360409498214721680e-01
-2.635478973388671875e-02,8.095386624336242676e-02,-2.691973745822906494e-01
3.670763969421386719e-02,-5.361282080411911011e-02,-1.921755969524383545e-01
-3.861983492970466614e-02,-1.021904945373535156e-01,-5.198010206222534180e-01
-9.670810401439666748e-02,-1.324641704559326172e-02,-5.580791831016540527e-01
-2.086329460144042969e-02,8.121947944164276123e-02,-2.319903522729873657e-01
-8.672475814819335938e-03,8.180915564298629761e-02,-1.009774729609489441e-01
-2.411723136901855469e-02,2.700214087963104248e-02,-2.313003540039062500e-01
-1.054513454437255859e-02,8.171857893466949463e-02,-1.196890249848365784e-01
-1.786923408508300781e-02,8.136430382728576660e-02,-1.944784522056579590e-01
-1.423823833465576172e-02,8.153993636369705200e-02,-1.570852696895599365e-01
-2.224361896514892578e-02,2.703232876956462860e-02,-1.937713623046875000e-01
9.239840507507324219e-02,5.181774869561195374e-02,-6.018340960144996643e-02
6.542162597179412842e-02,-7.657575607299804688e-02,2.471926808357238770e-01
3.782773017883300781e-02,-5.357672274112701416e-02,-1.733947694301605225e-01
1.284448336809873581e-02,-1.055427789688110352e-01,-4.605664014816284180e-01
-3.956628590822219849e-02,-6.303310394287109375e-02,4.193606376647949219e-01
1.088519096374511719e-01,5.128740146756172180e-02,-5.373300313949584961e-01
-2.116358280181884766e-02,2.704973146319389343e-02,-1.750649958848953247e-01
1.065201759338378906e-01,7.598304136990918778e-07,6.404479593038558960e-02
5.231261253356933594e-02,7.856785941839916632e-07,-1.349588036537170410e-01
-1.898264884948730469e-02,2.708487026393413544e-02,-1.377072185277938843e-01
-8.848738670349121094e-02,-2.596499584615230560e-02,4.318594336509704590e-01
6.493417918682098389e-02,8.867406845092773438e-02,-4.273190200328826904e-01
-1.172175407409667969e-01,-1.277755200862884521e-01,2.859741076827049255e-02
6.316899508237838745e-02,1.324813365936279297e-01,2.564978003501892090e-01
-3.885887190699577332e-02,-9.230065345764160156e-02,-3.320602476596832275e-01
-7.097601890563964844e-02,-1.315085440874099731e-01,2.117092907428741455e-01
-4.531383514404296875e-02,-1.692376285791397095e-01,1.094427481293678284e-01
-3.884460777044296265e-02,-9.291064739227294922e-02,-2.765728831291198730e-01
1.290910784155130386e-02,9.752058982849121094e-02,-3.124221861362457275e-01
4.005491733551025391e-02,-5.350493639707565308e-02,-1.360336244106292725e-01
1.284564193338155746e-02,-1.054110527038574219e-01,-4.991479516029357910e-01
8.851027488708496094e-02,1.562611311674118042e-01,1.010513305664062500e-01
-8.786015957593917847e-02,-1.435005664825439453e-01,-6.478576455265283585e-03
-3.923925012350082397e-02,7.656347751617431641e-02,4.158944487571716309e-01
-8.007836341857910156e-02,-2.610048651695251465e-02,3.958489894866943359e-01
-1.137961149215698242e-01,-7.672433555126190186e-02,-5.360082983970642090e-01
6.529914587736129761e-02,-7.961022853851318359e-02,1.012170389294624329e-01
1.274902652949094772e-02,-1.174042224884033203e-01,-5.341818332672119141e-01
-3.725218772888183594e-02,-1.587849855422973633e-01,1.997064203023910522e-01
5.340099334716796875e-02,5.307474359869956970e-02,-2.834368944168090820e-01
8.642423152923583984e-02,-5.201030522584915161e-02,2.639569044113159180e-01
-5.493021011352539062e-02,-7.957167178392410278e-02,2.505779862403869629e-01
6.197834014892578125e-02,5.279827490448951721e-02,-3.195068240165710449e-01
2.426422014832496643e-02,1.791947185993194580e-01,-1.178070306777954102e-01
6.550460308790206909e-02,7.452404499053955078e-02,-3.547457754611968994e-01
7.719266414642333984e-02,5.230787023901939392e-02,-2.240621894598007202e-01
-1.114573478698730469e-01,-2.559490129351615906e-02,-5.167022347450256348e-01
1.014814376831054688e-01,1.031552106142044067e-01,2.255770862102508545e-01
-5.757176876068115234e-02,7.944389432668685913e-02,2.501757740974426270e-01
1.286175474524497986e-02,-1.033989191055297852e-01,-4.420764148235321045e-01
9.168231487274169922e-02,5.184081941843032837e-02,-4.455377161502838135e-01
-3.850506618618965149e-02,-1.069502830505371094e-01,-2.379266321659088135e-01
-5.352258682250976562e-02,-7.963976263999938965e-02,2.135330140590667725e-01
-9.181094169616699219e-02,2.591144479811191559e-02,4.119213819503784180e-01
-3.798389434814453125e-02,1.285006999969482422e-01,-5.305740237236022949e-01
4.311553761363029480e-02,1.580727249383926392e-01,6.985223293304443359e-02
8.323252201080322266e-02,5.211318284273147583e-02,-4.095083475112915039e-01
7.475757598876953125e-02,5.238635465502738953e-02,-3.735140860080718994e-01
1.271497551351785660e-02,1.216312646865844727e-01,-5.327551364898681641e-01
-5.592417716979980469e-02,7.952359318733215332e-02,2.132214307785034180e-01
8.586633205413818359e-02,5.202828720211982727e-02,8.284240216016769409e-02
6.511929631233215332e-02,8.408522605895996094e-02,-3.903945982456207275e-01
-5.271399021148681641e-02,-7.967887818813323975e-02,1.765731722116470337e-01
-7.332515716552734375e-02,-1.313189119100570679e-01,1.747268587350845337e-01
-7.463002204895019531e-02,-1.312135308980941772e-01,1.199294999241828918e-01
-4.260504245758056641e-02,8.016784489154815674e-02,8.511810004711151123e-02
1.306808553636074066e-02,-7.778573036193847656e-02,-3.162695169448852539e-01
6.539615243673324585e-02,-7.720303535461425781e-02,2.287133783102035522e-01
-5.509960651397705078e-02,7.956348359584808350e-02,1.947988867759704590e-01
-6.126093864440917969e-02,-2.640367485582828522e-02,-2.261740118265151978e-01
6.507907062768936157e-02,8.508324623107910156e-02,-2.230380177497863770e-01
-3.702078014612197876e-02,-1.683590412139892578e-01,1.640335023403167725e-01
-3.890797868371009827e-02,9.026896953582763672e-02,2.632681131362915039e-01
6.470894068479537964e-02,-9.425640106201171875e-02,2.894164994359016418e-02
-5.190515518188476562e-02,-7.971799373626708984e-02,1.397531032562255859e-01
7.982516288757324219e-02,5.222301185131072998e-02,-1.871939003467559814e-01
-3.884165734052658081e-02,-9.301292896270751953e-02,-2.949316203594207764e-01
1.290284376591444016e-02,-9.829831123352050781e-02,-4.054949879646301270e-01
-5.002236366271972656e-02,-7.980906963348388672e-02,1.031021103262901306e-01
-5.939054489135742188e-02,-2.643381059169769287e-02,-1.894811987876892090e-01
-6.882393360137939453e-02,-7.889963686466217041e-02,-2.253640741109848022e-01
8.890068531036376953e-02,5.193048343062400818e-02,2.452444434165954590e-01
6.140374019742012024e-02,1.762812137603759766e-01,-7.398986816406250000e-02
-5.472624301910400391e-02,-2.650896459817886353e-02,-1.164379864931106567e-01
1.295470818877220154e-02,-9.185993671417236328e-02,-3.694036900997161865e-01
-1.534689366817474365e-01,-1.288113147020339966e-01,-1.044037342071533203e-01
-5.822348594665527344e-02,-2.645261213183403015e-02,-1.712005585432052612e-01
8.824908733367919922e-02,-5.195149406790733337e-02,2.270901501178741455e-01
6.499847769737243652e-02,8.707869052886962891e-02,-1.864102184772491455e-01
8.241748809814453125e-02,5.213945358991622925e-02,-1.506341546773910522e-01
6.534665822982788086e-02,-7.842671871185302734e-02,1.919677704572677612e-01
-9.421118348836898804e-02,3.098809719085693359e-02,4.479220509529113770e-01
1.298616267740726471e-02,-8.795559406280517578e-02,-3.515408337116241455e-01
-5.589175224304199219e-02,-2.649018168449401855e-02,-1.346835345029830933e-01
6.290175020694732666e-02,1.391129493713378906e-01,2.199877947568893433e-01
-8.250296115875244141e-02,-2.606141939759254456e-02,8.298278599977493286e-02
-6.698453426361083984e-02,-7.898860424757003784e-02,-1.888000518083572388e-01
8.989477157592773438e-02,5.189844593405723572e-02,2.086804211139678955e-01
1.289313659071922302e-02,9.950327873229980469e-02,2.616900503635406494e-01
1.289511751383543015e-02,9.925723075866699219e-02,-2.754092216491699219e-01
-6.481838226318359375e-02,-7.909338176250457764e-02,-1.523718237876892090e-01
-9.041130542755126953e-02,2.593399956822395325e-02,-2.453033439815044403e-02
6.471168994903564453e-02,1.585688143968582153e-01,-6.147521734237670898e-02
-3.878322616219520569e-02,-9.545004367828369141e-02,4.670104756951332092e-02
-6.265497207641601562e-02,-7.919803261756896973e-02,-1.159973144531250000e-01
1.006274223327636719e-01,-5.155249312520027161e-02,4.656097292900085449e-02
-6.117331981658935547e-02,7.926969975233078003e-02,1.136352494359016418e-02
-7.342267036437988281e-02,-1.313110142946243286e-01,1.564465314149856567e-01
-8.252418041229248047e-02,2.606107667088508606e-02,8.298186957836151123e-02
-9.299492835998535156e-02,-2.589237131178379059e-02,4.676513746380805969e-02
6.529885530471801758e-02,-7.961285114288330078e-02,1.554718017578125000e-01
1.057471036911010742e-01,1.028799340128898621e-01,1.889727711677551270e-01
8.960866928100585938e-02,-5.190766602754592896e-02,1.905883699655532837e-01
1.290718838572502136e-02,-9.777092933654785156e-02,2.437753230333328247e-01
8.369970321655273438e-02,5.209813639521598816e-02,-1.324569731950759888e-01
1.286563836038112640e-02,1.028815507888793945e-01,-2.384725958108901978e-01
-6.620585918426513672e-02,-7.902627438306808472e-02,-2.492523193359375000e-02
8.251500129699707031e-02,1.568424701690673828e-01,1.125518791377544403e-02
-9.193122386932373047e-02,-2.590951137244701385e-02,2.446877956390380859e-01
6.496553868055343628e-02,8.790075778961181641e-02,-1.682205200195312500e-01
9.038877487182617188e-02,5.188252031803131104e-02,1.904959082603454590e-01
6.892464309930801392e-02,1.036083698272705078e-02,-1.211267039179801941e-01
1.035095453262329102e-01,5.145959556102752686e-02,-2.434020861983299255e-02
-9.252619743347167969e-02,2.589992433786392212e-02,2.445971667766571045e-01
-6.742560863494873047e-02,-7.896728068590164185e-02,1.132019050419330597e-02
-3.890525549650192261e-02,9.037351608276367188e-02,2.267391979694366455e-01
9.095680713653564453e-02,-5.186420306563377380e-02,1.543383747339248657e-01
1.035715341567993164e-01,7.612364356646139640e-07,2.248144447803497314e-01
6.214637309312820435e-02,1.578575372695922852e-01,1.135116517543792725e-01
-9.130704402923583984e-02,2.591956779360771179e-02,2.084161341190338135e-01
9.137129783630371094e-02,5.185084789991378784e-02,1.542987078428268433e-01
-3.892618045210838318e-02,8.951592445373535156e-02,1.905560195446014404e-01
6.491062790155410767e-02,8.926343917846679688e-02,-1.320397853851318359e-01
1.285130158066749573e-02,1.046966314315795898e-01,2.873107790946960449e-02
-9.086859226226806641e-02,-2.592663280665874481e-02,2.084728926420211792e-01
8.623754978179931641e-02,5.201632529497146606e-02,-9.628418087959289551e-02
1.290394365787506104e-02,-9.816169738769531250e-02,2.075076252222061157e-01
1.289066206663846970e-02,9.981036186218261719e-02,2.253515571355819702e-01
1.047102212905883789e-01,7.606934673276555259e-07,1.887030005455017090e-01
-8.980965614318847656e-02,-2.594369091093540192e-02,1.724179089069366455e-01
-8.825781941413879395e-02,-1.364558935165405273e-01,-5.859680101275444031e-02
-9.069907665252685547e-02,2.592936158180236816e-02,1.903851330280303955e-01
6.525266915559768677e-02,-8.076357841491699219e-02,1.191860958933830261e-01
9.162747859954833984e-02,-5.184259265661239624e-02,1.362960785627365112e-01
-3.893696889281272888e-02,8.908152580261230469e-02,1.725237965583801270e-01
1.068195104598999023e-01,-5.135290324687957764e-02,-4.196136444807052612e-02
-3.858059272170066833e-02,-1.038258075714111328e-01,-2.432983368635177612e-02
-1.766750812530517578e-01,-1.229756325483322144e-01,-7.415130734443664551e-02
9.186029434204101562e-02,5.183508619666099548e-02,1.362765431404113770e-01
-3.887850418686866760e-02,9.148848056793212891e-02,-6.686401087790727615e-03
8.701062202453613281e-02,1.564065515995025635e-01,4.715332016348838806e-02
6.488788127899169922e-02,8.982312679290771484e-02,-1.140319779515266418e-01
6.459382921457290649e-02,-9.711277484893798828e-02,1.111053396016359329e-02
