-15.92784214 -8.43045998 1.43940914 -1.00000000 -0.94350708 0.66610336
-15.72292519 -8.41684628 1.42301226 -0.98713470 -0.94198346 0.65851551
-15.72746372 -8.54692936 1.42876863 -0.98741961 -0.95654190 0.66117930
-15.66786671 -8.35933399 0.80820924 -0.98367792 -0.93554688 0.37400824
-15.75365162 -8.68993664 1.43679261 -0.98906380 -0.97254676 0.66489249
-15.69867992 -8.46458340 2.03788209 -0.98561245 -0.94732600 0.94305366
-15.71331596 -8.51099110 0.81416869 -0.98653138 -0.95251983 0.37676603
-15.76302338 -8.82483101 1.44324660 -0.98965216 -0.98764366 0.66787916
-15.71132088 -8.59934902 2.04708934 -0.98640609 -0.96240854 0.94731444
-15.72424316 -8.64522648 0.81810617 -0.98721743 -0.96754295 0.37858817
-15.63963604 -8.68823528 2.04466629 -0.98190552 -0.97235632 0.94619316
-15.69750023 -8.75945663 0.81980890 -0.98553842 -0.98032719 0.37937611
-15.90002155 -8.40028286 1.34424984 -0.99825335 -0.94012976 0.62206727
-15.78637981 -8.43574524 1.33734787 -0.99111855 -0.94409859 0.61887330
-15.71728706 -8.52623081 1.33586895 -0.98678070 -0.95422536 0.61818892
-15.76217937 -8.40449429 1.94054234 -0.98959917 -0.94060105 0.89800858
-15.69485378 -8.64208603 1.33882689 -0.98537225 -0.96719152 0.61955774
-15.51327133 -8.39767075 1.91464257 -0.97397196 -0.93983740 0.88602316
-15.66966057 -8.46097088 0.71090329 -0.98379058 -0.94692171 0.32897878
-15.72729778 -8.78904915 1.34704340 -0.98740917 -0.98363906 0.62336004
-15.71804142 -8.63626671 1.94886732 -0.98682803 -0.96654022 0.90186101
-15.75116634 -8.63303947 0.71823609 -0.98890775 -0.96617901 0.33237210
-15.66173267 -8.73388958 1.94863605 -0.98329282 -0.97746581 0.90175402
-15.74901962 -8.76091099 0.72109306 -0.98877299 -0.98048997 0.33369422
-15.81673908 -8.35755348 1.23643160 -0.99302459 -0.93534762 0.57217312
-15.76663399 -8.42634392 1.23551226 -0.98987883 -0.94304639 0.57174766
-15.72739220 -8.53286457 1.23673809 -0.98741513 -0.95496780 0.57231492
-15.73282146 -8.66428757 1.24194825 -0.98775601 -0.96967620 0.57472599
-15.71854019 -8.43566704 1.86759627 -0.98685938 -0.94408983 0.86425191
-15.76157093 -8.80976295 1.24930370 -0.98956096 -0.98595726 0.57812983
-15.66522694 -8.53426266 1.86759627 -0.98351216 -0.95512426 0.86425191
-15.83195972 -8.67714310 0.63873720 -0.99398023 -0.97111493 0.29558307
-15.75270939 -8.93523788 1.25344110 -0.98900461 -1.00000000 0.58004445
-15.72775364 -8.69709110 1.88257253 -0.98743784 -0.97334749 0.87118238
-15.86425114 -8.35654831 1.12829149 -0.99600756 -0.93523514 0.52213001
-15.74717712 -8.39002609 1.12209129 -0.98865730 -0.93898183 0.51926082
-15.72575665 -8.50585079 1.12462771 -0.98731244 -0.95194453 0.52043456
-15.67550182 -8.60640621 1.12490952 -0.98415726 -0.96319830 0.52056497
-15.71414471 -8.41441441 1.74400067 -0.98658341 -0.94171131 0.80705661
-15.69087029 -8.74349308 1.13054609 -0.98512214 -0.97854060 0.52317339
-15.71691895 -8.54331493 1.75072265 -0.98675758 -0.95613736 0.81016731
-15.78354359 -8.63129902 0.52056730 -0.99094051 -0.96598423 0.24089858
-15.74683666 -8.90463257 1.13956463 -0.98863590 -0.99657476 0.52734679
-15.74134445 -8.68504620 1.76017547 -0.98829108 -0.97199947 0.81454170
-15.76572132 -8.75062656 0.52210367 -0.98982155 -0.97933894 0.24160954
-15.87547779 -8.34947300 1.03285897 -0.99671239 -0.93444330 0.47796750
-15.74262810 -8.37440872 1.02595365 -0.98837167 -0.93723398 0.47477201
-15.75287819 -8.50736904 1.03064406 -0.98901522 -0.95211446 0.47694254
-15.68512249 -8.59848785 1.02960169 -0.98476130 -0.96231216 0.47646016
-15.81046677 -8.45684910 1.66664588 -0.99263078 -0.94646043 0.77125978
-15.71270275 -8.74256897 1.03572524 -0.98649287 -0.97843719 0.47929391
-15.67313004 -8.51034641 1.65702927 -0.98400837 -0.95244765 0.76680958
-15.85280895 -8.64609528 0.43574184 -0.99528921 -0.96764016 0.20164461
-15.77903271 -8.90994930 1.04484546 -0.99065727 -0.99716979 0.48351440
-15.75171661 -8.68180656 1.67225552 -0.98894227 -0.97163689 0.77385569
-15.80691051 -8.75038147 0.43605936 -0.99240756 -0.97931153 0.20179154
-15.72064877 -8.34914303 0.92239612 -0.98699176 -0.93440634 0.42684954
-15.74273205 -8.43860054 2.15152740 -0.98837823 -0.94441813 0.99564433
-15.73997307 -8.48651791 0.92727280 -0.98820502 -0.94978088 0.42910630
-15.66150284 -8.52220917 2.14745712 -0.98327839 -0.95377529 0.99376076
-15.69159794 -8.58811665 0.92762965 -0.98516786 -0.96115142 0.42927143
-15.81998825 -8.44104671 1.52867234 -0.99322861 -0.94469190 0.70741093
-15.69973946 -8.67117214 2.16093969 -0.98567897 -0.97044671 1.00000000
-15.67400169 -8.70685673 0.93012744 -0.98406309 -0.97444040 0.43042731
-15.69655514 -8.50242043 1.52126634 -0.98547906 -0.95156062 0.70398372
-15.70077705 -8.85115528 0.93571782 -0.98574412 -0.99058980 0.43301430
-15.77378273 -8.67268658 1.53515244 -0.99032766 -0.97061622 0.71040964
-15.74493027 -8.75368214 1.53644848 -0.98851621 -0.97968096 0.71100944
-15.65837955 -8.83485794 1.53311586 -0.98308229 -0.98876584 0.70946723
