-6.51622963 7.62390280 1.71366119 -0.90886170 0.97192806 0.83290952
-6.45531702 7.48142815 1.68791020 -0.90036583 0.95376480 0.82039350
-6.54425335 7.77869892 0.75161451 -0.91277039 0.99166214 0.36531544
-6.55284643 7.69049549 0.74620706 -0.91396892 0.98041761 0.36268720
-6.90009880 7.60080385 1.75486279 -0.96240252 0.96898329 0.85293519
-6.56972456 7.61303329 0.74202061 -0.91632301 0.97054237 0.36065239
-6.91030121 7.51675987 1.74524915 -0.96382552 0.95826900 0.84826255
-6.42732573 7.61607647 1.07741690 -0.89646173 0.97093034 0.52366871
-6.58584976 7.55949640 0.73940408 -0.91857213 0.96371728 0.35938066
-6.45695019 7.55445147 1.07402468 -0.90059364 0.96307409 0.52201998
-6.61604166 7.49857998 0.73713642 -0.92278320 0.95595139 0.35827848
-6.48996162 7.49725056 1.07135940 -0.90519798 0.95578188 0.52072453
-6.68963671 7.48652220 0.74062514 -0.93304795 0.95441419 0.35997415
-6.55178928 7.64034414 1.66721439 -0.91382146 0.97402406 0.81033444
-6.57235861 7.49655867 1.07790148 -0.91669041 0.95569366 0.52390426
-6.73654366 7.44434261 0.74062514 -0.93959039 0.94903696 0.35997415
-6.59966516 7.59902716 1.66721439 -0.92049903 0.96875679 0.81033444
-6.61800957 7.45363379 1.07765913 -0.92305768 0.95022142 0.52378649
-6.73363781 7.55629110 0.40126505 -0.93918508 0.96330863 0.19503126
-6.78992987 7.40919971 0.74149728 -0.94703650 0.94455677 0.36039805
-6.61328602 7.74602175 0.70138776 -0.92239881 0.98749632 0.34090316
-6.72324991 7.47673941 1.08832026 -0.93773621 0.95316702 0.52896821
-6.45358896 7.66733122 1.02780712 -0.90012479 0.97746450 0.49955636
-6.78634644 7.51975346 0.40169072 -0.94653672 0.95865065 0.19523814
-6.60199213 7.63484049 0.69382852 -0.92082357 0.97332245 0.33722907
-6.68752861 7.36721039 1.07547855 -0.93275392 0.93920380 0.52272660
-6.45756531 7.59892368 1.02202594 -0.90067941 0.96874362 0.49674645
-6.85001469 7.51863670 0.40392551 -0.95541692 0.95850831 0.19632433
-6.61435604 7.57656908 0.69087058 -0.92254806 0.96589375 0.33579141
-6.70629358 7.45742273 1.66121459 -0.93537122 0.95070446 0.80741835
-6.77408218 7.36881065 1.08274746 -0.94482613 0.93940783 0.52625960
-6.47674036 7.52501678 1.01693845 -0.90335387 0.95932168 0.49427372
-6.65787840 7.53037310 0.69037759 -0.92861843 0.96000451 0.33555177
-6.87755394 7.55244446 1.69254708 -0.95925802 0.96281826 0.82264721
-6.51868391 7.47817326 1.01601350 -0.90920407 0.95334983 0.49382418
-6.70771456 7.49136734 0.69070625 -0.93556941 0.95503187 0.33571154
-6.58390570 7.45795536 1.01925099 -0.91830093 0.95077235 0.49539772
-6.77869844 7.47570086 0.69366419 -0.94546998 0.95303464 0.33714920
-6.69536638 7.48914146 1.03058207 -0.93384713 0.95474809 0.50090510
-6.66512966 7.36135435 1.01716971 -0.92962980 0.93845725 0.49438614
-6.59755182 7.69569016 1.34100282 -0.92020428 0.98107982 0.65178227
-6.61397934 7.67536116 0.64033467 -0.92249554 0.97848821 0.31122887
-6.70776892 7.33867884 1.01855719 -0.93557698 0.93556648 0.49506050
-6.46406174 7.69041920 0.99115402 -0.90158552 0.98040789 0.48174143
-6.56234646 7.58235741 1.32510746 -0.91529393 0.96663165 0.64405650
-6.62252569 7.61256933 0.63711667 -0.92368752 0.97048324 0.30966479
-6.46267128 7.51905012 1.57066965 -0.90139157 0.95856100 0.76340979
-6.49804878 7.63303471 0.98869526 -0.90632594 0.97309226 0.48054639
-6.64385271 7.57960081 1.33262157 -0.92666215 0.96628028 0.64770865
-6.65965605 7.55886030 0.63589072 -0.92886639 0.96363616 0.30906892
-6.59944105 7.58086300 1.59271717 -0.92046779 0.96644115 0.77412575
-6.48213768 7.51842880 0.97774249 -0.90410668 0.95848179 0.47522289
-6.66500950 7.50816011 1.32684147 -0.92961305 0.95717269 0.64489931
-6.70701790 7.51686764 0.63589072 -0.93547225 0.95828277 0.30906892
-6.66133738 7.55550909 1.59623194 -0.92910087 0.96320891 0.77583408
-6.53973103 7.48950720 0.97953069 -0.91213959 0.95479476 0.47609204
-6.73724747 7.49404621 1.33233261 -0.93968856 0.95537341 0.64756823
-6.80905199 7.53512907 0.64217353 -0.94970357 0.96061081 0.31212264
-6.60777426 7.47204733 0.98310715 -0.92163008 0.95256889 0.47783032
-6.79888868 7.46763468 1.33551168 -0.94828606 0.95200634 0.64911336
-6.59775066 7.78713322 1.29959583 -0.92023200 0.99273741 0.63165677
-6.73452044 7.44781828 1.59111953 -0.93930817 0.94948006 0.77334923
-6.71971035 7.50279474 0.99405986 -0.93724251 0.95648867 0.48315379
-6.54747391 7.62960196 1.27809870 -0.91321957 0.97265464 0.62120831
-6.87071419 7.50273228 1.61252797 -0.95830405 0.95648074 0.78375465
-6.64162779 7.73909330 2.05503154 -0.92635185 0.98661304 0.99882948
-6.69220400 7.40188408 0.98355418 -0.93340605 0.94362414 0.47804761
-6.46159267 7.67458820 0.92097521 -0.90124112 0.97838968 0.44763166
-6.58594227 7.60166216 1.27865708 -0.91858500 0.96909273 0.62147969
-6.55002022 7.55937243 2.01489234 -0.91357470 0.96370143 0.97932017
-6.74126959 7.36261606 0.98400122 -0.94024956 0.93861812 0.47826490
-6.47363663 7.59138918 0.91509348 -0.90292102 0.96778309 0.44477290
-6.61923981 7.54372787 1.27558601 -0.92322922 0.96170700 0.61998701
-6.68432331 7.57978249 0.57562780 -0.93230689 0.96630341 0.27977869
-6.73405647 7.67444992 2.05743980 -0.93924350 0.97837204 1.00000000
-6.49915791 7.52493048 0.91152239 -0.90648061 0.95931065 0.44303721
-6.66519499 7.50050640 1.27530682 -0.92963892 0.95619696 0.61985135
-6.73049068 7.53614330 0.57548690 -0.93874615 0.96074009 0.27971020
-6.53193951 7.46745014 0.90921175 -0.91105288 0.95198280 0.44191414
-6.72672987 7.47470236 1.27837789 -0.93822157 0.95290732 0.62134403
-6.78304958 7.49963522 0.57605058 -0.94607687 0.95608592 0.27998418
-6.46593857 7.49426603 1.47768641 -0.90184730 0.95540142 0.71821612
-6.61162472 7.46354818 0.91446328 -0.92216712 0.95148540 0.44446659
-6.80550623 7.46748400 1.28507829 -0.94920903 0.95198715 0.62460065
-6.56972933 7.78801537 1.23964775 -0.91632366 0.99284983 0.60251957
-6.63100243 7.58921385 1.50516236 -0.92486984 0.96750575 0.73157054
-6.69019270 7.45745564 0.91950482 -0.93312550 0.95070869 0.44691700
-6.55143023 7.66836023 1.22570169 -0.91377139 0.97759569 0.59574121
-6.69195747 7.38892317 0.91425323 -0.93337166 0.94197184 0.44436452
-6.57463884 7.84410191 0.89190978 -0.91700846 1.00000000 0.43350467
-6.58749342 7.63740253 1.22570169 -0.91880137 0.97364908 0.59574121
-6.74033070 7.54538679 1.51120102 -0.94011861 0.96191853 0.73450559
-6.74629927 7.35554171 0.91551363 -0.94095105 0.93771625 0.44497710
-6.52310944 7.68450975 0.87628281 -0.90982127 0.97965449 0.42590934
-6.62489557 7.58394146 1.22355616 -0.92401809 0.96683365 0.59469843
-6.80216408 7.51904440 1.51452219 -0.94874287 0.95856029 0.73611981
-6.53485394 7.60119534 0.87067318 -0.91145939 0.96903324 0.42318282
-6.65662098 7.52438545 1.22033787 -0.92844301 0.95924115 0.59313416
-6.71338129 7.55381155 0.52160537 -0.93635976 0.96299255 0.25352156
-6.87192774 7.50098515 1.51965511 -0.95847332 0.95625800 0.73861462
-6.55890894 7.53302002 0.86706692 -0.91481447 0.96034193 0.42143002
-6.71304464 7.49272680 1.22221518 -0.93631279 0.95520520 0.59404665
-6.75669622 7.50703907 0.52121454 -0.94240117 0.95702976 0.25333160
-6.48799276 7.58654928 1.91549671 -0.90492332 0.96716607 0.93100983
-6.57576990 7.45739365 0.86245900 -0.91716617 0.95070076 0.41919041
-6.78001118 7.47237635 1.22623813 -0.94565308 0.95261079 0.59600192
-6.43018484 7.60685873 1.13830578 -0.89686048 0.96975523 0.55326325
-6.82663631 7.48946619 0.52342945 -0.95215619 0.95478952 0.25440815
-6.52367115 7.55589104 1.91549671 -0.90989965 0.96325761 0.93100983
-6.65327597 7.47379971 0.86887002 -0.92797649 0.95279229 0.42230642
-6.86076450 7.48994255 1.23535669 -0.95691627 0.95485026 0.60043395
-6.41585684 7.51752138 1.12838471 -0.89486206 0.95836610 0.54844117
-6.70010376 7.43184853 0.86887002 -0.93450785 0.94744414 0.42230642
-6.54363489 7.79634523 0.80788964 -0.91268414 0.99391180 0.39266744
-6.48884678 7.50713062 1.13347244 -0.90504247 0.95704144 0.55091405
-6.74666691 7.38960409 0.86887002 -0.94100231 0.94205868 0.42230642
-6.48697567 7.63044977 0.79270744 -0.90478146 0.97276270 0.38528827
-6.55413723 7.48714638 1.13703382 -0.91414893 0.95449376 0.55264503
-6.48941994 7.53663015 0.78622723 -0.90512240 0.96080220 0.38213864
-6.64043951 7.49043083 1.14466548 -0.92618608 0.95491248 0.55635428
-6.70145798 7.52424383 0.46220332 -0.93469673 0.95922309 0.22464974
-6.69133854 7.45299673 1.14542866 -0.93328530 0.95014024 0.55672526
-6.76728010 7.50278187 0.46386856 -0.94387740 0.95648706 0.22545911
-6.90694618 7.50875568 1.95843446 -0.96335757 0.95724863 0.95187932
-6.54415751 7.40962887 0.78067279 -0.91275704 0.94461149 0.37943894
-6.77931261 7.45639133 1.15331459 -0.94555563 0.95057297 0.56055814
-6.83175325 7.47931242 0.46541482 -0.95286989 0.95349509 0.22621067
-7.08012342 7.62400436 1.99792194 -0.98751175 0.97194099 0.97107190
-6.64246845 7.45018530 0.78955990 -0.92646909 0.94978184 0.38375846
-6.80902052 7.41850519 1.15229702 -0.94969922 0.94574308 0.56006354
-7.16966009 7.62361479 2.00980639 -1.00000000 0.97189134 0.97684819
-6.70379543 7.42459106 0.79159653 -0.93502277 0.94651896 0.38474834
-6.37053919 7.45108509 1.79032838 -0.88854134 0.94989651 0.87017292
-6.75165367 7.38379622 0.79178172 -0.94169790 0.94131821 0.38483834
-6.54049635 7.55386305 1.82545757 -0.91224635 0.96299911 0.88724715
-6.80368567 7.49392939 1.84960890 -0.94895512 0.95535851 0.89898568
-6.96350718 7.57429171 1.88071287 -0.97124648 0.96560341 0.91410345
