4.57374382 -3.49402809 -0.03226168 0.86086762 -0.99302870 -0.01362575
4.60496998 -3.08897305 1.84299660 0.86674500 -0.87790906 0.77839148
4.42968845 -3.42975163 -0.22099768 0.83375359 -0.97476083 -0.09333859
4.72246742 -3.12442923 1.88278127 0.88886029 -0.88798594 0.79519457
4.45433712 -3.40426874 -0.22105703 0.83839297 -0.96751839 -0.09336366
4.54651976 -3.38399839 -0.03387608 0.85574353 -0.96175742 -0.01430760
4.63117599 -3.07964730 1.22856796 0.87167746 -0.87525856 0.51888692
4.59259176 -3.00822353 1.82438755 0.86441517 -0.85495943 0.77053189
4.47992373 -3.39044642 -0.22123508 0.84320885 -0.96359003 -0.09343886
4.50915527 -3.32357645 -0.03508688 0.84871078 -0.94458508 -0.01481898
4.65216923 -3.06205463 1.23033953 0.87562883 -0.87025863 0.51963514
4.67998171 -3.02325654 1.85198021 0.88086367 -0.85923189 0.78218567
4.52362871 -3.37890506 -0.22165056 0.85143495 -0.96030986 -0.09361433
4.51373529 -3.28347492 -0.03545379 0.84957284 -0.93318790 -0.01497394
4.72378683 -3.06655741 1.24451196 0.88910860 -0.87153834 0.52562088
4.56884193 -3.07147408 1.52904487 0.85994500 -0.87293571 0.64579362
4.68287230 -2.98367167 1.84556329 0.88140774 -0.84798163 0.77947551
4.54154158 -3.34805393 -0.22159120 0.85480654 -0.95154172 -0.09358927
4.55738926 -3.07456732 0.92396331 0.85778934 -0.87381482 0.39023682
4.48704529 -3.22140360 -0.03651783 0.84454924 -0.91554677 -0.01542334
4.76930237 -3.05354834 1.25159824 0.89767551 -0.86784106 0.52861375
4.61253023 -3.05138230 2.16028547 0.86816800 -0.86722547 0.91239876
4.71180916 -3.12412429 1.57112706 0.88685417 -0.88789928 0.66356707
4.41008520 -3.20940948 -0.21880159 0.83006388 -0.91213799 -0.09241107
4.56510735 -3.03827310 0.92155987 0.85924208 -0.86349976 0.38922173
4.40663528 -3.43201113 -0.25381878 0.82941455 -0.97540301 -0.10720062
4.44503212 -3.14944887 -0.03791209 0.83664155 -0.89509672 -0.01601221
4.61132622 -3.00921011 2.15068913 0.86794138 -0.85523981 0.90834570
4.77330589 -3.12168646 1.58533669 0.89842910 -0.88720644 0.66956854
4.74371004 -3.33051872 0.36908001 0.89285856 -0.94655812 0.15588132
4.46436453 -3.20600653 -0.21942480 0.84028029 -0.91117084 -0.09267429
4.70793772 -3.09017062 0.94731092 0.88612550 -0.87824941 0.40009773
4.44550085 -3.41772509 -0.25427538 0.83672976 -0.97134280 -0.10739346
4.43351364 -3.09980440 -0.03860921 0.83447355 -0.88098741 -0.01630664
4.63640928 -2.98417807 2.15364170 0.87266248 -0.84812552 0.90959275
4.79282570 -3.09163332 1.58533669 0.90210307 -0.87866509 0.66956854
4.69887257 -3.25549483 0.36210263 0.88441926 -0.92523575 0.15293440
4.43697929 -3.14453697 -0.21856418 0.83512586 -0.89370072 -0.09231080
4.70405149 -3.04562140 0.94250405 0.88539404 -0.86558819 0.39806753
4.47482967 -3.39579844 -0.25448290 0.84225005 -0.96511108 -0.10748111
4.32253313 -2.98267150 -0.04150780 0.81358486 -0.84769738 -0.01753086
4.70966148 -2.99676418 1.55090570 0.88644993 -0.85170257 0.65502656
4.85443687 -3.31762242 0.37640625 0.91369951 -0.94289291 0.15897556
4.59171486 -3.09774828 1.80256617 0.86425012 -0.88040304 0.76131564
4.46486473 -3.12229633 -0.21871257 0.84037447 -0.88737977 -0.09237348
4.73141718 -3.02127695 0.94422078 0.89054483 -0.85866928 0.39879259
4.46096420 -3.34111619 -0.25356972 0.83964032 -0.94957000 -0.10709543
4.52634954 -3.29155731 -0.06662793 0.85194707 -0.93548501 -0.02814037
4.74119520 -3.31771278 0.56738180 0.89238524 -0.94291854 0.23963428
4.78377438 -3.33466482 0.17267817 0.90039945 -0.94773644 0.07293080
4.85843849 -3.28693461 0.37518519 0.91445267 -0.93417120 0.15845984
4.48500872 -2.99445772 1.75406694 0.84416592 -0.85104710 0.74083191
4.44326305 -3.07631421 -0.21805967 0.83630860 -0.87431133 -0.09209772
4.67926741 -3.15162706 -0.03435306 0.88072920 -0.89571577 -0.01450905
4.77668619 -3.29795766 0.56956249 0.89906532 -0.93730402 0.24055529
4.82112694 -3.31580186 0.17374235 0.90742993 -0.94237548 0.07338025
4.66804695 -3.11660719 0.35303202 0.87861729 -0.88576287 0.14910343
4.76307487 -3.13842916 1.85736406 0.89650339 -0.89196485 0.78445959
4.43270493 -3.02814388 -0.21752550 0.83432132 -0.86062092 -0.09187211
4.67560387 -3.10675550 -0.03486674 0.88003963 -0.88296294 -0.01472600
4.71672487 -3.21339607 0.55768991 0.88777941 -0.91327101 0.23554088
4.61722183 -3.15504408 1.50925088 0.86905104 -0.89668691 0.63743359
4.58746386 -3.02182603 0.34256598 0.86344999 -0.85882533 0.14468309
4.76033068 -3.35864568 0.34199631 0.89598691 -0.95455199 0.14444248
4.71124411 -3.06163526 1.82902038 0.88674784 -0.87013942 0.77248859
4.72097445 -3.18027115 -0.22233312 0.88857931 -0.90385664 -0.09390262
4.42587757 -3.19646597 -0.25120381 0.83303630 -0.90845931 -0.10609618
4.70173740 -3.08167720 -0.03471997 0.88495851 -0.87583548 -0.01466402
4.56407070 -3.49270535 -0.08626772 0.85904694 -0.99265277 -0.03643526
4.67406034 -3.14183760 0.54848266 0.87974912 -0.89293355 0.23165220
4.68608284 -3.13780594 0.16246200 0.88201201 -0.89178771 0.06861599
4.60665703 -3.10538554 1.49913728 0.86706251 -0.88257360 0.63316214
4.76713133 -3.09655809 0.35931167 0.89726692 -0.88006479 0.15175565
4.80744934 -3.34698224 0.34462559 0.90485555 -0.95123714 0.14555296
4.84837437 -3.10820150 1.87563002 0.91255844 -0.88337392 0.79217422
4.63902473 -3.08339214 -0.22052284 0.87315476 -0.87632293 -0.09313804
4.44912195 -3.17092776 -0.25128680 0.83741134 -0.90120119 -0.10613123
4.67245340 -3.15102577 0.91856790 0.87944669 -0.89554489 0.38795808
4.74288893 -3.06610894 -0.03424299 0.89270401 -0.87141091 -0.01446256
4.42710638 -3.06162739 -0.06935132 0.83326757 -0.87013721 -0.02929060
4.66219664 -3.09167576 0.54387897 0.87751615 -0.87867719 0.22970782
4.79757786 -3.16851091 0.16831501 0.90299755 -0.90051430 0.07108801
4.63888884 -3.08496714 1.50339556 0.87312919 -0.87677056 0.63496059
4.71529102 -3.23844528 0.33328676 0.88750952 -0.92039013 0.14076400
4.72693300 -2.98791075 1.82020223 0.88970077 -0.84918636 0.76876426
4.73039055 -3.10106945 -0.22179894 0.89035159 -0.88134694 -0.09367701
4.45101309 -3.13019085 -0.25083023 0.83776730 -0.88962346 -0.10593840
4.70034933 -3.12709689 0.92023450 0.88469726 -0.88874412 0.38866195
4.62585163 -3.15728879 -0.06657702 0.87067533 -0.89732486 -0.02811887
4.59826326 -3.00828552 0.53176415 0.86548263 -0.85497707 0.22459112
4.75784636 -3.31764722 0.53640544 0.89551932 -0.94289994 0.22655137
4.78552341 -3.11770439 0.16629305 0.90072864 -0.88607472 0.07023404
4.79326105 -3.14507914 1.54810822 0.90218502 -0.89385480 0.65384507
4.76493025 -3.08100486 -0.22206603 0.89685261 -0.87564445 -0.09378981
4.42962980 -3.07351065 -0.24979253 0.83374256 -0.87351453 -0.10550012
4.71825981 -3.09641433 0.91990119 0.88806832 -0.88002390 0.38852119
5.01009035 -3.14914131 -0.02928971 0.94299650 -0.89500928 -0.01237054
4.67703819 -3.14949870 -0.06609343 0.88030964 -0.89511091 -0.02791463
4.45570374 -3.37701917 -0.27628398 0.83865017 -0.95977390 -0.11668882
4.71762419 -3.05417347 0.54702884 0.88794869 -0.86801875 0.23103818
4.69188213 -3.23847389 0.52484304 0.88310355 -0.92039829 0.22166798
4.77399445 -3.30379438 0.13875256 0.89855868 -0.93896288 0.05860228
4.70962954 -3.05805659 1.51563835 0.88644397 -0.86912233 0.64013135
4.52272081 -3.03236961 0.31060913 0.85126406 -0.86182195 0.13118608
4.42762470 -3.04121900 -0.24937746 0.83336514 -0.86433697 -0.10532482
4.75754738 -3.09034801 0.92490107 0.89546299 -0.87829983 0.39063290
5.00785875 -3.11499381 -0.02965662 0.94257647 -0.88530433 -0.01252550
4.70510817 -3.13634539 -0.06588981 0.88559294 -0.89137262 -0.02782863
4.67937708 -3.18644953 0.52021813 0.88074982 -0.90561259 0.21971464
4.73046923 -3.22957540 0.13503854 0.89036638 -0.91786927 0.05703366
4.70445538 -3.01272106 1.50765395 0.88547009 -0.85623765 0.63675916
4.61299467 -3.05144167 0.31767535 0.86825538 -0.86724234 0.13417050
4.88835192 -3.08467221 -0.22363889 0.92008299 -0.87668669 -0.09445411
4.69099855 -3.18028259 -0.25552061 0.88293725 -0.90385991 -0.10791939
4.98633528 -3.05851674 -0.03053720 0.93852538 -0.86925310 -0.01289742
4.71805334 -3.10230160 -0.06599163 0.88802946 -0.88169712 -0.02787163
4.62692451 -3.10798120 0.51004320 0.87087727 -0.88331127 0.21541725
4.69116116 -3.15940118 0.13161020 0.88296783 -0.89792526 0.05558570
4.60709667 -3.00596714 0.31521037 0.86714524 -0.85431814 0.13312942
4.89062071 -3.04339147 -0.22334214 0.92050999 -0.86495441 -0.09432878
4.70591402 -3.14739275 -0.25539607 0.88574463 -0.89451236 -0.10786679
4.91972017 -2.97568393 -0.03237175 0.92598712 -0.84571141 -0.01367224
4.75753975 -3.08572698 -0.06568620 0.89546156 -0.87698650 -0.02774263
4.38554382 -3.42353678 -0.31159866 0.82544470 -0.97299451 -0.13160400
4.58028078 -3.03471351 0.50079328 0.86209798 -0.86248809 0.21151054
4.66610003 -3.09985352 0.12903896 0.87825084 -0.88100135 0.05449973
4.75321579 -3.34229469 0.30826724 0.89464772 -0.94990492 0.13019697
4.89598083 -3.00428414 -0.22310472 0.92151886 -0.85383981 -0.09422850
4.71893644 -3.11333418 -0.25523004 0.88819569 -0.88483262 -0.10779666
4.82221413 -3.08503389 -0.06499898 0.90763456 -0.87678951 -0.02745239
4.54275322 -3.39940023 -0.12482540 0.85503459 -0.96613473 -0.05272013
4.74443102 -3.30974150 0.70547748 0.89299428 -0.94065309 0.29795912
4.71663952 -3.27277851 0.30290392 0.88776338 -0.93014789 0.12793177
4.60702133 -3.10852194 1.76501036 0.86713111 -0.88346499 0.74545389
4.90961695 -2.97037530 -0.22301568 0.92408550 -0.84420270 -0.09419090
4.74342060 -3.08691287 -0.25535455 0.89280409 -0.87732351 -0.10784925
4.96708918 -2.91967082 -0.03215161 0.93490285 -0.82979208 -0.01357926
4.43201876 -3.15602922 -0.27257198 0.83419222 -0.89696687 -0.11512105
4.28541946 -3.25871730 -0.30598205 0.80659938 -0.92615163 -0.12923183
4.77983999 -3.28991294 0.70807856 0.89965892 -0.93501765 0.29905769
4.79648972 -3.28342223 0.30842048 0.90279275 -0.93317294 0.13026170
4.61217213 -3.07007790 1.75946343 0.86810058 -0.87253886 0.74311113
4.91613531 -2.93234062 -0.22280794 0.92531234 -0.83339292 -0.09410316
4.96973181 -2.87943721 -0.03248182 0.93540025 -0.81835741 -0.01371873
4.31378126 -3.23775697 -0.30629408 0.81193757 -0.92019451 -0.12936361
4.44097424 -3.02822948 -0.08960649 0.83587778 -0.86064523 -0.03784539
4.63803434 -3.07882571 1.15634978 0.87296832 -0.87502509 0.48838550
4.50451231 -3.28285575 -0.12505488 0.84783691 -0.93301195 -0.05281705
4.61987972 -3.14873123 0.67715484 0.86955130 -0.89489275 0.28599703
4.55909538 -3.01335073 2.36769891 0.85811049 -0.85641658 1.00000000
4.71924591 -3.19846201 0.29983914 0.88825393 -0.90902662 0.12663735
4.73170280 -3.11701393 1.80014062 0.89059860 -0.88587844 0.76029122
4.97822380 -2.93742681 -0.22363889 0.93699861 -0.83483845 -0.09445411
4.87137699 -3.09495115 -0.25767899 0.91688794 -0.87960804 -0.10883097
4.99889183 -2.86487937 -0.03215161 0.94088876 -0.81421995 -0.01357926
4.99034452 -3.07296181 -0.06326823 0.93927997 -0.87335855 -0.02672140
4.35458946 -3.23656869 -0.30729261 0.81961852 -0.91985679 -0.12978534
4.68286848 -3.15969777 -0.08714729 0.88140702 -0.89800954 -0.03680674
4.65085268 -3.05586743 1.15593147 0.87538099 -0.86850017 0.48820880
4.49081612 -3.24042010 -0.12513749 0.84525901 -0.92095143 -0.05285195
4.71311808 -3.26826334 0.50632787 0.88710058 -0.92886466 0.21384808
4.65274286 -3.12842798 0.67946690 0.87573677 -0.88912243 0.28697354
4.56564093 -2.97669315 2.36125565 0.85934252 -0.84599829 0.99727869
4.71758175 -3.25463223 0.10859745 0.88794070 -0.92499059 0.04586624
4.71598577 -3.15331268 0.29769379 0.88764030 -0.89619482 0.12573127
4.63605499 -3.01299405 1.75576544 0.87259579 -0.85631526 0.74154931
5.03295755 -2.92707562 -0.22426210 0.94730055 -0.83189660 -0.09471732
4.87381983 -3.05360651 -0.25726393 0.91734773 -0.86785758 -0.10865568
5.01679373 -2.83341408 -0.03215161 0.94425821 -0.80527729 -0.01357926
4.98908424 -3.02902055 -0.06357365 0.93904275 -0.86087006 -0.02685039
4.40325356 -3.02271819 -0.27009732 0.82877803 -0.85907894 -0.11407587
4.37966156 -3.21270943 -0.30747983 0.82433754 -0.91307580 -0.12986441
4.69428492 -3.12470150 -0.08723704 0.88355577 -0.88806331 -0.03684465
4.67489672 -3.02975798 1.15718627 0.87990654 -0.86107969 0.48873878
4.63983631 -3.17494917 0.49358696 0.87330753 -0.90234411 0.20846695
4.61114073 -3.05887938 0.66877365 0.86790645 -0.86935622 0.28245723
4.59351444 -2.95385432 2.36608815 0.86458886 -0.83950728 0.99931967
4.78098869 -3.25400662 0.11083251 0.89987510 -0.92481279 0.04681022
4.60646057 -3.10181379 1.45345640 0.86702555 -0.88155848 0.61386877
4.79243612 -3.16074705 0.30290392 0.90202975 -0.89830774 0.12793177
4.68700647 -3.00422335 1.76809192 0.88218588 -0.85382253 0.74675536
5.01300383 -2.87364984 -0.22360922 0.94354492 -0.81671256 -0.09444158
4.88781786 -3.01975226 -0.25713938 0.91998243 -0.85823596 -0.10860308
4.42381859 -2.99610710 -0.27014682 0.83264875 -0.85151583 -0.11409678
4.39691353 -2.93942547 0.82201344 0.82758468 -0.83540648 0.34717819
4.41590977 -3.19691086 -0.30810389 0.83116019 -0.90858579 -0.13012798
4.67193270 -3.06785369 -0.08768580 0.87934870 -0.87190676 -0.03703419
4.70375109 -3.00660920 1.15969610 0.88533753 -0.85450059 0.48979881
4.56341648 -3.51410341 -0.15699753 0.85892379 -0.99873424 -0.06630807
4.68281126 -3.16121888 0.49671629 0.88139623 -0.89844185 0.20978862
4.57051039 -2.99105620 0.65836942 0.86025900 -0.85008037 0.27806297
4.82840967 -3.38883924 0.69237316 0.90880066 -0.96313322 0.29242450
4.70489740 -3.15963697 0.10584660 0.88555324 -0.89799225 0.04470441
4.60811520 -3.06111646 1.44776189 0.86733699 -0.86999196 0.61146367
4.77869368 -3.10894322 0.29983914 0.89944315 -0.88358474 0.12663735
4.74682045 -3.31341767 0.27069047 0.89344400 -0.94169784 0.11432639
5.00479126 -2.82743359 -0.22316407 0.94199914 -0.80357760 -0.09425357
4.91180706 -2.99212074 -0.25726393 0.92449766 -0.85038286 -0.10865568
4.61755705 -3.08421659 -0.27534360 0.86911410 -0.87655723 -0.11629164
4.67471409 -3.08139133 0.87217951 0.87987220 -0.87575424 0.36836588
4.43915367 -3.17143822 -0.30822870 0.83553511 -0.90134627 -0.13018070
4.71971941 -3.05681729 -0.08738064 0.88834304 -0.86877012 -0.03690530
4.65946865 -3.10324597 0.49090466 0.87700272 -0.88196552 0.20733407
4.59425449 -3.02051735 2.05637550 0.86472809 -0.85845339 0.86851227
4.73254919 -3.05404711 0.68322396 0.89075786 -0.86798280 0.28856033
4.64820290 -3.21792889 0.65775448 0.87488228 -0.91455925 0.27780327
4.64618015 -3.07842755 0.10180630 0.87450153 -0.87491190 0.04299799
4.64669418 -3.04473686 1.45397413 0.87459826 -0.86533678 0.61408740
4.69706583 -3.23462033 0.26463118 0.88407922 -0.91930306 0.11176725
4.55886889 -3.17266846 1.70995677 0.85806787 -0.90169591 0.72220194
5.00144911 -2.78433394 -0.22280794 0.94137007 -0.79132837 -0.09410316
4.91511536 -2.95187998 -0.25689036 0.92512035 -0.83894616 -0.10849790
4.70713520 -3.10108781 -0.27742231 0.88597447 -0.88135213 -0.11716959
4.68070984 -3.04339719 0.86962324 0.88100070 -0.86495602 0.36728624
4.43291998 -3.12495732 -0.30723020 0.83436185 -0.88813603 -0.12975898
4.74727869 -3.03245497 -0.08729089 0.89353025 -0.86184621 -0.03686740
4.36006546 -2.98123574 -0.12572497 0.82064921 -0.84728932 -0.05310007
4.61393881 -3.03158426 0.48218715 0.86843312 -0.86159873 0.20365223
4.62886286 -3.00170374 2.06348872 0.87124211 -0.85310644 0.87151653
4.70421886 -3.21336341 0.66389650 0.88542557 -0.91326171 0.28039736
4.76602602 -3.11439729 0.10696413 0.89705884 -0.88513482 0.04517641
4.65272284 -3.00713968 1.44983268 0.87573302 -0.85465139 0.61233830
4.72058916 -3.20729828 0.26491302 0.88850677 -0.91153795 0.11188628
4.57714415 -3.14287591 1.70935726 0.86150759 -0.89322865 0.72194874
5.27533054 -2.89235425 -0.22714075 0.99291986 -0.82202852 -0.09593312
4.97649002 -2.94655919 -0.25792804 0.93667227 -0.83743393 -0.10893617
4.67443371 -3.03786612 -0.27588803 0.87981939 -0.86338407 -0.11652158
4.70806837 -3.01922607 0.87122089 0.88615012 -0.85808641 0.36796102
4.42136860 -3.07523799 -0.30604446 0.83218765 -0.87400544 -0.12925819
4.80355024 -3.02588439 -0.08689599 0.90412164 -0.85997880 -0.03670061
4.48180246 -3.33027625 -0.15641232 0.84356248 -0.94648921 -0.06606090
4.74675179 -3.08630204 0.49805745 0.89343107 -0.87714994 0.21035506
4.66030216 -2.99089956 2.07131290 0.87715960 -0.85003585 0.87482107
4.72556877 -3.29393888 0.46976069 0.88944399 -0.93616182 0.19840389
4.65711880 -3.14878273 0.65328753 0.87656039 -0.89490741 0.27591664
4.82100964 -3.11780262 0.10902727 0.90740788 -0.88610262 0.04604777
4.70435905 -3.00898552 1.46173930 0.88545191 -0.85517597 0.61736703
4.58371544 -3.08204341 0.25194895 0.86274445 -0.87593961 0.10641089
4.59662580 -3.12450695 1.71115577 0.86517447 -0.88800806 0.72270834
5.01442528 -2.93730927 -0.25850916 0.94381243 -0.83480507 -0.10918161
4.48014975 -3.08514619 -0.30772945 0.84325141 -0.87682140 -0.12996984
4.69783401 -3.13864923 -0.12488047 0.88422382 -0.89202738 -0.05274339
4.48323345 -3.28792834 -0.15633252 0.84383178 -0.93445361 -0.06602719
4.65135431 -3.19847703 0.45757705 0.87547541 -0.90903085 0.19325812
4.60449409 -3.07084465 0.64100349 0.86665541 -0.87275684 0.27072847
4.84401512 -3.31472111 0.07691730 0.91173792 -0.94206828 0.03248610
4.65937757 -3.09088445 0.25674003 0.87698555 -0.87845224 0.10843441
4.48812151 -3.00901699 1.66259646 0.84475183 -0.85518491 0.70219928
4.98957825 -2.88059831 -0.25747147 0.93913573 -0.81868738 -0.10874333
4.68746519 -3.18570709 -0.31484380 0.88227218 -0.90540159 -0.13297459
4.93385935 -3.03223109 -0.08587281 0.92864835 -0.86178255 -0.03626847
4.69747019 -3.09579086 -0.12493555 0.88415533 -0.87984669 -0.05276665
4.54546881 -3.51855707 -0.18361579 0.85554570 -1.00000000 -0.07755031
4.67135906 -3.16918898 0.45757705 0.87924069 -0.90070701 0.19325812
4.57088280 -3.00682831 0.63206965 0.86032909 -0.85456288 0.26695526
4.65816879 -3.14371371 0.06777214 0.87675804 -0.89346671 0.02862363
4.64872885 -3.04177594 0.25420359 0.87498122 -0.86449528 0.10736314
4.70854998 -3.11519122 1.73873270 0.88624078 -0.88536042 0.73435551
5.00931311 -2.85018635 -0.25751296 0.94285023 -0.81004411 -0.10876086
4.65272903 -3.11925912 -0.31278437 0.87573415 -0.88651657 -0.13210480
5.00766325 -3.03414440 -0.08529840 0.94253969 -0.86232632 -0.03602587
4.75195980 -3.08923316 -0.12483916 0.89441133 -0.87798297 -0.05272594
4.44750404 -3.17697906 -0.15601997 0.83710682 -0.90292102 -0.06589519
4.45971775 -3.40697813 -0.18253301 0.83940572 -0.96828842 -0.07709300
4.60378790 -3.08082795 0.44644374 0.86652249 -0.87559414 0.18855596
4.68114853 -3.11661100 0.06791846 0.88108325 -0.88576394 0.02868543
4.64354277 -3.02997303 1.70695925 0.87400514 -0.86114079 0.72093594
4.99056864 -2.79799056 -0.25664130 0.93932217 -0.79520965 -0.10839271
4.72213650 -3.12322640 -0.31465659 0.88879800 -0.88764411 -0.13289553
4.47466612 -3.37405038 -0.18246931 0.84221923 -0.95893013 -0.07706609
4.62802172 -3.05514646 0.44707394 0.87108380 -0.86829525 0.18882212
4.74229336 -3.32021689 0.64425993 0.89259189 -0.94363028 0.27210382
4.70063829 -3.08713698 0.06791846 0.88475162 -0.87738723 0.02868543
4.73932076 -3.05058503 1.73573530 0.89203238 -0.86699885 0.73308957
4.78268480 -3.33220482 0.24239632 0.90019435 -0.94703728 0.10237633
5.28055239 -2.91838312 -0.26311651 0.99390274 -0.82942611 -0.11112752
4.90510035 -2.98274398 -0.27999598 0.92323536 -0.84771794 -0.11825658
4.74667788 -3.09678984 -0.31484380 0.89341718 -0.88013065 -0.13297459
4.48184395 -3.00198531 0.78988379 0.84357029 -0.85318649 0.33360821
4.99953318 -3.16257453 -0.12427004 0.94100946 -0.89882714 -0.05248558
4.50057745 -3.34946823 -0.18251708 0.84709626 -0.95194370 -0.07708627
4.79411888 -3.31164908 0.64935559 0.90234649 -0.94119519 0.27425599
4.73835087 -3.06956100 0.06872324 0.89184988 -0.87239200 0.02902533
4.64053869 -3.10109425 1.40928829 0.87343973 -0.88135397 0.59521431
4.71339417 -2.99195123 1.71894932 0.88715255 -0.85033470 0.72599995
4.51456451 -3.42006731 0.00364536 0.84972894 -0.97200847 0.00153962
4.73923254 -3.25822043 0.23731506 0.89201581 -0.92601037 0.10023025
4.91171503 -2.94471192 -0.27964953 0.92448038 -0.83690894 -0.11811025
4.64376736 -3.06912899 0.81615192 0.87404740 -0.87226921 0.34470257
4.96681499 -3.09810376 -0.12441232 0.93485123 -0.88050407 -0.05254567
4.38943100 -3.02295136 -0.15556777 0.82617635 -0.85914516 -0.06570420
4.47777510 -3.29960775 -0.18213493 0.84280443 -0.93777299 -0.07692487
4.51889992 -3.00495172 1.97951210 0.85054493 -0.85402954 0.83604890
4.72111750 -3.22891688 0.63487315 0.88860619 -0.91768211 0.26813930
4.62771320 -3.06093216 1.40077269 0.87102568 -0.86993963 0.59161776
4.51627541 -3.38790536 0.00319568 0.85005093 -0.96286780 0.00134970
4.75288010 -3.23473430 0.23718478 0.89458454 -0.91933548 0.10017522
4.96000242 -2.94181085 -0.28063938 0.93356901 -0.83608443 -0.11852832
4.90492916 -3.12432027 -0.31946188 0.92320311 -0.88795495 -0.13492505
4.67633486 -3.05918360 0.81947321 0.88017726 -0.86944264 0.34610534
4.96097994 -3.06198740 -0.12446740 0.93375301 -0.87023950 -0.05256893
4.40833807 -2.99531221 -0.15556777 0.82973504 -0.85128993 -0.06570420
4.79390812 -3.33398795 0.44934654 0.90230680 -0.94754410 0.18978196
4.67708492 -3.15618420 0.62441367 0.88031840 -0.89701092 0.26372173
4.65008974 -3.03392315 1.40177453 0.87523741 -0.86226344 0.59204090
4.47336912 -3.31164241 0.00119714 0.84197515 -0.94119334 0.00050561
4.70833778 -3.16164875 0.23210351 0.88620085 -0.89856398 0.09802915
4.88054848 -3.06563950 -0.31783932 0.91861421 -0.87127745 -0.13423976
4.72529602 -3.04914474 0.82490802 0.88939267 -0.86658955 0.34840071
5.01933241 -3.05480719 -0.12436184 0.94473606 -0.86819887 -0.05252435
4.71520662 -3.15910816 -0.15671824 0.88749367 -0.89784193 -0.06619011
4.40544748 -3.16103840 -0.18102030 0.82919097 -0.89839053 -0.07645410
4.66936636 -3.02168417 2.02964258 0.87886566 -0.85878503 0.85722154
4.75390673 -3.26235533 0.44193375 0.89477777 -0.92718560 0.18665116
4.64555740 -3.09287262 0.61609972 0.87438434 -0.87901735 0.26021034
4.48925829 -3.27991390 0.00104725 0.84496582 -0.93217582 0.00044231
4.67307377 -3.09582925 0.22780398 0.87956345 -0.87985760 0.09621324
4.88445234 -3.02538610 -0.31727767 0.91934901 -0.85983717 -0.13400254
5.00933361 -3.00561547 -0.12443986 0.94285411 -0.85421818 -0.05255730
4.43498898 -3.14026690 -0.18111584 0.83475125 -0.89248711 -0.07649446
4.59847546 -3.02034593 0.60537201 0.86552256 -0.85840470 0.25567949
4.69395208 -3.30210376 0.59697127 0.88349313 -0.93848234 0.25213140
4.45154810 -3.20933318 -0.00075143 0.83786798 -0.91211629 -0.00031737
4.64889336 -3.03817892 0.22441646 0.87501222 -0.86347300 0.09478252
4.66613054 -3.26619697 0.20124109 0.87825662 -0.92827737 0.08499438
4.91017437 -2.99882841 -0.31752729 0.92419040 -0.85228926 -0.13410798
5.02124834 -2.96998501 -0.12445822 0.94509667 -0.84409177 -0.05256506
4.72766256 -3.08222771 -0.15661183 0.88983810 -0.87599194 -0.06614516
4.42192936 -3.08930802 -0.18079737 0.83229315 -0.87800425 -0.07635995
4.69334793 -3.13529587 0.42971265 0.88337946 -0.89107430 0.18148957
4.58734989 -2.97210693 0.60054451 0.86342853 -0.84469479 0.25364056
4.70810461 -3.26799798 0.59595370 0.88615692 -0.92878926 0.25170165
4.70321560 -3.13013005 0.04156411 0.88523674 -0.88960618 0.01755464
4.44075298 -3.15916371 -0.00170074 0.83583617 -0.89785773 -0.00071831
4.81273842 -3.32462788 0.21039975 0.90585107 -0.94488388 0.08886255
4.91353989 -2.95858288 -0.31696561 0.92482382 -0.84085119 -0.13387074
4.38377094 -3.02151942 -0.18024006 0.82511103 -0.85873824 -0.07612457
4.77458000 -3.14603662 0.43712544 0.89866889 -0.89412695 0.18462037
4.68817949 -3.31131816 0.39519387 0.88240665 -0.94110119 0.16691053
4.69589043 -3.21581769 0.59086597 0.88385797 -0.91395921 0.24955283
4.71106482 -3.09288001 0.04111957 0.88671410 -0.87901944 0.01736689
4.40991879 -3.09539938 -0.00324961 0.83003253 -0.87973547 -0.00137248
4.74465895 -3.23329687 0.20397678 0.89303714 -0.91892695 0.08614980
4.98692322 -2.96049929 -0.31896263 0.93863600 -0.84139585 -0.13471419
4.86611843 -3.09625626 -0.15702415 0.91589820 -0.87997895 -0.06631930
4.58578014 -3.09163547 1.04600632 0.86313307 -0.87866569 0.44178182
4.58085489 -3.12664723 -0.18200754 0.86220604 -0.88861632 -0.07687107
4.68243074 -3.05431128 0.42430335 0.88132459 -0.86805791 0.17920494
4.72977877 -3.30754066 0.39815623 0.89023644 -0.94002759 0.16816168
4.62090111 -3.13210797 0.57687473 0.86974353 -0.89016831 0.24364363
4.72726727 -3.07172871 0.04118307 0.88976371 -0.87300807 0.01739371
4.67563200 -3.12783313 1.67301321 0.88004494 -0.88895339 0.70659882
4.55840635 -3.07397628 0.18946567 0.85798079 -0.87364686 0.08002102
4.99909878 -2.93594766 -0.31890023 0.94092768 -0.83441806 -0.13468783
4.80398083 -3.01488233 -0.15670493 0.90420270 -0.85685188 -0.06618448
4.57562351 -3.04330301 1.03910553 0.86122143 -0.86492926 0.43886727
4.55573082 -3.06747890 -0.18157761 0.85747719 -0.87180024 -0.07668948
4.76191568 -3.06337190 0.43151578 0.89628524 -0.87063301 0.18225113
4.62619877 -3.19136620 0.38408497 0.87074065 -0.90700990 0.16221868
4.59442902 -3.07196903 0.56975192 0.86476099 -0.87307638 0.24063529
4.99453735 -3.09724808 0.24552326 0.94006914 -0.88026088 0.10369699
4.66219568 -3.10198402 0.19553179 0.87751597 -0.88160688 0.08258305
5.01226759 -2.90145707 -0.31871301 0.94340634 -0.82461560 -0.13460876
4.84839535 -3.00033402 -0.15680468 0.91256237 -0.85271716 -0.06622662
4.67033291 -3.06374574 1.05674076 0.87904757 -0.87073922 0.44631553
4.57257032 -3.02576613 2.25622487 0.86064672 -0.85994518 0.95291883
4.55086565 -3.00130415 0.56008524 0.85656148 -0.85299289 0.23655257
4.66922235 -3.15955186 0.00299583 0.87883854 -0.89796805 0.00126529
4.64829159 -3.05059934 0.19315292 0.87489897 -0.86700296 0.08157833
5.01307058 -2.85994005 -0.31808895 0.94355744 -0.81281614 -0.13434519
4.89110470 -2.98431063 -0.15689778 0.92060113 -0.84816319 -0.06626593
4.67627573 -3.02585816 1.05367374 0.88016611 -0.85997134 0.44502017
4.63396740 -3.03644323 -0.18195976 0.87220287 -0.86297965 -0.07685089
4.56698084 -3.06601572 0.37297606 0.85959470 -0.87138438 0.15752682
4.58064938 -2.98995638 2.25082445 0.86216736 -0.84976774 0.95063794
4.64751005 -3.10225034 0.00174674 0.87475187 -0.88168252 0.00073774
4.74828339 -3.04840183 1.67824292 0.89371938 -0.86637837 0.70880759
4.99963760 -2.81064177 -0.31696561 0.94102913 -0.79880524 -0.13387074
4.58642626 -3.07795262 1.95393908 0.86325467 -0.87477696 0.82524812
4.58284235 -3.03504872 0.37260577 0.86258012 -0.86258334 0.15737042
4.59156942 -2.95615125 2.24696684 0.86422276 -0.84016007 0.94900870
4.58746719 -3.03914714 1.33489728 0.86345065 -0.86374813 0.56379521
4.68023729 -3.08183312 0.00214645 0.88091177 -0.87587982 0.00090656
4.73493195 -2.99814916 1.66662145 0.89120638 -0.85209620 0.70389920
4.83664131 -3.08392978 -0.18352024 0.91035002 -0.87647569 -0.07750995
4.53961754 -3.00569201 1.92547238 0.85444438 -0.85423994 0.81322521
4.65370083 -3.04087830 1.34890413 0.87591708 -0.86424017 0.56971103
4.69448996 -3.04908037 0.00199656 0.88359439 -0.86657125 0.00084325
4.85112047 -3.06110358 -0.18352024 0.91307527 -0.86998832 -0.07750995
4.64681244 -3.04477072 1.96546137 0.87462056 -0.86534643 0.83011460
4.81967163 -2.88977742 0.04061153 0.90715599 -0.82129616 0.01715232
4.68758106 -3.03149056 1.35470009 0.88229400 -0.86157209 0.57215893
4.88042355 -3.03693867 -0.18361579 0.91859072 -0.86312050 -0.07755031
4.68802834 -3.02973199 1.97495019 0.88237816 -0.86107230 0.83412218
4.71801662 -3.00924182 1.35808110 0.88802254 -0.85524881 0.57358688
4.98886347 -3.16416311 0.00974091 0.93900120 -0.89927858 0.00411408
4.56627083 -3.11547732 1.58506620 0.85946107 -0.88544172 0.66945428
4.83817577 -2.96834350 -0.18304254 0.91063887 -0.84362525 -0.07730820
4.64494610 -2.96099854 1.94851685 0.87426925 -0.84153771 0.82295805
4.69057894 -3.15784478 1.62218940 0.88285828 -0.89748287 0.68513334
4.92673779 -2.98057747 -0.18369541 0.92730796 -0.84710222 -0.07758394
4.66545105 -3.11397481 1.00980091 0.87812871 -0.88501471 0.42649043
4.69118786 -3.11549997 1.61543977 0.88297284 -0.88544816 0.68228263
4.95565224 -2.95574641 -0.18379094 0.93275023 -0.84004503 -0.07762428
4.68504429 -3.06904268 1.60644019 0.88181651 -0.87224466 0.67848164
4.97756672 -2.92659020 -0.18382278 0.93687493 -0.83175862 -0.07763773
4.68011093 -3.02383375 1.59800315 0.88088799 -0.85939598 0.67491823
4.99130249 -2.90310168 -0.18382278 0.93946028 -0.82508302 -0.07763773
4.68946886 -2.99862623 1.59631562 0.88264930 -0.85223180 0.67420548
4.98347139 -2.85667229 -0.18358393 0.93798631 -0.81188744 -0.07753686
4.60420132 -3.07719827 1.89970779 0.86660033 -0.87456256 0.80234349
4.96308994 -2.80352759 -0.18323363 0.93415016 -0.79678333 -0.07738890
4.60929298 -3.03880358 1.89376974 0.86755866 -0.86365050 0.79983556
5.24743748 -2.92206001 -0.18566988 0.98766989 -0.83047110 -0.07841786
4.66461182 -3.03359032 1.90894485 0.87797076 -0.86216885 0.80624479
5.31294680 -2.91516590 -0.18609981 1.00000000 -0.82851177 -0.07859944
