9.96317863 6.85834074 -0.31735796 0.94998974 0.88206214 -0.13594122
9.51500797 7.34345388 2.06044149 0.90725660 0.94445330 0.88259619
9.52913570 7.45052576 2.07383204 0.90860373 0.95822400 0.88833207
10.43132687 7.67803669 0.09978909 0.99462765 0.98748457 0.04274495
9.49755955 7.52251053 2.07726550 0.90559292 0.96748209 0.88980281
10.19074821 7.59966803 0.09538618 0.97168851 0.97740543 0.04085895
9.47926712 7.60551310 2.08378911 0.90384871 0.97815716 0.89259720
9.95794773 7.52341747 0.09113003 0.94949096 0.96759874 0.03903582
9.78380775 7.43003702 0.93721265 0.93288672 0.95558894 0.40145779
10.02798653 7.45161676 -0.32326362 0.95616913 0.95836431 -0.13847092
9.78900719 7.46815586 0.08804799 0.93338245 0.96049142 0.03771561
9.81578541 7.55223989 0.94593436 0.93593580 0.97130561 0.40519378
9.88842106 7.44456291 -0.32154238 0.94286156 0.95745713 -0.13773362
9.87146282 7.63000250 0.09105664 0.94124460 0.98130679 0.03900438
9.80174065 7.39514875 1.35969281 0.93459660 0.95110190 0.58242846
9.89006329 7.48967648 0.52300775 0.94301814 0.96325922 0.22403191
9.72733498 7.58185196 0.94139904 0.92750204 0.97511411 0.40325105
9.96214199 7.59891796 -0.32379782 0.94989085 0.97730899 -0.13869976
9.72515297 7.43363190 1.35508919 0.92729396 0.95605129 0.58045644
9.77001286 7.49562788 0.51811254 0.93157136 0.96402466 0.22193503
9.96635342 7.70179844 -0.32477713 0.95029241 0.99054056 -0.13911924
10.05888748 7.19962740 -0.39465439 0.95911556 0.92595559 -0.16905138
10.24809933 7.55519056 0.02418587 0.97715694 0.97168511 0.01036009
9.59046650 7.42637539 1.34152055 0.91445160 0.95511800 0.57464427
9.78414345 7.60476637 0.52226287 0.93291873 0.97806114 0.22371285
9.89260292 7.74450207 -0.32430232 0.94326031 0.99603277 -0.13891585
10.09610176 7.32242489 -0.39677128 0.96266395 0.94174874 -0.16995814
9.56435204 7.32437754 2.00220537 0.91196156 0.94199991 0.85765058
10.09615993 7.54180670 0.02253147 0.96266949 0.96996379 0.00965142
9.65281296 7.57244301 1.35848129 0.92039633 0.97390395 0.58190948
9.63359356 7.47358370 2.02687144 0.91856378 0.96118951 0.86821634
9.99908066 7.56776047 0.02174245 0.95341301 0.97330177 0.00931344
9.85376453 7.48736048 0.88198727 0.93955708 0.96296138 0.37780184
10.18699169 7.56022358 -0.40121260 0.97133029 0.97233242 -0.17186061
9.60759449 7.52617884 2.02887130 0.91608477 0.96795386 0.86907303
9.90603638 7.57117081 0.02082617 0.94454122 0.97374034 0.00892095
9.97305775 7.44943619 0.45539725 0.95093167 0.95808387 0.19507076
9.74643040 7.50302124 0.87574273 0.92932278 0.96497554 0.37512699
9.99368000 7.51495743 -0.39743540 0.95289803 0.96651065 -0.17024262
9.58177185 7.60352182 2.03353786 0.91362256 0.97790110 0.87107193
9.79792023 7.43319368 1.29281712 0.93423229 0.95599490 0.55378205
9.90691566 7.49751616 0.45425445 0.94462502 0.96426749 0.19458123
9.74316216 7.59836054 0.88034397 0.92901111 0.97723728 0.37709793
9.97493076 7.59936619 -0.39818254 0.95111030 0.97736663 -0.17056267
9.65639687 7.42212820 1.27894223 0.92073804 0.95457172 0.54783869
9.78659439 7.50381899 0.44987381 0.93315238 0.96507812 0.19270477
9.97611809 7.69968462 -0.39946929 0.95122349 0.99026871 -0.17111385
9.67235088 7.53137016 1.28819215 0.92225927 0.96862155 0.55180091
9.81665897 7.62508345 0.45454016 0.93601906 0.98067415 0.19470362
9.67325497 7.63005400 1.29536092 0.92234546 0.98131341 0.55487168
9.95016098 7.50447702 -0.02599054 0.94874847 0.96516275 -0.01113312
9.81165123 7.43999338 0.80797738 0.93554157 0.95686942 0.34609950
10.15811920 7.51314974 -0.45064893 0.96857733 0.96627820 -0.19303679
9.80186558 7.46506357 -0.02726501 0.93460852 0.96009374 -0.01167905
9.72565079 7.43216372 1.64821672 0.92734140 0.95586246 0.70601851
9.83262348 7.55384493 0.81456661 0.93754131 0.97151208 0.34892201
10.00364399 7.49632072 -0.44733289 0.95384812 0.96411377 -0.19161636
9.56623650 7.40571070 1.62740827 0.91214126 0.95246029 0.69710511
9.92513084 7.49490213 0.39709252 0.94636184 0.96393132 0.17009576
9.74881840 7.58724642 0.81104213 0.92955047 0.97580785 0.34741229
9.94362164 7.54933453 -0.44693694 0.94812495 0.97093195 -0.19144675
9.51203346 7.31195068 1.90777266 0.90697300 0.94040167 0.81720006
9.77278996 7.43929863 1.24261987 0.93183613 0.95678008 0.53227991
9.62837982 7.55134201 1.64763868 0.91806662 0.97119015 0.70577091
9.76372433 7.46951151 0.39090312 0.93097174 0.96066582 0.16744450
9.91656876 7.62754297 -0.44758034 0.94554549 0.98099047 -0.19172236
9.61680031 7.48949385 1.93876696 0.91696250 0.96323574 0.83047652
9.76515007 7.53096390 1.24820805 0.93110770 0.96856928 0.53467357
9.61478710 7.63882923 1.65399683 0.91677058 0.98244202 0.70849442
9.83016586 7.61903000 0.39709252 0.93730694 0.97989559 0.17009576
9.55562115 7.53874111 1.93589115 0.91112912 0.96956950 0.82924467
10.39330101 7.51916122 -0.53838426 0.99100190 0.96705133 -0.23061849
10.17297554 7.58228397 -0.10872941 0.96999389 0.97516966 -0.04657457
9.68948555 7.57009983 1.24418449 0.92389309 0.97360259 0.53295010
9.55889320 7.63939095 1.94643569 0.91144109 0.98251426 0.83376145
10.38620472 7.61379814 -0.53994441 0.99032527 0.97922271 -0.23128678
9.97492504 7.53299904 -0.10916085 0.95110977 0.96883100 -0.04675937
9.70668793 7.65761662 1.25178444 0.92553329 0.98485827 0.53620553
9.73013020 7.37433338 0.72415090 0.92776853 0.94842476 0.31019217
10.19096661 7.54515266 -0.53376615 0.97170931 0.97039413 -0.22864030
9.91065502 7.55813694 -0.10924346 0.94498158 0.97206408 -0.04679476
9.61054039 7.34131861 1.56565702 0.91636562 0.94417870 0.67065382
9.83570766 7.55171013 0.73767859 0.93783534 0.97123748 0.31598681
10.01687717 7.51447153 -0.52883607 0.95510989 0.96644819 -0.22652850
9.92635632 7.66906548 -0.10905987 0.94647872 0.98633075 -0.04671612
9.70066071 7.50677729 1.58994591 0.92495865 0.96545863 0.68105805
9.88157940 7.46309423 0.31534991 0.94220924 0.95984048 0.13508107
9.76283646 7.59380341 0.73542398 0.93088710 0.97665119 0.31502104
9.99814796 7.59898758 -0.52995938 0.95332402 0.97731793 -0.22700967
9.89689827 7.74604464 -0.10900480 0.94366986 0.99623114 -0.04669252
9.78472424 7.44969559 1.16023660 0.93297410 0.95811725 0.49699077
9.62677288 7.54685259 1.58519983 0.91791344 0.97061276 0.67902499
9.85197449 7.53836584 0.31615466 0.93938637 0.96952128 0.13542578
10.48766994 7.65732384 -0.18102448 1.00000000 0.98482066 -0.07754237
9.61157227 7.41405535 1.14343154 0.91646403 0.95353347 0.48979229
9.65059853 7.66372538 1.59804225 0.92018521 0.98564392 0.68452609
9.81232357 7.60622787 0.31652048 0.93560570 0.97824913 0.13558248
10.27714920 7.60267687 -0.18035282 0.97992682 0.97779238 -0.07725466
9.69818401 7.57817268 1.16128695 0.92472249 0.97464091 0.49744070
9.64628315 7.43268442 1.82581484 0.91977370 0.95592940 0.78209317
10.05397034 7.51067495 -0.17957474 0.95864671 0.96595991 -0.07692137
9.79426003 7.39637423 0.66309911 0.93388331 0.95125949 0.28404045
9.54240322 7.42475414 1.81252980 0.90986878 0.95490950 0.77640247
9.86163998 7.46362591 -0.17896959 0.94030797 0.95990884 -0.07666215
9.73977184 7.41679764 1.51749539 0.92868787 0.95388615 0.65002364
9.86157322 7.54527044 0.67247993 0.94030166 0.97040927 0.28805876
9.57952213 7.55051231 1.82883418 0.91340804 0.97108346 0.78338653
9.93026447 7.61446857 -0.17945504 0.94685137 0.97930896 -0.07687010
9.59581184 7.40262794 1.50086737 0.91496128 0.95206380 0.64290094
10.02307987 7.53604746 0.26046705 0.95570129 0.96922308 0.11157183
9.79349041 7.59115505 0.67078614 0.93380994 0.97631055 0.28733322
9.90431023 7.69392443 -0.17954814 0.94437659 0.98952788 -0.07690997
9.77592754 7.41963625 1.09706354 0.93213534 0.95425123 0.46993041
9.63800526 7.53248739 1.51615441 0.91898441 0.96876520 0.64944923
10.02953053 7.64014769 0.26262623 0.95631635 0.98261160 0.11249672
9.87931728 7.77459383 -0.17964791 0.94199353 0.99990290 -0.07695271
10.42941666 7.61217308 -0.24065274 0.99444556 0.97901374 -0.10308431
9.66609573 7.43228960 1.08904982 0.92166287 0.95587862 0.46649769
9.67428780 7.65946770 1.53063679 0.92244399 0.98509634 0.65565276
10.26547337 7.59211397 -0.23950627 0.97881353 0.97643387 -0.10259322
9.71327686 7.56640434 1.10107052 0.92616159 0.97312737 0.47164682
10.04188633 7.50068045 -0.23764326 0.95749450 0.96467447 -0.10179519
9.72906017 7.65277672 1.10768187 0.92766649 0.98423582 0.47447878
9.82892513 7.42782831 0.59589595 0.93718863 0.95530486 0.25525379
9.58173656 7.39958191 2.33030653 0.91361922 0.95167202 0.99819368
9.87640381 7.47451067 -0.23646493 0.94171572 0.96130872 -0.10129045
9.77195549 7.44589710 1.43644679 0.93175656 0.95762873 0.61530620
9.84713554 7.53909159 0.60077262 0.93892503 0.96961462 0.25734273
9.55203915 7.47297239 2.33452344 0.91078752 0.96111089 1.00000000
9.94366169 7.62384653 -0.23761141 0.94812876 0.98051506 -0.10178155
9.59762096 7.40917206 1.41584146 0.91513377 0.95290542 0.60647988
9.94060516 7.48851442 0.17312163 0.94783735 0.96310979 0.07415716
9.78219700 7.58738279 0.59946424 0.93273312 0.97582543 0.25678226
9.90030766 7.68984652 -0.23765917 0.94399494 0.98900342 -0.10180201
9.84475899 7.47182989 1.01062715 0.93869841 0.96096396 0.43290511
9.64788914 7.54493475 1.43161345 0.91992682 0.97036612 0.61323583
9.83606911 7.50724936 0.17132294 0.93786985 0.96551931 0.07338668
9.88169670 7.77534866 -0.23796172 0.94222039 1.00000000 -0.10193161
9.69329357 7.45359468 0.99840730 0.92425615 0.95861870 0.42767072
9.85205364 7.61771870 0.17332149 0.93939394 0.97972697 0.07424277
9.72492123 7.57541084 1.00766468 0.92727184 0.97428566 0.43163612
9.71471977 7.41573143 2.24042153 0.92629915 0.95374906 0.95969117
9.61186790 7.43341446 2.22724795 0.91649222 0.95602328 0.95404822
9.57117176 7.49850035 2.22871184 0.91261184 0.96439409 0.95467532
9.60184002 7.69408274 2.25579047 0.91553605 0.98954827 0.96627450
