-0.69534957 -14.08862591 2.42404604 -0.77562940 -0.98575318 0.77920419
-0.62580550 -14.01891327 2.41134214 -0.69805628 -0.98087555 0.77512056
-0.53720176 -14.00878525 2.40893865 -0.59922302 -0.98016691 0.77434796
-0.45007604 -14.04142475 2.41408896 -0.50203842 -0.98245060 0.77600354
-0.11157923 -13.62585735 3.05991769 -0.12446133 -0.95337421 0.98360378
-0.89649719 -14.14945984 3.10314679 -1.00000000 -0.99000961 0.99749964
-0.36184287 -14.04397583 2.41408896 -0.40361851 -0.98262912 0.77600354
-0.02601453 -13.74916077 3.08781981 -0.02901798 -0.96200150 0.99257284
-0.80962890 -14.18990326 3.11092520 -0.90310258 -0.99283934 1.00000000
-0.27331126 -14.03021240 2.41134214 -0.30486572 -0.98166609 0.77512056
-0.71913266 -14.16935921 3.10530734 -0.80215830 -0.99140191 0.99819416
-0.18568425 -14.07696629 2.41923904 -0.20712195 -0.98493737 0.77765900
-0.61187631 -14.22284889 1.59859765 -0.68251896 -0.99514449 0.51386565
-0.68876427 -14.08670902 2.34986281 -0.76828378 -0.98561907 0.75535816
-0.51535690 -14.02404118 1.57388330 -0.57485610 -0.98123431 0.50592130
-0.59494889 -13.97058105 2.32953000 -0.66363722 -0.97749382 0.74882227
-0.42987958 -14.11828709 1.58502901 -0.47951022 -0.98782849 0.50950408
-0.50805062 -13.99769115 2.33352995 -0.56670630 -0.97939068 0.75010800
-0.42033914 -14.00849152 2.33486319 -0.46886832 -0.98014635 0.75053656
-0.35537559 -14.04974270 2.34152961 -0.39640456 -0.98303258 0.75267947
-0.04789656 -13.59582710 2.97437024 -0.05342634 -0.95127302 0.95610470
-0.66966826 -14.21562099 1.51782131 -0.74698311 -0.99463880 0.48790029
-0.26539814 -13.96889114 2.32753015 -0.29603902 -0.97737557 0.74817938
0.03763756 -13.68178082 2.99338436 0.04198291 -0.95728701 0.96221673
-0.79901689 -14.24962997 3.01818681 -0.89126533 -0.99701834 0.97018945
-0.57857549 -14.17786694 1.51296508 -0.64537346 -0.99199718 0.48633927
-0.70465231 -14.15474129 2.99685359 -0.78600615 -0.99037915 0.96333194
-0.48627064 -14.09188366 1.50255895 -0.54241180 -0.98598111 0.48299423
-0.61808485 -14.21555614 3.00898433 -0.68944424 -0.99463421 0.96723133
-0.60752630 -14.07758427 1.91843784 -0.67766672 -0.98498064 0.61667758
-0.65199149 -14.00021076 2.23433113 -0.72726554 -0.97956693 0.71822077
-0.51051712 -13.83983612 1.88317907 -0.56945759 -0.96834588 0.60534376
-0.56156248 -13.94090080 2.22410631 -0.62639624 -0.97541714 0.71493405
-0.63512695 -14.10425186 1.44915712 -0.70845389 -0.98684651 0.46582833
-0.42758268 -13.98124218 1.90340948 -0.47694814 -0.97823977 0.61184675
-0.47376612 -13.93823433 2.22314763 -0.52846360 -0.97523057 0.71462590
-0.54597688 -14.09406185 1.44759250 -0.60901123 -0.98613352 0.46532539
-0.34158081 -14.06477070 1.91525877 -0.38101715 -0.98408407 0.61565566
-0.38654336 -13.95475101 2.22538447 -0.43117076 -0.97638625 0.71534491
-0.10064694 -13.62428379 2.87973070 -0.11226688 -0.95326406 0.92568302
-0.45784220 -14.11111927 1.44915712 -0.51070124 -0.98732698 0.46582833
-0.25484091 -14.16557598 1.92970908 -0.28426293 -0.99113721 0.62030071
-0.29373533 -13.70029545 2.18384552 -0.32764781 -0.95858246 0.70199227
-0.01499979 -13.73221493 2.90273690 -0.01673155 -0.96081579 0.93307835
-0.77574897 -14.15834427 2.87065864 -0.86531109 -0.99063122 0.92276686
-0.16662413 -14.24407482 1.94098032 -0.18586129 -0.99662966 0.62392384
-0.21242528 -14.05129051 2.24040222 -0.23695029 -0.98314089 0.72017235
-0.67719972 -13.97116566 2.83132243 -0.75538409 -0.97753471 0.91012233
-0.09928995 -14.20710182 1.93548918 -0.11075322 -0.99404269 0.62215871
-0.61371887 -14.01314735 1.83813941 -0.68457425 -0.98047209 0.59086585
-0.62179571 -14.20516396 2.87868643 -0.69358355 -0.99390709 0.92534739
-0.51710337 -13.79706764 1.80715013 -0.57680422 -0.96535343 0.58090442
-0.43628758 -13.98016644 1.83255577 -0.48665807 -0.97816449 0.58907098
-0.54938132 -14.05932999 1.34740233 -0.61280876 -0.98370343 0.43311948
-0.35047594 -14.05984116 1.84344387 -0.39093924 -0.98373920 0.59257096
-0.26447570 -14.17858601 1.85991573 -0.29501009 -0.99204749 0.59786576
-0.55252171 -13.95598698 2.09906387 -0.61631167 -0.97647268 0.67473942
-0.46461731 -13.95325565 2.09815812 -0.51825851 -0.97628158 0.67444825
-0.17103465 -13.90814495 2.81526661 -0.19078103 -0.97312528 0.90496123
-0.10843515 -14.16677475 1.85796142 -0.12095426 -0.99122113 0.59723759
-0.63266164 -14.10493469 1.77147388 -0.70570397 -0.98689425 0.56943637
-0.39310101 -13.76360035 2.06887054 -0.43848547 -0.96301180 0.66503382
-0.10471250 -13.82258987 2.79760551 -0.11680182 -0.96713918 0.89928406
-0.53373396 -13.83135033 1.73392689 -0.59535486 -0.96775210 0.55736697
-0.31201330 -13.99309826 2.10359287 -0.34803599 -0.97906929 0.67619526
-0.45194873 -14.00083447 1.75645506 -0.50412732 -0.97961056 0.56460857
-0.22664137 -14.14106369 2.12593603 -0.25280768 -0.98942214 0.68337744
-0.36552638 -14.06680107 1.76503730 -0.40772730 -0.98422617 0.56736732
-0.13754341 -14.12046242 2.12261462 -0.15342313 -0.98798072 0.68230975
-0.69129407 -14.08959770 2.72096372 -0.77110571 -0.98582119 0.87464774
-0.27887157 -14.16393757 1.77791047 -0.31106797 -0.99102259 0.57150537
-0.60275346 -14.09366322 2.72096372 -0.67234284 -0.98610562 0.87464774
-0.19138998 -14.29224491 1.79507482 -0.21348642 -1.00000000 0.57702279
-0.12399435 -14.28704262 1.79427028 -0.13830981 -0.99963599 0.57676423
-0.62915432 -13.98726273 1.65649116 -0.70179176 -0.97866100 0.53247541
-0.54213315 -14.01274395 1.65928936 -0.60472375 -0.98044389 0.53337491
-0.45233351 -13.96432495 1.65267539 -0.50455654 -0.97705609 0.53124881
-0.26838419 -13.98227024 2.69719458 -0.29936981 -0.97831172 0.86700720
-0.36791849 -14.08785439 1.66819298 -0.41039559 -0.98569918 0.53623694
-0.17942454 -13.88750458 2.67840934 -0.20013954 -0.97168112 0.86096871
-0.28120944 -14.17517090 1.67913151 -0.31367576 -0.99180859 0.53975308
-0.09240744 -13.93546677 2.68761015 -0.10307610 -0.97503692 0.86392629
-0.19353652 -14.26988316 1.69108772 -0.21588078 -0.99843538 0.54359639
-0.70173734 -13.92247200 2.56024384 -0.78275466 -0.97412771 0.82298470
-0.62069094 -14.06802845 2.58659077 -0.69235122 -0.98431200 0.83145386
-0.34964898 -13.86101913 2.54633856 -0.39001682 -0.96982801 0.81851488
-0.28709185 -13.98832226 2.56975794 -0.32023731 -0.97873515 0.82604301
-0.19984342 -14.03113556 2.57744241 -0.22291584 -0.98173070 0.82851315
