-7.40957832 6.99643707 1.74181569 -0.91793090 0.94315594 0.84900594
-7.55445290 7.04359961 1.76584995 -0.93587863 0.94951367 0.86072087
-7.62615013 7.02129698 1.77237356 -0.94476080 0.94650716 0.86390060
-7.92277670 7.20204401 1.83177257 -0.98150820 0.97087282 0.89285326
-7.75993538 7.41811275 0.80150270 -0.96133471 1.00000000 0.39067310
-7.62206364 7.19586420 0.77934957 -0.94425452 0.97003973 0.37987509
-7.70399618 7.20468235 0.78510588 -0.95440471 0.97122848 0.38268086
-7.71538687 7.12511063 0.78109390 -0.95581585 0.96050179 0.38072532
-7.71999598 7.26515579 1.15495193 -0.95638680 0.97938061 0.56295341
-7.73050737 7.04970026 0.77760524 -0.95768905 0.95033610 0.37902486
-7.67516708 7.13288975 1.13992953 -0.95083320 0.96155047 0.55563110
-7.78680134 7.21052599 0.42744398 -0.96466297 0.97201622 0.20834723
-7.75981760 6.98768568 0.77586085 -0.96132010 0.94197619 0.37817460
-7.43886328 6.98009062 1.69021380 -0.92155886 0.94095236 0.82385385
-7.71543646 7.08050632 1.13920259 -0.95582199 0.95448893 0.55527675
-7.79946995 7.13187075 0.42510277 -0.96623242 0.96141309 0.20720607
-7.81400967 6.94803858 0.77708191 -0.96803367 0.93663156 0.37876979
-7.68786621 7.33775806 0.73786920 -0.95240647 0.98916775 0.35965648
-7.60818815 7.05007219 1.71921301 -0.94253558 0.95038623 0.83798879
-7.76861429 7.03987122 1.14065635 -0.96240985 0.94901109 0.55598533
-7.85303593 7.09073830 0.42574129 -0.97286838 0.95586824 0.20751730
-7.86950874 6.90929794 0.77847737 -0.97490913 0.93140912 0.37944996
-7.76567221 7.31944704 0.74148446 -0.96204537 0.98669934 0.36141866
-7.67411852 7.02214098 1.72421288 -0.95070332 0.94662094 0.84042585
-7.81058216 7.01112413 1.14211011 -0.96760905 0.94513583 0.55669397
-7.69972992 7.18871975 0.73014563 -0.95387620 0.96907663 0.35589182
-7.73921204 7.01509905 1.73154604 -0.95876741 0.94567168 0.84400022
-7.86936188 6.97504997 1.14453316 -0.97489095 0.94027287 0.55787498
-7.73409891 7.32389832 1.10111272 -0.95813394 0.98729938 0.53671074
-7.72426558 7.12124443 0.72784501 -0.95691574 0.95998061 0.35477045
-7.63512087 7.13919640 1.07798791 -0.94587213 0.96240062 0.52543914
-7.72030306 7.02819681 0.72242206 -0.95642489 0.94743729 0.35212716
-7.92629719 6.84970951 1.13968718 -0.98194432 0.92337632 0.55551296
-7.74101830 7.14780378 1.08770037 -0.95899117 0.96356094 0.53017324
-7.75987053 6.97554398 0.72192907 -0.96132666 0.94033945 0.35188687
-8.07204342 6.88719845 1.15616333 -1.00000000 0.92843002 0.56354386
-7.73595285 7.05342007 1.07983792 -0.95836365 0.95083755 0.52634090
-7.79461670 6.91869354 0.72094309 -0.96563119 0.93267572 0.35140628
-7.78529406 7.03156519 1.08238161 -0.96447623 0.94789141 0.52758074
-7.79445171 7.39187050 0.68722558 -0.96561074 0.99646240 0.33497149
-7.84264088 6.99443674 1.08446288 -0.97158062 0.94288629 0.52859521
-7.78172350 7.32478046 1.42134666 -0.96403390 0.98741835 0.69280106
-7.66285419 7.17679214 0.66853052 -0.94930786 0.96746874 0.32585904
-7.83485270 7.28246498 1.42279160 -0.97061580 0.98171395 0.69350535
-7.74299431 7.16093063 0.67220819 -0.95923597 0.96533054 0.32765162
-7.92841768 6.89402676 1.08423162 -0.98220700 0.92935050 0.52848250
-7.69083309 7.26674271 1.05128229 -0.95277399 0.97959453 0.51242214
-7.74608755 7.11023426 1.39620304 -0.95961916 0.95849639 0.68054539
-7.76570845 7.09201050 0.66990966 -0.96204990 0.95603973 0.32653126
-7.66835690 7.08726549 1.65598392 -0.94998956 0.95540005 0.80716932
-7.73488379 7.21692324 1.05105877 -0.95823121 0.97287863 0.51231319
-7.79354715 7.06407690 1.39678109 -0.96549869 0.95227414 0.68082714
-7.79083014 7.02575397 0.66791755 -0.96516210 0.94710803 0.32556024
-7.69812679 7.02566338 1.65278864 -0.95367759 0.94709581 0.80561185
-7.76250505 7.15205479 1.04837644 -0.96165305 0.96413404 0.51100576
-7.83925486 7.01628637 1.39707005 -0.97116113 0.94583172 0.68096799
-7.83034468 6.97269440 0.66745782 -0.97005731 0.93995529 0.32533616
-7.74652576 6.98111296 1.65374720 -0.95967346 0.94109017 0.80607909
-7.76082850 7.08330870 1.04301190 -0.96144533 0.95486671 0.50839090
-7.90041542 7.00415659 1.40256119 -0.97873795 0.94419658 0.68364453
-7.87228727 7.02718115 1.67387748 -0.97525334 0.94730037 0.81589109
-7.81849098 7.04635572 1.04502356 -0.96858883 0.94988525 0.50937146
-7.75551462 7.29600668 1.36185360 -0.96078706 0.98353946 0.66380262
-7.89830399 7.02873325 1.05038822 -0.97847641 0.94750965 0.51198632
-7.68444347 7.34365416 0.98399401 -0.95198244 0.98996258 0.47962409
-7.76499414 7.21336699 1.35487401 -0.96196139 0.97239923 0.66040057
-7.72188044 7.13719130 0.60451514 -0.95662028 0.96213031 0.29465628
-7.89146376 6.93446159 1.04278839 -0.97762901 0.93480134 0.50828201
-7.71021843 7.27607679 0.98105317 -0.95517552 0.98085284 0.47819063
-7.73003817 7.09065151 1.33951890 -0.95763087 0.95585650 0.65291607
-7.78275251 7.10335779 0.60606515 -0.96416140 0.95756942 0.29541180
-7.95743322 6.90423536 1.04614127 -0.98580158 0.93072665 0.50991625
-7.71801853 7.19216108 0.97559154 -0.95614183 0.96954054 0.47552851
-7.79055452 7.05659866 1.34258997 -0.96512794 0.95126605 0.65441298
-7.91895247 7.13730383 0.61480182 -0.98103440 0.96214551 0.29967028
-7.71484327 7.09898901 0.96865946 -0.95574850 0.95698047 0.47214964
-7.84357977 7.01544857 1.34426498 -0.97169691 0.94571877 0.65522945
-7.72473335 7.04107189 0.96529847 -0.95697373 0.94917291 0.47051141
-7.75597239 7.16710234 1.57883394 -0.96084374 0.96616250 0.76956439
-7.77177238 6.99506426 0.96571857 -0.96280110 0.94297087 0.47071615
-7.64629698 7.22227430 1.28416777 -0.94725668 0.97359997 0.62593651
-7.76003075 7.08083630 1.57037973 -0.96134651 0.95453340 0.76544362
-7.79330873 6.92623281 0.96256763 -0.96546912 0.93369204 0.46918032
-7.65501261 7.34537745 0.92957473 -0.94833642 0.99019492 0.45309871
-7.74379539 7.22265387 1.29382265 -0.95933521 0.97365111 0.63064253
-7.81405163 7.25495815 0.55795598 -0.96803886 0.97800589 0.27196214
-7.80730009 7.03459167 1.57098365 -0.96720243 0.94829935 0.76573801
-7.82771921 6.86924076 0.96130729 -0.96973205 0.92600924 0.46856600
-7.68798971 7.28484154 0.92777163 -0.95242172 0.98203433 0.45221984
-7.72622585 7.11624098 1.28229034 -0.95715863 0.95930612 0.62502140
-7.78727341 7.13976955 0.55157185 -0.96472144 0.96247792 0.26885036
-7.86314154 6.99593496 1.57339907 -0.97412032 0.94308823 0.76691532
-7.69576311 7.20111561 0.92256266 -0.95338476 0.97074765 0.44968086
-7.77519226 7.07154751 1.28309500 -0.96322477 0.95328122 0.62541360
-7.87199545 7.12678862 0.55508965 -0.97521716 0.96072799 0.27056503
-7.39975500 7.04923582 1.96188486 -0.91671395 0.95027345 0.95627332
-7.69986057 7.11488533 0.91695297 -0.95389235 0.95912337 0.44694653
-7.82685614 7.02916241 1.28443587 -0.96962512 0.94756746 0.62606722
-7.46435785 7.04386330 1.97031903 -0.92471725 0.94954926 0.96038437
-7.71271658 7.05975151 0.91414815 -0.95548505 0.95169103 0.44557941
-7.89845991 7.02637720 1.29140890 -0.97849572 0.94719201 0.62946606
-7.74509096 7.00050020 0.91254538 -0.95949572 0.94370365 0.44479817
-7.71724319 7.27715111 1.22123575 -0.95604581 0.98099762 0.59526181
-7.85905933 7.23068190 2.05159426 -0.97361457 0.97473335 1.00000000
-7.79933357 6.96095371 0.91394776 -0.96621549 0.93837261 0.44548172
-7.68581200 7.36723566 0.85139948 -0.95215195 0.99314153 0.41499409
-7.66861629 7.14046621 1.20470071 -0.95002168 0.96257180 0.58720225
-7.69021416 7.12737656 0.48658678 -0.95269734 0.96080726 0.23717496
-7.82796144 6.89868402 0.91194433 -0.96976209 0.92997831 0.44450521
-7.65110636 7.24198198 0.84103119 -0.94785249 0.97625667 0.40994030
-7.72207546 7.10021544 1.20622694 -0.95664442 0.95714581 0.58794618
-7.78630018 7.12619305 0.49074981 -0.96460086 0.96064770 0.23920412
-7.69355297 7.19104099 0.84066087 -0.95311093 0.96938956 0.40975982
-7.75480556 7.04086590 1.20419192 -0.96069920 0.94914520 0.58695424
-7.83979321 7.08517885 0.49146345 -0.97122782 0.95511878 0.23955198
-7.67046785 7.10183096 0.83344007 -0.95025104 0.95736361 0.40624020
-7.80703974 7.02152634 1.20749891 -0.96717018 0.94653809 0.58856612
-7.69439888 7.03464413 0.83084804 -0.95321572 0.94830644 0.40497679
-7.88357878 7.00137806 1.21309543 -0.97665220 0.94382203 0.59129405
-7.27021790 7.01677513 1.84631550 -0.90066636 0.94589764 0.89994186
-7.73992205 6.98749733 0.83103317 -0.95885533 0.94195080 0.40506703
-7.40792131 7.06067753 1.87046695 -0.91772568 0.95181590 0.91171390
-7.76141405 6.91880798 0.82825595 -0.96151787 0.93269116 0.40371335
-7.49644089 7.05585718 1.88181067 -0.92869186 0.95116609 0.91724312
-7.84949970 6.90946579 0.83381039 -0.97243029 0.93143177 0.40642071
-8.00059509 6.83991337 1.21080601 -0.99114865 0.92205572 0.59017813
-7.89714336 7.34129620 1.97256124 -0.97833264 0.98964471 0.96147728
-7.90566111 7.27997637 1.96597445 -0.97938782 0.98137850 0.95826668
-7.95269823 7.23148584 1.96634042 -0.98521501 0.97484171 0.95844507
