11.84904861 -8.70469475 2.52807999 0.96092814 -0.96502084 0.99995595
11.88515282 -8.64529037 2.52705002 0.96385610 -0.95843518 0.99954855
12.06010151 -8.94654465 1.69382036 0.97804403 -0.99183285 0.66997319
11.97239780 -8.79459095 1.67419422 0.97093147 -0.97498697 0.66221023
11.94375515 -8.65871620 1.66159487 0.96860862 -0.95992357 0.65722668
11.86493874 -8.71014309 2.45386004 0.96221679 -0.96562487 0.97059906
12.04317665 -8.61578178 1.66837919 0.97667146 -0.95516378 0.65991020
12.33083725 -8.81661701 2.52819133 1.00000000 -0.97742879 1.00000000
12.32985497 -8.58834076 1.69503176 0.99992037 -0.95212162 0.67045236
12.02408504 -8.88145733 1.60130179 0.97512317 -0.98461711 0.63337839
12.00333023 -8.77887440 1.59228313 0.97343999 -0.97324455 0.62981117
11.93273258 -8.61242390 1.57424581 0.96771473 -0.95479155 0.62267667
12.13048077 -8.64004898 1.59482682 0.98375160 -0.95785409 0.63081729
11.98607731 -8.77789211 2.03028345 0.97204083 -0.97313565 0.80305767
11.98801136 -8.66422653 2.02074623 0.97219765 -0.96053445 0.79928535
11.92974949 -8.68407917 2.35415459 0.96747279 -0.96273535 0.93116158
12.06737041 -8.63522530 2.02768230 0.97863352 -0.95731932 0.80202883
12.08116341 -8.70726585 2.37620211 0.97975206 -0.96530592 0.93988222
12.02648354 -8.75512600 1.53432024 0.97531766 -0.97061175 0.60688454
11.95309925 -8.44074631 1.99762559 0.96936637 -0.93575895 0.79014021
12.32083607 -8.76252556 2.41294789 0.99918890 -0.97143209 0.95441663
12.07156181 -8.67244434 1.53297913 0.97897339 -0.96144551 0.60635406
12.14404774 -8.46145153 2.02219105 0.98485184 -0.93805438 0.79985678
12.01723385 -8.81546783 1.96181738 0.97456753 -0.97730142 0.77597666
12.00988483 -8.69441032 1.95092928 0.97397155 -0.96388072 0.77166992
12.09092426 -8.66661739 1.95790887 0.98054367 -0.96079952 0.77443063
12.06699657 -8.79376888 1.43835950 0.97860318 -0.97489583 0.56892824
12.14136887 -8.73173809 1.44088030 0.98463458 -0.96801895 0.56992537
12.15344620 -8.48219967 1.95009172 0.98561400 -0.94035459 0.77133864
11.99118519 -8.63297081 2.22255445 0.97245508 -0.95706940 0.87910849
12.04455757 -8.85202408 1.88357842 0.97678345 -0.98135412 0.74502999
12.19171524 -8.66185951 2.25003028 0.98871756 -0.96027207 0.88997626
12.04051781 -8.73319721 1.87365532 0.97645581 -0.96818072 0.74110502
11.95316029 -8.37926579 2.19538045 0.96937132 -0.92894310 0.86836010
12.10248661 -8.69136143 1.87714183 0.98148131 -0.96354270 0.74248409
12.01523113 -8.33865833 2.19960761 0.97440511 -0.92444128 0.87003207
12.14876366 -8.60942936 1.87580085 0.98523426 -0.95445955 0.74195367
12.12847233 -8.73947716 1.36652827 0.98358870 -0.96887690 0.54051614
12.10529518 -9.02021408 1.79691255 0.98170912 -1.00000000 0.71075022
12.00686741 -8.82976532 1.77223706 0.97372687 -0.97888643 0.70099008
11.99314117 -8.70395184 1.76129842 0.97261369 -0.96493852 0.69666344
12.01310253 -8.63226128 1.75799143 0.97423249 -0.95699072 0.69535536
12.09620285 -8.57730579 1.76257038 0.98097175 -0.95089823 0.69716656
12.25053406 -8.57178307 1.77834225 0.99348760 -0.95028597 0.70340490
