-13.44470024 -14.91124058 1.61942530 -0.99731576 -0.97284430 0.65820861
-13.25494957 -15.07751179 1.61925089 -0.98324019 -0.98369223 0.65813774
-13.14821339 -15.14694405 1.61768103 -0.97532260 -0.98822212 0.65749967
-13.08187866 -15.21478367 1.61837876 -0.97040194 -0.99264812 0.65778327
-13.29873276 -15.17536640 2.32379246 -0.98648798 -0.99007648 0.94449568
-13.21862793 -15.13803959 0.93282533 -0.98054588 -0.98764122 0.37914294
-12.98903084 -15.01069927 2.28381348 -0.96351457 -0.97933322 0.92824638
-13.11283207 -15.20868397 0.93197393 -0.97269803 -0.99225020 0.37879688
-13.35120201 -14.96572208 1.51515388 -0.99038011 -0.97639877 0.61582792
-13.30571175 -15.10460472 1.52123404 -0.98700571 -0.98545980 0.61829919
-13.15946865 -15.12930679 1.51482522 -0.97615755 -0.98707145 0.61569434
-13.48088646 -15.23111057 2.22890854 -1.00000000 -0.99371338 0.90593052
-13.11538124 -15.22283554 1.51827610 -0.97288716 -0.99317348 0.61709696
-13.39539051 -15.32746887 2.23075843 -0.99365801 -1.00000000 0.90668237
-13.26631451 -15.14459038 0.82175273 -0.98408324 -0.98806858 0.33399794
-12.94019794 -14.99657917 2.16693401 -0.95989221 -0.97841197 0.88074124
-13.17613125 -15.23368454 0.82213366 -0.97739351 -0.99388129 0.33415276
-13.36238861 -14.98653698 1.40468729 -0.99120992 -0.97775680 0.57092923
-13.29823494 -15.10465431 1.40821183 -0.98645109 -0.98546308 0.57236177
-13.14295673 -15.11862183 1.40116286 -0.97493267 -0.98637432 0.56949675
-13.09755993 -15.21063709 1.40422761 -0.97156519 -0.99237764 0.57074243
-13.40662479 -15.23724556 2.14387345 -0.99449134 -0.99411362 0.87136835
-13.01979160 -15.31391811 1.40637290 -0.96579641 -0.99911594 0.57161438
-13.27179623 -15.02779388 1.27794194 -0.98448986 -0.98044848 0.51941413
-13.16398525 -15.09586334 1.27653277 -0.97649258 -0.98488951 0.51884139
-13.09531307 -15.16074657 1.27681458 -0.97139853 -0.98912263 0.51895595
-13.43959141 -15.23713875 2.00720906 -0.99693680 -0.99410665 0.81582171
-13.01923943 -15.26547623 1.27892828 -0.96575546 -0.99595547 0.51981503
-13.34358883 -15.32128143 2.00720906 -0.98981541 -0.99959630 0.81582171
-13.26600361 -15.00817394 1.16953194 -0.98406017 -0.97916847 0.47535133
-13.19634819 -15.11982346 1.17200744 -0.97889322 -0.98645270 0.47635749
-13.10278893 -15.15615368 1.16979253 -0.97195309 -0.98882300 0.47545725
-13.43269062 -15.22298050 1.90545774 -0.99642485 -0.99318296 0.77446526
-13.02412605 -15.25793171 1.17148626 -0.96611792 -0.99546325 0.47614565
-13.30935669 -15.27554512 1.90125048 -0.98727608 -0.99661237 0.77275527
-13.37859821 -15.22789669 2.46035266 -0.99241233 -0.99350369 1.00000000
-13.26677418 -15.17159367 1.06263065 -0.98411733 -0.98983032 0.43190175
-13.34869862 -14.89890766 1.72141171 -0.99019444 -0.97203964 0.69966054
-13.18935013 -15.15620995 2.43745780 -0.97837412 -0.98882669 0.99069446
-13.11138058 -15.13744736 1.05501819 -0.97259039 -0.98760253 0.42880771
-13.31426907 -15.04954243 1.72974348 -0.98764050 -0.98186743 0.70304698
-13.05758286 -15.26803875 1.05882442 -0.96859974 -0.99612266 0.43035474
-13.18928051 -15.09843731 1.72548509 -0.97836894 -0.98505747 0.70131618
-13.08503914 -15.17046261 1.72418904 -0.97063643 -0.98975652 0.70078939
