-4.42480516 -14.94005775 2.68121266 -0.95492458 -0.97636807 0.99833798
-4.33793449 -14.99217796 2.68567634 -0.93617684 -0.97977430 1.00000000
-4.50290966 -14.94623566 1.76626706 -0.97178042 -0.97677183 0.65766191
-4.22002697 -14.84715176 1.21299326 -0.91073102 -0.97029644 0.45165282
-4.38769770 -14.90183640 1.75705981 -0.94691634 -0.97387022 0.65423363
-4.14945269 -14.95595741 1.22049403 -0.89550030 -0.97740716 0.45444569
-4.27704668 -14.86994362 1.74954867 -0.92303658 -0.97178596 0.65143692
-4.40722418 -14.97715664 2.60485601 -0.95113039 -0.97879261 0.96990693
-4.18758488 -14.82113075 1.74082589 -0.90372968 -0.96859592 0.64818901
-4.34210014 -15.01669598 2.60818911 -0.93707585 -0.98137659 0.97114795
-4.12904501 -14.97350788 1.75681758 -0.89109606 -0.97855413 0.65414345
-4.04514694 -15.03751183 1.76166344 -0.87298989 -0.98273695 0.65594780
-4.46407700 -14.92290974 1.67437613 -0.96339989 -0.97524744 0.62344670
-4.27193403 -15.00651264 1.14803886 -0.92193317 -0.98071110 0.42746732
-4.35846901 -14.91063595 1.66951990 -0.94060844 -0.97444528 0.62163854
-4.17166376 -15.01194000 1.14623117 -0.90029371 -0.98106575 0.42679423
-4.28496885 -15.00837994 1.67807603 -0.92474627 -0.98083311 0.62482435
-4.18576145 -15.01778984 1.67599487 -0.90333617 -0.98144805 0.62404948
-4.59147358 -14.97802353 2.14848709 -0.99089354 -0.97884923 0.79997993
-4.14181471 -15.13503647 1.68778849 -0.89385194 -0.98911041 0.62844074
-4.51174259 -14.96916485 2.14386296 -0.97368670 -0.97827029 0.79825813
-4.37361956 -14.84718895 2.12103128 -0.94387811 -0.97029889 0.78975683
-4.47980213 -15.01996994 2.50273538 -0.96679354 -0.98159057 0.93188274
-4.50895834 -14.85858345 1.60763645 -0.97308582 -0.97104353 0.59859651
-4.30312681 -14.95428371 2.13316965 -0.92866498 -0.97729778 0.79427654
-4.34904575 -14.92267323 2.48164654 -0.93857479 -0.97523195 0.92403036
-4.43295336 -14.94571209 1.61456573 -0.95668304 -0.97673762 0.60117656
-4.24637842 -15.11444092 2.15340018 -0.91641802 -0.98776442 0.80180925
-4.32944298 -15.21184826 2.52574158 -0.93434429 -0.99413025 0.94044900
-4.33951044 -14.97517967 1.61478937 -0.93651694 -0.97866338 0.60125983
-4.19091082 -15.28592587 2.17536449 -0.90444744 -0.99897140 0.80998760
-4.26526451 -15.07293320 1.62305975 -0.92049384 -0.98505181 0.60433930
-4.63366985 -15.06491375 2.08270359 -1.00000000 -0.98452771 0.77548569
-4.25191975 -15.30166531 1.64742398 -0.91761386 -1.00000000 0.61341119
-4.50447750 -14.89519882 2.05450606 -0.97211879 -0.97343647 0.76498646
-4.39106607 -14.85676098 2.04473472 -0.94764328 -0.97092444 0.76134813
-4.52268362 -14.87134647 1.50305879 -0.97604787 -0.97187763 0.55965745
-4.29542494 -14.87644958 2.04361796 -0.92700279 -0.97221112 0.76093233
-4.43370962 -14.91471577 1.50473928 -0.95684624 -0.97471195 0.56028318
-4.23696423 -15.02699566 2.06176496 -0.91438627 -0.98204970 0.76768929
-4.34715462 -14.96709919 1.50747013 -0.93816668 -0.97813529 0.56129998
-4.18417072 -15.20411205 2.08382034 -0.90299284 -0.99362469 0.77590150
-4.30179548 -15.07536507 1.51713300 -0.92837763 -0.98521072 0.56489795
-4.38311100 -14.97362900 2.34876227 -0.94592649 -0.97856206 0.87455148
-4.24184418 -15.22659016 1.53078711 -0.91543943 -0.99509364 0.56998199
-4.53915548 -14.96811676 1.97744584 -0.97960269 -0.97820181 0.73629344
-4.30095434 -15.04267693 2.35540485 -0.92819613 -0.98307449 0.87702483
-4.38613844 -14.79674149 1.94928563 -0.94657981 -0.96700203 0.72580808
-4.22504520 -15.13602924 2.36597252 -0.91181403 -0.98917532 0.88095969
-4.32820606 -14.94589233 1.96644998 -0.93407732 -0.97674942 0.73219919
-4.41259909 -14.79884434 1.41621399 -0.95229036 -0.96713948 0.52732116
-4.24870777 -15.02430344 1.97369111 -0.91692072 -0.98187375 0.73489535
-4.36662674 -14.98873329 1.43324339 -0.94236898 -0.97954917 0.53366202
-4.19516134 -15.19977474 1.99461019 -0.90536475 -0.99334121 0.74268448
-4.29187918 -15.08480167 1.44045579 -0.92623758 -0.98582745 0.53634751
-4.26285696 -15.25632000 1.45628309 -0.91997427 -0.99703658 0.54224074
-4.52711010 -14.90619373 1.85872841 -0.97700316 -0.97415501 0.69208950
-4.40444469 -14.83739376 1.84575474 -0.95053053 -0.96965873 0.68725884
-4.32667398 -14.91810131 1.85287750 -0.93374670 -0.97493321 0.68991095
-4.20896006 -14.86104107 1.84168458 -0.90834266 -0.97120416 0.68574333
-4.40102386 -15.06710529 1.32093585 -0.94979227 -0.98467094 0.49184477
-4.11656523 -14.89101601 1.84219337 -0.88840282 -0.97316307 0.68593276
-4.27937698 -15.00065899 1.31186354 -0.92353946 -0.98032850 0.48846674
-4.20216322 -14.99765682 1.30964172 -0.90687585 -0.98013234 0.48763946
