-4.82990646 7.79008150 2.04702854 -0.93686569 0.92629266 0.99612069
-4.89750957 7.78925896 2.05500054 -0.94997877 0.92619485 1.00000000
-4.66375208 7.71662474 1.53718090 -0.90463644 0.91755819 0.74801970
-4.77622128 7.79117441 1.55846834 -0.92645228 0.92642266 0.75837857
-4.84074068 7.78607559 1.56361866 -0.93896723 0.92581636 0.76088476
-5.04984951 8.00849152 1.61580729 -0.97952843 0.95226306 0.78628069
-4.70327616 8.09273720 1.00351632 -0.91230297 0.96228045 0.48832899
-4.82588530 8.18428993 1.02071941 -0.93608570 0.97316670 0.49670032
-4.92301559 8.05720234 0.68829483 -0.95492625 0.95805514 0.33493656
-4.85551310 7.91792202 2.02107859 -0.94183266 0.94149375 0.98349297
-4.83732605 8.08744621 1.01126981 -0.93830490 0.96165133 0.49210197
-4.93247175 7.96014977 0.68149191 -0.95676047 0.94651490 0.33162615
-4.87947559 7.84574556 2.01027513 -0.94648069 0.93291152 0.97823584
-4.85497618 8.00264931 1.00351632 -0.94172853 0.95156842 0.48832899
-4.97813416 7.92226267 0.68079418 -0.96561766 0.94200993 0.33128661
-4.94320822 7.83808804 2.01632524 -0.95884305 0.93200099 0.98117989
-4.86653280 7.90951014 0.99455130 -0.94397014 0.94049352 0.48396644
-5.01921844 7.87740421 0.67939866 -0.97358686 0.93667591 0.33060753
-4.76618528 7.82195950 1.51421857 -0.92450559 0.93008316 0.73684585
-4.89323139 7.86965322 0.99212837 -0.94914895 0.93575430 0.48278740
-4.67045736 8.08430767 0.94802660 -0.90593708 0.96127814 0.46132669
-5.08550262 7.89883184 0.68410844 -0.98644412 0.93922383 0.33289939
-4.81123495 7.81286430 1.51688516 -0.93324393 0.92900169 0.73814344
-4.94895601 7.84881496 0.99358213 -0.95995796 0.93327647 0.48349482
-4.78821516 8.16977882 0.96352023 -0.92877877 0.97144121 0.46886617
-4.89353752 7.83607912 1.52755153 -0.94920832 0.93176210 0.74333388
-5.01963472 7.85097027 0.99842805 -0.97366762 0.93353277 0.48585293
-4.85728073 7.92620754 0.62809622 -0.94217551 0.94247895 0.30564284
-5.07753277 7.83258438 1.00036645 -0.98489821 0.93134654 0.48679620
-4.78417873 7.93181658 0.93947047 -0.92799580 0.94314593 0.45716313
-4.76414108 8.40995693 1.27221930 -0.92410904 1.00000000 0.61908466
-4.90908337 7.89892244 0.62842488 -0.95222378 0.93923461 0.30580279
-5.08945084 7.74420023 0.99212837 -0.98720998 0.92083710 0.48278740
-4.85871315 7.94232559 0.94502038 -0.94245338 0.94439554 0.45986381
-4.72483158 8.22048569 1.24534166 -0.91648412 0.97747058 0.60600549
-4.97873831 7.90000534 0.63154715 -0.96573490 0.93936336 0.30732214
-4.87512350 7.85754919 0.93762046 -0.94563651 0.93431503 0.45626289
-4.79339886 8.21966267 1.25025475 -0.92978424 0.97737277 0.60839629
-5.05287886 7.90725136 0.63532674 -0.98011607 0.94022495 0.30916137
-4.91630363 7.84122992 0.93854547 -0.95362431 0.93237454 0.45671299
-4.80383825 8.14930820 1.24216259 -0.93180919 0.96900713 0.60445851
-4.98884153 7.84711885 0.94363290 -0.96769464 0.93307477 0.45918864
-4.81825161 8.05789661 1.23175836 -0.93460500 0.95813769 0.59939563
-5.02410269 7.79388142 0.94062668 -0.97453427 0.92674452 0.45772576
-4.74519014 8.08478260 0.91560251 -0.92043310 0.96133459 0.44554853
-4.87908459 8.04436302 1.23464847 -0.94640487 0.95652843 0.60080200
-4.84826231 7.94839191 0.57720047 -0.94042623 0.94511682 0.28087607
-4.87745714 7.74378824 1.92308700 -0.94608921 0.92078811 0.93580854
-5.06105900 7.74384165 0.93808293 -0.98170274 0.92079443 0.45648792
-4.83569288 8.12132168 0.92431998 -0.93798810 0.96567935 0.44979063
-4.89415359 7.95631313 1.22482216 -0.94932783 0.94605875 0.59602034
-4.89810753 7.91777277 0.57720047 -0.95009476 0.94147605 0.28087607
-4.68803215 7.68104267 1.42240822 -0.90934604 0.91332722 0.69216925
-5.02320147 7.86441612 1.96157026 -0.97435945 0.93513155 0.95453513
-4.85053396 8.03131199 0.91649663 -0.94086683 0.95497662 0.44598365
-4.90410566 7.86168718 1.21383989 -0.95125824 0.93480706 0.59067619
-4.74481297 8.24091244 1.20132339 -0.92035997 0.97989947 0.58458543
-4.95733023 7.90202332 0.57857960 -0.96158230 0.93960333 0.28154719
-4.81963396 7.78554583 1.44797051 -0.93487310 0.92575336 0.70460832
-4.87589645 7.96005630 0.91113204 -0.94578648 0.94650382 0.44337314
-4.93854237 7.80733633 1.20979381 -0.95793802 0.92834437 0.58870727
-4.79152155 8.20237732 1.19992757 -0.92942011 0.97531742 0.58390623
-5.00365973 7.86567879 0.57811987 -0.97056890 0.93528169 0.28132346
-4.87688398 7.76846790 1.45052683 -0.94597799 0.92372268 0.70585227
-4.88710833 7.89480066 0.90554386 -0.94796121 0.93874449 0.44065383
-4.99239016 7.81061983 1.21441793 -0.96838295 0.92873484 0.59095746
-4.80604124 8.13872814 1.19322717 -0.93223649 0.96774906 0.58064568
-4.93997002 7.78701973 1.45851505 -0.95821494 0.92592859 0.70973951
-4.93661594 7.86393881 0.90554386 -0.95756429 0.93507481 0.44065383
-5.09968281 7.86865044 1.23002434 -0.98919469 0.93563503 0.59855181
-4.82260609 8.05053234 1.18373489 -0.93544960 0.95726204 0.57602656
-5.00199223 7.85788012 0.90889674 -0.97024548 0.93435436 0.44228539
-4.82038307 8.19253063 0.86530864 -0.93501842 0.97414654 0.42107466
-4.84747601 7.97770452 1.17675531 -0.94027370 0.94860232 0.57263017
-4.86588907 7.96303511 0.52095330 -0.94384527 0.94685799 0.25350520
-5.03612614 7.80295134 0.90576738 -0.97686648 0.92782301 0.44076261
-4.85043240 8.12617111 0.86089730 -0.94084716 0.96625596 0.41892803
-5.12991619 7.70197582 1.21210587 -0.99505913 0.91581631 0.58983237
-4.86540985 7.89475393 1.16810071 -0.94375235 0.93873894 0.56841868
-4.88545656 7.88306093 0.51686680 -0.94764084 0.93734854 0.25151664
-4.68394279 7.96909428 1.37774670 -0.90855283 0.94757849 0.67043614
-5.08832932 7.77613688 0.90643799 -0.98699242 0.92463458 0.44108894
-4.84288740 7.99842930 0.84892374 -0.93938363 0.95106661 0.41310146
-4.91596365 7.86570978 1.16837990 -0.95355839 0.93528539 0.56855452
-4.71768999 8.24035549 1.14578032 -0.91509885 0.97983325 0.55755717
-4.84993029 8.13504791 1.41246903 -0.94074976 0.96731150 0.68733269
-4.82310152 7.71565914 1.82985091 -0.93554574 0.91744334 0.89043814
-4.86400747 7.92032337 0.84304202 -0.94348031 0.94177932 0.41023931
-4.96423149 7.83299160 1.16810071 -0.96292096 0.93139499 0.56841868
-4.74639130 8.17118263 1.13961184 -0.92066610 0.97160816 0.55455548
-4.78575182 7.91299438 1.37835062 -0.92830092 0.94090784 0.67073005
-5.01782322 7.91720963 1.88604569 -0.97331625 0.94140905 0.91778356
-4.89187098 7.88208437 0.84115142 -0.94888508 0.93723243 0.40931931
-5.00960350 7.82287216 1.17033410 -0.97172183 0.93019170 0.56950551
-4.81203938 8.19481182 1.14685309 -0.93339998 0.97441781 0.55807924
-4.79319286 7.84136868 1.36959457 -0.92974430 0.93239105 0.66646922
-4.93390846 7.83939314 0.83968097 -0.95703912 0.93215615 0.40860376
-5.10487366 7.86276722 1.18233895 -0.99020159 0.93493551 0.57534724
-4.81050062 8.07598686 1.13290703 -0.93310148 0.96028870 0.55129284
-4.84029055 7.80773211 1.36899066 -0.93887991 0.92839146 0.66617531
-4.98626614 7.81327486 0.84031117 -0.96719503 0.92905051 0.40891042
-4.83440495 8.00155544 1.12593400 -0.93773824 0.95143837 0.54789960
-4.89554358 7.78722239 1.37080228 -0.94959742 0.92595273 0.66705692
-5.02772188 7.77008581 0.83884072 -0.97523630 0.92391503 0.40819490
-5.14630175 7.71221161 1.16782153 -0.99823743 0.91703343 0.56828284
-4.87211370 7.95077038 1.12271571 -0.94505268 0.94539964 0.54633355
-4.89156389 7.94205713 0.47079274 -0.94882548 0.94436359 0.22909616
-4.97402906 7.80305529 1.37925637 -0.96482140 0.92783535 0.67117083
-5.09601498 7.76832008 0.84262186 -0.98848325 0.92370510 0.41003487
-4.88176680 8.10883045 0.81437606 -0.94692510 0.96419406 0.39628994
-4.91567469 7.90991497 1.12110651 -0.95350230 0.94054168 0.54555047
-4.91166162 7.86383486 0.46714464 -0.95272386 0.93506247 0.22732092
-4.88578796 8.00167274 0.80536050 -0.94770515 0.95145231 0.39190280
-4.94831085 7.85208178 1.11681545 -0.95983279 0.93366492 0.54346234
-4.79221010 8.22600651 1.08183193 -0.92955363 0.97812706 0.52643877
-4.97811890 7.85975790 0.46922925 -0.96561474 0.93457764 0.22833534
-4.89932108 7.93966246 0.80075258 -0.95033014 0.94407886 0.38966051
-5.00021315 7.85204840 1.12057018 -0.96990037 0.93366092 0.54528946
-4.78879499 8.13144875 1.07114780 -0.92889124 0.96688354 0.52123964
-4.92368746 7.86829281 0.79594427 -0.95505655 0.93559253 0.38732070
-5.04621410 7.81548834 1.11976564 -0.97882324 0.92931372 0.54489797
-4.81343460 8.05686474 1.06453371 -0.93367064 0.95801497 0.51802111
-5.15538836 7.68205833 1.37895441 -1.00000000 0.91344798 0.67102385
-4.96981812 7.83216763 0.79534322 -0.96400458 0.93129700 0.38702822
-4.84449816 7.99418497 1.05970037 -0.93969607 0.95056194 0.51566917
-4.86988449 7.82766771 1.76636446 -0.94462031 0.93076193 0.85954452
-5.02109146 7.80412912 0.79574394 -0.97395021 0.92796302 0.38722321
-5.11763716 7.71188450 1.11332893 -0.99267733 0.91699451 0.54176575
-4.84391260 7.88066530 1.04723537 -0.93958247 0.93706369 0.50960344
-5.01671600 7.95109272 1.80201817 -0.97310150 0.94543797 0.87689424
-5.07875395 7.78574133 0.79734671 -0.98513508 0.92577660 0.38800317
-4.89015007 8.10455704 0.74160647 -0.94855124 0.96368593 0.36087897
-4.89646959 7.85513210 1.04799855 -0.94977707 0.93402761 0.50997484
-4.89747000 8.00223732 0.73383027 -0.94997114 0.95151943 0.35709494
-4.95417786 7.83764505 1.05003369 -0.96097082 0.93194830 0.51096517
-4.91007233 7.93836832 0.72938669 -0.95241559 0.94392496 0.35493261
-4.99850559 7.82593155 1.05181432 -0.96956915 0.93055546 0.51183164
-4.92610979 7.85330296 0.72346193 -0.95552641 0.93381011 0.35204950
-5.06584787 7.82271719 1.05613899 -0.98263168 0.93017328 0.51393610
-4.96470499 7.80536985 0.72161049 -0.96301281 0.92811054 0.35114858
-5.07583523 7.73094940 1.04698098 -0.98456895 0.91926146 0.50947964
-5.03301096 7.80418873 0.72494316 -0.97626221 0.92797011 0.35277030
-4.70575571 7.74889946 1.65310478 -0.91278392 0.92139584 0.80443037
-4.79955530 7.79294491 1.66920567 -0.93097842 0.92663318 0.81226534
-4.87038946 7.82540417 1.68128145 -0.94471824 0.93049276 0.81814158
