-9.26514816 4.88169813 1.79091430 -0.96342266 0.97212350 0.83557272
-9.25887394 4.80440187 1.78370392 -0.96277022 0.95673102 0.83220863
-9.27834034 4.74077415 1.78164387 -0.96479446 0.94406044 0.83124745
-9.40308475 4.73001146 1.80018461 -0.97776580 0.94191718 0.83989787
-9.43056774 4.68826962 1.80121469 -0.98062360 0.93360484 0.84037846
-9.54132557 4.66860199 1.81700861 -0.99214059 0.92968833 0.84774733
-9.29322338 4.84032965 0.77900070 -0.96634203 0.96388555 0.36345220
-9.24182224 4.74017620 0.77097672 -0.96099716 0.94394135 0.35970852
-9.17049313 4.67826366 0.05102681 -0.95358008 0.93161231 0.02380717
-9.27416039 4.86755323 1.13944495 -0.96435982 0.96930677 0.53162181
-9.29634666 4.69454002 0.77341878 -0.96666682 0.93485349 0.36084789
-9.28272533 4.92968321 1.74254572 -0.96525043 0.98167908 0.81300575
-9.23190308 4.63664293 0.05168724 -0.95996571 0.92332411 0.02411531
-9.24453735 4.77830982 1.13120675 -0.96127951 0.95153511 0.52777815
-9.19293785 4.73109913 0.41286466 -0.95591396 0.94213378 0.19262700
-9.35244656 4.64928865 0.77603531 -0.97250026 0.92584234 0.36206865
-9.19392204 4.69146156 -0.29103473 -0.95601630 0.93424046 -0.13578577
-9.11974621 4.76943588 1.70554674 -0.94830328 0.94976801 0.79574347
-9.28417873 4.59002113 0.05216423 -0.96540153 0.91404003 0.02433785
-9.27049065 4.73649263 1.13169134 -0.96397817 0.94320780 0.52800429
-9.21156693 4.68592167 0.41265181 -0.95785111 0.93313730 0.19252768
-9.20162964 4.64090824 -0.29079729 -0.95681781 0.92417347 -0.13567498
-9.25761890 4.78640842 1.72754622 -0.96263975 0.95314789 0.80600756
-9.36865139 4.57681847 0.05344841 -0.97418529 0.91141087 0.02493700
-9.30361843 4.67992878 1.13217604 -0.96742296 0.93194389 0.52823043
-9.23903942 4.62706089 0.41254541 -0.96070778 0.92141598 0.19247805
-9.23957157 4.58743000 -0.29094568 -0.96076310 0.91352403 -0.13574423
-9.36124706 4.76586723 1.74154580 -0.97341537 0.94905734 0.81253922
-9.43256569 4.67051983 1.14574456 -0.98083133 0.93007022 0.53456098
-9.38089275 4.62433147 0.41924977 -0.97545820 0.92087245 0.19560605
-9.27959919 4.82312822 0.72390109 -0.96492535 0.96046013 0.33774480
-9.31317329 4.55114841 -0.29168761 -0.96841651 0.90629905 -0.13609038
-9.40157413 4.71227741 1.74354577 -0.97760874 0.93838567 0.81347233
-9.24590778 4.73191166 0.71798515 -0.96142197 0.94229555 0.33498466
-9.48930073 4.68201971 1.75454545 -0.98673081 0.93236029 0.81860435
-9.20563793 4.67836666 -0.00643324 -0.95723456 0.93163282 -0.00300151
-9.26944733 4.82690525 1.07775664 -0.96386969 0.96121228 0.50284040
-9.27367783 4.67282438 0.71782082 -0.96430963 0.93052918 0.33490798
-9.53246403 4.51042366 -0.29435852 -0.99121910 0.89818925 -0.13733652
-9.26165199 4.63390923 -0.00605146 -0.96305913 0.92277974 -0.00282338
-9.26250744 4.74946117 1.07290041 -0.96314806 0.94579029 0.50057465
-9.18178082 4.72135305 0.35416618 -0.95475382 0.94019300 0.16524051
-9.36350727 4.64469814 0.72340810 -0.97365040 0.92492819 0.33751479
-9.18256474 4.68441343 -0.35185996 -0.95483536 0.93283695 -0.16416451
-9.31926155 4.58981895 -0.00564422 -0.96904957 0.91399974 -0.00263338
-9.26531315 4.69584274 1.07035673 -0.96343982 0.93511295 0.49938786
-9.18257809 4.66712856 0.35302338 -0.95483673 0.92939490 0.16470732
-9.19205093 4.63476324 -0.35156941 -0.95582175 0.92294979 -0.16402896
-9.41084957 4.58011913 -0.00465158 -0.97857320 0.91206819 -0.00217025
-9.33192825 4.65623379 1.07521296 -0.97036672 0.92722535 0.50165361
-9.22599888 4.61652088 0.35378525 -0.95935178 0.91931707 0.16506279
-9.25319862 4.59298277 -0.35231653 -0.96218014 0.91462976 -0.16437754
-9.26930523 4.86643362 1.38955593 -0.96385491 0.96908379 0.64831412
-9.34971428 4.60543251 0.35883251 -0.97221613 0.91710895 0.16741765
-9.32315636 4.55502272 -0.35327122 -0.96945459 0.90707058 -0.16482295
-9.28626633 4.91560221 1.66652834 -0.96561861 0.97887504 0.77753896
-9.26098442 4.78817654 1.38319778 -0.96298969 0.95349997 0.64534765
-9.24602127 4.75080919 0.66056210 -0.96143377 0.94605875 0.30819324
-9.60184574 4.61728334 -0.35904080 -0.99843365 0.91946888 -0.16751482
-9.24687004 4.82078695 1.65374720 -0.96152204 0.95999390 0.77157575
-9.22371387 4.71496630 -0.04487428 -0.95911419 0.93892115 -0.02093664
-9.29088688 4.72989416 1.38319778 -0.96609908 0.94189382 0.64534765
-9.27390766 4.69172430 0.66040885 -0.96433353 0.93429279 0.30812174
-9.53676510 4.51221180 -0.35688239 -0.99166638 0.89854532 -0.16650780
-9.27521896 4.76169395 1.65342760 -0.96446985 0.94822633 0.77142662
-9.22812176 4.64438152 -0.04512558 -0.95957255 0.92486513 -0.02105389
-9.24290276 4.81926107 1.03362381 -0.96110952 0.95969003 0.48224968
-9.32899857 4.69403410 1.38579881 -0.97006208 0.93475276 0.64656121
-9.17021561 4.75360489 0.30640054 -0.95355123 0.94661546 0.14295487
-9.34590340 4.67284298 0.66469955 -0.97181988 0.93053287 0.31012362
-9.17739105 4.72733021 -0.39343467 -0.95429736 0.94138324 -0.18356170
-9.33280182 4.73573208 1.65981817 -0.97045755 0.94305634 0.77440822
-9.28216839 4.61681175 -0.04480248 -0.96519250 0.91937500 -0.02090314
-9.25884151 4.75385666 1.03183556 -0.96276689 0.94666564 0.48141533
-9.43641186 4.67382288 1.39851511 -0.98123127 0.93072796 0.65249413
-9.17317963 4.68231964 0.30511108 -0.95385945 0.93242002 0.14235327
-9.46641350 4.65875959 0.67251468 -0.98435092 0.92772835 0.31376985
-9.15871906 4.64525080 -0.39209834 -0.95235580 0.92503822 -0.18293822
-9.38358784 4.68754578 1.66365254 -0.97573847 0.93346071 0.77619720
-9.36852741 4.58642673 -0.04422807 -0.97417241 0.91332424 -0.02063514
-9.28819847 5.02168512 2.12888741 -0.96581954 1.00000000 0.99325812
-9.28497696 4.69380188 1.03138852 -0.96548456 0.93470651 0.48120677
-9.22029018 4.63352776 0.30597070 -0.95875818 0.92270374 0.14275433
-9.21816444 4.60273743 -0.39293972 -0.95853716 0.91657227 -0.18333077
-9.50507164 4.67361736 1.68026805 -0.98837078 0.93068707 0.78394938
-9.49454308 4.57415724 -0.04325875 -0.98727596 0.91088092 -0.02018289
-9.24700832 4.92440557 2.11202908 -0.96153641 0.98062813 0.98539269
-9.35168743 4.65389252 1.03608263 -0.97242135 0.92675912 0.48339686
-9.24181080 4.84776688 1.33198094 -0.96099597 0.96536654 0.62145180
-9.29045391 4.59580040 0.30794787 -0.96605402 0.91519088 0.14367680
-9.28821278 4.56492996 -0.39407808 -0.96582103 0.90904343 -0.18386188
-9.24483299 4.84885311 2.10440254 -0.96131021 0.96558285 0.98183441
-9.24923706 4.77774334 1.32835162 -0.96176815 0.95142233 0.61975849
-9.47918987 4.61487055 0.31559867 -0.98567951 0.91898841 0.14724638
-9.24431801 4.74590015 0.59577847 -0.96125668 0.94508117 0.27796763
-9.38337040 4.53856182 -0.39590934 -0.97571582 0.90379262 -0.18471628
-9.21279049 4.69428492 -0.11411769 -0.95797831 0.93480271 -0.05324299
-9.28207302 4.79428053 2.10600805 -0.96518260 0.95471549 0.98258352
-9.27554607 4.71773243 1.32779324 -0.96450388 0.93947196 0.61949795
-9.23660088 4.66875029 0.59281927 -0.96045423 0.92971784 0.27658698
-9.22781658 4.62910461 -0.11415441 -0.95954078 0.92182297 -0.05326012
-9.33992767 4.75013113 2.11243033 -0.97119850 0.94592375 0.98557991
-9.29771614 4.83996058 0.96844941 -0.96680921 0.96381205 0.45184177
-9.31888771 4.68468571 1.33114350 -0.96901071 0.93289119 0.62106109
-9.17501450 4.74760199 0.24021326 -0.95405024 0.94542009 0.11207440
-9.30663967 4.64933920 0.59662396 -0.96773708 0.92585242 0.27836213
-9.57396603 4.50119591 -0.39976981 -0.99553466 0.89635170 -0.18651743
-9.16348267 4.70603466 -0.45950231 -0.95285112 0.93714255 -0.21438636
-9.24474812 4.89261055 1.56343532 -0.96130139 0.97429657 0.72943962
-9.28354073 4.60251379 -0.11406720 -0.96533519 0.91652775 -0.05321943
-9.41117764 4.73079872 2.12366939 -0.97860736 0.94207394 0.99082363
-9.23069286 4.73135757 0.95689595 -0.95983988 0.94218522 0.44645137
-9.47403908 4.68865061 1.35096538 -0.98514390 0.93368071 0.63030922
-9.16908264 4.67164326 0.23875004 -0.95343345 0.93029392 0.11139172
-9.16792011 4.63568830 -0.45862862 -0.95331258 0.92313403 -0.21397872
-9.22626591 4.80874586 1.55498123 -0.95937955 0.95759606 0.72549528
-9.40744686 4.59076548 -0.11382395 -0.97821939 0.91418827 -0.05310594
-9.52668095 4.71431875 2.14333749 -0.99061775 0.93879217 1.00000000
-9.29039383 4.68855906 0.96046704 -0.96604782 0.93366247 0.44811749
-9.21253204 4.62113762 0.23933533 -0.95795149 0.92023641 0.11166479
-9.22010708 4.58962011 -0.45943990 -0.95873916 0.91396016 -0.21435724
-9.25454044 4.74977493 1.55467927 -0.96231961 0.94585282 0.72535437
-9.49914742 4.56199217 -0.11366332 -0.98775476 0.90845841 -0.05303099
-9.38907051 4.66474152 0.96865946 -0.97630852 0.92891955 0.45193976
-9.27443790 4.88920116 1.27960849 -0.96438867 0.97361761 0.59701681
-9.28614426 4.58537340 0.24116436 -0.96560591 0.91311449 0.11251815
-9.30615139 4.55985737 -0.46143693 -0.96768636 0.90803331 -0.21528897
-9.30359268 4.70137978 1.55800056 -0.96742028 0.93621558 0.72690398
-9.26271534 4.80899668 1.27317178 -0.96316969 0.95764601 0.59401369
-9.43330097 4.58482933 0.24599300 -0.98090780 0.91300613 0.11477101
-9.23677826 4.76908731 0.54049730 -0.96047264 0.94969857 0.25217554
-9.46593761 4.56493807 -0.46599260 -0.98430145 0.90904504 -0.21741448
-9.40545368 4.67907667 1.57037973 -0.97801214 0.93177420 0.73267967
-9.28038311 4.74441195 1.27129447 -0.96500683 0.94478482 0.59313780
-9.22560215 4.69023514 0.53750062 -0.95931053 0.93399626 0.25077739
-9.57201958 4.54237318 -0.46867609 -0.99533224 0.90455157 -0.21866649
-9.20370007 4.68525743 -0.17218645 -0.95703310 0.93300503 -0.08033567
-9.27327728 4.85186481 0.91514987 -0.96426797 0.96618259 0.42697424
-9.30794907 4.70329762 1.27209902 -0.96787328 0.93659747 0.59351319
-9.26723766 4.65652704 0.53893381 -0.96363991 0.92728376 0.25144607
-9.58970165 4.49551201 -0.46855128 -0.99717087 0.89521980 -0.21860826
-9.24011517 4.63090706 -0.17221305 -0.96081966 0.92218190 -0.08034807
-9.24671364 4.94297981 2.01364017 -0.96150577 0.98432690 0.93948817
-9.25399876 4.76808023 0.90954018 -0.96226329 0.94949806 0.42435697
-9.40126133 4.67637444 1.28175402 -0.97757620 0.93123609 0.59801781
-9.17056370 4.70529175 0.18953158 -0.95358747 0.93699455 0.08842825
-9.38584232 4.64227343 0.54544824 -0.97597289 0.92444533 0.25448546
-9.31391335 4.59479141 -0.17237930 -0.96849346 0.91498995 -0.08042564
-9.23586082 4.86291695 2.00443935 -0.96037728 0.96838349 0.93519539
-9.29798603 4.71701670 0.91114295 -0.96683729 0.93932945 0.42510474
-9.18030071 4.63770247 0.18883301 -0.95459992 0.92353511 0.08810233
-9.49567032 4.61013174 -0.17294456 -0.98739320 0.91804475 -0.08068937
-9.25227833 4.79758930 2.00137234 -0.96208441 0.95537436 0.93376446
-9.34882355 4.66913080 0.91354710 -0.97212350 0.92979360 0.42622644
-9.23476124 4.85802746 1.19910419 -0.96026295 0.96740979 0.55945653
-9.18775940 4.56929064 0.18807095 -0.95537549 0.90991181 0.08774678
-9.29973984 4.74825287 2.00520611 -0.96701962 0.94554973 0.93555313
-9.22815037 4.78067303 1.19376206 -0.95957553 0.95200574 0.55696410
-9.35826302 4.58062267 0.19308788 -0.97310507 0.91216844 0.09008748
-9.19344807 4.73557711 0.47802284 -0.95596707 0.94302547 0.22302733
-9.36625576 4.70816946 2.01325679 -0.97393620 0.93756765 0.93930930
-9.19019413 4.72569466 -0.22012772 -0.95562869 0.94105756 -0.10270324
-9.24917889 4.71807241 1.19249010 -0.96176213 0.93953967 0.55637068
-9.19811821 4.66502810 0.47635761 -0.95645267 0.92897660 0.22225040
-9.47807980 4.70834494 2.03280878 -0.98556405 0.93760258 0.94843149
-9.18920803 4.67050886 -0.21992071 -0.95552617 0.93006802 -0.10260666
-9.22444248 4.81936455 0.82918167 -0.95918995 0.95971060 0.38686472
-9.28900528 4.68340015 1.19503403 -0.96590340 0.93263519 0.55755758
-9.17605495 4.76236105 0.12046008 -0.95415843 0.94835913 0.05620211
-9.26635742 4.64498377 0.47945017 -0.96354842 0.92498505 0.22369327
-9.61690903 4.70194769 2.05657792 -1.00000000 0.93632865 0.95952129
-9.22194481 4.61447668 -0.21995257 -0.95893025 0.91891003 -0.10262153
-9.21385384 4.74027729 0.82492328 -0.95808893 0.94396150 0.38487792
-9.41943455 4.67541218 1.20953405 -0.97946590 0.93104446 0.56432271
-9.14710426 4.67447233 0.11881128 -0.95114803 0.93085730 0.05543284
-9.39015675 4.63367796 0.48575416 -0.97642148 0.92273366 0.22663447
-9.28122711 4.57152557 -0.22022326 -0.96509463 0.91035688 -0.10274782
-9.23990631 4.68048477 0.82455295 -0.96079791 0.93205464 0.38470516
-9.20127392 4.62953758 0.11951077 -0.95678079 0.92190915 0.05575920
-9.33500481 4.65534830 0.83140343 -0.97068661 0.92704904 0.38790131
-9.26776791 4.59034252 0.12056001 -0.96369511 0.91410398 0.05624873
-9.55254173 4.55742741 -0.22211812 -0.99330688 0.90754944 -0.10363189
-9.27220631 4.94219398 1.92133105 -0.96415663 0.98417044 0.89642024
-9.39158630 4.57864380 0.12320808 -0.97657013 0.91177440 0.05748422
-9.24568367 4.85356712 1.90925539 -0.96139866 0.96652162 0.89078617
-9.27193928 4.81176233 1.90998721 -0.96412885 0.95819676 0.89112759
-9.35096550 4.77855778 1.92023325 -0.97234625 0.95158452 0.89590800
-9.41414547 4.73656511 1.92718589 -0.97891593 0.94322222 0.89915186
-9.53525448 4.72287703 1.94621432 -0.99150926 0.94049644 0.90802979
