7.77336931 -5.84514856 -0.28219107 0.87389439 -1.00000000 -0.12300403
7.59603262 -5.63813114 -0.27824405 0.85395789 -0.96458304 -0.12128357
7.82368755 -5.65417385 0.03924901 0.87955123 -0.96732765 0.01710822
7.72502279 -5.65863419 -0.27996531 0.86845922 -0.96809071 -0.12203385
7.78731775 -5.55396843 0.03763460 0.87546247 -0.95018429 0.01640452
7.75393152 -5.60531235 -0.27984661 0.87170917 -0.95896834 -0.12198211
7.91213560 -5.56803608 0.03965261 0.88949472 -0.95259100 0.01728414
7.81019354 -5.57153559 -0.28023240 0.87803423 -0.95318973 -0.12215027
7.96176815 -5.52844667 0.03998283 0.89507449 -0.94581801 0.01742808
7.97776604 -5.65669441 0.38306749 0.89687300 -0.96775889 0.16697498
8.19974709 -5.64362192 0.73312443 0.92182845 -0.96552241 0.31956100
7.85487223 -5.52923870 -0.28041044 0.88305706 -0.94595349 -0.12222788
8.00791073 -5.48619938 0.04023966 0.90026188 -0.93859023 0.01754003
8.75550365 -5.33752489 2.29416108 0.98430747 -0.91315472 1.00000000
7.98469019 -5.60530853 0.38179046 0.89765143 -0.95896769 0.16641833
8.20646477 -5.59149694 0.73103124 0.92258364 -0.95660478 0.31864861
7.91041660 -5.51268053 -0.28094465 0.88930148 -0.94312066 -0.12246073
8.65952396 -5.50960732 1.75451946 0.97351730 -0.94259489 0.76477605
7.63393831 -5.73569345 -0.33608702 0.85821933 -0.98127419 -0.14649670
8.07842255 -5.47861338 0.04123032 0.90818894 -0.93729240 0.01797185
8.75046158 -5.27813435 2.28618908 0.98374063 -0.90299404 0.99652511
7.72999191 -5.63908911 -0.01607966 0.86901784 -0.96474695 -0.00700895
8.04770184 -5.57430315 0.38359958 0.90473527 -0.95366323 0.16720691
8.21494198 -5.52209473 0.72824031 0.92353666 -0.94473130 0.31743208
7.99935436 -5.50014496 -0.28192398 0.89929998 -0.94097608 -0.12288761
8.57365608 -5.37992907 1.72979856 0.96386391 -0.92040932 0.75400048
7.59124947 -5.62908649 -0.33405316 0.85342020 -0.96303564 -0.14561015
8.15096474 -5.45324230 0.04207421 0.91634429 -0.93295187 0.01833969
7.82198811 -5.63142490 -0.01518883 0.87936020 -0.96343571 -0.00662065
8.08752060 -5.52699852 0.38391882 0.90921175 -0.94557023 0.16734606
8.27441692 -5.48683500 0.73085684 0.93022293 -0.93869901 0.31857258
8.68445778 -5.37348843 1.74559247 0.97632039 -0.91930741 0.76088488
7.69896650 -5.63457489 -0.33592099 0.86552989 -0.96397460 -0.14642432
8.14997196 -5.37886286 0.04130370 0.91623265 -0.92022687 0.01800384
7.84093857 -5.57055044 -0.01544336 0.88149065 -0.95302117 -0.00673159
8.13535404 -5.48497868 0.38477018 0.91458929 -0.93838137 0.16771716
8.31373692 -5.43799925 0.73138011 0.93464339 -0.93034405 0.31880069
8.12775230 -5.43910503 -0.28299233 0.91373467 -0.93053323 -0.12335330
8.70626068 -5.31165695 1.74318898 0.97877151 -0.90872914 0.75983721
7.73583603 -5.58726406 -0.33596250 0.86967486 -0.95588058 -0.14644243
8.28429317 -5.39279795 0.04350516 0.93133324 -0.92261094 0.01896343
7.89540577 -5.53499174 -0.01513793 0.88761389 -0.94693774 -0.00659846
8.40399075 -5.61045694 1.09437764 0.94478983 -0.95984846 0.47702739
8.20795631 -5.45911407 0.38721779 0.92275137 -0.93395644 0.16878405
8.38797474 -5.41149616 0.73556656 0.94298929 -0.92580986 0.32062551
8.74115276 -5.25786161 1.74353242 0.98269415 -0.89952576 0.75998694
7.80493116 -5.56299305 -0.33683416 0.87744260 -0.95172828 -0.14682236
7.93495369 -5.48869801 -0.01506157 0.89205998 -0.93901771 -0.00656518
8.40421104 -5.53468275 1.08928943 0.94481462 -0.94688487 0.47480947
8.26884937 -5.42490864 0.38892049 0.92959702 -0.92810452 0.16952623
8.04238129 -5.69585180 0.33178678 0.90413713 -0.97445798 0.14462227
8.45378971 -5.37894297 0.73888081 0.95038831 -0.92024058 0.32207015
8.09879589 -5.56120491 0.67164385 0.91047937 -0.95142233 0.29276228
7.87494469 -5.12878466 -0.27732408 0.88531363 -0.87744302 -0.12088256
8.79777050 -5.21685839 1.74833930 0.98905915 -0.89251083 0.76208216
7.86259365 -5.52999687 -0.33741528 0.88392514 -0.94608319 -0.14707567
8.01546764 -5.47039509 -0.01434891 0.90111148 -0.93588638 -0.00625453
8.35380173 -5.42678547 1.07693231 0.93914753 -0.92842561 0.46942315
8.35481834 -5.40637589 0.39221948 0.93926179 -0.92493385 0.17096423
8.00442886 -5.59356022 0.32750136 0.89987046 -0.95695776 0.14275430
8.54318237 -5.36055326 0.74463713 0.96043795 -0.91709447 0.32457927
8.18795776 -5.54721451 0.67706680 0.92050308 -0.94902885 0.29512611
7.97103977 -5.12013674 -0.27845180 0.89611679 -0.87596351 -0.12137413
8.89509010 -5.19913149 1.76138639 1.00000000 -0.88947809 0.76776928
7.92342949 -5.49878168 -0.33807939 0.89076442 -0.94074285 -0.14736515
8.06178951 -5.03511906 0.03653387 0.90631902 -0.86141849 0.01592472
8.08778095 -5.44569397 -0.01376351 0.90924102 -0.93166047 -0.00599936
7.64762306 -5.75915527 -0.37487465 0.85975778 -0.98528808 -0.16340381
7.84880924 -5.73867893 -0.05058248 0.88237548 -0.98178494 -0.02204836
8.48295212 -5.45371342 1.09195471 0.95366681 -0.93303245 0.47597125
8.04874516 -5.56831837 0.32854891 0.90485257 -0.95263934 0.14321092
8.20574188 -5.50300026 0.67624515 0.92250240 -0.94146454 0.29476795
8.07957649 -5.13597822 -0.27993563 0.90831870 -0.87867367 -0.12202092
7.94267082 -5.45683956 -0.33791336 0.89292753 -0.93356729 -0.14729278
8.23872089 -5.09136105 0.03983606 0.92620993 -0.87104046 0.01736411
8.14326572 -5.42754745 -0.01330536 0.91547871 -0.92855597 -0.00579966
7.51735401 -5.60625505 -0.37002432 0.84511274 -0.95912963 -0.16128960
7.76381826 -5.62094164 -0.05182105 0.87282062 -0.96164221 -0.02258824
8.53887558 -5.41408253 1.09510458 0.95995378 -0.92625237 0.47734424
8.07203865 -5.50972939 0.32788229 0.90747124 -0.94261581 0.14292035
8.24679661 -5.45574665 0.67690247 0.92711782 -0.93338031 0.29505447
8.00819302 -5.02053833 -0.27812535 0.90029365 -0.85892397 -0.12123183
7.97845316 -5.40795231 -0.33795488 0.89695024 -0.92520356 -0.14731088
8.18221283 -5.37958145 -0.01322901 0.91985720 -0.92034984 -0.00576638
7.65564966 -5.63454103 -0.37319189 0.86066014 -0.96396881 -0.16267031
7.82994699 -5.59407377 -0.05148000 0.88025492 -0.95704561 -0.02243957
8.59294891 -5.37291431 1.09801209 0.96603280 -0.91920918 0.47861159
8.39469433 -5.63967085 1.03844452 0.94374472 -0.96484643 0.45264673
8.15613937 -5.49248171 0.33073923 0.91692603 -0.93966502 0.14416565
8.30591774 -5.42021370 0.67936742 0.93376434 -0.92730129 0.29612890
7.91524267 -4.89362621 -0.27595896 0.88984400 -0.83721161 -0.12028752
7.93924141 -5.30865622 -0.33612853 0.89254200 -0.90821576 -0.14651479
8.67688942 -5.48282576 1.70088017 0.97546953 -0.93801308 0.74139529
8.16390705 -5.29422522 -0.01401803 0.91779923 -0.90574688 -0.00611031
7.69900227 -5.59218597 -0.37343937 0.86553395 -0.95672262 -0.16277818
7.88622189 -5.55970240 -0.05124664 0.88658142 -0.95116526 -0.02233786
8.65022564 -5.33335686 1.10140431 0.97247195 -0.91244161 0.48009023
8.43492413 -5.59011650 1.03913832 0.94826740 -0.95636857 0.45294917
8.18716526 -5.43890953 0.33054876 0.92041397 -0.93049979 0.14408264
8.36826515 -5.38631773 0.68216103 0.94077349 -0.92150229 0.29734662
7.90992832 -4.82201624 -0.27533573 0.88924658 -0.82496041 -0.12001587
7.75242043 -5.11286831 -0.33064952 0.87153929 -0.87471998 -0.14412655
8.68776512 -5.41355228 1.69621372 0.97669220 -0.92616165 0.73936123
8.11457062 -5.18985367 -0.01526519 0.91225278 -0.88789082 -0.00665393
7.74537945 -5.55183077 -0.37378582 0.87074775 -0.94981861 -0.16292919
7.92428684 -5.51231956 -0.05121074 0.89086080 -0.94305891 -0.02232221
8.73282051 -5.30870962 1.10843086 0.98175740 -0.90822494 0.48315302
8.39847565 -5.49012280 1.02919459 0.94416982 -0.93926144 0.44861478
8.27624226 -5.42360878 0.33369139 0.93042815 -0.92788213 0.14545247
8.45572281 -5.36792660 0.68741965 0.95060563 -0.91835588 0.29963878
8.04000759 -5.71719313 0.28645688 0.90387028 -0.97810912 0.12486345
8.16130829 -5.62602186 0.62347841 0.91750711 -0.96251136 0.27176750
8.01215267 -4.81533098 -0.27658215 0.90073878 -0.82381672 -0.12055917
7.87142611 -5.12094831 -0.33280793 0.88491809 -0.87610233 -0.14506738
8.68972206 -5.33917999 1.68988049 0.97691220 -0.91343784 0.73660064
8.07100391 -5.09059477 -0.01641054 0.90735495 -0.87090939 -0.00715318
7.81280518 -5.52607775 -0.37477568 0.87832785 -0.94541270 -0.16336067
8.00004768 -5.49062729 -0.05076198 0.89937794 -0.93934774 -0.02212660
7.68089485 -5.67139673 -0.11593520 0.86349827 -0.97027421 -0.05053490
8.45614910 -5.45236444 1.03243208 0.95065355 -0.93280166 0.45002598
8.38890648 -5.42263269 0.33816728 0.94309402 -0.92771512 0.14740346
8.56858730 -5.36456442 0.69514316 0.96329403 -0.91778070 0.30300540
7.96274710 -5.58760500 0.28052539 0.89518452 -0.95593894 0.12227798
8.11393642 -5.51872873 0.61581653 0.91218150 -0.94415545 0.26842776
8.03708267 -4.76184797 -0.27649313 0.90354145 -0.81466669 -0.12052037
7.91857147 -5.08114147 -0.33318150 0.89021826 -0.86929208 -0.14523022
8.71467495 -5.27935028 1.68821394 0.97971743 -0.90320206 0.73587418
8.23850250 -5.12456989 -0.01437436 0.92618537 -0.87672192 -0.00626563
7.88185358 -5.50083685 -0.37581503 0.88609034 -0.94109446 -0.16381371
7.63724995 -5.73306227 -0.43603742 0.85859162 -0.98082405 -0.19006400
8.06921291 -5.46372795 -0.05038503 0.90715361 -0.93474579 -0.02196229
7.75995159 -5.65492010 -0.11581128 0.87238592 -0.96745533 -0.05048088
8.48007584 -5.41138315 1.03220081 0.95334345 -0.92579055 0.44992518
8.03829098 -5.58411741 0.28310430 0.90367728 -0.95534223 0.12340210
8.21770573 -5.53261471 0.62301874 0.92384738 -0.94653106 0.27156714
8.01279163 -4.69671917 -0.27569187 0.90081060 -0.80352432 -0.12017110
7.98962593 -5.07388592 -0.33434370 0.89820629 -0.86805081 -0.14573680
7.97358227 -5.50895548 -0.37779477 0.89640266 -0.94248343 -0.16467665
7.55846262 -5.61807537 -0.43191859 0.84973425 -0.96115184 -0.18826865
7.79784918 -5.62650537 -0.11577915 0.87664646 -0.96259409 -0.05046688
8.55085182 -5.38134813 1.03728831 0.96130019 -0.92065209 0.45214275
8.06826687 -5.53012276 0.28284639 0.90704721 -0.94610476 0.12328968
8.24897861 -5.47867250 0.62271225 0.92736316 -0.93730253 0.27143353
7.92488289 -4.96288300 -0.33197775 0.89092779 -0.84906018 -0.14470552
7.86575699 -5.36219740 -0.37353835 0.88428074 -0.91737574 -0.16282132
7.67568588 -5.63095331 -0.43510133 0.86291265 -0.96335506 -0.18965596
8.11376572 -5.36477804 -0.05054658 0.91216230 -0.91781723 -0.02203271
7.83304739 -5.57739925 -0.11577915 0.88060349 -0.95419288 -0.05046688
8.61315346 -5.34538174 1.04121947 0.96830422 -0.91449887 0.45385632
8.13269043 -5.49940491 0.28439376 0.91428983 -0.94084948 0.12396416
8.30996323 -5.44416475 0.62516403 0.93421912 -0.93139887 0.27250224
7.97799635 -4.92669773 -0.33251736 0.89689887 -0.84286952 -0.14494072
8.09368324 -5.44280434 -0.37932906 0.90990460 -0.93116611 -0.16534543
7.72384834 -5.59202051 -0.43560058 0.86832714 -0.95669430 -0.18987358
8.18589401 -5.33873940 -0.05013372 0.92027104 -0.91336250 -0.02185275
7.87774038 -5.53499222 -0.11575162 0.88562793 -0.94693780 -0.05045488
8.69395733 -5.32028723 1.04769444 0.97738832 -0.91020566 0.45667869
8.45492840 -5.66869259 1.00613022 0.95051634 -0.96981156 0.43856129
8.60967731 -5.59373188 1.36007726 0.96791345 -0.95698714 0.59284300
8.20370293 -5.47251701 0.28628495 0.92227316 -0.93624943 0.12478852
7.91635084 -5.69320154 0.21899650 0.88996857 -0.97400457 0.09545820
8.37922478 -5.41450071 0.62838209 0.94200563 -0.92632389 0.27390495
8.18439007 -5.71178102 0.56675023 0.92010200 -0.97718322 0.24704030
7.78968811 -5.56552601 -0.43678629 0.87572896 -0.95216161 -0.19039042
8.14517117 -5.23974895 -0.05092354 0.91569293 -0.89642698 -0.02219702
7.93205690 -5.49910164 -0.11569653 0.89173430 -0.94079757 -0.05043087
8.32770920 -5.50833607 0.98422474 0.93621415 -0.94237745 0.42901292
8.53954697 -5.47246599 1.34186983 0.96002930 -0.93624067 0.58490652
8.25631142 -5.43290806 0.28723058 0.92818749 -0.92947304 0.12520070
7.92429829 -5.62362766 0.21775275 0.89086205 -0.96210176 0.09491607
8.44843960 -5.38418007 0.63160008 0.94978684 -0.92113656 0.27530766
8.08720779 -5.56832600 0.55533624 0.90917659 -0.95264065 0.24206506
8.01359272 -4.81056404 -0.33189476 0.90090066 -0.82300115 -0.14466934
7.85223627 -5.53611326 -0.43784723 0.88276076 -0.94712961 -0.19085287
8.10014820 -5.13934660 -0.05174925 0.91063136 -0.87924993 -0.02255694
8.00601292 -5.47633743 -0.11558639 0.90004855 -0.93690306 -0.05038286
7.78432131 -5.80354643 -0.17013155 0.87512565 -0.99288261 -0.07415850
8.41215706 -5.48838139 0.99093050 0.94570792 -0.93896353 0.43193588
8.61228752 -5.44294310 1.34851694 0.96820688 -0.93118984 0.58780396
8.34902477 -5.41887999 0.29023930 0.93861049 -0.92707312 0.12651217
7.96764994 -5.57947683 0.21811856 0.89573574 -0.95454836 0.09507553
8.58353233 -5.39445305 0.64079434 0.96497416 -0.92289406 0.27931532
8.15169716 -5.53764296 0.55787271 0.91642660 -0.94739133 0.24317068
7.90789080 -4.67937279 -0.32861564 0.88901752 -0.80055672 -0.14324000
7.86850214 -5.07961893 -0.36972737 0.88458937 -0.86903161 -0.16116016
8.56130314 -5.45163345 1.60869360 0.96247512 -0.93267661 0.70121217
7.96879435 -5.54392052 -0.44096756 0.89586437 -0.94846529 -0.19221298
8.20527744 -5.13381100 -0.05097739 0.92245018 -0.87830293 -0.02222049
8.79216194 -5.35012245 2.16695380 0.98842865 -0.91530991 0.94455171
8.10813713 -5.47193813 -0.11539821 0.91152948 -0.93615037 -0.05030083
7.76807213 -5.73481846 -0.16995201 0.87329888 -0.98112452 -0.07408024
8.44962883 -5.45620298 0.99249518 0.94992054 -0.93345839 0.43261790
8.63112164 -5.39811420 1.34736097 0.97032428 -0.92352045 0.58730006
8.00041485 -5.54643679 0.21841121 0.89941919 -0.94889575 0.09520308
8.18100834 -5.50140142 0.55815452 0.91972178 -0.94119102 0.24329352
8.14700222 -4.76981831 -0.33384562 0.91589880 -0.81603032 -0.14551969
7.88222885 -5.03604650 -0.36943039 0.88613254 -0.86157715 -0.16103071
8.64543247 -5.44795227 1.61987710 0.97193313 -0.93204683 0.70608693
8.03921795 -5.53701496 -0.44265252 0.90378153 -0.94728386 -0.19294745
8.32472515 -5.15384293 -0.04997217 0.93587869 -0.88173002 -0.02178233
8.78204823 -5.28751612 2.15816951 0.98729163 -0.90459907 0.94072276
7.74405146 -5.64244747 -0.16970594 0.87059844 -0.96532148 -0.07397299
8.49549389 -5.41045427 0.99405986 0.95507675 -0.92563158 0.43329993
8.68004704 -5.35309601 1.34996200 0.97582453 -0.91581863 0.58843380
8.05322647 -5.50850964 0.21921597 0.90535635 -0.94240713 0.09555387
8.23533630 -5.46316528 0.55984545 0.92582947 -0.93464953 0.24403058
8.13702679 -4.69546318 -0.33289093 0.91477734 -0.80330944 -0.14510356
7.83918381 -4.93968534 -0.36725271 0.88129336 -0.84509152 -0.16008148
8.64255524 -5.37067270 1.61284745 0.97160965 -0.91882569 0.70302278
8.10521889 -5.50780678 -0.44383827 0.91120142 -0.94228685 -0.19346429
7.80537128 -5.61230516 -0.16981235 0.87749207 -0.96016467 -0.07401937
8.56976509 -5.38225698 0.99942446 0.96342647 -0.92080754 0.43563831
8.73551846 -5.31177521 1.35371912 0.98206073 -0.90874940 0.59007150
8.11083889 -5.47350168 0.22024024 0.91183323 -0.93641788 0.09600034
8.29117203 -5.42555952 0.56167734 0.93210655 -0.92821586 0.24482907
8.68961239 -5.32448959 1.61540365 0.97689986 -0.91092461 0.70413697
8.01996517 -4.82786703 -0.05383149 0.90161711 -0.82596141 -0.02346456
7.85354853 -5.57238293 -0.16986555 0.88290828 -0.95333469 -0.07404256
8.61525631 -5.33560705 1.00098908 0.96854067 -0.91282660 0.43632030
8.33411217 -5.57801580 0.92055511 0.93693399 -0.95429838 0.40126002
8.81290436 -5.28315258 1.36123323 0.99076056 -0.90385258 0.59334683
8.52457237 -5.53298903 1.29345381 0.95834583 -0.94659513 0.56380254
8.18162060 -5.44687462 0.22184978 0.91979063 -0.93186247 0.09670192
8.36694717 -5.40049124 0.56520021 0.94062537 -0.92392713 0.24636465
8.05386162 -5.65076399 0.50414670 0.90542775 -0.96674430 0.21975209
8.73304749 -5.27589130 1.61732090 0.98178291 -0.90261030 0.70497268
8.22807884 -5.27506208 -0.11541657 0.92501354 -0.90246844 -0.05030883
7.89989090 -5.53093338 -0.16991210 0.88811815 -0.94624341 -0.07406285
8.73182678 -5.33195877 1.01194191 0.98164570 -0.91220242 0.44109452
8.28611565 -5.47057962 0.91005200 0.93153816 -0.93591797 0.39668182
8.49420261 -5.43754625 1.28256559 0.95493162 -0.93026656 0.55905646
8.26740170 -5.42947865 0.22411779 0.92943430 -0.92888635 0.09769052
8.44777584 -5.37790775 0.56914580 0.94971222 -0.92006350 0.24808450
7.98721170 -5.70509434 0.17390926 0.89793491 -0.97603923 0.07580516
8.07113171 -5.58759022 0.50271350 0.90736932 -0.95593637 0.21912737
8.78640366 -5.23299885 1.62115526 0.98778129 -0.89527220 0.70664406
7.96909285 -5.50498676 -0.17005175 0.89589792 -0.94180441 -0.07412372
7.72089624 -5.74542284 -0.21447498 0.86799526 -0.98293871 -0.09348732
8.37192345 -5.45216179 0.91656393 0.94118476 -0.93276703 0.39952031
8.58673668 -5.42118979 1.29233706 0.96533442 -0.92746824 0.56331575
7.93944836 -5.59623575 0.17067049 0.89256525 -0.95741546 0.07439342
8.14898872 -5.56594610 0.50610101 0.91612214 -0.95223349 0.22060396
7.85591888 -4.67894983 -0.36423361 0.88317472 -0.80048436 -0.15876549
7.73908997 -4.97792768 -0.42517868 0.87004066 -0.85163409 -0.18533079
8.26659679 -5.15426350 -0.11549000 0.92934382 -0.88180196 -0.05034084
8.03958416 -5.49776030 -0.17023131 0.90382266 -0.94056809 -0.07420199
7.64660978 -5.63402033 -0.21347181 0.85964388 -0.96387976 -0.09305006
8.42590523 -5.43102551 0.92013496 0.94725353 -0.92915100 0.40107688
8.63064003 -5.39224529 1.29540801 0.97027010 -0.92251641 0.56465435
7.96737385 -5.55990076 0.17073399 0.89570469 -0.95119923 0.07442110
8.17512703 -5.52748299 0.50610101 0.91906065 -0.94565314 0.22060396
8.14178181 -4.79658651 -0.37180609 0.91531187 -0.82060987 -0.16206625
7.76919794 -4.94571209 -0.42542830 0.87342542 -0.84612256 -0.18543960
7.97121239 -4.91715336 -0.11635286 0.89613622 -0.84123665 -0.05071696
7.74161291 -5.62951088 -0.21406098 0.87032425 -0.96310824 -0.09330686
8.49171257 -5.39831495 0.92412615 0.95465165 -0.92355478 0.40281659
8.66603374 -5.33895350 1.29568720 0.97424912 -0.91339910 0.56477606
8.00544739 -5.51199102 0.17086101 0.89998496 -0.94300270 0.07447647
8.22133350 -5.48373652 0.50701302 0.92425525 -0.93816888 0.22100149
8.14925385 -4.73233175 -0.37116265 0.91615194 -0.80961704 -0.16178578
8.60892582 -5.55591917 1.53082657 0.96782899 -0.95051807 0.66727072
8.03949261 -4.88991833 -0.11625189 0.90381241 -0.83657724 -0.05067294
7.79954433 -5.59713078 -0.21428390 0.87683702 -0.95756859 -0.09340403
8.55239201 -5.36181211 0.92748719 0.96147335 -0.91730982 0.40428165
8.74336243 -5.31121826 1.30294597 0.98294252 -0.90865409 0.56794006
8.06641674 -5.47949982 0.17187709 0.90683925 -0.93744409 0.07491937
8.28734684 -5.45275021 0.50948852 0.93167657 -0.93286771 0.22208053
8.60202026 -5.47509527 1.52327824 0.96705264 -0.93669051 0.66398048
8.02723312 -4.81350183 -0.11636663 0.90243417 -0.82350379 -0.05072296
8.06644249 -5.29601431 -0.16993205 0.90684211 -0.90605301 -0.07407154
7.84270620 -5.55381107 -0.21436352 0.88168937 -0.95015740 -0.09343874
8.63491154 -5.33839941 0.93357897 0.97075033 -0.91330433 0.40693697
8.83086491 -5.28884697 1.31187987 0.99277973 -0.90482676 0.57183427
8.30290985 -5.58439398 0.86887002 0.93342614 -0.95538956 0.37873104
8.53282833 -5.56461906 1.23937953 0.95927393 -0.95200646 0.54023212
8.12895489 -5.44756889 0.17295668 0.91386986 -0.93198127 0.07538994
7.72601652 -5.57005262 0.10012493 0.86857092 -0.95293599 0.04364337
8.34826469 -5.41790056 0.51157314 0.93852502 -0.92690551 0.22298920
8.05052471 -5.63436794 0.44733539 0.90505266 -0.96393919 0.19498865
8.62454510 -5.41355848 1.52116477 0.96958488 -0.92616266 0.66305929
7.99885702 -4.72824001 -0.11652268 0.89924407 -0.80891699 -0.05079097
8.17184162 -5.29182148 -0.17021801 0.91869128 -0.90533566 -0.07419619
7.90363789 -5.52280807 -0.21461828 0.88853937 -0.94485331 -0.09354979
8.25315380 -5.47617817 0.85865241 0.92783248 -0.93687576 0.37427729
8.49418545 -5.46386719 1.22757912 0.95492965 -0.93476957 0.53508848
8.20142937 -5.42166090 0.17441730 0.92201757 -0.92754889 0.07602662
7.86984825 -5.59928799 0.10347248 0.88474071 -0.95793766 0.04510253
8.42590141 -5.39322519 0.51496065 0.94725305 -0.92268401 0.22446577
8.02014828 -5.53815985 0.44257763 0.90163767 -0.94747972 0.19291480
8.65335178 -5.35613108 1.52025890 0.97282338 -0.91633791 0.66266441
8.38910866 -4.88911676 -0.11556344 0.94311678 -0.83644015 -0.05037285
8.12729168 -5.19101381 -0.16991210 0.91368288 -0.88808930 -0.07406285
7.97106504 -5.49581289 -0.21493675 0.89611965 -0.94023496 -0.09368861
8.36742592 -5.47635937 0.86826903 0.94067919 -0.93690681 0.37846908
8.58364677 -5.44531441 1.23642945 0.96498704 -0.93159556 0.53894621
7.93428516 -5.57047081 0.10437182 0.89198482 -0.95300758 0.04549455
8.09927177 -5.51810217 0.44578913 0.91053283 -0.94404823 0.19431466
8.07180595 -4.78932810 -0.43092009 0.90744507 -0.81936806 -0.18783341
8.70874596 -5.31508827 1.52418411 0.97905087 -0.90931618 0.66437536
8.69334412 -4.99427795 -0.11483827 0.97731942 -0.85443133 -0.05005676
8.11780739 -5.13135672 -0.16977909 0.91261667 -0.87788302 -0.07400487
8.40986347 -5.44765282 0.87027246 0.94545007 -0.93199563 0.37934235
8.61761475 -5.41005659 1.23777044 0.96880579 -0.92556357 0.53953075
7.96864367 -5.53874254 0.10462164 0.89584744 -0.94757944 0.04560344
8.12683773 -5.48099375 0.44590807 0.91363186 -0.93769968 0.19436650
8.74721909 -5.28219318 1.52659953 0.98337609 -0.90368843 0.66542822
7.99183655 -4.98219252 -0.16916063 0.89845484 -0.85236371 -0.07373529
8.46911144 -5.41072416 0.87327766 0.95211083 -0.92567778 0.38065228
8.67674541 -5.37140179 1.24179327 0.97545338 -0.91895044 0.54128426
8.01975250 -5.49990749 0.10512128 0.90159315 -0.94093543 0.04582123
8.18933392 -5.44868231 0.44793010 0.92065775 -0.93217176 0.19524789
8.08781338 -4.97153997 -0.16941334 0.90924466 -0.85054123 -0.07384545
8.13470078 -5.40389395 -0.21560553 0.91451585 -0.92450923 -0.09398012
8.53834152 -5.37961006 0.87748492 0.95989376 -0.92035472 0.38248619
8.31720448 -5.66111898 0.79696584 0.93503320 -0.96851581 0.34738877
8.71371078 -5.31883717 1.24232972 0.97960907 -0.90995759 0.54151809
8.34084225 -5.50229263 1.14237595 0.93769056 -0.94134349 0.49794933
8.08887672 -5.47301102 0.10617051 0.90936422 -0.93633395 0.04627858
8.25674343 -5.41909790 0.45030898 0.92823607 -0.92711037 0.19628482
8.05552483 -4.88240623 -0.16916728 0.90561473 -0.83529204 -0.07373819
8.61936092 -5.35516548 0.88309455 0.96900207 -0.91617268 0.38493136
8.23538780 -5.52969074 0.78382033 0.92583525 -0.94603086 0.34165880
8.81326485 -5.30370665 1.25278914 0.99080110 -0.90736902 0.54607725
8.44499207 -5.49536085 1.15306020 0.94939929 -0.94015759 0.50260645
8.16628075 -5.45102930 0.10746956 0.91806608 -0.93257326 0.04684482
8.34251404 -5.40085268 0.45399624 0.93787855 -0.92398894 0.19789205
7.92273235 -4.73459053 -0.16853553 0.89068604 -0.81000346 -0.07346281
8.10132122 -5.23589945 -0.21465012 0.91076326 -0.89576840 -0.09356367
8.27825832 -5.48335314 0.78474605 0.93065482 -0.93810332 0.34206232
8.50269508 -5.45723963 1.15662158 0.95588636 -0.93363577 0.50415885
8.45694733 -5.40006638 0.45970553 0.95074332 -0.92385441 0.20038067
8.26290321 -4.86675882 -0.16973254 0.92892855 -0.83261508 -0.07398458
7.88143206 -5.02311182 -0.21226165 0.88604295 -0.85936427 -0.09252255
8.31920719 -5.43560219 0.78548664 0.93525833 -0.92993397 0.34238514
8.54853439 -5.41115856 1.15840232 0.96103966 -0.92575210 0.50493503
8.30890465 -4.82375002 -0.16979240 0.93410009 -0.82525706 -0.07401067
8.74269485 -5.38691378 1.97146916 0.98286748 -0.92160428 0.85934210
8.07009315 -5.07281160 -0.21374251 0.90725255 -0.86786699 -0.09316805
8.38495827 -5.40378523 0.78900450 0.94265020 -0.92449063 0.34391853
8.59749126 -5.36682463 1.16069186 0.96654350 -0.91816735 0.50593305
8.73945713 -5.32834101 1.96495175 0.98250347 -0.91158348 0.85650122
8.04133511 -5.00186682 -0.21324889 0.90401953 -0.85572964 -0.09295288
8.43883514 -5.38247538 0.79215199 0.94870710 -0.92084491 0.34529048
8.64291382 -5.33880138 1.16374445 0.97164994 -0.91337311 0.50726360
8.77781582 -5.27634811 1.96610188 0.98681587 -0.90268844 0.85700256
8.04025459 -4.93130684 -0.21294634 0.90389806 -0.84365809 -0.09282101
8.51625919 -5.35700369 0.79696584 0.95741123 -0.91648716 0.34738877
8.69659424 -5.29681492 1.16679704 0.97768480 -0.90618998 0.50859421
8.17292595 -5.10920715 0.10297284 0.91881317 -0.87409365 0.04488475
7.86769390 -4.75710154 -0.21105148 0.88449848 -0.81385469 -0.09199506
8.57338238 -5.11253166 -0.21732523 0.96383309 -0.87466240 -0.09472971
8.23681831 -4.84092236 -0.21391766 0.92599607 -0.82819492 -0.09324440
8.68470001 -4.97761106 -0.21754816 0.97634763 -0.85157990 -0.09482689
