-2.724359035491943359e-01,-1.077467873692512512e-01,2.888946533203125000e-01
1.632632464170455933e-01,2.522620558738708496e-02,-9.343537092208862305e-01
2.583401203155517578e-01,2.173667699098587036e-01,-1.593682765960693359e-01
6.071532890200614929e-02,3.868667022288718726e-07,8.776844739913940430e-01
1.623988151550292969e-01,2.266699373722076416e-01,3.839910924434661865e-01
-9.877562522888183594e-02,-1.161467134952545166e-01,-4.136022925376892090e-01
9.641426056623458862e-02,-1.074860095977783203e-01,6.967132538557052612e-02
-2.752191722393035889e-01,-2.333638668060302734e-01,-8.543426543474197388e-02
5.240859836339950562e-02,-1.282070577144622803e-01,5.133665800094604492e-01
-1.437885761260986328e-01,-3.796372562646865845e-02,-7.664004564285278320e-01
-1.341052055358886719e-01,1.242294311523437500e-01,-9.888610802590847015e-03
9.678684920072555542e-02,9.826445579528808594e-02,-5.802438259124755859e-01
-1.472598165273666382e-01,1.289411932229995728e-01,5.019186735153198242e-01
1.924032717943191528e-02,1.115913391113281250e-01,-2.758209109306335449e-01
1.195034980773925781e-01,2.114683836698532104e-01,1.056249961256980896e-01
9.035537391901016235e-02,1.797324717044830322e-01,6.464766263961791992e-01
-2.120057195425033569e-01,-1.136722564697265625e-01,6.135616898536682129e-01
6.659850943833589554e-03,-1.803533136844635010e-01,-9.075577259063720703e-01
-5.720106884837150574e-02,-1.334328651428222656e-01,-1.675118952989578247e-01
-1.433043479919433594e-01,1.139928773045539856e-01,2.526150345802307129e-01
1.685564517974853516e-01,1.111718916035897564e-06,2.757809460163116455e-01
1.897435821592807770e-02,1.446249485015869141e-01,-7.950219511985778809e-01
-5.650840327143669128e-02,-1.621079444885253906e-01,2.503799498081207275e-01
-2.302179038524627686e-01,-9.133720397949218750e-02,7.569701969623565674e-02
1.696720123291015625e-01,1.111186975322198123e-06,-4.009219408035278320e-01
1.266179084777832031e-01,1.131716771851642989e-06,-1.151550263166427612e-01
-6.038451194763183594e-02,-1.743793487548828125e-03,6.696009635925292969e-01
-6.296966224908828735e-02,2.524034678936004639e-02,-9.336218833923339844e-01
-3.932690620422363281e-02,-8.184998482465744019e-02,-6.133059263229370117e-01
-1.349569857120513916e-01,-1.091499328613281250e-01,4.188229143619537354e-01
1.446068286895751953e-01,7.592125982046127319e-02,4.934126138687133789e-01
1.868556253612041473e-02,1.804058551788330078e-01,2.743881046772003174e-01
-1.417867988348007202e-01,-1.185560226440429688e-02,-2.623129189014434814e-01
1.898990012705326080e-02,1.426782608032226562e-01,-8.820739388465881348e-02
1.860558800399303436e-02,1.903848648071289062e-01,4.835874736309051514e-01
7.917642593383789062e-03,4.040804877877235413e-02,-4.315313696861267090e-01
2.404596805572509766e-01,1.458120942115783691e-01,-9.409484453499317169e-03
2.899026870727539062e-02,-7.964792847633361816e-02,-3.132977187633514404e-01
-1.666135787963867188e-01,-3.759595751762390137e-02,-8.732055127620697021e-02
-5.734718963503837585e-02,-1.274049282073974609e-01,1.643737778067588806e-02
9.554618597030639648e-02,-1.290340423583984375e-01,3.341586291790008545e-01
-5.638943612575531006e-02,1.670124530792236328e-01,1.197091639041900635e-01
-1.867911815643310547e-01,3.727085515856742859e-02,3.782592713832855225e-01
-1.601338386535644531e-01,3.770036995410919189e-02,1.200427189469337463e-01
-2.565124034881591797e-01,-3.614749759435653687e-02,4.958036839962005615e-01
-1.077604293823242188e-02,4.010684043169021606e-02,-6.892983913421630859e-01
1.506886482238769531e-01,7.572522759437561035e-02,1.467059254646301270e-01
1.549074649810791016e-01,7.558925449848175049e-02,-2.446356117725372314e-01
-3.434585407376289368e-02,1.228158921003341675e-01,5.968273878097534180e-01
1.641118526458740234e-01,2.403054237365722656e-01,2.425720095634460449e-01
-5.937628075480461121e-02,4.343843460083007812e-02,-1.465356349945068359e-01
-2.555060386657714844e-02,-8.140594512224197388e-02,-8.218011260032653809e-01
-1.365472823381423950e-01,-8.096623420715332031e-02,1.781951934099197388e-01
9.563938528299331665e-02,-1.267209053039550781e-01,2.011743187904357910e-01
-1.227951049804687500e-01,-3.830197080969810486e-02,-5.184503197669982910e-01
-6.659591197967529297e-02,4.128211514853319386e-07,8.433972597122192383e-01
1.491532325744628906e-01,1.120971091950195841e-06,1.628173701465129852e-02
9.517097473144531250e-02,1.146711838373448700e-06,5.875751972198486328e-01
1.014827862381935120e-01,1.828217506408691406e-02,-8.196752667427062988e-01
-5.593967810273170471e-02,1.856200695037841797e-01,3.785119652748107910e-01
9.597486257553100586e-02,1.184141635894775391e-01,-3.829293847084045410e-01
2.490210533142089844e-02,-7.977971434593200684e-02,-9.265960752964019775e-02
-1.414674371480941772e-01,5.059272893959132489e-07,5.766321420669555664e-01
1.921555399894714355e-02,1.146664619445800781e-01,-9.247838854789733887e-01
-1.178240776062011719e-02,-8.096215873956680298e-02,-4.899395704269409180e-01
-1.174877882003784180e-01,-7.717896997928619385e-02,-9.044687747955322266e-01
-7.964904606342315674e-02,-1.276203542947769165e-01,5.224602222442626953e-01
-2.609365880489349365e-01,-1.177480965852737427e-01,-6.571650505065917969e-02
1.665681600570678711e-01,2.064805030822753906e-01,-8.604339510202407837e-02
1.303138732910156250e-01,-7.638198137283325195e-02,4.418016076087951660e-01
-5.954284965991973877e-02,3.654718399047851562e-02,-8.014126420021057129e-01
9.920593351125717163e-02,-3.821778297424316406e-02,-2.293154895305633545e-01
2.023736760020256042e-02,1.217722892761230469e-02,-5.770691037178039551e-01
-2.885603010654449463e-01,-1.234838962554931641e-01,1.760687232017517090e-01
-5.953232571482658386e-02,3.701257705688476562e-02,-3.399893045425415039e-01
-1.173171997070312500e-01,-1.152498573064804077e-01,-3.022949099540710449e-01
1.864871941506862640e-02,1.850306987762451172e-01,1.603393442928791046e-02
1.521813869476318359e-01,7.567711919546127319e-02,3.573889136314392090e-01
-1.362693309783935547e-01,-3.808487206697463989e-02,-6.545476913452148438e-01
9.465193748474121094e-02,7.753145694732666016e-02,-6.951342821121215820e-01
1.009174212813377380e-01,4.259586334228515625e-03,-4.886150956153869629e-01
1.889279112219810486e-02,-1.547501087188720703e-01,4.101952910423278809e-01
9.526659548282623291e-02,1.359827518463134766e-01,-1.674185097217559814e-01
-1.348087638616561890e-01,-1.117756366729736328e-01,3.098614513874053955e-01
-1.087463367730379105e-02,-7.585950195789337158e-02,-9.318829774856567383e-01
-2.797436416149139404e-01,-1.960957050323486328e-01,1.607391238212585449e-02
-2.633373737335205078e-01,-1.081868931651115417e-01,4.172717332839965820e-01
6.007981300354003906e-02,1.574523448944091797e-01,1.798214614391326904e-01
-5.711404979228973389e-02,-1.370332241058349609e-01,1.212475523352622986e-01
-1.624622344970703125e-01,-3.766284510493278503e-02,1.619171164929866791e-02
-2.263850718736648560e-01,-4.820013046264648438e-02,2.166766375303268433e-01
1.646241843700408936e-01,2.332510948181152344e-01,1.574066095054149628e-02
5.859923362731933594e-02,2.065516859292984009e-01,3.905386328697204590e-01
-1.393371671438217163e-01,3.154134750366210938e-02,-8.651260137557983398e-01
9.166661649942398071e-02,2.253220081329345703e-01,5.562263131141662598e-01
2.023137733340263367e-02,1.143336296081542969e-02,-8.788171410560607910e-01
-1.892204284667968750e-01,3.723171353340148926e-02,4.838787615299224854e-01
-2.494773864746093750e-01,-1.774305701255798340e-01,-1.643014550209045410e-01
1.967239379882812500e-02,1.218760088086128235e-01,-6.386178731918334961e-01
-2.106418609619140625e-01,-1.290237903594970703e-01,4.983747899532318115e-01
1.533596515655517578e-01,1.514328122138977051e-01,5.745504498481750488e-01
-5.868350714445114136e-02,-7.211804389953613281e-02,-7.307394146919250488e-01
9.641344100236892700e-02,1.075310707092285156e-01,-8.677398562431335449e-01
1.668405532836914062e-02,-8.004460483789443970e-02,-2.035095095634460449e-01
1.602425575256347656e-01,1.509886384010314941e-01,2.773400843143463135e-01
1.934796199202537537e-02,9.822964668273925781e-02,-5.237569808959960938e-01
1.960551366209983826e-02,6.625866889953613281e-02,6.521399021148681641e-01
1.946811936795711517e-02,-8.331418037414550781e-02,5.904912948608398438e-01
-1.347763538360595703e-01,-1.123499870300292969e-01,-3.644134476780891418e-02
-7.993602752685546875e-02,1.170579791069030762e-01,-9.065826237201690674e-02
1.931152492761611938e-01,1.590578556060791016e-01,7.757415622472763062e-02
1.415846347808837891e-01,7.601868361234664917e-02,-6.211608648300170898e-02
-1.399097442626953125e-01,-3.802620992064476013e-02,-3.524291813373565674e-01
9.837954491376876831e-02,-5.873179435729980469e-02,-3.925256133079528809e-01
-5.665545165538787842e-02,-1.560242176055908203e-01,3.567230105400085449e-01
-2.233876436948776245e-01,-1.445555686950683594e-02,6.167801022529602051e-01
1.641929149627685547e-01,1.507337093353271484e-01,4.361645281314849854e-01
1.573233604431152344e-01,1.117075271395151503e-06,-2.968722581863403320e-01
-7.651092112064361572e-02,-6.132790073752403259e-02,5.975650548934936523e-01
-1.327421516180038452e-01,1.483743190765380859e-01,4.119516015052795410e-01
9.764892607927322388e-02,-7.685446739196777344e-02,-3.695434331893920898e-02
-1.598074436187744141e-01,3.770562633872032166e-02,-3.566497564315795898e-02
-5.632707849144935608e-02,1.695809364318847656e-01,2.234814465045928955e-01
1.345417499542236328e-01,2.293710857629776001e-01,4.701594412326812744e-01
9.950930625200271606e-02,-3.068947792053222656e-02,-8.956100344657897949e-01
1.881330646574497223e-02,-1.645994186401367188e-01,3.025360107421875000e-01
9.493307769298553467e-02,1.442654132843017578e-01,-9.797668084502220154e-03
-5.622078478336334229e-02,-1.739785671234130859e-01,-8.432018756866455078e-01
-2.726299762725830078e-01,-3.588780388236045837e-02,3.642227053642272949e-01
9.091542661190032959e-02,2.439625263214111328e-01,2.924829125404357910e-01
-1.352895796298980713e-01,-1.032576560974121094e-01,-1.966256648302078247e-01
1.930032670497894287e-01,1.575119495391845703e-01,-1.588937342166900635e-01
2.522857189178466797e-01,2.179538309574127197e-01,-5.944732576608657837e-02
8.625745773315429688e-03,1.213416904211044312e-01,-1.777230799198150635e-01
-1.217045783996582031e-01,1.150376498699188232e-01,1.486123651266098022e-01
1.599640846252441406e-01,1.115816075980546884e-06,4.092700183391571045e-01
9.677590429782867432e-02,9.853649139404296875e-02,-4.685583412647247314e-01
-1.407091617584228516e-01,7.232904434204101562e-03,-1.766738891601562500e-01
-1.743805408477783203e-01,3.747081756591796875e-02,2.229852229356765747e-01
-1.564691066741943359e-01,-5.951549485325813293e-02,6.536459922790527344e-01
1.177149936556816101e-01,-6.359312683343887329e-02,5.271646976470947266e-01
-2.845747172832489014e-01,-1.563093662261962891e-01,9.488891065120697021e-02
1.813209652900695801e-01,-3.345251083374023438e-03,-8.449010848999023438e-01
-6.004579365253448486e-02,1.575708389282226562e-02,-5.418826341629028320e-01
1.388511657714843750e-01,-7.610678672790527344e-02,1.474450677633285522e-01
-2.232601046562194824e-01,-1.301836967468261719e-02,2.984298765659332275e-01
1.944890022277832031e-01,2.235581874847412109e-01,1.445709168910980225e-01
-1.552825886756181717e-02,3.611976653337478638e-02,-2.592649459838867188e-01
-2.870440483093261719e-01,-1.070402041077613831e-01,1.534484792500734329e-02
1.603705883026123047e-01,7.541316002607345581e-02,-3.495098650455474854e-01
2.595486640930175781e-01,1.445802599191665649e-01,-1.089312732219696045e-01
1.895501837134361267e-02,-1.470081806182861328e-01,1.730606108903884888e-01
1.900940574705600739e-02,-1.402046680450439453e-01,6.866516172885894775e-02
1.937003619968891144e-02,9.543657302856445312e-02,-3.590356409549713135e-01
-2.098706364631652832e-01,-1.377046108245849609e-01,3.608215153217315674e-01
1.938672922551631927e-02,-9.341716766357421875e-02,-4.140545427799224854e-01
-8.076429367065429688e-03,1.205338239669799805e-01,-7.206219434738159180e-01
-3.554511070251464844e-02,1.192051544785499573e-01,-8.633584380149841309e-01
-1.127105671912431717e-02,-5.242856964468955994e-02,8.736485242843627930e-01
9.568076580762863159e-02,1.257119178771972656e-01,-3.011224269866943359e-01
1.496038436889648438e-01,-7.576020807027816772e-02,2.517764270305633545e-01
1.621501445770263672e-01,1.114773681365477387e-06,1.199237033724784851e-01
2.035716921091079712e-02,2.702975273132324219e-02,-7.910262942314147949e-01
-1.371278464794158936e-01,-7.069158554077148438e-02,9.779357910156250000e-02
-2.088246345520019531e-01,-1.748071461915969849e-01,-4.136322066187858582e-02
7.462215423583984375e-02,7.817707210779190063e-02,5.929035544395446777e-01
-5.984118953347206116e-02,2.422237396240234375e-02,-6.269430518150329590e-01
-1.101489067077636719e-01,-3.850572928786277771e-02,-4.385400414466857910e-01
-9.722259640693664551e-02,6.105924770236015320e-02,6.057496070861816406e-01
-3.226566314697265625e-01,-1.757735013961791992e-01,-1.302645802497863770e-01
-5.678591504693031311e-02,-1.506264209747314453e-01,4.379150271415710449e-01
1.448309421539306641e-01,7.591404765844345093e-02,4.243682697415351868e-02
-5.601985007524490356e-02,1.822919845581054688e-01,5.122892856597900391e-01
1.999937742948532104e-02,-1.736593246459960938e-02,6.358398199081420898e-01
1.547029018402099609e-01,7.559584826231002808e-02,2.512301504611968994e-01
-2.117796242237091064e-01,-1.162168979644775391e-01,1.493673622608184814e-01
-1.349771618843078613e-01,-1.087923049926757812e-01,-1.162045225501060486e-01
-5.632951483130455017e-02,1.695089340209960938e-01,-3.552276641130447388e-02
-1.333851963281631470e-01,1.369826793670654297e-01,3.332980275154113770e-01
-1.390006542205810547e-01,1.142010167241096497e-01,6.877807527780532837e-02
1.910569332540035248e-02,-1.282515525817871094e-01,-9.856566786766052246e-03
8.140090852975845337e-02,5.404824018478393555e-02,8.232895135879516602e-01
-1.133148185908794403e-02,5.270952731370925903e-02,8.649330139160156250e-01
1.995318382978439331e-02,-2.311873435974121094e-02,-1.477093398571014404e-01
-5.711426958441734314e-02,-1.370418071746826172e-01,-2.464437782764434814e-01
-5.734160915017127991e-02,-1.276066303253173828e-01,-6.247008964419364929e-02
1.478366851806640625e-01,7.581716775894165039e-02,-1.403402686119079590e-01
-1.697890758514404297e-01,3.754480183124542236e-02,4.197082296013832092e-02
-8.571028709411621094e-02,3.889949247241020203e-02,-2.247384637594223022e-01
9.481494873762130737e-02,1.471903324127197266e-01,6.851501017808914185e-02
-5.702171847224235535e-02,-1.408708095550537109e-01,-3.523431420326232910e-01
1.596777439117431641e-01,1.115952613872650545e-06,1.982199102640151978e-01
-5.607675015926361084e-02,1.799662113189697266e-01,4.179412871599197388e-02
-5.612311884760856628e-02,1.780478954315185547e-01,3.008718788623809814e-01
9.193346649408340454e-02,2.186932563781738281e-01,2.188854962587356567e-01
1.870304718613624573e-02,1.782867908477783203e-01,9.331694990396499634e-02
1.674096584320068359e-01,1.505261361598968506e-01,3.556250035762786865e-01
1.526024341583251953e-01,1.119326384468877222e-06,4.914825260639190674e-01
9.876111149787902832e-02,-4.925608634948730469e-02,-3.108190894126892090e-01
9.506572782993316650e-02,1.409742832183837891e-01,-8.834014832973480225e-02
-1.351925581693649292e-01,-1.049764156341552734e-01,5.861110091209411621e-01
1.910120546817779541e-01,1.300940513610839844e-01,-6.941802799701690674e-02
5.407501012086868286e-02,-3.309288248419761658e-02,-4.462835788726806641e-01
1.395325660705566406e-01,-7.608481496572494507e-02,3.593145608901977539e-01
-3.194715976715087891e-01,-1.760305911302566528e-01,-5.758788809180259705e-02
-6.305266916751861572e-02,-1.262360811233520508e-01,-9.363125562667846680e-01
7.598266750574111938e-02,2.522879466414451599e-02,-9.342273473739624023e-01
-5.998265743255615234e-02,1.838159561157226562e-02,-4.270755052566528320e-01
8.412837982177734375e-02,1.559004187583923340e-01,2.591937184333801270e-01
8.186960220336914062e-02,7.794347405433654785e-02,-7.868469357490539551e-01
1.480817794799804688e-02,-1.603755652904510498e-01,-8.405572175979614258e-01
-1.067020893096923828e-01,3.856126591563224792e-02,-7.492376565933227539e-01
-9.918166697025299072e-02,1.245129331946372986e-01,5.705107450485229492e-01
1.507694721221923828e-01,7.572262734174728394e-02,-4.312539696693420410e-01
-2.225139588117599487e-01,-4.621505737304687500e-03,4.397811889648437500e-01
1.019762381911277771e-01,3.052687644958496094e-02,-5.817370414733886719e-01
-1.353668142110109329e-02,-1.258705407381057739e-01,5.496270656585693359e-01
1.547205448150634766e-01,7.559527456760406494e-02,-8.799133300781250000e-01
-2.130452841520309448e-01,-1.019706726074218750e-01,2.577566504478454590e-01
1.407060623168945312e-01,1.124999016610672697e-06,-1.932452321052551270e-01
-5.801774188876152039e-02,-9.964489936828613281e-02,-5.515258908271789551e-01
-9.049057960510253906e-02,-1.165474653244018555e-01,-8.441094756126403809e-01
8.043929934501647949e-02,-5.340965464711189270e-02,8.431001901626586914e-01
1.640791147947311401e-01,2.407565116882324219e-01,3.189923167228698730e-01
2.104589939117431641e-01,2.220096290111541748e-01,6.693115085363388062e-02
-1.355807930231094360e-01,-9.808850288391113281e-02,5.036967396736145020e-01
2.024022489786148071e-02,1.253199577331542969e-02,-4.898473918437957764e-01
-1.812913417816162109e-01,3.735947608947753906e-02,3.004028201103210449e-01
1.117158457636833191e-01,1.206405013799667358e-01,6.305611133575439453e-01
1.795792579650878906e-02,-8.000352978706359863e-02,-8.689550757408142090e-01
2.917114272713661194e-02,1.232765540480613708e-01,5.897328853607177734e-01
-1.352059841156005859e-01,-3.810201212763786316e-02,-8.571178913116455078e-01
-1.255214214324951172e-01,3.825804218649864197e-02,-8.885803073644638062e-02
-1.663752645254135132e-01,6.328343600034713745e-02,5.367524623870849609e-01
-2.333617210388183594e-01,-1.096367985010147095e-01,5.544583201408386230e-01
-2.702348232269287109e-01,-3.592640161514282227e-02,2.637878358364105225e-01
1.877853460609912872e-02,1.689159870147705078e-01,5.422734022140502930e-01
-2.857696451246738434e-02,7.666403055191040039e-02,-9.151660203933715820e-01
-2.326922863721847534e-01,-1.191895008087158203e-01,-1.092742849141359329e-02
5.460166931152343750e-02,-1.578076034784317017e-01,2.349270582199096680e-01
-9.723327308893203735e-02,-2.509761601686477661e-02,-9.423773288726806641e-01
-2.226262390613555908e-01,-5.889892578125000000e-03,5.559030175209045410e-01
-3.105497360229492188e-02,1.206901060868403874e-06,-7.310827374458312988e-01
1.117190495133399963e-01,7.627700269222259521e-02,-9.230837821960449219e-01
-2.151923179626464844e-01,-1.752180755138397217e-01,-1.018066406250000000e-01
1.974649429321289062e-01,2.177620977163314819e-01,-1.613821387290954590e-01
-4.176616668701171875e-03,4.021316766738891602e-02,-3.726980388164520264e-01
-5.775283649563789368e-02,-1.106050014495849609e-01,-4.659613072872161865e-01
-1.396053880453109741e-01,2.680063247680664062e-02,-8.056289553642272949e-01
1.019735336303710938e-01,7.729546725749969482e-02,-6.357641220092773438e-01
2.025612071156501770e-02,1.450490951538085938e-02,-6.365847587585449219e-01
9.598521143198013306e-02,-1.181395053863525391e-01,4.169235229492187500e-01
-5.843885615468025208e-02,-8.222198486328125000e-02,-6.696227788925170898e-01
1.899079233407974243e-02,1.425673961639404297e-01,-8.543667197227478027e-01
5.170321464538574219e-02,2.059949487447738647e-01,5.955072045326232910e-01
1.864127069711685181e-02,1.859726905822753906e-01,3.520739674568176270e-01
1.138608455657958984e-01,7.691230624914169312e-02,-5.206018090248107910e-01
-1.349304616451263428e-01,-1.096196174621582031e-01,2.295294106006622314e-01
1.800657957792282104e-01,-2.062368392944335938e-02,-9.008980989456176758e-01
1.046593189239501953e-01,2.102700024843215942e-01,1.630960106849670410e-01
-5.922963842749595642e-02,4.952359199523925781e-02,-8.577093482017517090e-01
7.596421241760253906e-02,1.564272940158843994e-01,1.246032714843750000e-01
2.416534349322319031e-02,-1.276069730520248413e-01,-9.193423986434936523e-01
1.898107528686523438e-01,1.490805596113204956e-01,1.603363081812858582e-02
9.924087673425674438e-02,3.967686836858774768e-07,8.360004425048828125e-01
2.377054691314697266e-01,2.383811473846435547e-01,-1.103366091847419739e-01
9.629145264625549316e-02,-1.105401515960693359e-01,4.730966091156005859e-01
7.708144187927246094e-02,-7.809781283140182495e-02,5.639111399650573730e-01
1.638864278793334961e-01,2.434091567993164062e-01,9.093536436557769775e-02
-6.019902974367141724e-02,9.398937225341796875e-03,-4.856979250907897949e-01
-2.226534783840179443e-01,-6.190061569213867188e-03,3.828002810478210449e-01
-5.578174069523811340e-02,1.921832561492919922e-01,4.566946327686309814e-01
1.584551334381103516e-01,1.511040031909942627e-01,5.184831023216247559e-01
-1.411967873573303223e-01,-1.405477523803710938e-03,-7.236694097518920898e-01
-5.915006622672080994e-02,5.281591415405273438e-02,6.559122800827026367e-01
1.146974563598632812e-01,-7.688533514738082886e-02,1.652893051505088806e-02
-2.102480232715606689e-01,-1.334567070007324219e-01,4.427233934402465820e-01
2.276606559753417969e-01,2.203416377305984497e-01,-9.487304836511611938e-03
-1.720707416534423828e-01,-3.750803694128990173e-02,2.232064753770828247e-01
1.153831481933593750e-01,7.686323672533035278e-02,5.549966096878051758e-01
1.497488021850585938e-01,7.575553655624389648e-02,4.381780922412872314e-01
-5.592435225844383240e-02,-1.862428188323974609e-01,-8.972668051719665527e-01
1.041769981384277344e-02,-8.024659007787704468e-02,-1.485391259193420410e-01
-9.698257595300674438e-02,4.393263566271343734e-07,6.095159053802490234e-01
2.287197113037109375e-02,-7.984514534473419189e-02,-2.584094107151031494e-01
-1.505241394042968750e-01,-3.785519301891326904e-02,1.466592401266098022e-01
6.832580547779798508e-03,3.919643631888902746e-07,8.896335363388061523e-01
9.114873409271240234e-02,2.381727695465087891e-01,4.218157827854156494e-01
-1.023817062377929688e-02,4.011551290750503540e-02,-3.155523538589477539e-01
-1.313846111297607422e-01,-3.816357254981994629e-02,-5.997088551521301270e-01
1.893338933587074280e-02,-1.496412754058837891e-01,4.649925231933593750e-01
-2.984213829040527344e-01,-1.064898818731307983e-01,1.130654886364936829e-01
-1.105926465243101120e-02,-2.572466060519218445e-02,-9.041382074356079102e-01
9.526515007019042969e-02,-1.360011100769042969e-01,2.798587083816528320e-01
-1.355177164077758789e-01,-9.921598434448242188e-02,1.665405184030532837e-02
-2.278970479965209961e-01,-6.521368026733398438e-02,1.607357710599899292e-01
-2.527453601360321045e-01,-1.520235687494277954e-01,1.442837715148925781e-01
-2.635073661804199219e-02,1.204657905873318668e-06,-8.527044653892517090e-01
1.946031115949153900e-02,8.428335189819335938e-02,-4.709722697734832764e-01
-1.355943083763122559e-01,-9.785914421081542969e-02,-2.508557140827178955e-01
-2.193232625722885132e-01,-5.973359942436218262e-02,6.468349695205688477e-01
1.925346441566944122e-02,1.099781990051269531e-01,-5.769643783569335938e-01
-1.139564514160156250e-01,-1.154124215245246887e-01,-3.566750884056091309e-01
4.310745000839233398e-02,5.275394394993782043e-02,8.636914491653442383e-01
9.952480345964431763e-02,-3.029799461364746094e-02,-1.749029457569122314e-01
-2.293474674224853516e-01,-1.761315315961837769e-01,1.894256472587585449e-02
-1.348779201507568359e-01,-1.105508804321289062e-01,3.641161918640136719e-01
-2.806901931762695312e-02,1.195667609572410583e-01,-8.048757910728454590e-01
-2.122562378644943237e-01,-1.108458042144775391e-01,2.031527608633041382e-01
9.550374746322631836e-02,1.301047801971435547e-01,-2.472955286502838135e-01
-2.741136550903320312e-01,-1.076656281948089600e-01,3.643585145473480225e-01
1.635076999664306641e-01,1.114126348511490505e-06,3.554800450801849365e-01
9.595204889774322510e-02,-1.189625263214111328e-01,1.222381591796875000e-01
1.885265111923217773e-02,-1.597330570220947266e-01,3.560662865638732910e-01
1.372997760772705078e-01,1.126623260461201426e-06,-3.600311279296875000e-02
-2.098800092935562134e-01,-1.375992298126220703e-01,3.072289824485778809e-01
-1.652491092681884766e-01,1.129313930869102478e-01,4.355709850788116455e-01
1.453378200531005859e-01,-7.589770853519439697e-02,3.051797449588775635e-01
9.143253415822982788e-02,2.311305999755859375e-01,5.017548799514770508e-01
-2.519431114196777344e-01,-1.087380349636077881e-01,4.712335169315338135e-01
1.859703846275806427e-02,1.914465427398681641e-01,4.301947057247161865e-01
5.866149812936782837e-02,7.574409991502761841e-02,-9.340811967849731445e-01
2.030788362026214600e-02,2.093052864074707031e-02,-7.281823754310607910e-01
-6.382107734680175781e-02,3.925217688083648682e-02,-2.813647389411926270e-01
-1.306383609771728516e-01,1.146055161952972412e-01,2.009139955043792725e-01
-5.657139047980308533e-02,-1.595017910003662109e-01,3.032751381397247314e-01
6.341314315795898438e-02,2.069402784109115601e-01,3.331429958343505859e-01
1.536242961883544922e-01,7.563061267137527466e-02,3.041058182716369629e-01
-5.706416442990303040e-02,-1.390967369079589844e-01,-2.992694079875946045e-01
1.927626505494117737e-02,-1.070768833160400391e-01,-3.572973608970642090e-01
-2.842476367950439453e-01,-1.071754842996597290e-01,2.375073134899139404e-01
1.315307617187500000e-01,-7.634274661540985107e-02,9.524261206388473511e-02
1.873763464391231537e-02,1.739933490753173828e-01,-3.544525057077407837e-02
1.444151401519775391e-01,7.592744380235671997e-02,1.996160894632339478e-01
1.390833854675292969e-01,-7.609930634498596191e-02,2.000680565834045410e-01
-1.592373847961425781e-01,1.132221743464469910e-01,3.831625282764434814e-01
-5.726829916238784790e-02,-1.306691169738769531e-01,-1.149920597672462463e-01
-1.558935642242431641e-01,3.776867687702178955e-02,1.724237054586410522e-01
-5.722811073064804077e-02,-1.323435306549072266e-01,6.891173869371414185e-02
-5.661130324006080627e-02,1.578330993652343750e-01,1.723089516162872314e-01
-5.703267827630043030e-02,-1.403996944427490234e-01,1.735916137695312500e-01
-1.614387035369873047e-01,-3.767933323979377747e-02,-1.394741833209991455e-01
-2.664294242858886719e-01,-3.598771244287490845e-02,4.162625074386596680e-01
1.578574180603027344e-01,7.549416273832321167e-02,-2.969586253166198730e-01
1.492822170257568359e-01,1.120909587370988447e-06,-2.450952082872390747e-01
1.894930563867092133e-02,-1.476655006408691406e-01,1.206707730889320374e-01
-1.153094470500946045e-01,2.525817602872848511e-02,-9.323925971984863281e-01
1.395847797393798828e-01,7.608314603567123413e-02,-9.814147837460041046e-03
1.648974418640136719e-01,1.113463667934411205e-06,-3.486526310443878174e-01
1.875171065330505371e-02,1.722459793090820312e-01,1.452890038490295410e-01
-1.535317897796630859e-01,-3.780673816800117493e-02,-2.184249758720397949e-01
-1.903431415557861328e-01,3.721362724900245667e-02,4.304424822330474854e-01
1.515591144561767578e-01,7.569718360900878906e-02,-1.924563497304916382e-01
9.100512415170669556e-02,2.417366504669189453e-01,3.695263564586639404e-01
1.480896472930908203e-01,7.580900192260742188e-02,9.457671642303466797e-02
1.658406555652618408e-01,2.165012359619140625e-01,-3.488799929618835449e-02
1.558082103729248047e-01,1.117797751248872373e-06,6.820892542600631714e-02
-1.717197895050048828e-01,-3.751369193196296692e-02,-3.548339754343032837e-02
-2.767638266086578369e-01,-2.206368446350097656e-01,-3.498840332031250000e-02
1.872610114514827728e-02,1.754248142242431641e-01,2.228631526231765747e-01
1.832990646362304688e-01,2.246432602405548096e-01,1.971395760774612427e-01
-6.261046975851058960e-02,-7.526195049285888672e-02,-9.440695047378540039e-01
-2.750740647315979004e-01,-2.345545291900634766e-01,-1.360882520675659180e-01
-5.972301214933395386e-02,2.909302711486816406e-02,-6.843371391296386719e-01
2.528095245361328125e-01,1.450151503086090088e-01,-5.927886813879013062e-02
2.415003776550292969e-01,1.457449197769165039e-01,-1.601483076810836792e-01
-2.769517898559570312e-01,-3.581816703081130981e-02,3.130978345870971680e-01
-4.855423048138618469e-02,5.375937744975090027e-02,8.322421312332153320e-01
5.116677284240722656e-02,2.059516608715057373e-01,5.358843803405761719e-01
1.159193515777587891e-01,7.684595137834548950e-02,-8.346593976020812988e-01
1.665522009134292603e-01,2.066996097564697266e-01,4.284637272357940674e-01
-2.959825992584228516e-01,-1.066078469157218933e-01,6.420501321554183960e-02
-4.544738680124282837e-02,-2.516294643282890320e-02,-9.382733106613159180e-01
-5.895628407597541809e-02,-6.081509590148925781e-02,-7.935180664062500000e-01
-2.630925178527832031e-02,1.204638124363555107e-06,-5.802959799766540527e-01
-1.555120944976806641e-01,-3.777483105659484863e-02,6.822631508111953735e-02
1.353166103363037109e-01,2.127449363470077515e-01,4.761444032192230225e-02
4.287216067314147949e-02,-5.246583372354507446e-02,8.726280927658081055e-01
1.269309520721435547e-01,1.131567501033714507e-06,5.520223975181579590e-01
5.935287475585937500e-02,1.237953379750251770e-01,6.260612607002258301e-01
-1.356719136238098145e-01,9.647417068481445312e-02,5.599972605705261230e-01
1.331294178962707520e-01,1.815768331289291382e-01,6.274669170379638672e-01
5.156993865966796875e-04,4.028877615928649902e-02,-5.453436374664306641e-01
-2.224946767091751099e-01,-4.402160644531250000e-03,4.974037110805511475e-01
-5.714905634522438049e-02,-1.356143951416015625e-01,-4.069003164768218994e-01
-1.324902623891830444e-01,1.528396606445312500e-01,4.650839269161224365e-01
8.565673604607582092e-03,-3.320673108100891113e-02,-4.394457340240478516e-01
-4.322528839111328125e-03,1.207153871655464172e-01,-1.212301626801490784e-01
1.944963634014129639e-01,1.780748367309570312e-01,1.377380341291427612e-01
-9.862279891967773438e-02,3.869144245982170105e-02,-1.699484288692474365e-01
-1.368801742792129517e-01,7.506656646728515625e-02,-6.393646448850631714e-02
9.928649663925170898e-02,-3.296637535095214844e-02,-4.540100097656250000e-01
-1.801213026046752930e-01,4.723870006273500621e-07,6.212495565414428711e-01
1.909758336842060089e-02,1.293287277221679688e-01,-6.847793459892272949e-01
1.947928592562675476e-02,8.192777633666992188e-02,-4.160314798355102539e-01
9.521931409835815430e-02,1.371624469757080078e-01,2.002893090248107910e-01
-2.809572219848632812e-02,1.205489979838603176e-06,-6.698998808860778809e-01
-4.739999771118164062e-03,4.020410031080245972e-02,-6.024279594421386719e-01
-5.962294340133666992e-02,3.325152397155761719e-02,-7.424374222755432129e-01
-3.118929862976074219e-01,-1.766424328088760376e-01,-9.122619405388832092e-03
-4.809799045324325562e-02,-5.325429141521453857e-02,8.479112386703491211e-01
1.916251704096794128e-02,1.212677955627441406e-01,-2.214068621397018433e-01
9.203267842531204224e-02,2.162315845489501953e-01,6.124302744865417480e-01
7.955336570739746094e-02,1.154158894678403158e-06,-5.278124809265136719e-01
-1.454310417175292969e-01,-3.793726116418838501e-02,-2.984179556369781494e-01
-1.363597363233566284e-01,-8.429908752441406250e-02,-3.338952660560607910e-01
-3.523635864257812500e-02,1.208894900628365576e-06,-7.935687303543090820e-01
-2.351024001836776733e-01,-1.463153362274169922e-01,-1.289031952619552612e-01
-2.448684573173522949e-01,-6.089818850159645081e-02,6.106929779052734375e-01
-1.339895576238632202e-01,-2.548595145344734192e-02,-9.182794094085693359e-01
-1.386743187904357910e-01,-4.328417778015136719e-02,-7.107403278350830078e-01
7.257223129272460938e-02,2.076797038316726685e-01,2.763290405273437500e-01
-1.136174201965332031e-01,1.154288202524185181e-01,-6.289336830377578735e-02
-1.312112808227539062e-02,4.006906598806381226e-02,-7.483746409416198730e-01
-5.824270099401473999e-02,9.035563468933105469e-02,-1.169485449790954590e-01
-1.180944815278053284e-01,-6.095658987760543823e-02,6.089732646942138672e-01
5.470728874206542969e-02,2.062374949455261230e-01,4.482696354389190674e-01
1.636521071195602417e-01,2.466356754302978516e-01,1.661639362573623657e-01
-1.003985404968261719e-01,-1.160682067275047302e-01,-9.008789062500000000e-01
1.333289146423339844e-01,1.128516714743454941e-06,-4.613952636718750000e-01
-1.082672085613012314e-02,-1.257846653461456299e-01,-9.419031143188476562e-01
1.290728747844696045e-01,-2.538667805492877960e-02,-9.244247674942016602e-01
-2.458488941192626953e-01,-3.631930425763130188e-02,5.773782134056091309e-01
-1.401857584714889526e-01,1.650762557983398438e-02,-1.206893920898437500e-01
2.165615856647491455e-01,1.872257590293884277e-01,-1.808168888092041016e-01
-2.166418433189392090e-01,-1.235772073268890381e-01,5.477738380432128906e-02
-5.692792311310768127e-02,-1.447339057922363281e-01,4.932739138603210449e-01
4.951949790120124817e-02,1.815512031316757202e-01,6.277271509170532227e-01
-5.760041251778602600e-02,-1.169111728668212891e-01,5.545150637626647949e-01
-1.498472690582275391e-01,1.136763840913772583e-01,3.047930896282196045e-01
1.476564407348632812e-01,1.121684817917412147e-06,-8.231207132339477539e-01
1.928323507308959961e-02,-1.062645912170410156e-01,-6.301604956388473511e-02
1.878600940108299255e-02,-1.679883003234863281e-01,2.496853619813919067e-01
-1.417879015207290649e-01,-1.187753677368164062e-02,6.147074699401855469e-01
4.912471771240234375e-02,1.168668404716299847e-06,6.567097306251525879e-01
6.412506103515625000e-02,1.240261718630790710e-01,-3.253149390220642090e-01
-2.854827791452407837e-02,-1.783938705921173096e-01,-9.248749017715454102e-01
1.001113578677177429e-01,-1.574277877807617188e-02,-8.391778469085693359e-01
6.524657830595970154e-03,7.585220038890838623e-02,-9.319684505462646484e-01
1.000435203313827515e-01,-1.743316650390625000e-02,-9.296630322933197021e-02
-2.389311790466308594e-02,-8.135251700878143311e-02,-5.506564378738403320e-01
2.691481113433837891e-01,2.163187116384506226e-01,-1.087472513318061829e-01
-1.107635442167520523e-02,1.286843419075012207e-01,-9.059845209121704102e-01
-1.370365619659423828e-01,-7.230877876281738281e-02,4.379028081893920898e-02
-3.801482915878295898e-02,3.400576859712600708e-02,-3.892326354980468750e-01
1.775983572006225586e-01,5.460262298583984375e-02,-8.579351902008056641e-01
1.728594303131103516e-01,2.256555557250976562e-01,2.765631079673767090e-01
-1.428177356719970703e-01,3.797936812043190002e-02,5.760082602500915527e-01
2.418090775609016418e-02,2.556446008384227753e-02,-9.138324260711669922e-01
-2.782563865184783936e-01,-2.083501815795898438e-01,-1.633526533842086792e-01
-5.702752619981765747e-02,-1.406304836273193359e-01,-8.258202672004699707e-01
-2.921676635742187500e-02,3.900854608218651265e-07,8.791790008544921875e-01
-1.308829784393310547e-01,-3.817166388034820557e-02,-4.076482951641082764e-01
1.903230696916580200e-02,1.374316215515136719e-01,-7.395452857017517090e-01
-2.500221729278564453e-01,-1.774657368659973145e-01,4.962890595197677612e-02
-7.242202758789062500e-02,3.911359608173370361e-02,6.217997670173645020e-01
1.969900727272033691e-02,-5.465245246887207031e-02,-1.730432063341140747e-01
1.690097004175186157e-01,1.921879947185516357e-01,-1.193549633026123047e-01
1.025711297988891602e-01,4.528927803039550781e-02,-6.149255037307739258e-01
1.277328431606292725e-01,2.512312307953834534e-02,-9.407819509506225586e-01
9.858124703168869019e-02,-5.372667312622070312e-02,-6.444884836673736572e-02
-5.701415985822677612e-02,1.411659717559814453e-01,5.765054225921630859e-01
1.904334314167499542e-02,-1.360440254211425781e-01,5.223759412765502930e-01
-5.941045284271240234e-02,4.202485084533691406e-02,-2.013873308897018433e-01
-1.460459232330322266e-01,-3.792735189199447632e-02,-8.237912058830261230e-01
1.871264353394508362e-02,-1.770439147949218750e-01,-8.711141943931579590e-01
6.746826320886611938e-02,-1.238226741552352905e-01,5.963587760925292969e-02
4.217651113867759705e-02,1.289195120334625244e-01,-9.030902385711669922e-01
1.979521103203296661e-02,-4.271006584167480469e-02,-1.192300394177436829e-01
2.700936794281005859e-01,1.668209284543991089e-01,-8.510041236877441406e-02
-2.601856887340545654e-01,-4.372211918234825134e-02,2.135734558105468750e-01
5.001974105834960938e-02,-1.581032872200012207e-01,2.904052734375000000e-01
1.979450508952140808e-02,-4.279780387878417969e-02,6.584263443946838379e-01
3.222060203552246094e-02,-1.592518985271453857e-01,2.094500660896301270e-01
1.918619498610496521e-02,-1.183111667633056641e-01,5.540453791618347168e-01
4.516124725341796875e-02,1.231089010834693909e-01,-2.942571938037872314e-01
1.905568689107894897e-02,1.345293521881103516e-01,-1.410653591156005859e-01
3.501844406127929688e-02,-7.945363223552703857e-02,-3.682360649108886719e-01
1.919531375169754028e-01,1.430521011352539062e-01,-1.285769641399383545e-01
-5.636752024292945862e-02,1.679193973541259766e-01,5.426461696624755859e-01
1.015578433871269226e-01,2.014422416687011719e-02,-5.499993562698364258e-01
7.591629028320312500e-02,-7.813537120819091797e-02,-6.384551525115966797e-02
-1.359436064958572388e-01,9.165859222412109375e-02,1.774075329303741455e-01
-2.823076248168945312e-01,-1.749808788299560547e-01,4.217926040291786194e-02
-3.043951392173767090e-01,-1.890826523303985596e-01,-1.577956676483154297e-01
-1.338282525539398193e-01,1.291334629058837891e-01,2.808904945850372314e-01
2.937436103820800781e-02,-1.594355702400207520e-01,-8.972228765487670898e-01
2.039135806262493134e-02,3.129291534423828125e-02,-8.232687115669250488e-01
1.910833269357681274e-01,1.310753822326660156e-01,-1.096252445131540298e-02
1.488445997238159180e-01,2.008436024188995361e-01,-1.215910911560058594e-02
9.661523252725601196e-02,1.025238037109375000e-01,-8.997598290443420410e-01
-2.264688014984130859e-01,-1.900827735662460327e-01,-1.454293727874755859e-01
-1.250288486480712891e-01,-1.148768514394760132e-01,-1.682540923357009888e-01
9.497091919183731079e-02,1.433267593383789062e-01,1.472088545560836792e-01
9.956378489732742310e-02,-2.934503555297851562e-02,5.751891732215881348e-01
1.576924324035644531e-02,-8.007407933473587036e-02,-9.007586240768432617e-01
-3.104496002197265625e-02,-8.158303797245025635e-02,-5.816863775253295898e-01
1.210932731628417969e-01,-7.667916268110275269e-02,4.983383119106292725e-01
-9.812621772289276123e-02,-7.595746219158172607e-02,-9.297074079513549805e-01
-1.813073754310607910e-01,-1.217899024486541748e-01,6.127600669860839844e-01
7.707500457763671875e-02,7.809802144765853882e-02,-8.182207942008972168e-01
1.797949224710464478e-01,-2.435350418090820312e-02,-8.685479760169982910e-01
-1.220445260405540466e-01,1.259245127439498901e-01,5.486749410629272461e-01
-5.881604179739952087e-02,-6.663537025451660156e-02,-7.619045972824096680e-01
-2.247839719057083130e-01,-3.017067909240722656e-02,2.719604372978210449e-01
1.458625793457031250e-01,2.282733917236328125e-01,4.407324194908142090e-01
-1.095416545867919922e-01,3.851551562547683716e-02,-1.159985288977622986e-01
2.033054083585739136e-02,2.379870414733886719e-02,-7.594112753868103027e-01
-2.902782559394836426e-01,-1.093363761901855469e-01,2.039709389209747314e-01
8.638167381286621094e-02,7.779803127050399780e-02,-7.558935284614562988e-01
1.344976425170898438e-01,7.624712586402893066e-02,5.229721069335937500e-01
-2.343026101589202881e-01,-1.373126506805419922e-01,-9.906981885433197021e-02
2.712695300579071045e-01,1.890220791101455688e-01,-1.585557460784912109e-01
-2.359368801116943359e-01,-1.188999116420745850e-01,-4.188942909240722656e-02
-3.299784660339355469e-02,1.207827494908997323e-06,-7.621542215347290039e-01
6.584882736206054688e-03,4.038656130433082581e-02,-4.887356460094451904e-01
-1.352615952491760254e-01,1.037430763244628906e-01,1.231155395507812500e-01
2.028767578303813934e-02,1.842188835144042969e-02,-6.973159909248352051e-01
-6.028879433870315552e-02,-5.685329437255859375e-03,6.389973163604736328e-01
1.936643421649932861e-01,1.666142940521240234e-01,1.074581891298294067e-01
1.181864738464355469e-01,7.677287608385086060e-02,-4.645883142948150635e-01
-5.855773761868476868e-02,-7.730364799499511719e-02,-6.999886631965637207e-01
-2.318065017461776733e-01,-1.092185974121093750e-01,1.814239472150802612e-02
-1.753401756286621094e-02,-8.114755153656005859e-02,-5.200988650321960449e-01
-2.613172531127929688e-01,-1.082846149802207947e-01,-9.313964284956455231e-03
-1.351014524698257446e-01,-1.065902709960937500e-01,4.742480218410491943e-01
1.340452581644058228e-01,1.219889819622039795e-01,6.096614599227905273e-01
-1.220679283142089844e-01,-1.150200590491294861e-01,-2.215841561555862427e-01
1.436097621917724609e-01,1.123614424614061136e-06,5.206871032714843750e-01
1.612412929534912109e-01,7.538509368896484375e-02,-4.025814831256866455e-01
-2.941632270812988281e-02,1.206119691232743207e-06,-7.003368735313415527e-01
8.525967597961425781e-02,2.087039202451705933e-01,2.486541718244552612e-01
9.063887596130371094e-02,7.766081392765045166e-02,-7.253295779228210449e-01
1.280114650726318359e-01,1.530685573816299438e-01,6.368940472602844238e-01
-1.349395960569381714e-01,1.094474792480468750e-01,-3.648559376597404480e-02
-1.454777717590332031e-01,1.138877347111701965e-01,1.632629334926605225e-02
-5.832585692405700684e-02,-8.689737319946289062e-02,-6.396157741546630859e-01
-1.392468214035034180e-01,3.313422203063964844e-02,-8.954211473464965820e-01
-2.116134166717529297e-01,-1.749871224164962769e-01,-7.153014838695526123e-02
3.543424606323242188e-02,1.226384118199348450e-01,-6.127636432647705078e-01
2.026994712650775909e-02,1.627635955810546875e-02,-6.667898297309875488e-01
9.660152345895767212e-02,-1.028456687927246094e-01,5.023081898689270020e-01
-2.114965617656707764e-01,-1.194033622741699219e-01,5.839452743530273438e-01
1.927183866500854492e-01,1.535933017730712891e-01,4.791503772139549255e-02
-2.711343765258789062e-02,1.205021590067190118e-06,-6.397558450698852539e-01
9.733288735151290894e-02,-8.469724655151367188e-02,5.341381430625915527e-01
-2.091317176818847656e-01,-1.748269647359848022e-01,-1.128173805773258209e-02
1.914391070604324341e-01,1.359782218933105469e-01,-9.889099001884460449e-02
-3.402209281921386719e-02,-1.635267287492752075e-01,-8.258438110351562500e-01
-1.354784816503524780e-01,-9.991145133972167969e-02,6.156573295593261719e-01
1.272773742675781250e-01,2.120959460735321045e-01,7.669433206319808960e-02
-1.368477046489715576e-01,-7.565426826477050781e-02,-3.625537157058715820e-01
-2.871125638484954834e-01,-1.354081630706787109e-01,1.486676037311553955e-01
-7.728338241577148438e-03,-8.083149045705795288e-02,-4.603500366210937500e-01
1.236546039581298828e-01,1.133129785557684954e-06,-6.255584210157394409e-02
-1.338941752910614014e-01,1.279680728912353516e-01,4.278656095266342163e-02
-2.294367104768753052e-01,-8.254194259643554688e-02,1.042059287428855896e-01
-1.413673311471939087e-01,-4.424571990966796875e-03,-2.334695309400558472e-01
-5.884164199233055115e-02,6.555795669555664062e-02,6.236590147018432617e-01
9.842824935913085938e-02,7.740973681211471558e-02,-6.652856469154357910e-01
2.027859166264533997e-02,1.727557182312011719e-02,-8.496691584587097168e-01
-2.227678596973419189e-01,-7.484436035156250000e-03,5.855874419212341309e-01
1.906655132770538330e-01,1.253225803375244141e-01,-4.011047258973121643e-02
-5.666568130254745483e-02,1.555716991424560547e-01,-6.173370406031608582e-02
1.898420788347721100e-02,1.433846950531005859e-01,-8.246423006057739258e-01
-3.776884078979492188e-02,1.210102482218644582e-06,-8.253481984138488770e-01
9.950702637434005737e-02,-3.074645996093750000e-02,-8.647305369377136230e-01
2.024517767131328583e-02,1.312780380249023438e-02,-6.066827178001403809e-01
5.085968971252441406e-02,2.059268653392791748e-01,5.654925704002380371e-01
1.119701862335205078e-01,2.108602523803710938e-01,1.344210803508758545e-01
-2.650237083435058594e-02,1.204730210702109616e-06,-6.098919510841369629e-01
-2.286632657051086426e-01,-7.383608818054199219e-02,1.325491368770599365e-01
9.716920554637908936e-02,-8.875918388366699219e-02,-1.002838090062141418e-02
-1.395979374647140503e-01,2.692151069641113281e-02,-8.360528349876403809e-01
-1.465847492218017578e-01,3.791866824030876160e-02,-6.196014210581779480e-02
-1.215791702270507812e-02,4.008458182215690613e-02,-7.186944484710693359e-01
-5.958019569516181946e-02,3.502035140991210938e-02,-7.718035578727722168e-01
-1.373078823089599609e-01,-6.750226020812988281e-02,1.520635932683944702e-01
5.030393600463867188e-03,-8.042022585868835449e-02,-8.425500392913818359e-01
1.052904129028320312e-01,7.718855142593383789e-02,-6.065518260002136230e-01
5.197119712829589844e-02,2.060166150331497192e-01,5.065054297447204590e-01
-1.388770341873168945e-01,-3.969335556030273438e-02,-8.930401206016540527e-01
-2.170515060424804688e-02,1.198745965957641602e-01,-8.374627232551574707e-01
-2.335323989391326904e-01,-1.286456584930419922e-01,-6.946990638971328735e-02
-5.811635404825210571e-02,-9.559464454650878906e-02,-5.805874466896057129e-01
2.023354545235633850e-02,1.170229911804199219e-02,-5.477303862571716309e-01
1.866470836102962494e-02,1.830463409423828125e-01,5.119894146919250488e-01
1.884489506483078003e-02,1.606783866882324219e-01,-6.158325076103210449e-02
-5.857132747769355774e-02,-7.674121856689453125e-02,-8.181475400924682617e-01
-1.819677352905273438e-01,3.734857589006423950e-02,5.122778415679931641e-01
1.615209579467773438e-01,1.115073700930224732e-06,-4.290575981140136719e-01
9.755635261535644531e-02,2.096966058015823364e-01,1.916632056236267090e-01
-9.048461914062500000e-03,4.013467580080032349e-02,-6.601431369781494141e-01
-5.910331755876541138e-02,5.471944808959960938e-02,-8.864340186119079590e-01
-2.271375656127929688e-01,-5.666995048522949219e-02,1.887753307819366455e-01
-2.225388139486312866e-01,-4.899024963378906250e-03,5.265250802040100098e-01
9.858088195323944092e-02,-5.372142791748046875e-02,-4.212124645709991455e-01
1.897741667926311493e-02,1.441755294799804688e-01,-8.834396004676818848e-01
-5.954804643988609314e-02,3.633165359497070312e-02,-8.317907452583312988e-01
5.317330360412597656e-02,2.061136364936828613e-01,4.773117005825042725e-01
-1.405566483736038208e-01,9.934902191162109375e-03,-7.504287362098693848e-01
-5.792470648884773254e-02,-1.035118103027343750e-01,-5.227407813072204590e-01
-7.755994796752929688e-02,3.903081268072128296e-02,-2.526061832904815674e-01
-5.967043340206146240e-02,3.126859664916992188e-02,-7.132897973060607910e-01
1.959924027323722839e-02,6.703710556030273438e-02,6.231182813644409180e-01
1.805322170257568359e-01,2.163951396942138672e-01,-1.304809600114822388e-01
-2.256394177675247192e-01,-3.979969024658203125e-02,2.444485425949096680e-01
-9.534358978271484375e-04,4.026510566473007202e-02,-4.015417397022247314e-01
1.436514854431152344e-01,2.134177684783935547e-01,1.836944557726383209e-02
-2.218484878540039062e-02,1.198513731360435486e-01,-7.765023708343505859e-01
1.547806262969970703e-01,2.274086177349090576e-01,4.121005237102508545e-01
5.652689933776855469e-02,2.063843607902526855e-01,4.193524122238159180e-01
-1.400478780269622803e-01,1.894807815551757812e-02,-7.778451442718505859e-01
1.941849663853645325e-02,8.949184417724609375e-02,-3.872778117656707764e-01
-7.024765014648437500e-03,4.016728326678276062e-02,-6.311956644058227539e-01
2.023417130112648010e-02,1.178026199340820312e-02,-5.186578035354614258e-01
-5.763021856546401978e-02,-1.156780719757080078e-01,-4.375964403152465820e-01
-2.397882938385009766e-01,-1.093259677290916443e-01,5.263842940330505371e-01
1.498806476593017578e-01,1.516573131084442139e-01,6.031332015991210938e-01
-1.410160511732101440e-01,1.799106597900390625e-03,-2.049490362405776978e-01
-1.539063453674316406e-02,1.201800256967544556e-01,-7.484686374664306641e-01
6.090092658996582031e-02,2.067374587059020996e-01,3.618078529834747314e-01
-1.384960263967514038e-01,-4.645347595214843750e-02,-7.394235134124755859e-01
6.612324714660644531e-02,2.071591019630432129e-01,3.045281767845153809e-01
-5.977988988161087036e-02,2.674031257629394531e-02,-6.555609107017517090e-01
-2.224879413843154907e-01,-4.326820373535156250e-03,4.684994518756866455e-01
9.660548716783523560e-02,1.027655601501464844e-01,-4.401949942111968994e-01
-7.270097732543945312e-03,4.016333073377609253e-02,-3.440392911434173584e-01
-1.291275024414062500e-01,-1.146785989403724670e-01,-8.881530910730361938e-02
-2.220392227172851562e-03,4.024468734860420227e-02,-5.738177299499511719e-01
-2.858001589775085449e-01,-1.462216377258300781e-01,1.216275021433830261e-01
1.730142235755920410e-01,2.038646489381790161e-01,3.976089954376220703e-01
-5.990611016750335693e-02,2.154827117919921875e-02,-5.984674096107482910e-01
2.025356702506542206e-02,1.418805122375488281e-02,-4.613110125064849854e-01
-1.360377818346023560e-01,-9.000277519226074219e-02,-3.058895766735076904e-01
9.673473238945007324e-02,9.955835342407226562e-02,-5.238751173019409180e-01
-1.451153755187988281e-01,-3.794234991073608398e-02,-7.949340939521789551e-01
1.932503096759319305e-02,1.010766029357910156e-01,-3.310601711273193359e-01
3.166808933019638062e-02,-3.347981721162796021e-02,-4.227175712585449219e-01
1.691460609436035156e-01,2.260156273841857910e-01,3.562856912612915039e-01
1.112377643585205078e-01,7.699684798717498779e-02,-5.489867925643920898e-01
-2.310077250003814697e-01,-1.002275943756103516e-01,4.701263457536697388e-02
-1.028077602386474609e-01,-1.159516796469688416e-01,-8.697637915611267090e-01
-5.783505365252494812e-02,-1.072032451629638672e-01,-4.942172169685363770e-01
-2.225699424743652344e-01,-5.251407623291015625e-03,4.112225174903869629e-01
3.454208374023437500e-03,4.033611714839935303e-02,-5.169888138771057129e-01
-5.997361987829208374e-02,1.872491836547851562e-02,-5.701187252998352051e-01
-1.391322910785675049e-01,-3.518176078796386719e-02,-6.835381984710693359e-01
-2.108871042728424072e-01,-1.262571811676025391e-01,5.265874862670898438e-01
-2.227625250816345215e-01,-7.419109344482421875e-03,3.544940054416656494e-01
1.896652951836585999e-02,-1.455788612365722656e-01,4.929691851139068604e-01
-1.404350101947784424e-01,1.209259033203125000e-02,-1.485983282327651978e-01
-6.012050434947013855e-02,1.264786720275878906e-02,-5.137469172477722168e-01
9.613686054944992065e-02,-1.143765449523925781e-01,4.449029564857482910e-01
9.900808334350585938e-03,4.043999686837196350e-02,-4.605694413185119629e-01
8.490490913391113281e-02,1.558503210544586182e-01,4.358459264039993286e-02
-6.028094142675399780e-02,6.010293960571289062e-03,-4.577239751815795898e-01
-2.228965461254119873e-01,-8.925914764404296875e-03,3.262847959995269775e-01
-5.956265330314636230e-02,3.574609756469726562e-02,-3.680438101291656494e-01
1.270890235900878906e-01,-7.648591697216033936e-02,4.696827530860900879e-01
-2.459719181060791016e-01,-1.090268492698669434e-01,4.986508190631866455e-01
1.562685966491699219e-01,1.117578221965231933e-06,4.636663794517517090e-01
9.583660960197448730e-02,-1.218342781066894531e-01,3.891461193561553955e-01
1.560328006744384766e-01,1.512602716684341431e-01,5.463867187500000000e-01
1.928173750638961792e-02,1.064507961273193359e-01,-3.033288419246673584e-01
2.394411265850067139e-01,2.218677997589111328e-01,-3.490569815039634705e-02
-5.950316786766052246e-02,3.818845748901367188e-02,-3.120605349540710449e-01
-1.355941593647003174e-01,-9.786224365234375000e-02,5.316410660743713379e-01
-9.252452850341796875e-02,3.878970071673393250e-02,-1.972177028656005859e-01
1.162393093109130859e-01,7.683563977479934692e-02,-4.924627542495727539e-01
-5.674906447529792786e-02,-1.521337032318115234e-01,1.989169269800186157e-01
9.610530734062194824e-02,1.151700019836425781e-01,-4.106317162513732910e-01
1.900229603052139282e-02,1.411392688751220703e-01,-7.671874761581420898e-01
-1.174027919769287109e-01,3.838885948061943054e-02,-7.749828696250915527e-01
1.334600448608398438e-01,-7.628057152032852173e-02,4.141204655170440674e-01
9.688482433557510376e-02,9.583353996276855469e-02,-8.419372439384460449e-01
1.433274745941162109e-01,7.596250623464584351e-02,-8.545071482658386230e-01
9.179731458425521851e-02,2.220721244812011719e-01,5.838662385940551758e-01
-2.834158539772033691e-01,-1.658580303192138672e-01,6.841521710157394409e-02
-5.721350014209747314e-02,1.329185962677001953e-01,-8.859588205814361572e-02
-2.104290127754211426e-01,-1.314132213592529297e-01,4.704290628433227539e-01
1.954116486012935638e-02,7.424640655517578125e-02,-4.450848400592803955e-01
-1.354907155036926270e-01,-9.969449043273925781e-02,2.036239504814147949e-01
1.606256961822509766e-01,1.509639024734497070e-01,4.908216893672943115e-01
9.986492246389389038e-02,-2.186489105224609375e-02,-1.203350797295570374e-01
-1.347745209932327271e-01,1.123716831207275391e-01,9.611572325229644775e-02
7.251977920532226562e-03,-8.034862577915191650e-02,-1.210095211863517761e-01
-1.154007911682128906e-01,1.153425350785255432e-01,1.755844056606292725e-01
-5.590227618813514709e-02,-1.871676445007324219e-01,-8.675426840782165527e-01
-2.108569443225860596e-01,-1.266026496887207031e-01,2.818493545055389404e-01
-2.494878768920898438e-01,-3.626067936420440674e-02,5.499420166015625000e-01
1.915481537580490112e-01,1.881767362356185913e-01,-1.690268516540527344e-01
9.569031745195388794e-02,-1.254644393920898438e-01,3.615615665912628174e-01
3.202629089355468750e-02,-7.955008000135421753e-02,-3.407549858093261719e-01
1.906385831534862518e-02,1.334972381591796875e-01,-7.120806574821472168e-01
1.978754997253417969e-02,-7.994455844163894653e-02,-2.309649586677551270e-01
1.917115971446037292e-02,-1.201772689819335938e-01,-3.626525774598121643e-02
-1.357917785644531250e-01,-9.435081481933593750e-02,-2.782449424266815186e-01
2.593946456909179688e-02,-7.974627614021301270e-02,-2.858514487743377686e-01
7.132792472839355469e-02,1.567264646291732788e-01,1.518981903791427612e-01
