6.577605847269296646e-03,-5.098844319581985474e-02,9.184478521347045898e-01
-6.355468928813934326e-02,2.547483332455158234e-02,-9.190701246261596680e-01
8.371411263942718506e-02,4.226608276367187500e-01,1.439910847693681717e-02
-4.973747208714485168e-02,-4.422378540039062500e-01,3.706939518451690674e-02
2.841432094573974609e-01,-7.142359763383865356e-02,-3.814257681369781494e-01
-3.290944099426269531e-01,3.497803956270217896e-02,-2.507272362709045410e-01
3.027124404907226562e-01,-7.082506269216537476e-02,3.845031559467315674e-01
-2.588012218475341797e-01,1.084062904119491577e-01,3.924416899681091309e-01
8.849219977855682373e-02,3.040876388549804688e-01,5.888702273368835449e-01
-7.216882705688476562e-02,-2.749655842781066895e-01,4.833744764328002930e-01
3.323561549186706543e-01,8.819866180419921875e-02,-1.011749263852834702e-02
-5.761421471834182739e-02,1.163575649261474609e-01,-5.199389457702636719e-01
-2.851098477840423584e-01,-1.552204787731170654e-01,9.472084045410156250e-02
-2.497959136962890625e-01,2.548483610153198242e-01,4.078338667750358582e-02
-4.049560427665710449e-02,-1.809356957674026489e-01,-2.587215900421142578e-01
2.587785720825195312e-01,-2.904732823371887207e-01,1.565246470272541046e-02
9.429027140140533447e-02,-1.601922512054443359e-01,-6.763910055160522461e-01
2.235631942749023438e-01,2.207389771938323975e-01,2.705374062061309814e-01
9.458313137292861938e-02,1.529493331909179688e-01,-2.186282277107238770e-01
2.292288094758987427e-01,4.312711041620787000e-07,6.911585330963134766e-01
-1.705021560192108154e-01,1.145303398370742798e-01,7.252161502838134766e-01
-5.216218531131744385e-02,3.419215679168701172e-01,2.796377539634704590e-01
1.370799541473388672e-01,-3.062460422515869141e-01,2.818420231342315674e-01
-1.960075646638870239e-01,2.937345504760742188e-01,-2.557815611362457275e-01
4.115762710571289062e-01,-1.347711533308029175e-01,-1.480883806943893433e-01
-1.777515411376953125e-01,-3.741650655865669250e-02,-6.988323926925659180e-01
9.734993427991867065e-02,8.429193496704101562e-02,-7.274529933929443359e-01
-2.156589031219482422e-01,-7.254576683044433594e-02,5.668975710868835449e-01
8.593506366014480591e-02,-3.675265312194824219e-01,-1.510204970836639404e-01
1.666818708181381226e-01,-2.049145698547363281e-01,5.352880954742431641e-01
2.539498805999755859e-01,1.449415534734725952e-01,4.973379373550415039e-01
6.448806822299957275e-02,1.663384735584259033e-01,7.846237421035766602e-01
-1.227944046258926392e-01,-3.246178627014160156e-01,2.332784980535507202e-01
-2.309841811656951904e-01,-2.711408138275146484e-01,-1.059670448303222656e-01
-3.980610370635986328e-01,2.380564510822296143e-01,-1.496884077787399292e-01
-3.149566426873207092e-02,-2.247811853885650635e-01,7.656334638595581055e-01
-1.240694522857666016e-01,2.690876126289367676e-01,5.006370544433593750e-01
3.285360336303710938e-01,-1.159219741821289062e-01,1.502059847116470337e-01
-2.406919002532958984e-01,-1.092822402715682983e-01,3.185354471206665039e-01
6.013122573494911194e-02,-1.808498352766036987e-01,-9.031692743301391602e-01
1.736294329166412354e-01,1.092557907104492188e-01,-4.673159718513488770e-01
-1.359416097402572632e-01,-9.170675277709960938e-02,-4.702569544315338135e-01
3.294779062271118164e-01,1.090824604034423828e-01,-2.516427636146545410e-01
2.262396216392517090e-01,2.735454142093658447e-01,-8.472514152526855469e-02
9.444427490234375000e-02,-1.563711166381835938e-01,-4.572738409042358398e-01
-3.045396804809570312e-01,3.537366911768913269e-02,-9.124755859375000000e-03
1.681077927350997925e-01,-1.852805614471435547e-01,-2.419775277376174927e-01
-2.863314151763916016e-01,1.070746779441833496e-01,1.877117902040481567e-01
-4.321075230836868286e-02,3.466809391975402832e-01,-1.258218288421630859e-01
-1.184026971459388733e-01,4.024105072021484375e-01,8.444000035524368286e-02
-2.405374050140380859e-01,1.092897281050682068e-01,-4.150445461273193359e-01
-1.328709721565246582e-01,-1.460950374603271484e-01,-8.544186353683471680e-01
1.203672885894775391e-01,3.867296874523162842e-01,2.041937261819839478e-01
-1.335144639015197754e-01,1.347053050994873047e-01,-7.704797387123107910e-01
-5.470190569758415222e-02,2.368304729461669922e-01,-3.637005388736724854e-01
9.065686911344528198e-02,2.503783702850341797e-01,3.937759399414062500e-01
-2.294027805328369141e-01,-3.315561711788177490e-01,6.676818430423736572e-02
2.728164196014404297e-01,2.886538803577423096e-01,9.026306122541427612e-02
2.821013927459716797e-01,7.148940861225128174e-02,1.879483014345169067e-01
2.116102576255798340e-01,1.768559962511062622e-01,6.761374473571777344e-01
-1.888191699981689453e-01,-1.117913350462913513e-01,-1.895260512828826904e-01
-2.075388431549072266e-01,2.596341371536254883e-01,2.211822420358657837e-01
1.531811952590942383e-01,-3.908050060272216797e-01,1.084793061017990112e-01
1.895422935485839844e-01,1.101712086892803200e-06,-6.122295856475830078e-01
-9.440215677022933960e-02,-3.393730223178863525e-01,-1.758670806884765625e-01
-2.628084123134613037e-01,3.355772495269775391e-01,-1.057876572012901306e-01
1.356597840785980225e-01,-2.668223530054092407e-02,-8.440185785293579102e-01
-1.511599719524383545e-01,-5.749610438942909241e-02,7.162936925888061523e-01
1.363932788372039795e-01,3.970119735186017351e-07,8.348808288574218750e-01
-2.382452487945556641e-01,1.094005852937698364e-01,5.532636642456054688e-01
1.842772960662841797e-02,-2.124633789062500000e-01,6.129632592201232910e-01
2.444818019866943359e-01,7.270199805498123169e-02,3.433389067649841309e-01
8.825102448463439941e-02,-3.100621700286865234e-01,4.335925281047821045e-01
2.530124187469482422e-01,-7.242702692747116089e-02,5.492947101593017578e-01
-5.804103612899780273e-02,-9.869885444641113281e-02,-6.080831885337829590e-01
-2.168803960084915161e-01,-5.880331993103027344e-02,-3.382098376750946045e-01
2.334585189819335938e-01,-2.197794616222381592e-01,3.723181188106536865e-01
-1.303802579641342163e-01,1.902198791503906250e-01,3.519757091999053955e-01
1.699892804026603699e-02,-3.898284435272216797e-01,2.023077309131622314e-01
-2.140877246856689453e-01,3.683104738593101501e-02,-5.518853664398193359e-01
-6.661438196897506714e-02,1.067337319254875183e-01,8.460505008697509766e-01
1.266584694385528564e-01,-1.152672097086906433e-01,7.138621807098388672e-01
3.979737758636474609e-01,-6.775449961423873901e-02,-8.739928714931011200e-03
-3.792726993560791016e-01,1.712029576301574707e-01,-8.841552771627902985e-03
3.838613927364349365e-01,-3.594427183270454407e-02,-2.691357135772705078e-01
-2.752506732940673828e-01,-1.076106429100036621e-01,-5.863372609019279480e-02
2.349538952112197876e-01,-2.645661830902099609e-01,1.653146296739578247e-01
-1.190063450485467911e-02,-8.301833271980285645e-02,-7.839001417160034180e-01
-7.186248898506164551e-02,2.298100590705871582e-01,7.268401384353637695e-01
-1.910436153411865234e-01,-1.863984018564224243e-01,4.582726955413818359e-01
-3.197057247161865234e-01,1.760116964578628540e-01,-3.018575906753540039e-01
-2.480280399322509766e-01,-3.628418967127799988e-02,1.907614022493362427e-01
-3.969439864158630371e-01,7.324433326721191406e-02,-1.263290345668792725e-01
6.962585262954235077e-03,1.348246783018112183e-01,-8.298867940902709961e-01
2.493841648101806641e-01,-2.182351797819137573e-01,-1.097106933593750000e-01
4.176886081695556641e-01,6.711903959512710571e-02,-1.242398023605346680e-01
2.841918468475341797e-01,7.142203301191329956e-02,-3.814175426959991455e-01
-1.037617474794387817e-01,-1.070615649223327637e-01,8.410315513610839844e-01
9.352976828813552856e-02,1.790885925292968750e-01,-3.731735050678253174e-01
8.333891630172729492e-02,-4.319558143615722656e-01,-8.601074106991291046e-03
-5.243100598454475403e-02,-3.307836055755615234e-01,3.547708094120025635e-01
8.827257901430130005e-02,3.095374107360839844e-01,-1.551272571086883545e-01
-5.705302581191062927e-02,1.395576000213623047e-01,-6.537432670593261719e-01
2.467749565839767456e-01,1.520910263061523438e-01,-1.407849043607711792e-01
-5.825499072670936584e-02,-8.984732627868652344e-02,-3.599633574485778809e-01
3.228206932544708252e-01,-1.573963165283203125e-01,-2.465576082468032837e-01
2.003909088671207428e-02,1.243615150451660156e-02,-4.849795401096343994e-01
2.003211975097656250e-01,-7.412543892860412598e-02,-5.017379522323608398e-01
2.600309848785400391e-01,-1.445507258176803589e-01,2.655117809772491455e-01
1.666057482361793518e-02,4.318304061889648438e-01,1.290869116783142090e-01
1.925947666168212891e-01,-7.437446713447570801e-02,-7.226296663284301758e-01
-5.428835377097129822e-02,2.539570331573486328e-01,-2.342501729726791382e-01
2.936253547668457031e-01,-1.423828005790710449e-01,1.531311031430959702e-02
-1.317054778337478638e-01,-1.667525768280029297e-01,5.985116362571716309e-01
-1.656234264373779297e-01,-2.643813192844390869e-01,3.574288785457611084e-01
-2.023004889488220215e-01,2.229020595550537109e-01,-3.672729432582855225e-01
-1.974272727966308594e-01,-3.709948807954788208e-02,-8.345659971237182617e-01
-2.420768737792968750e-01,-3.638008609414100647e-02,4.467486441135406494e-01
-2.134866714477539062e-01,3.684073686599731445e-02,2.962316870689392090e-01
1.766340620815753937e-02,3.073432445526123047e-01,4.845228493213653564e-01
-2.368454933166503906e-01,-2.563150823116302490e-01,1.675115972757339478e-01
2.718424797058105469e-01,7.182008773088455200e-02,5.973428487777709961e-01
1.624206304550170898e-01,2.635924816131591797e-01,4.954765141010284424e-01
1.960029602050781250e-01,3.744376003742218018e-01,4.203765839338302612e-02
3.013741970062255859e-01,1.048386479851615150e-06,8.836669474840164185e-02
-2.812533378601074219e-01,1.791159212589263916e-01,2.883498966693878174e-01
-1.184529587626457214e-01,-4.015293121337890625e-01,1.311822533607482910e-01
1.783713698387145996e-02,-2.857935428619384766e-01,-2.308697402477264404e-01
6.347899883985519409e-02,-1.637358218431472778e-01,8.114643096923828125e-01
-1.181008294224739075e-01,-4.077672958374023438e-01,-5.516448989510536194e-02
-1.197859868407249451e-01,3.779048919677734375e-01,-3.238830342888832092e-02
-3.023433983325958252e-01,-9.975671768188476562e-03,-1.217016577720642090e-01
-5.305331945419311523e-02,3.050532341003417969e-01,5.883058309555053711e-01
9.554147720336914062e-02,-1.291439533233642578e-01,-8.008709549903869629e-01
4.244384542107582092e-02,1.038296297192573547e-01,8.910423517227172852e-01
9.854529052972793579e-02,5.462956428527832031e-02,-5.621606111526489258e-01
2.897920608520507812e-01,2.143169492483139038e-01,-9.227905422449111938e-03
-3.428777754306793213e-01,2.772510051727294922e-01,-3.427124023437500000e-02
1.868996620178222656e-01,-3.759170174598693848e-01,-9.738463908433914185e-03
1.621334850788116455e-01,1.121790483593940735e-01,7.616530656814575195e-01
1.586822420358657837e-01,-1.558893620967864990e-01,-5.689755678176879883e-01
3.111894130706787109e-01,1.412477940320968628e-01,8.815521001815795898e-02
-1.881575584411621094e-01,1.866313964128494263e-01,4.588454961776733398e-01
3.065764904022216797e-01,1.045905833052529488e-06,2.841345071792602539e-01
2.029647827148437500e-01,-1.482333689928054810e-01,-3.698028624057769775e-01
-1.315165907144546509e-01,1.700882911682128906e-01,-4.549517631530761719e-01
-2.040007114410400391e-01,-2.037758827209472656e-01,2.726846337318420410e-01
2.763135433197021484e-01,1.060336330738209654e-06,4.655807316303253174e-01
9.401508420705795288e-02,-1.670281887054443359e-01,-3.222094774246215820e-01
-1.920660138130187988e-01,3.381009101867675781e-01,1.354641765356063843e-01
1.604070663452148438e-01,2.268630117177963257e-01,-1.663308739662170410e-01
-1.019261181354522705e-01,4.131184709876833949e-07,8.671237230300903320e-01
1.883649453520774841e-02,-1.617209911346435547e-01,-5.371230840682983398e-01
2.472290024161338806e-02,-2.613716386258602142e-02,-8.782984018325805664e-01
-1.583166122436523438e-01,1.132667362689971924e-01,-6.212292313575744629e-01
-2.190467715263366699e-01,4.177985033493314404e-07,6.482399702072143555e-01
1.686442792415618896e-01,1.778936386108398438e-01,-2.950405776500701904e-01
2.297130078077316284e-01,3.144297599792480469e-01,1.861325055360794067e-01
1.552507877349853516e-01,3.038910329341888428e-01,2.796746790409088135e-01
1.684669405221939087e-01,1.803350448608398438e-01,3.538497984409332275e-01
-2.730998098850250244e-01,-2.508139610290527344e-01,-9.415588341653347015e-03
-2.824001312255859375e-01,-3.573038429021835327e-02,8.914092928171157837e-02
-2.001669406890869141e-01,1.856618821620941162e-01,6.182428002357482910e-01
-5.399773642420768738e-02,2.659804821014404297e-01,4.164135754108428955e-01
-1.575189232826232910e-01,7.938136160373687744e-02,-8.588870763778686523e-01
-2.767107486724853516e-01,1.075400114059448242e-01,6.476654112339019775e-02
1.549288183450698853e-01,3.667488098144531250e-01,-5.630432069301605225e-02
1.616706997156143188e-01,-2.739145755767822266e-01,-1.828149408102035522e-01
1.926525682210922241e-02,1.084964275360107422e-01,-4.388006627559661865e-01
2.502789497375488281e-01,-1.451800316572189331e-01,4.459936320781707764e-01
1.277000457048416138e-01,2.319491505622863770e-01,7.103356122970581055e-01
1.817227154970169067e-01,2.807848155498504639e-02,-7.573294639587402344e-01
2.891085147857666016e-01,2.143832743167877197e-01,1.633666902780532837e-01
-2.783786058425903320e-01,3.462059050798416138e-02,-3.512942790985107422e-01
7.421188056468963623e-02,-2.549176812171936035e-01,5.331107378005981445e-01
-2.741918563842773438e-01,2.418243885040283203e-01,1.419769227504730225e-01
1.961704939603805542e-01,-1.211640238761901855e-01,6.224548816680908203e-01
1.849145069718360901e-02,2.045533657073974609e-01,-2.908965945243835449e-01
-1.355723291635513306e-01,-9.823822975158691406e-02,-2.777954041957855225e-01
-1.204046681523323059e-01,3.669443130493164062e-01,2.048205584287643433e-01
1.695120893418788910e-02,3.957521915435791016e-01,2.252990603446960449e-01
1.941209472715854645e-02,-9.026885032653808594e-02,-4.421450793743133545e-01
2.801485061645507812e-01,-2.152520567178726196e-01,8.963836729526519775e-02
2.405977249145507812e-02,7.980686426162719727e-02,-6.564205884933471680e-01
1.121668964624404907e-01,-1.815353929996490479e-01,6.278980970382690430e-01
-1.243494078516960144e-01,2.970581054687500000e-01,-1.561328023672103882e-01
-1.943818032741546631e-01,3.120365142822265625e-01,-3.347198292613029480e-02
4.196166992187500000e-05,-1.209264919161796570e-01,-6.930136084556579590e-01
1.713067591190338135e-01,-3.497907817363739014e-01,-1.045417785644531250e-01
2.141895294189453125e-01,2.216479033231735229e-01,5.881571769714355469e-01
-3.877584934234619141e-01,1.705178916454315186e-01,-2.209475636482238770e-01
-2.628395557403564453e-01,-3.604555130004882812e-02,-2.332858294248580933e-01
2.351937741041183472e-01,3.281098976731300354e-02,-4.636073112487792969e-01
1.687149330973625183e-02,4.056475162506103516e-01,-5.513427779078483582e-02
1.679487526416778564e-02,-4.151585102081298828e-01,-1.011584475636482239e-01
-9.190093725919723511e-02,-2.573206722736358643e-01,-2.279915809631347656e-01
4.310839176177978516e-01,9.865360652838717215e-07,-1.925637722015380859e-01
2.257688045501708984e-01,1.467601209878921509e-01,-3.661315739154815674e-01
-6.561584025621414185e-02,-7.887479662895202637e-02,-8.693786859512329102e-01
1.662570983171463013e-02,-4.361126422882080078e-01,1.058737188577651978e-01
1.743311993777751923e-02,-3.359298706054687500e-01,2.803411781787872314e-01
-5.023440346121788025e-02,4.216787815093994141e-01,1.439849846065044403e-02
-2.222802639007568359e-01,-3.325960934162139893e-01,-3.507629409432411194e-02
2.461724728345870972e-01,1.578233242034912109e-01,-2.455502301454544067e-01
-2.843048050999641418e-02,5.085903406143188477e-02,9.224090576171875000e-01
1.794236712157726288e-02,2.727310657501220703e-01,3.388738930225372314e-01
-2.397162914276123047e-01,-1.824691593647003174e-01,-1.352267414331436157e-01
-3.186669945716857910e-01,2.546562850475311279e-01,-2.514998912811279297e-01
-5.764139816164970398e-02,1.152153015136718750e-01,-8.945318460464477539e-01
1.713500916957855225e-01,-2.688802480697631836e-01,4.253768920898437500e-01
-1.716799885034561157e-01,-2.626922130584716797e-01,-1.805527210235595703e-01
-1.364453136920928955e-01,2.384508699178695679e-01,6.601755619049072266e-01
-1.852908283472061157e-01,2.788074687123298645e-02,-7.696075439453125000e-01
-3.103332407772541046e-02,1.663135886192321777e-01,7.848669290542602539e-01
-2.980651706457138062e-02,-1.597390323877334595e-01,8.526679277420043945e-01
3.344290256500244141e-01,-6.980273872613906860e-02,2.319778352975845337e-01
-1.249171197414398193e-01,2.870030403137207031e-01,2.871264517307281494e-01
3.261511027812957764e-01,1.332244873046875000e-01,-8.939544111490249634e-02
-1.259924471378326416e-01,2.679622173309326172e-01,-3.085095286369323730e-01
-1.976342201232910156e-01,-3.709615021944046021e-02,-6.101647615432739258e-01
-1.526367217302322388e-01,-7.692103087902069092e-02,-9.097516536712646484e-01
-2.084040641784667969e-01,-3.692262619733810425e-02,-4.997796416282653809e-01
2.610621452331542969e-01,1.444825679063796997e-01,2.402108758687973022e-01
3.174022138118743896e-01,-1.967141628265380859e-01,-1.645254492759704590e-01
2.179849147796630859e-01,-2.212798595428466797e-01,2.454702705144882202e-01
9.129500389099121094e-02,-2.345266342163085938e-01,-2.363992184400558472e-01
3.185455203056335449e-01,-1.884200572967529297e-01,-6.142608448863029480e-02
-2.430860996246337891e-01,3.636382892727851868e-02,4.987708926200866699e-01
-1.743562221527099609e-01,-3.395940363407135010e-01,-1.140353381633758545e-01
4.416921138763427734e-01,-6.634533405303955078e-02,-9.991973638534545898e-02
-3.388139605522155762e-01,3.035953044891357422e-01,-1.572604328393936157e-01
3.256082534790039062e-01,1.036830781231401488e-06,-3.493316471576690674e-01
-2.653770446777343750e-01,3.144211769104003906e-01,-2.049160748720169067e-01
-2.177221775054931641e-01,-1.842446923255920410e-01,3.743667602539062500e-01
-2.695162296295166016e-01,3.593796491622924805e-02,1.392312645912170410e-01
9.533569216728210449e-02,-7.723774015903472900e-02,-9.032653570175170898e-01
-1.926696598529815674e-01,-3.313126564025878906e-01,1.601281762123107910e-01
-4.178555011749267578e-01,1.680882424116134644e-01,-1.013528406620025635e-01
1.904878020286560059e-02,-1.353166103363037109e-01,-3.530807495117187500e-01
2.282772511243820190e-01,-3.280854225158691406e-01,8.777404576539993286e-02
7.684936374425888062e-02,3.776244454911648063e-07,9.163955450057983398e-01
1.919629611074924469e-02,1.170747280120849609e-01,-7.459173202514648438e-01
-2.063736915588378906e-01,3.695533797144889832e-02,-4.472128152847290039e-01
3.311308622360229492e-01,-9.709239006042480469e-02,-3.073827922344207764e-01
-1.272691339254379272e-01,5.574831739068031311e-02,7.705321311950683594e-01
-1.486091613769531250e-01,-1.898240745067596436e-01,-2.195669561624526978e-01
-5.790064111351966858e-02,-1.045074462890625000e-01,-5.225238204002380371e-01
2.453205436468124390e-01,-1.659290790557861328e-01,-2.974108755588531494e-01
1.562287360429763794e-01,-3.488428592681884766e-01,1.826779097318649292e-01
3.914977908134460449e-01,-1.099393665790557861e-01,-2.271184921264648438e-01
4.739046096801757812e-03,8.042962104082107544e-02,-5.734621882438659668e-01
-2.001585960388183594e-01,3.705547749996185303e-02,-6.643844246864318848e-01
-1.361026614904403687e-01,-8.885359764099121094e-02,-6.399276852607727051e-01
1.815490722656250000e-01,3.767866492271423340e-01,1.466021686792373657e-01
-2.023263126611709595e-01,2.226111888885498047e-01,3.219729661941528320e-01
2.518617808818817139e-01,1.036984920501708984e-01,4.214193522930145264e-01
-5.052114278078079224e-02,4.098000526428222656e-01,1.770867854356765747e-01
-1.349213272333145142e-01,-1.097817420959472656e-01,-7.785983085632324219e-01
8.441756665706634521e-02,-4.051890373229980469e-01,1.541915833950042725e-01
-3.169443607330322266e-01,1.762346476316452026e-01,1.123477146029472351e-01
-2.685186862945556641e-01,-2.527278661727905273e-01,9.026061743497848511e-02
8.669438213109970093e-02,-3.486902713775634766e-01,2.305172681808471680e-01
2.572150230407714844e-01,2.906759381294250488e-01,-9.398193098604679108e-03
-1.482412815093994141e-01,1.137540563941001892e-01,-5.134338140487670898e-01
3.941853046417236328e-01,-1.358934342861175537e-01,-5.554962158203125000e-02
-5.675265192985534668e-02,1.520028114318847656e-01,-7.351754307746887207e-01
1.725940108299255371e-01,-1.235048770904541016e-01,-6.597298979759216309e-01
-2.225069999694824219e-01,-1.101618558168411255e-01,4.774038493633270264e-01
2.298785895109176636e-01,-3.128495216369628906e-01,-5.789245292544364929e-02
-1.281230896711349487e-01,2.302069664001464844e-01,4.236312806606292725e-01
-1.325933933258056641e-01,2.681221961975097656e-01,5.821296572685241699e-01
2.670748233795166016e-01,-1.440961658954620361e-01,3.658432066440582275e-01
-1.351387798786163330e-01,-1.059188842773437500e-01,-5.507989525794982910e-01
-1.366062462329864502e-01,-7.992196083068847656e-02,-3.894216716289520264e-01
-2.269904613494873047e-01,-1.099449992179870605e-01,2.181671112775802612e-01
4.294166564941406250e-01,9.873310773400589824e-07,-5.450683459639549255e-02
-5.877401679754257202e-02,-6.835579872131347656e-02,-4.462817311286926270e-01
8.742433041334152222e-02,-3.305830955505371094e-01,3.549880981445312500e-01
3.213264942169189453e-01,-7.022507488727569580e-02,3.925659134984016418e-02
1.779841072857379913e-02,-2.905845642089843750e-01,4.882262945175170898e-01
-5.466498434543609619e-02,-2.383577823638916016e-01,5.527514815330505371e-01
1.829802989959716797e-01,1.104841089727415238e-06,-5.322219729423522949e-01
3.540221974253654480e-02,2.614495456218719482e-01,-1.915409564971923828e-01
2.026927471160888672e-01,-7.404898852109909058e-02,-5.818811058998107910e-01
-4.458045959472656250e-02,-1.982221305370330811e-01,6.600677371025085449e-01
-2.050086408853530884e-01,1.924142837524414062e-01,5.389039516448974609e-01
-3.429329395294189453e-01,1.043368726968765259e-01,1.495727524161338806e-02
-2.304632663726806641e-01,-3.656720742583274841e-02,2.684930264949798584e-01
1.650606095790863037e-01,2.272377014160156250e-01,4.246267676353454590e-01
9.570145606994628906e-02,1.251986026763916016e-01,-4.633560180664062500e-01
3.260827958583831787e-01,1.337201595306396484e-01,-1.690252721309661865e-01
2.418976128101348877e-01,-1.984961032867431641e-01,-1.895504742860794067e-01
1.747092232108116150e-02,-3.312375545501708984e-01,4.041448831558227539e-01
1.913083344697952271e-02,-1.251835823059082031e-01,-2.742511034011840820e-01
7.331542670726776123e-03,2.267495840787887573e-01,7.504507303237915039e-01
-1.915280669927597046e-01,3.441565036773681641e-01,3.897796571254730225e-02
2.204587459564208984e-01,-1.471044272184371948e-01,5.313690304756164551e-01
1.872905716300010681e-02,1.750755310058593750e-01,-2.163986116647720337e-01
7.837371900677680969e-03,3.025160729885101318e-01,6.385600566864013672e-01
9.265647083520889282e-02,-2.007415294647216797e-01,-8.339327573776245117e-01
6.131790205836296082e-02,-1.055321991443634033e-01,8.647011518478393555e-01
-5.480154231190681458e-02,2.327249050140380859e-01,3.450500369071960449e-01
-5.167526006698608398e-02,-3.620667457580566406e-01,2.289651483297348022e-01
2.740812301635742188e-01,7.174792885780334473e-02,5.180612206459045410e-01
9.906898438930511475e-02,4.162740707397460938e-02,-8.304339647293090820e-01
-2.910180091857910156e-01,-1.783275902271270752e-01,1.534912083297967911e-02
8.692923933267593384e-02,3.428783416748046875e-01,2.796587944030761719e-01
-2.345147132873535156e-01,3.650192543864250183e-02,2.172192335128784180e-01
-1.281410604715347290e-01,2.298886775970458984e-01,-3.911837637424468994e-01
1.726367473602294922e-01,-1.229159832000732422e-01,-4.372894167900085449e-01
-2.576649188995361328e-01,-1.810201555490493774e-01,1.654528826475143433e-01
9.330038726329803467e-02,-1.847631931304931641e-01,-5.322445631027221680e-01
-2.771682739257812500e-01,2.173130512237548828e-01,2.204476892948150635e-01
-2.362718582153320312e-01,-1.094960272312164307e-01,3.963867127895355225e-01
8.842761069536209106e-02,-3.056802749633789062e-01,-2.044012397527694702e-01
1.618342548608779907e-01,4.145500156482739840e-07,7.613344192504882812e-01
-2.287478446960449219e-01,1.098599880933761597e-01,4.760955572128295898e-01
-3.055813610553741455e-01,1.048383414745330811e-01,-3.325922489166259766e-01
-2.420949935913085938e-01,-3.637978807091712952e-02,3.692156970500946045e-01
-5.811581015586853027e-02,-9.560537338256835938e-02,-2.777389585971832275e-01
1.894240267574787140e-02,-1.485223770141601562e-01,-6.231197714805603027e-01
3.707589507102966309e-01,5.920302328377147205e-07,1.687788963317871094e-02
-1.293219327926635742e-01,-2.089786529541015625e-01,5.337849259376525879e-01
-2.415885925292968750e-01,3.638794645667076111e-02,5.784693956375122070e-01
-2.376813888549804688e-01,3.645090386271476746e-02,4.216201603412628174e-01
3.107907772064208984e-01,1.043896304508962203e-06,1.854208260774612427e-01
2.598345279693603516e-01,1.445617973804473877e-01,5.749146938323974609e-01
-2.554972171783447266e-01,1.811951547861099243e-01,3.681704699993133545e-01
-1.583738327026367188e-01,-2.652024030685424805e-01,2.787561118602752686e-01
8.908994495868682861e-02,2.892608642578125000e-01,4.632458388805389404e-01
-1.935293376445770264e-01,3.216254711151123047e-01,-1.791296303272247314e-01
-2.715461254119873047e-01,1.077898368239402771e-01,3.141854703426361084e-01
2.695238590240478516e-01,1.063573904502845835e-06,5.712398886680603027e-01
-3.965506553649902344e-01,1.017434000968933105e-01,-5.543670430779457092e-02
2.104089260101318359e-01,1.477513313293457031e-01,2.972088456153869629e-01
-3.626234531402587891e-01,1.033844575285911560e-01,-2.471114993095397949e-01
3.879803419113159180e-01,3.632997348904609680e-02,-2.451975345611572266e-01
1.694371402263641357e-01,1.669764518737792969e-01,-2.177172750234603882e-01
2.291498184204101562e-01,7.319620251655578613e-02,2.687530517578125000e-01
-2.749044895172119141e-01,-3.585116192698478699e-02,-3.391082584857940674e-02
8.603668212890625000e-02,3.650207519531250000e-01,-1.036718711256980896e-01
1.735673546791076660e-01,2.396840602159500122e-01,6.506515741348266602e-01
-5.308570712804794312e-02,3.036968708038330078e-01,5.110523700714111328e-01
-5.653315410017967224e-02,1.610665321350097656e-01,-4.561209082603454590e-01
9.794372320175170898e-02,6.955027580261230469e-02,-6.445482969284057617e-01
1.862061396241188049e-02,1.885366439819335938e-01,-3.713650405406951904e-01
2.491750717163085938e-01,-1.452512741088867188e-01,1.910360604524612427e-01
-1.096485853195190430e-01,1.695555150508880615e-01,7.514315843582153320e-01
1.758758910000324249e-02,3.167545795440673828e-01,5.591619610786437988e-01
1.602328866720199585e-01,2.937159538269042969e-01,-1.319146752357482910e-01
9.349980205297470093e-02,1.798317432403564453e-01,-2.942584156990051270e-01
-1.247865483164787292e-01,2.893159389495849609e-01,-2.308614999055862427e-01
3.195986747741699219e-01,-7.028077542781829834e-02,3.072109818458557129e-01
3.005034923553466797e-01,1.048801664182974491e-06,3.596182167530059814e-01
-2.334034442901611328e-01,-3.651982173323631287e-02,-1.351821869611740112e-01
1.864015161991119385e-01,-5.759503319859504700e-02,7.131749391555786133e-01
2.041291743516921997e-01,5.694708228111267090e-02,7.332594394683837891e-01
3.040275573730468750e-01,7.078266143798828125e-02,1.127044633030891418e-01
-1.886097937822341919e-01,-3.770101070404052734e-01,1.476165745407342911e-02
3.029527664184570312e-01,2.130407989025115967e-01,6.422729045152664185e-02
6.690368521958589554e-03,7.777497917413711548e-02,-8.922199010848999023e-01
-5.083762109279632568e-02,-3.967065811157226562e-01,-1.254629492759704590e-01
-2.017631530761718750e-01,-1.111652329564094543e-01,-8.338601589202880859e-01
-5.832473188638687134e-02,-8.696174621582031250e-02,-7.262719273567199707e-01
-3.574326038360595703e-01,3.452144935727119446e-02,-1.755166649818420410e-01
1.618590950965881348e-01,2.713241577148437500e-01,5.722820758819580078e-01
-2.621041834354400635e-01,2.493607699871063232e-01,-2.982711791992187500e-01
1.873020455241203308e-02,-1.748640537261962891e-01,-8.426620364189147949e-01
-2.899856567382812500e-01,-1.068979129195213318e-01,3.984710574150085449e-02
2.891767024993896484e-01,-1.426699012517929077e-01,8.904174715280532837e-02
-1.586418151855468750e-01,1.132510006427764893e-01,-7.053155303001403809e-01
1.722143404185771942e-02,-3.622076511383056641e-01,-1.751086413860321045e-01
-2.374038696289062500e-01,-1.094412952661514282e-01,-1.350839138031005859e-01
-1.174013391137123108e-01,-4.201595783233642578e-01,6.061340123414993286e-02
2.984564304351806641e-01,1.420694738626480103e-01,1.622531116008758545e-01
-3.177571296691894531e-01,1.761690080165863037e-01,3.942840546369552612e-02
-1.473123133182525635e-01,-1.120067685842514038e-01,7.643719911575317383e-01
-5.041070654988288879e-02,-4.143691062927246094e-01,1.534362733364105225e-01
2.862267494201660156e-01,-2.146626561880111694e-01,1.540435757488012314e-02
1.791490428149700165e-02,2.761237621307373047e-01,4.144152700901031494e-01
2.384570240974426270e-01,-6.062104180455207825e-02,6.193100214004516602e-01
-1.296504139900207520e-01,-2.669905722141265869e-01,4.399673938751220703e-01
-2.203599512577056885e-01,1.199678033590316772e-01,6.409600973129272461e-01
2.686054706573486328e-01,-7.192441076040267944e-02,4.674371182918548584e-01
-2.810699939727783203e-01,3.575181961059570312e-02,6.457244604825973511e-02
-2.523364126682281494e-01,1.716548949480056763e-01,-3.736679553985595703e-01
-2.775177955627441406e-01,-1.794174760580062866e-01,-5.869567766785621643e-02
-1.996331810951232910e-01,1.675588637590408325e-01,-4.244351387023925781e-01
1.664233207702636719e-02,4.340951442718505859e-01,3.720641881227493286e-02
-5.004089698195457458e-02,-4.296588897705078125e-01,-5.451629683375358582e-02
3.994889259338378906e-01,6.770567595958709717e-02,-5.532348528504371643e-02
-2.200874984264373779e-01,-2.270412445068359375e-02,-3.995629847049713135e-01
-2.655590176582336426e-01,3.129224777221679688e-01,-3.357177600264549255e-02
8.411341160535812378e-02,-4.127366542816162109e-01,-7.816314697265625000e-02
-1.693003177642822266e-01,-1.127354428172111511e-01,6.252389550209045410e-01
1.659725420176982880e-02,-4.396905899047851562e-01,-3.139617666602134705e-02
8.344028890132904053e-02,-4.294342994689941406e-01,8.328735083341598511e-02
2.839269638061523438e-01,1.056705968949245289e-06,-4.065988063812255859e-01
1.796176284551620483e-01,2.679848670959472656e-02,-6.865762472152709961e-01
1.600256115198135376e-01,-2.965660095214843750e-01,3.612109422683715820e-01
8.350610733032226562e-02,4.278223514556884766e-01,1.063818335533142090e-01
-5.010923370718955994e-02,4.268419742584228516e-01,1.063769534230232239e-01
-1.749754250049591064e-01,1.761522591114044189e-01,6.834084987640380859e-01
-3.951399326324462891e-01,2.383873313665390015e-01,-7.926177978515625000e-02
1.752043142914772034e-02,3.250913619995117188e-01,-1.539059430360794067e-01
-1.927551031112670898e-01,3.303463459014892578e-01,-1.056848093867301941e-01
-3.616409301757812500e-01,3.445364534854888916e-02,-8.002196997404098511e-02
4.444978237152099609e-01,9.801398164199781604e-07,-1.225765943527221680e-01
4.380080699920654297e-01,-6.646408885717391968e-02,-1.689816266298294067e-01
1.697320938110351562e-01,1.629152297973632812e-01,-4.031436145305633545e-01
5.180788040161132812e-02,7.891245186328887939e-02,-7.966290116310119629e-01
-6.462432444095611572e-02,-5.180011689662933350e-02,8.931236267089843750e-01
-5.658796802163124084e-02,1.588158607482910156e-01,-8.194549083709716797e-01
1.757029294967651367e-01,-8.069705963134765625e-02,-7.888922095298767090e-01
2.125961184501647949e-01,-1.967929601669311523e-01,4.705326557159423828e-01
-5.085250735282897949e-02,3.960800170898437500e-01,-5.540069565176963806e-02
1.019885241985321045e-01,1.101362779736518860e-01,7.933341264724731445e-01
1.521962732076644897e-01,4.043736457824707031e-01,8.444885164499282837e-02
2.400909364223480225e-01,1.004470065236091614e-01,-4.233791828155517578e-01
2.900903224945068359e-01,1.426093429327011108e-01,-3.374511748552322388e-02
1.153744459152221680e-01,5.252642929553985596e-02,8.704478740692138672e-01
1.192450523376464844e-01,2.308543920516967773e-01,3.368386626243591309e-01
-2.710769176483154297e-01,-1.078125461935997009e-01,1.392785608768463135e-01
1.012158170342445374e-01,-1.093026325106620789e-01,8.062746524810791016e-01
1.654566824436187744e-02,-4.460942745208740234e-01,3.699035570025444031e-02
-1.221670508384704590e-01,1.336615234613418579e-01,-8.443219661712646484e-01
-1.362371742725372314e-01,2.591340802609920502e-02,-8.917505741119384766e-01
2.302780151367187500e-01,-7.315983623266220093e-02,-4.427242875099182129e-01
3.197023868560791016e-01,7.027743011713027954e-02,-3.257080018520355225e-01
3.521056175231933594e-01,-6.923297047615051270e-02,1.102368161082267761e-01
1.727082394063472748e-02,3.560764789581298828e-01,2.777313292026519775e-01
2.115769386291503906e-01,2.219012230634689331e-01,5.080401301383972168e-01
1.651940941810607910e-01,1.712975502014160156e-01,7.334607839584350586e-01
-1.918675899505615234e-01,-2.614090144634246826e-01,2.226943969726562500e-01
9.677962958812713623e-02,-5.228324607014656067e-02,8.780286312103271484e-01
1.522247940301895142e-01,-4.039742946624755859e-01,3.784728795289993286e-02
8.179931901395320892e-03,-2.529892027378082275e-01,5.479918718338012695e-01
-1.119979843497276306e-02,-1.041404828429222107e-01,8.863359689712524414e-01
-5.292187631130218506e-02,-3.105025291442871094e-01,4.332803189754486084e-01
-1.485221832990646362e-01,4.603357126597984461e-07,7.465691566467285156e-01
2.262406647205352783e-01,3.474669456481933594e-01,1.110256910324096680e-01
-8.811645209789276123e-02,1.106217429041862488e-01,7.857730388641357422e-01
2.300068587064743042e-01,1.168835237622261047e-01,6.887558698654174805e-01
-3.155522346496582031e-01,2.474010735750198364e-01,1.522613503038883209e-02
2.544027566909790039e-01,5.939038470387458801e-02,6.574580669403076172e-01
-5.253572016954421997e-02,-3.264675140380859375e-01,2.816403210163116455e-01
-1.058402955532073975e-01,-1.636669188737869263e-01,8.121592998504638672e-01
1.231834888458251953e-01,-1.533818244934082031e-01,-8.631554841995239258e-01
1.690352410078048706e-01,-1.725065708160400391e-01,-3.220379650592803955e-01
2.516805827617645264e-01,1.942364424467086792e-01,-9.395551681518554688e-02
-1.627936363220214844e-01,-3.765751048922538757e-02,-7.602185010910034180e-01
-9.769774973392486572e-02,3.512207269668579102e-01,-9.472990036010742188e-02
-9.920836985111236572e-02,-2.560741826891899109e-02,-9.107376337051391602e-01
-1.202619895339012146e-01,-3.694813251495361328e-01,-1.272521913051605225e-01
1.408071815967559814e-01,5.538177490234375000e-02,7.818698883056640625e-01
-1.917922943830490112e-01,5.771051719784736633e-02,7.096116542816162109e-01
1.915166378021240234e-01,-2.991907596588134766e-01,1.971585005521774292e-01
4.148605093359947205e-02,5.076970905065536499e-02,9.252378940582275391e-01
2.467468194663524628e-02,-1.302963495254516602e-01,-8.860293626785278320e-01
-1.992773413658142090e-01,-5.996278673410415649e-02,6.397382020950317383e-01
-3.095464706420898438e-01,1.768318265676498413e-01,1.861297637224197388e-01
-4.511499404907226562e-02,2.467918694019317627e-01,-2.952868640422821045e-01
-2.037250846624374390e-01,2.068662643432617188e-01,4.026464819908142090e-01
2.526905536651611328e-01,1.450228095054626465e-01,-3.107717931270599365e-01
2.478747814893722534e-01,1.416270732879638672e-01,6.354046463966369629e-01
-1.342797279357910156e-02,-1.202749386429786682e-01,-5.718365311622619629e-01
9.474295377731323242e-02,-1.489660739898681641e-01,-7.365084886550903320e-01
-1.985520124435424805e-01,2.650961875915527344e-01,-3.096294999122619629e-01
-1.248863190412521362e-01,4.466283769488654798e-07,8.020668029785156250e-01
1.675233840942382812e-01,-1.505204737186431885e-01,-5.096874833106994629e-01
4.327026382088661194e-02,2.648041024804115295e-02,-8.566479682922363281e-01
-2.170531749725341797e-01,-5.685162544250488281e-02,-2.009020894765853882e-01
3.994920253753662109e-01,6.770556420087814331e-02,-1.956054717302322388e-01
9.384955465793609619e-02,-1.711287498474121094e-01,-6.176098585128784180e-01
3.479285240173339844e-01,-1.388784795999526978e-01,-8.961792103946208954e-03
-2.208416461944580078e-01,-1.839928328990936279e-01,2.192126363515853882e-01
6.628005951642990112e-02,2.276722341775894165e-01,7.433302402496337891e-01
-4.755020141601562500e-03,-1.206944808363914490e-01,-4.870300292968750000e-01
3.703641891479492188e-02,-1.227158978581428528e-01,-7.950613498687744141e-01
2.581956386566162109e-01,4.460782463411305798e-07,6.290402412414550781e-01
2.130792140960693359e-01,-2.963961958885192871e-01,-1.118881180882453918e-01
2.407775223255157471e-01,-2.091524600982666016e-01,2.983892858028411865e-01
3.061599731445312500e-01,7.071393728256225586e-02,3.953002765774726868e-02
9.201611578464508057e-02,-2.166256904602050781e-01,5.852621197700500488e-01
-2.482333332300186157e-01,3.380810841917991638e-02,-4.017193317413330078e-01
-5.817250907421112061e-02,-9.324145317077636719e-02,-6.665710210800170898e-01
-1.892507374286651611e-01,-3.698015213012695312e-01,8.595367521047592163e-02
1.204283088445663452e-01,-2.595614492893218994e-01,4.972965717315673828e-01
-1.242186129093170166e-01,-2.993872165679931641e-01,3.353402614593505859e-01
-1.232962012290954590e-01,-5.400805920362472534e-02,8.245198726654052734e-01
-3.916931152343750000e-01,1.019783541560173035e-01,-1.964593529701232910e-01
1.533658206462860107e-01,-3.882665634155273438e-01,-5.573638901114463806e-02
-9.948577731847763062e-02,7.700974494218826294e-02,-9.079529047012329102e-01
-8.291457593441009521e-02,5.207336321473121643e-02,8.845202922821044922e-01
8.474569022655487061e-02,3.970625400543212891e-01,-5.540344119071960449e-02
2.113611698150634766e-01,1.476898938417434692e-01,3.749713003635406494e-01
-1.720674037933349609e-01,-3.750808537006378174e-02,-4.271780252456665039e-01
2.272158712148666382e-01,-3.381881713867187500e-01,1.505493093281984329e-02
-2.350466251373291016e-01,-3.649335354566574097e-02,5.269408822059631348e-01
-1.944177895784378052e-01,3.116247653961181641e-01,1.860803216695785522e-01
1.560636311769485474e-01,3.511233329772949219e-01,2.306759655475616455e-01
2.657897472381591797e-01,2.166444212198257446e-01,2.151974439620971680e-01
2.612103223800659180e-01,-1.820127815008163452e-01,-2.453804016113281250e-01
1.711452379822731018e-02,3.754789829254150391e-01,-1.030837967991828918e-01
1.434243768453598022e-01,-5.641108751296997070e-02,7.499371767044067383e-01
-3.037179708480834961e-01,1.351356506347656250e-03,-6.633026152849197388e-02
1.574685573577880859e-01,2.725592814385890961e-02,-8.083627223968505859e-01
-1.730111688375473022e-01,-2.603304386138916016e-02,-8.842835426330566406e-01
1.990738883614540100e-02,2.878522872924804688e-02,-5.389007329940795898e-01
-2.163368761539459229e-01,-6.492066383361816406e-02,-2.823089659214019775e-01
-1.199903860688209534e-01,-3.742928504943847656e-01,1.803289800882339478e-01
-1.368425339460372925e-01,-7.573556900024414062e-02,-7.013519406318664551e-01
3.538232445716857910e-01,3.548008948564529419e-02,-2.979502677917480469e-01
-2.074260711669921875e-01,3.693838417530059814e-02,-6.075698733329772949e-01
-9.342241287231445312e-02,2.725585103034973145e-01,6.489626765251159668e-01
-1.851480007171630859e-01,-1.243697330355644226e-01,5.727833509445190430e-01
1.527406722307205200e-01,3.968780040740966797e-01,1.460449211299419403e-02
-4.195312410593032837e-02,-3.365899324417114258e-01,-1.949279308319091797e-01
-2.892669662833213806e-02,-2.587608434259891510e-02,-8.938492536544799805e-01
1.369244307279586792e-01,-8.076459914445877075e-02,-8.302862644195556641e-01
1.135900840163230896e-01,2.634613215923309326e-01,-1.737790107727050781e-01
-3.020797669887542725e-01,-1.214694976806640625e-02,-1.773385554552078247e-01
-3.202102184295654297e-01,3.182961642742156982e-01,-1.068835407495498657e-01
9.895063191652297974e-02,4.457139968872070312e-02,-5.074166655540466309e-01
-2.295123189687728882e-01,-3.077002763748168945e-01,1.258490085601806641e-01
1.994581222534179688e-01,-7.415325194597244263e-02,-6.372982859611511230e-01
-2.911315858364105225e-02,1.041042804718017578e-01,8.867855072021484375e-01
-5.111810564994812012e-02,3.851177692413330078e-01,2.264965772628784180e-01
-1.930500715970993042e-01,4.142405600759957451e-07,6.969482898712158203e-01
-3.045759201049804688e-01,3.537308797240257263e-02,-3.030059635639190674e-01
7.726867496967315674e-02,-2.565583959221839905e-02,-9.077237844467163086e-01
-4.113926887512207031e-01,1.686099618673324585e-01,-1.716308593750000000e-01
-1.095916703343391418e-02,3.788648825775453588e-07,9.324785470962524414e-01
7.745025306940078735e-02,-1.284466683864593506e-01,-9.089114665985107422e-01
-6.391357630491256714e-02,3.961925472140137572e-07,9.101259708404541016e-01
-5.726840719580650330e-02,1.306645870208740234e-01,-5.999886989593505859e-01
-5.551918223500251770e-02,2.030172348022460938e-01,-4.215670824050903320e-01
-1.191234737634658813e-01,3.896393775939941406e-01,1.554571539163589478e-01
9.427593648433685303e-02,-1.605618000030517578e-01,-3.761523365974426270e-01
8.473693579435348511e-02,-1.685566455125808716e-01,7.617295980453491211e-01
1.872212886810302734e-01,-3.758647441864013672e-01,6.817779690027236938e-02
-1.355332881212234497e-01,-9.894013404846191406e-02,-3.318716287612915039e-01
2.721772193908691406e-01,-2.160250246524810791e-01,-5.892120301723480225e-02
3.515386879444122314e-01,-3.525101020932197571e-02,-3.121676445007324219e-01
1.610694825649261475e-01,-2.821929454803466797e-01,2.380755543708801270e-01
-1.341173350811004639e-01,1.240143775939941406e-01,-5.744702219963073730e-01
-1.103179901838302612e-02,2.566069550812244415e-02,-9.081060886383056641e-01
-2.561032772064208984e-01,-3.615408763289451599e-02,-8.397155255079269409e-02
8.759673684835433960e-02,-3.262984752655029297e-01,2.818084657192230225e-01
1.762933284044265747e-01,-2.723952941596508026e-02,-8.093981742858886719e-01
1.909901760518550873e-02,-1.291506290435791016e-01,-7.421377301216125488e-01
2.269765734672546387e-01,3.404650688171386719e-01,1.503906212747097015e-02
2.602203190326690674e-01,2.417254447937011719e-02,2.944729626178741455e-01
4.217071458697319031e-02,-7.739439606666564941e-02,-9.001196622848510742e-01
-2.095396518707275391e-01,-3.690432757139205933e-02,-5.529834032058715820e-01
2.639553546905517578e-01,-2.168222367763519287e-01,1.402148455381393433e-01
1.978647708892822266e-01,2.983674407005310059e-01,2.485403418540954590e-01
-2.016900330781936646e-01,2.297747135162353516e-01,2.695971727371215820e-01
-1.578143239021301270e-01,3.653436601161956787e-01,1.954078674316406250e-03
-4.093566909432411194e-02,-2.557986080646514893e-01,-2.414317131042480469e-01
-3.432359993457794189e-01,2.749283313751220703e-01,-2.095474153757095337e-01
2.343382835388183594e-01,-2.196941524744033813e-01,1.927963197231292725e-01
1.686269342899322510e-01,1.781322956085205078e-01,-3.475897014141082764e-01
1.698670983314514160e-01,-1.610562801361083984e-01,6.005969047546386719e-01
-2.212717533111572266e-01,-1.839581131935119629e-01,3.219421207904815674e-01
9.405723214149475098e-02,-1.659758090972900391e-01,-2.697503566741943359e-01
2.641096115112304688e-01,1.442859172821044922e-01,-8.383513987064361572e-02
2.461784929037094116e-01,1.577661037445068359e-01,-1.929049640893936157e-01
8.841755986213684082e-02,3.059463500976562500e-01,5.365112423896789551e-01
1.786468029022216797e-01,-2.250943481922149658e-01,-1.910296529531478882e-01
2.436426281929016113e-01,1.818985939025878906e-01,5.422061085700988770e-01
2.745125293731689453e-01,1.061195121110358741e-06,5.176919698715209961e-01
3.168228268623352051e-01,-2.009208202362060547e-01,-1.126040592789649963e-01
-2.120959758758544922e-01,3.686313703656196594e-02,-4.989745914936065674e-01
2.750856876373291016e-01,-1.435792297124862671e-01,1.391546577215194702e-01
-2.759255468845367432e-01,2.275478839874267578e-01,9.200469404458999634e-02
-1.246171668171882629e-01,-2.923264503479003906e-01,3.867346048355102539e-01
1.739665120840072632e-02,-3.404567241668701172e-01,3.530972301959991455e-01
2.518130540847778320e-01,-1.041567325592041016e-01,5.043891668319702148e-01
-9.085265547037124634e-02,-1.818940192461013794e-01,-2.468779087066650391e-01
-2.600245475769042969e-01,-2.536898851394653320e-01,-5.934295430779457092e-02
-4.196349903941154480e-02,2.622196972370147705e-01,-1.847369670867919922e-01
-2.785027027130126953e-01,1.074533462524414062e-01,2.630828917026519775e-01
-5.859185382723808289e-02,-7.589197158813476562e-02,-8.184341192245483398e-01
-1.904172897338867188e-01,-1.864489465951919556e-01,-1.897894293069839478e-01
-2.705678939819335938e-01,-3.592102602124214172e-02,1.391656398773193359e-01
-1.436839103698730469e-01,3.440727889537811279e-01,-6.268645823001861572e-02
-2.256186008453369141e-01,3.664526715874671936e-02,3.460754454135894775e-01
1.636533141136169434e-01,-2.466156482696533203e-01,4.730415344238281250e-01
3.050613403320312500e-01,1.416432410478591919e-01,1.523376442492008209e-02
2.026348114013671875e-01,2.227683365345001221e-01,-1.376422047615051270e-01
8.419289439916610718e-02,4.107797145843505859e-01,1.770956367254257202e-01
1.486554145812988281e-01,-1.517380625009536743e-01,-6.243600249290466309e-01
2.641947269439697266e-01,2.897707521915435791e-01,1.407125890254974365e-01
1.709736585617065430e-01,-1.182964071631431580e-01,6.669017076492309570e-01
1.585658192634582520e-01,-3.166666030883789062e-01,-1.549038589000701904e-01
-3.791508674621582031e-01,2.401981502771377563e-01,-1.986593604087829590e-01
2.403335571289062500e-01,1.458202451467514038e-01,4.479653835296630859e-01
2.752163410186767578e-01,1.060859517565404531e-06,4.145709276199340820e-01
2.694680690765380859e-01,7.189660519361495972e-02,4.672564566135406494e-01
-2.322502136230468750e-01,-3.311402797698974609e-01,1.587280258536338806e-02
1.235194355249404907e-01,1.684698760509490967e-01,7.626340389251708984e-01
4.170646667480468750e-01,-6.713914871215820312e-02,-2.172878980636596680e-01
1.144715845584869385e-01,3.856875423480232712e-07,8.824036121368408203e-01
-2.385575771331787109e-01,-3.643678501248359680e-02,3.185052275657653809e-01
-2.329285144805908203e-01,-1.096577644348144531e-01,2.684799134731292725e-01
-4.998420178890228271e-02,-4.320149421691894531e-01,1.061114445328712463e-01
2.424813807010650635e-01,-1.014470681548118591e-01,-4.027042388916015625e-01
-2.718443572521209717e-01,-2.611536979675292969e-01,4.061614722013473511e-02
3.593493700027465820e-01,-1.080647334456443787e-01,-2.658741474151611328e-01
2.487663626670837402e-01,-1.331439018249511719e-01,-3.553402721881866455e-01
-1.482000350952148438e-01,-1.137560531497001648e-01,-2.191488593816757202e-01
2.564971446990966797e-01,-2.907684445381164551e-01,6.582519412040710449e-02
1.676458865404129028e-02,-4.189186096191406250e-01,1.530618220567703247e-01
2.686600685119628906e-01,-1.439938843250274658e-01,3.148785233497619629e-01
-2.841057777404785156e-01,-3.570290282368659973e-02,1.534912083297967911e-02
-5.341389402747154236e-02,2.901189327239990234e-01,4.628252983093261719e-01
3.435456752777099609e-01,-6.950888037681579590e-02,1.827413886785507202e-01
-1.188258603215217590e-01,3.949139118194580078e-01,1.460296567529439926e-02
9.332275018095970154e-03,-1.807118356227874756e-01,-2.614688873291015625e-01
2.705523967742919922e-01,2.889473438262939453e-01,4.048644751310348511e-02
-2.697646021842956543e-01,2.782876491546630859e-01,-2.584463357925415039e-01
-2.852022647857666016e-01,1.071292981505393982e-01,1.137445047497749329e-01
-2.759313881397247314e-01,1.029121056199073792e-01,-3.723983764648437500e-01
2.536987327039241791e-02,-1.606817543506622314e-01,8.429520130157470703e-01
1.139523312449455261e-01,-3.767384588718414307e-01,1.818504333496093750e-01
2.432217746973037720e-01,-1.859028339385986328e-01,4.069628715515136719e-01
2.141075134277343750e-01,-2.216558754444122314e-01,4.279559254646301270e-01
3.006842136383056641e-01,2.132607996463775635e-01,1.133465543389320374e-01
-2.868597507476806641e-01,-1.070491373538970947e-01,-9.207763709127902985e-03
3.093705177307128906e-01,1.044573537001269870e-06,2.345400899648666382e-01
-5.296737700700759888e-02,3.085927963256835938e-01,-1.551138311624526978e-01
-3.031707406044006348e-01,-3.156900405883789062e-03,-2.340997308492660522e-01
-7.029271125793457031e-02,-4.351533651351928711e-01,-1.025756821036338806e-02
1.676408760249614716e-02,4.189803600311279297e-01,1.762631237506866455e-01
-2.631364464759826660e-01,3.328754901885986328e-01,-1.544763147830963135e-01
3.286490142345428467e-01,-1.151020526885986328e-01,9.675933420658111572e-02
3.100800514221191406e-01,1.044235204972210340e-06,1.366815119981765747e-01
-2.354295253753662109e-01,2.564754486083984375e-01,1.676165759563446045e-01
3.274264335632324219e-01,1.035963805406936444e-06,3.912628069519996643e-02
-1.922543048858642578e-01,3.718283399939537048e-02,-7.224551439285278320e-01
-1.954816430807113647e-01,-2.996666431427001953e-01,-1.317300349473953247e-01
2.668476104736328125e-02,-1.222151890397071838e-01,-4.064044058322906494e-01
-3.369348049163818359e-01,1.069947481155395508e-01,-2.880060672760009766e-01
-2.849888801574707031e-01,-1.071396172046661377e-01,8.912932872772216797e-02
-2.605991363525390625e-01,-3.608164936304092407e-02,-1.834494024515151978e-01
-1.894194781780242920e-01,-3.679020404815673828e-01,-3.261718526482582092e-02
2.429890632629394531e-01,-2.925191521644592285e-01,1.167453005909919739e-01
2.959785461425781250e-01,1.422293484210968018e-01,-2.055651843547821045e-01
-2.548034191131591797e-01,-3.617503494024276733e-02,-2.845562696456909180e-01
-1.912238448858261108e-01,3.475823402404785156e-01,8.685027807950973511e-02
-1.174596697092056274e-01,-4.191262722015380859e-01,-8.661193773150444031e-03
-6.565734744071960449e-02,-1.052016615867614746e-01,8.698488473892211914e-01
-1.227973252534866333e-01,3.245544433593750000e-01,2.577380239963531494e-01
-2.166952490806579590e-01,5.901783704757690430e-02,6.690409183502197266e-01
-3.679881095886230469e-01,3.435136750340461731e-02,-1.271554529666900635e-01
-4.064528942108154297e-01,1.690087467432022095e-01,-5.529052764177322388e-02
-2.061643600463867188e-01,1.109523475170135498e-01,-4.477185010910034180e-01
5.962692201137542725e-02,-5.133779719471931458e-02,9.074012041091918945e-01
-9.985686838626861572e-02,-7.729726284742355347e-02,-9.020086526870727539e-01
4.283185005187988281e-01,-6.677640974521636963e-02,-5.456420779228210449e-02
-1.751757711172103882e-01,-1.316562443971633911e-01,-8.691544532775878906e-01
-3.726551532745361328e-01,2.409338504076004028e-01,-3.262390196323394775e-02
7.961822301149368286e-02,1.056731939315795898e-01,8.624849319458007812e-01
1.672189868986606598e-02,4.241716861724853516e-01,-8.626708760857582092e-03
-2.807558178901672363e-01,1.877665519714355469e-01,6.777313351631164551e-02
1.880989074707031250e-01,2.241778522729873657e-01,3.008868396282196045e-01
9.776467829942703247e-02,7.400035858154296875e-02,-7.896380424499511719e-01
4.368621855974197388e-02,8.017584681510925293e-02,-8.426223993301391602e-01
-2.072892189025878906e-01,-1.108979508280754089e-01,5.339530706405639648e-01
-2.961049079895019531e-01,1.779169589281082153e-01,2.367282062768936157e-01
-1.337945014238357544e-01,1.297314167022705078e-01,-6.573178172111511230e-01
8.838501572608947754e-02,3.067533969879150391e-01,3.091110289096832275e-01
-1.715111732482910156e-01,3.751705214381217957e-02,-8.439593315124511719e-01
1.944489479064941406e-01,1.099372411772492342e-06,-7.216738462448120117e-01
-5.303371325135231018e-02,3.058369159698486328e-01,3.090798854827880859e-01
4.113521575927734375e-01,-1.347856074571609497e-01,-1.015505939722061157e-01
8.345763385295867920e-02,4.290194511413574219e-01,6.030822545289993286e-02
-5.008094757795333862e-02,4.280378818511962891e-01,6.030547991394996643e-02
-1.280249059200286865e-01,1.120989397168159485e-01,7.629072666168212891e-01
-2.026497721672058105e-01,-2.189822196960449219e-01,3.484069705009460449e-01
8.323499560356140137e-02,-4.345345497131347656e-01,3.722747787833213806e-02
1.662215963006019592e-02,4.365990161895751953e-01,8.293456584215164185e-02
4.627394676208496094e-02,-2.055566757917404175e-01,-8.622252941131591797e-01
2.836849689483642578e-01,-1.430242955684661865e-01,-3.064858913421630859e-01
4.280926287174224854e-01,3.758843988180160522e-02,-1.670932769775390625e-01
5.686615034937858582e-02,1.738210469484329224e-01,-3.469009399414062500e-01
-1.245120018720626831e-01,-2.941894531250000000e-01,2.861941456794738770e-01
1.251995861530303955e-01,1.689376831054687500e-01,-4.073760509490966797e-01
2.006907463073730469e-01,7.411351799964904785e-02,-4.750158488750457764e-01
2.987524271011352539e-01,-1.045928448438644409e-01,-3.376455307006835938e-01
4.038284122943878174e-01,5.992877163407683838e-07,-1.355671882629394531e-02
1.961892694234848022e-01,2.695500552654266357e-01,-1.199984550476074219e-01
2.626403868198394775e-01,-3.338894620537757874e-02,-4.277305603027343750e-01
5.003082007169723511e-02,3.048643767833709717e-01,6.241077184677124023e-01
-4.620513692498207092e-02,7.672043889760971069e-02,-9.139368534088134766e-01
-2.181116193532943726e-01,-4.494452476501464844e-02,6.022096276283264160e-01
2.681324481964111328e-01,2.164172083139419556e-01,-5.902801454067230225e-02
-1.583270281553268433e-01,2.422605007886886597e-01,-3.609549999237060547e-01
-1.570146083831787109e-01,3.421262204647064209e-01,2.005499154329299927e-01
