-8.000922203063964844e-02,1.953620314598083496e-01,-1.177984625101089478e-01
2.358535677194595337e-02,-4.986250773072242737e-02,9.532589912414550781e-01
-1.174139380455017090e-01,-1.284616291522979736e-01,-9.087332487106323242e-01
-5.138911306858062744e-02,-3.739058971405029297e-01,3.235644400119781494e-01
2.575290203094482422e-01,2.174454331398010254e-01,4.198266565799713135e-01
1.818294636905193329e-02,-2.428495883941650391e-01,-3.883447051048278809e-01
-2.184443473815917969e-01,1.103583499789237976e-01,3.475280702114105225e-01
9.279232472181320190e-02,1.973807811737060547e-01,-6.106478571891784668e-01
1.894531250000000000e-01,-7.447574287652969360e-02,9.291320294141769409e-02
2.444981932640075684e-01,-1.737530231475830078e-01,5.990490317344665527e-01
-2.144303321838378906e-01,-1.845104247331619263e-01,-9.528808295726776123e-03
2.286299020051956177e-01,3.247299194335937500e-01,6.364227086305618286e-02
2.069871425628662109e-01,7.391057163476943970e-02,-2.907296717166900635e-01
-1.359751075506210327e-01,-9.112024307250976562e-02,6.464844942092895508e-01
-5.587991699576377869e-02,1.880812644958496094e-01,-8.965539336204528809e-01
9.437946230173110962e-02,-1.579792499542236328e-01,-6.770306229591369629e-01
8.927077800035476685e-02,1.184846833348274231e-01,6.639577150344848633e-01
-1.050181388854980469e-01,3.858839347958564758e-02,-3.848208487033843994e-01
-5.328404158353805542e-02,2.954912185668945312e-01,1.621817052364349365e-01
9.028751403093338013e-02,-2.595272064208984375e-01,-1.087945550680160522e-01
-1.422927808016538620e-02,2.640692293643951416e-01,4.625110626220703125e-01
-2.159938514232635498e-01,6.876897811889648438e-02,7.101989537477493286e-02
-2.171216011047363281e-01,-1.842931658029556274e-01,4.005725085735321045e-01
1.776139996945858002e-02,-2.951784133911132812e-01,5.646879673004150391e-01
2.354150265455245972e-01,-4.630262777209281921e-02,3.736834526062011719e-01
-5.099526792764663696e-02,-3.902103900909423828e-01,6.140624731779098511e-02
-1.255499273538589478e-01,1.099319159984588623e-01,7.964878082275390625e-01
1.722538471221923828e-01,7.503011822700500488e-02,-8.149368166923522949e-01
3.322509676218032837e-02,2.453693151473999023e-01,-3.335206508636474609e-01
-1.318457126617431641e-01,-1.145471185445785522e-01,-5.723351836204528809e-01
-1.662147045135498047e-01,-1.884028017520904541e-01,-2.441217005252838135e-01
9.574961662292480469e-02,1.146435920418298338e-06,-4.964376688003540039e-01
-3.296422958374023438e-02,3.974934667348861694e-02,-7.126839756965637207e-01
1.078548431396484375e-01,-2.319588363170623779e-01,2.573168873786926270e-01
1.603196859359741211e-01,2.925169467926025391e-01,-1.566174328327178955e-01
2.595655918121337891e-01,1.445791721343994141e-01,1.901544183492660522e-01
-1.975419521331787109e-01,-2.607663869857788086e-01,1.962594538927078247e-01
2.390413284301757812e-01,7.287736982107162476e-02,-5.954925343394279480e-02
1.563665270805358887e-01,3.469529151916503906e-01,2.796389758586883545e-01
-1.418285667896270752e-01,-1.259565353393554688e-02,-1.221035718917846680e-01
2.849647998809814453e-01,7.139711827039718628e-02,5.675801038742065430e-01
-1.355720013380050659e-01,9.824156761169433594e-02,5.315570235252380371e-01
1.483464241027832031e-01,-7.580073922872543335e-02,-1.664941310882568359e-01
7.226276397705078125e-02,-7.825312763452529907e-02,-8.802746534347534180e-01
1.649107336997985840e-01,-5.708044022321701050e-02,7.291662693023681641e-01
1.560118198394775391e-01,-2.272892445325851440e-01,4.388324022293090820e-01
-2.247929573059082031e-01,-3.665856644511222839e-02,2.181515395641326904e-01
-1.239088475704193115e-01,-3.048746585845947266e-01,-1.066757142543792725e-01
-5.400085449218750000e-02,1.183124631643295288e-01,-5.340084433555603027e-01
6.079421937465667725e-02,1.046302691102027893e-01,8.786207437515258789e-01
9.031593054533004761e-02,-2.588157653808593750e-01,6.526458263397216797e-02
-8.576690405607223511e-02,-1.076733767986297607e-01,8.315321207046508789e-01
1.782026700675487518e-02,2.878222465515136719e-01,-9.193420410156250000e-03
-6.274199485778808594e-02,-1.967559754848480225e-01,-7.357330322265625000e-01
1.398479938507080078e-01,-7.607466727495193481e-02,-3.525756895542144775e-01
1.385040283203125000e-01,1.126049028243869543e-06,-6.538437008857727051e-01
-1.579012870788574219e-01,-1.132868081331253052e-01,-4.034182727336883545e-01
4.836731031537055969e-02,-1.773271113634109497e-01,6.713002920150756836e-01
1.659078747034072876e-01,2.155718803405761719e-01,5.596275329589843750e-01
-2.012064456939697266e-01,-3.703859075903892517e-02,4.813688695430755615e-01
8.606979250907897949e-02,3.642053604125976562e-01,1.334115564823150635e-01
9.407193958759307861e-02,1.656343936920166016e-01,-4.554663002490997314e-01
-1.240394115447998047e-01,1.149246916174888611e-01,-2.480169683694839478e-01
1.841160841286182404e-02,-2.144815921783447266e-01,-5.517367720603942871e-01
-1.113178730010986328e-01,-2.705317437648773193e-01,4.755801260471343994e-01
5.925109609961509705e-02,7.650528848171234131e-02,-9.183441400527954102e-01
-1.293932795524597168e-01,2.077021598815917969e-01,2.715820372104644775e-01
-1.739242076873779297e-01,-3.747817501425743103e-02,-2.686486840248107910e-01
-1.274223327636718750e-01,2.426211833953857422e-01,4.071838408708572388e-02
1.775057800114154816e-02,2.965216636657714844e-01,3.103112578392028809e-01
1.873885653913021088e-02,1.738417148590087891e-01,-7.565515041351318359e-01
3.064575195312500000e-01,-7.070434838533401489e-02,5.105259418487548828e-01
1.953599452972412109e-01,1.098938014365558047e-06,2.209448218345642090e-01
2.786922454833984375e-01,2.878918647766113281e-01,2.147369384765625000e-01
9.126517921686172485e-02,-2.352602481842041016e-01,-2.617428600788116455e-01
1.560902595520019531e-01,-1.512582749128341675e-01,-3.579101338982582092e-02
2.208967208862304688e-01,2.209975421428680420e-01,-3.489227220416069031e-02
-2.065216004848480225e-01,3.939086354876053520e-07,7.541241645812988281e-01
-5.377433821558952332e-02,-2.752230167388916016e-01,-2.320321649312973022e-01
-1.186818033456802368e-01,-3.974752426147460938e-01,2.018890380859375000e-01
-1.276574134826660156e-01,1.915154755115509033e-01,4.162704348564147949e-01
1.339805573225021362e-01,-5.269666388630867004e-02,8.651710748672485352e-01
1.665841788053512573e-01,2.062635421752929688e-01,-2.655767798423767090e-01
-6.363921612501144409e-02,5.101054161787033081e-02,9.176169633865356445e-01
-2.263121157884597778e-01,-4.737401008605957031e-02,-1.062774658203125000e-02
1.799042709171772003e-02,2.667481899261474609e-01,-1.829275488853454590e-01
-6.126680597662925720e-02,-3.477764129638671875e-02,-8.246160745620727539e-01
1.705422811210155487e-02,-3.829636573791503906e-01,2.029660046100616455e-01
-1.611558496952056885e-01,-2.816345393657684326e-01,3.269815444946289062e-01
-1.472229957580566406e-01,1.138033196330070496e-01,-3.589385747909545898e-02
-5.731656774878501892e-02,1.286721229553222656e-01,6.355807185173034668e-01
2.101100087165832520e-01,5.861561745405197144e-02,6.814944744110107422e-01
1.725312918424606323e-01,1.243724822998046875e-01,-6.879962086677551270e-01
-2.675409317016601562e-01,-1.079835668206214905e-01,1.146514862775802612e-01
4.457610845565795898e-02,-1.905574947595596313e-01,-8.174847364425659180e-01
-1.797275543212890625e-01,1.122310906648635864e-01,1.967514008283615112e-01
8.402609825134277344e-02,-3.131221234798431396e-01,3.706472814083099365e-01
2.971282973885536194e-02,1.881876736879348755e-01,5.592846870422363281e-01
-6.058163568377494812e-02,-6.430387496948242188e-03,-5.758984088897705078e-01
2.654783725738525391e-01,7.202523201704025269e-02,4.166015386581420898e-01
1.368156373500823975e-01,-2.485063076019287109e-01,5.825841426849365234e-01
-1.848216056823730469e-01,-3.380658924579620361e-01,9.403808414936065674e-02
-7.739944010972976685e-02,-1.858632415533065796e-01,5.832585096359252930e-01
1.734983772039413452e-01,-1.110560894012451172e-01,2.833267152309417725e-01
-5.601018667221069336e-02,1.827318668365478516e-01,-3.987914919853210449e-01
2.771928310394287109e-01,-5.980882048606872559e-02,6.444965600967407227e-01
-2.359585762023925781e-01,-3.647866472601890564e-02,3.445022404193878174e-01
2.344341278076171875e-01,1.462009251117706299e-01,6.605803966522216797e-02
2.263300418853759766e-01,1.467238813638687134e-01,-1.612240523099899292e-01
2.743542194366455078e-01,1.436248123645782471e-01,3.140749931335449219e-01
1.602435261011123657e-01,2.935655117034912109e-01,4.122344851493835449e-01
1.684989929199218750e-01,7.515114545822143555e-02,-5.631112456321716309e-01
1.581912338733673096e-01,3.218278884887695312e-01,-3.327880799770355225e-02
1.486446857452392578e-01,-1.517387777566909790e-01,1.732943654060363770e-01
-1.847658157348632812e-01,3.730349242687225342e-02,6.204453706741333008e-01
2.468341439962387085e-01,-1.515333652496337891e-01,4.400286674499511719e-01
-6.991529464721679688e-02,-1.961768865585327148e-01,-4.752993583679199219e-01
1.699965000152587891e-01,7.510288804769515991e-02,-4.010745286941528320e-01
8.972835540771484375e-02,-7.769014686346054077e-02,-5.821362137794494629e-01
-5.498571321368217468e-02,2.251052856445312500e-01,-2.627801597118377686e-01
-1.398805230855941772e-01,4.335521452958346345e-07,8.485885858535766602e-01
-6.578643620014190674e-02,7.907956093549728394e-02,-8.651459217071533203e-01
-6.115094199776649475e-02,-2.998399734497070312e-02,-4.643298089504241943e-01
-1.686336994171142578e-01,-1.882075220346450806e-01,-1.134844943881034851e-01
-5.314300581812858582e-02,-3.013265132904052734e-01,-9.139709174633026123e-03
2.197360992431640625e-01,3.705805838108062744e-01,1.699063032865524292e-01
1.851264014840126038e-02,2.019402980804443359e-01,-5.278844833374023438e-01
-1.290361434221267700e-01,-2.140319347381591797e-01,-3.678417801856994629e-01
1.114525794982910156e-01,-7.698992639780044556e-02,-7.772210240364074707e-01
-2.160255610942840576e-01,6.841397285461425781e-02,4.548915028572082520e-01
1.811280846595764160e-01,-6.000995635986328125e-03,-1.039153989404439926e-02
9.734344482421875000e-02,-1.550493389368057251e-01,-4.142257571220397949e-01
1.742514409124851227e-02,-3.369197845458984375e-01,4.529061913490295410e-01
9.029734134674072266e-02,2.592997550964355469e-01,4.955253601074218750e-01
-2.130103111267089844e-01,-1.846250891685485840e-01,2.714025676250457764e-01
-1.160886287689208984e-01,-1.153092905879020691e-01,-6.893866062164306641e-01
2.390580177307128906e-01,2.930291593074798584e-01,3.210565149784088135e-01
-1.281385421752929688e-01,-1.147264242172241211e-01,-8.014965653419494629e-01
-1.726274490356445312e-01,1.878851205110549927e-01,1.197747811675071716e-01
-1.453482061624526978e-01,-1.272688955068588257e-01,5.278698205947875977e-01
2.785401344299316406e-01,1.433546990156173706e-01,4.918929934501647949e-01
-2.856597863137722015e-02,-7.663385570049285889e-02,-9.157900810241699219e-01
-5.532381311058998108e-02,-2.111001014709472656e-01,-6.339291334152221680e-01
1.499717682600021362e-01,-1.767137050628662109e-01,6.776089668273925781e-01
1.920714378356933594e-01,1.100506096918252297e-06,-1.119793653488159180e-01
4.547667503356933594e-02,1.583946943283081055e-01,-8.606616258621215820e-01
-1.521258354187011719e-01,-3.782939165830612183e-02,-8.805438280105590820e-01
-1.600871086120605469e-01,-2.650083899497985840e-01,1.630981452763080597e-02
1.450150012969970703e-01,-1.519730091094970703e-01,-2.460510134696960449e-01
2.329533100128173828e-01,1.462964862585067749e-01,6.087165474891662598e-01
-4.155826568603515625e-02,1.189143061637878418e-01,-6.522045731544494629e-01
1.808694601058959961e-01,-9.562015533447265625e-03,-2.324072271585464478e-01
-5.639705061912536621e-02,1.666860580444335938e-01,5.157388448715209961e-01
2.837960720062255859e-01,2.148983776569366455e-01,1.142169162631034851e-01
6.631040573120117188e-02,-3.154174685478210449e-01,1.531665027141571045e-01
-8.157653361558914185e-02,-5.123292282223701477e-02,9.105931520462036133e-01
-5.316002294421195984e-02,3.006496429443359375e-01,6.401305645704269409e-02
-2.867388725280761719e-02,-1.195375099778175354e-01,6.629636883735656738e-01
-1.844770908355712891e-01,-1.120013520121574402e-01,-1.898822039365768433e-01
-5.399654433131217957e-02,2.660129070281982422e-01,3.653640747070312500e-01
8.705043792724609375e-02,2.929981052875518799e-01,-9.741943329572677612e-02
2.318637371063232422e-01,7.310872524976730347e-02,2.684316933155059814e-01
-2.421858310699462891e-01,-1.822697669267654419e-01,1.665951460599899292e-01
-1.083369255065917969e-01,3.853492811322212219e-02,-1.959225386381149292e-01
1.810877323150634766e-01,1.496434807777404785e-01,-3.469555675983428955e-01
-5.405962467193603516e-02,-2.634201049804687500e-01,-3.340398967266082764e-01
6.928710732609033585e-03,2.686090581119060516e-02,-8.332190513610839844e-01
-5.704763159155845642e-02,1.397807598114013672e-01,-7.968639731407165527e-01
2.370025590062141418e-02,5.010483041405677795e-02,9.457422494888305664e-01
7.264018058776855469e-02,-1.566435247659683228e-01,-5.022518634796142578e-01
1.839868351817131042e-02,-2.160186767578125000e-01,-6.872500181198120117e-01
1.783935539424419403e-02,-2.855017185211181641e-01,-1.567074507474899292e-01
1.653027534484863281e-02,-3.218698799610137939e-01,4.509948566555976868e-02
1.567013263702392578e-01,1.117371880354767200e-06,-7.621014118194580078e-01
-2.172901630401611328e-01,3.677945584058761597e-02,2.700512707233428955e-01
9.405517578125000000e-02,1.147243892773985863e-06,-8.418765068054199219e-01
2.364797592163085938e-01,7.295992225408554077e-02,1.413485705852508545e-01
-1.895418167114257812e-01,-1.117563620209693909e-01,-6.089263781905174255e-02
1.150357723236083984e-01,-2.312625199556350708e-01,1.495532244443893433e-01
9.055546671152114868e-02,2.528882026672363281e-01,-2.597055137157440186e-01
-1.881191730499267578e-01,-1.118251755833625793e-01,-3.194107115268707275e-01
8.846113830804824829e-02,-3.048551082611083984e-01,5.110482573509216309e-01
-2.208554744720458984e-01,3.672199696302413940e-02,1.676452606916427612e-01
1.864182949066162109e-02,1.859033107757568359e-01,-6.684374809265136719e-01
-5.384986847639083862e-02,2.720813751220703125e-01,2.636120617389678955e-01
-8.886146545410156250e-02,-3.884872049093246460e-02,-7.255822420120239258e-01
-1.959829330444335938e-01,3.712275624275207520e-02,-9.575805626809597015e-03
-1.274670958518981934e-01,-2.418382167816162109e-01,-1.852566450834274292e-01
2.858712673187255859e-01,2.146971672773361206e-01,2.631323039531707764e-01
-1.077885627746582031e-01,1.157107576727867126e-01,-1.428222656250000000e-01
-1.281521320343017578e-01,3.821566328406333923e-02,-3.006078898906707764e-01
-5.673613399267196655e-02,-1.526570320129394531e-01,-8.509307503700256348e-01
1.780545525252819061e-02,2.897098064422607422e-01,2.119064331054687500e-01
8.865606784820556641e-02,3.000276088714599609e-01,3.965209797024726868e-02
9.344939887523651123e-02,3.736146538813045481e-07,9.331053495407104492e-01
2.932591438293457031e-01,1.052256038747145794e-06,4.620327651500701904e-01
1.572942733764648438e-01,-1.511805653572082520e-01,6.830749660730361938e-02
7.229995727539062500e-02,-7.825193554162979126e-02,-4.456588625907897949e-01
7.974100112915039062e-02,-3.136768341064453125e-01,2.612930238246917725e-01
8.855156600475311279e-02,3.026208877563476562e-01,3.595635890960693359e-01
-5.032832920551300049e-02,-4.177772998809814453e-01,1.531854271888732910e-01
1.858069896697998047e-01,-1.493405848741531372e-01,3.791580200195312500e-01
1.774311996996402740e-02,-2.974479198455810547e-01,-5.798309296369552612e-02
-1.133542060852050781e-01,1.926701664924621582e-01,-3.648651018738746643e-02
-1.584353446960449219e-01,-3.419188261032104492e-01,2.533587515354156494e-01
-1.999139785766601562e-02,1.199574843049049377e-01,-4.555569291114807129e-01
-1.210787296295166016e-01,-3.832963109016418457e-02,5.813204646110534668e-01
1.187520027160644531e-01,-2.309021651744842529e-01,-9.942016564309597015e-03
8.678249269723892212e-02,3.465199470520019531e-01,2.307501137256622314e-01
1.756929419934749603e-02,3.189775943756103516e-01,1.118826270103454590e-01
-1.405475139617919922e-01,1.141262128949165344e-01,6.329522728919982910e-01
-1.274536252021789551e-01,2.420647144317626953e-01,1.663281172513961792e-01
-3.678655624389648438e-02,3.968774899840354919e-02,-5.086785554885864258e-01
1.763166785240173340e-01,-7.225036621093750000e-02,1.790234297513961792e-01
1.753764152526855469e-01,1.108466904042870738e-06,-3.470880091190338135e-01
1.547947973012924194e-01,3.685941696166992188e-01,8.589080721139907837e-02
1.797102205455303192e-02,-2.691571712493896484e-01,-2.827093303203582764e-01
-1.204669475555419922e-01,1.150975003838539124e-01,-3.557018935680389404e-01
1.705886796116828918e-02,-3.823411464691162109e-01,1.086321994662284851e-01
-6.115188449621200562e-02,-3.371323347091674805e-01,4.255576133728027344e-01
-9.682154655456542969e-02,-1.940047740936279297e-01,-5.538088679313659668e-01
2.146627902984619141e-01,1.089733700609940570e-06,6.649627536535263062e-02
1.050579547882080078e-01,-7.719603925943374634e-02,-6.921270489692687988e-01
1.897791773080825806e-02,-1.441133022308349609e-01,-8.834631443023681641e-01
2.091682404279708862e-01,-1.166447028517723083e-01,6.924791336059570312e-01
1.220533847808837891e-01,-2.305820733308792114e-01,3.634841740131378174e-01
-1.182325780391693115e-01,-4.054331779479980469e-01,1.076150462031364441e-01
9.311775118112564087e-02,1.893122196197509766e-01,-7.238690257072448730e-01
-2.480247020721435547e-01,-1.817983835935592651e-01,6.573882699012756348e-02
-1.301052868366241455e-01,-3.358244523406028748e-02,-4.157869815826416016e-01
1.493887901306152344e-01,1.516890525817871094e-01,-7.950384616851806641e-01
2.430005967617034912e-01,-1.880016326904296875e-01,5.136921405792236328e-01
-1.211489439010620117e-01,-3.537681102752685547e-01,3.871337696909904480e-02
-5.438831076025962830e-02,2.498214244842529297e-01,-3.429870679974555969e-02
-1.283392906188964844e-01,-1.147167161107063293e-01,-4.902810454368591309e-01
1.504147052764892578e-01,1.516228616237640381e-01,-5.134258866310119629e-01
-2.542247772216796875e-01,-3.618435561656951904e-02,6.535369902849197388e-02
7.799255102872848511e-02,-1.035168319940567017e-01,8.959060907363891602e-01
-1.992004513740539551e-01,-2.578077316284179688e-01,9.047271311283111572e-02
1.218094825744628906e-01,1.134009607994812541e-06,-5.740896463394165039e-01
-1.823294162750244141e-01,-1.871019005775451660e-01,4.868374466896057129e-01
-2.352492809295654297e-01,-1.095454990863800049e-01,2.937173247337341309e-01
2.879440225660800934e-02,-2.428689301013946533e-01,6.260864734649658203e-01
1.386649608612060547e-01,-1.523827761411666870e-01,-3.265399038791656494e-01
-6.640945374965667725e-02,1.064054444432258606e-01,8.511377573013305664e-01
1.469590663909912109e-01,-7.584545761346817017e-02,-2.718688845634460449e-01
1.486876010894775391e-01,-7.578973472118377686e-02,-6.192901358008384705e-02
1.521141529083251953e-01,-1.515148729085922241e-01,-1.403036415576934814e-01
9.181538224220275879e-02,-2.216203212738037109e-01,-3.404595851898193359e-01
1.531603336334228516e-01,7.564556598663330078e-02,-4.848352074623107910e-01
9.379146993160247803e-02,-1.725769042968750000e-01,-7.575524449348449707e-01
-5.398670956492424011e-02,-2.664196491241455078e-01,5.458930730819702148e-01
-2.235817909240722656e-01,-1.101098582148551941e-01,3.726300001144409180e-01
-1.096923835575580597e-02,1.274412572383880615e-01,-9.213824272155761719e-01
1.856777444481849670e-02,1.950786113739013672e-01,-4.229141175746917725e-01
2.190504074096679688e-01,7.352173328399658203e-02,-2.124087512493133545e-01
-2.093186378479003906e-01,-1.107997745275497437e-01,4.537011682987213135e-01
-1.712653636932373047e-01,-3.752100467681884766e-02,-3.477468788623809814e-01
2.030215263366699219e-01,2.227308005094528198e-01,-1.119705140590667725e-01
1.548538208007812500e-01,1.513364017009735107e-01,-5.949246287345886230e-01
1.728495024144649506e-02,-3.543388843536376953e-01,3.752865493297576904e-01
1.133393868803977966e-01,1.834326833486557007e-01,6.083313226699829102e-01
-9.863066673278808594e-02,-3.869131579995155334e-02,-6.364022493362426758e-01
8.437252044677734375e-02,-1.558864265680313110e-01,-5.843399167060852051e-01
-5.254958197474479675e-02,-3.258781433105468750e-01,-1.296881139278411865e-01
-1.926527023315429688e-01,-3.369224071502685547e-01,1.714974939823150635e-01
-2.501108646392822266e-01,-1.088266521692276001e-01,1.907830834388732910e-01
1.724667251110076904e-01,1.193283721804618835e-01,6.508656740188598633e-01
-5.086762458086013794e-02,-3.954651355743408203e-01,2.490130513906478882e-01
-1.918821334838867188e-01,1.116431653499603271e-01,2.733410596847534180e-01
2.143726348876953125e-01,1.089872057491447777e-06,2.960784733295440674e-01
2.307941913604736328e-01,7.314320653676986694e-02,4.088775441050529480e-02
2.485334873199462891e-01,1.452910751104354858e-01,-3.437957540154457092e-02
-8.522462844848632812e-02,1.949409991502761841e-01,-1.984335333108901978e-01
-2.425298690795898438e-01,3.637278079986572266e-02,3.691445887088775635e-01
-1.642681807279586792e-01,-5.520092695951461792e-02,7.874884605407714844e-01
9.076919406652450562e-02,-2.475745677947998047e-01,-1.846420317888259888e-01
1.663554310798645020e-01,2.610429823398590088e-01,4.858479499816894531e-01
2.758059501647949219e-01,2.156731784343719482e-01,3.399823009967803955e-01
1.734375953674316406e-01,2.255994677543640137e-01,-1.914581209421157837e-01
-1.665611267089843750e-01,-3.759680688381195068e-02,-1.911526471376419067e-01
2.085077762603759766e-01,1.478740125894546509e-01,-2.394174188375473022e-01
2.297158241271972656e-01,7.317795604467391968e-02,-1.354550123214721680e-01
2.293970584869384766e-01,2.201732546091079712e-01,4.108367860317230225e-02
2.141594886779785156e-01,1.089973693524370901e-06,1.426684558391571045e-01
2.375695705413818359e-01,7.292480021715164185e-02,3.443911671638488770e-01
2.993764877319335938e-01,1.049339061864884570e-06,5.896549820899963379e-01
2.886431217193603516e-01,2.866021096706390381e-01,1.391738802194595337e-01
2.745742797851562500e-01,1.436105966567993164e-01,3.900341689586639404e-01
1.871325261890888214e-02,-1.770195960998535156e-01,-4.528921544551849365e-01
-1.809256076812744141e-01,-1.121731325984001160e-01,-8.706469535827636719e-01
2.833042144775390625e-01,-7.145064324140548706e-02,4.387621879577636719e-01
1.694860458374023438e-01,-7.511933892965316772e-02,1.614929176867008209e-02
-1.088507175445556641e-01,-3.852664679288864136e-02,-5.214917063713073730e-01
-2.577509880065917969e-01,-1.084570959210395813e-01,4.042846709489822388e-02
2.279114425182342529e-01,3.315703868865966797e-01,2.579113841056823730e-01
-2.551765441894531250e-01,-3.616901114583015442e-02,1.401266455650329590e-01
1.772281341254711151e-02,2.999851703643798828e-01,3.847930729389190674e-01
1.329952925443649292e-01,7.844698429107666016e-02,-8.782004117965698242e-01
1.922228932380676270e-02,1.138303279876708984e-01,6.393926739692687988e-01
2.952387332916259766e-01,7.106596231460571289e-02,4.874349832534790039e-01
1.542124152183532715e-01,3.766095638275146484e-01,2.041046023368835449e-01
2.897455692291259766e-01,2.143214792013168335e-01,1.880813539028167725e-01
9.260986000299453735e-02,2.019155025482177734e-01,-5.283013582229614258e-01
-8.899927139282226562e-02,3.884650021791458130e-02,-1.169955432415008545e-01
-1.235752999782562256e-01,-3.107838630676269531e-01,3.835012614727020264e-01
9.238008409738540649e-02,2.076106071472167969e-01,-3.947149515151977539e-01
-1.234783455729484558e-01,-3.125014305114746094e-01,-3.338653594255447388e-02
-2.865051291882991791e-02,-1.024513021111488342e-01,9.124853610992431641e-01
-1.820559501647949219e-01,3.734715282917022705e-02,5.122582912445068359e-01
1.713644899427890778e-02,-3.727571964263916016e-01,2.755703628063201904e-01
2.434181869029998779e-01,1.840338706970214844e-01,5.417066812515258789e-01
-1.279957592487335205e-01,-2.324726581573486328e-01,-2.878063917160034180e-01
1.807618886232376099e-02,2.561020851135253906e-01,-2.591320872306823730e-01
-1.755962371826171875e-01,-3.745123371481895447e-02,-6.119659170508384705e-02
-8.189630508422851562e-02,1.169631555676460266e-01,-4.165096879005432129e-01
1.789215952157974243e-02,2.789468765258789062e-01,-8.310852199792861938e-02
8.987996727228164673e-02,2.696571350097656250e-01,-1.828317195177078247e-01
-2.788360603153705597e-02,3.722871326772292377e-07,9.531317949295043945e-01
-1.471753120422363281e-01,3.790915384888648987e-02,-6.194457784295082092e-02
-1.690606623888015747e-01,1.135619506239891052e-01,7.402224540710449219e-01
-1.261014938354492188e-01,3.824870288372039795e-02,5.800930857658386230e-01
-8.355879783630371094e-02,1.950754672288894653e-01,-3.345516920089721680e-01
-2.811980247497558594e-02,-1.995509862899780273e-01,-8.065350055694580078e-01
2.522012293338775635e-01,4.357221712325554108e-07,6.724760532379150391e-01
-1.867492645978927612e-01,1.226772218942642212e-01,3.612232208251953125e-02
-3.705763816833496094e-02,3.968338668346405029e-02,-6.235916018486022949e-01
1.139738410711288452e-01,5.188877508044242859e-02,8.902301788330078125e-01
-1.298934873193502426e-02,-1.810186356306076050e-01,6.332539319992065430e-01
-1.114608719944953918e-02,1.036404967308044434e-01,8.940389156341552734e-01
1.260429322719573975e-01,-1.147069633007049561e-01,7.225434780120849609e-01
1.895301342010498047e-01,-2.240390777587890625e-01,5.399815440177917480e-01
1.466816663742065430e-01,5.769229680299758911e-02,7.101897001266479492e-01
-8.272910118103027344e-02,-1.169228628277778625e-01,5.913055539131164551e-01
1.387243270874023438e-01,1.125943981605814770e-06,-4.062463343143463135e-01
1.450202465057373047e-01,1.519709676504135132e-01,-4.060058593750000000e-01
8.109008520841598511e-02,-1.344829052686691284e-01,-8.341397047042846680e-01
-7.828116416931152344e-02,1.171380281448364258e-01,5.639979243278503418e-01
2.582994103431701660e-01,6.030006334185600281e-02,6.292359828948974609e-01
-1.621272265911102295e-01,5.448147282004356384e-02,8.098082542419433594e-01
-1.739733219146728516e-01,-3.747738152742385864e-02,6.233375668525695801e-01
8.813311159610748291e-02,3.129980564117431641e-01,-3.335296735167503357e-02
-1.296838372945785522e-01,2.025573253631591797e-01,3.500955104827880859e-01
1.764686107635498047e-01,7.489427179098129272e-02,-6.436666846275329590e-01
-1.253674030303955078e-01,-3.467474579811096191e-01,3.108703494071960449e-01
9.842157363891601562e-02,2.328735440969467163e-01,-3.329702615737915039e-01
2.811045646667480469e-01,-1.431908160448074341e-01,5.432734489440917969e-01
-8.201568573713302612e-02,1.286546140909194946e-01,-9.063538312911987305e-01
9.192355722188949585e-02,2.189459800720214844e-01,5.577854514122009277e-01
-6.018951162695884705e-02,3.332505002617835999e-02,-4.316968917846679688e-01
-1.470806598663330078e-01,1.899474263191223145e-01,1.999349892139434814e-01
2.206286638975143433e-01,2.719750404357910156e-01,4.014968872070312500e-01
-1.635167598724365234e-01,1.886205822229385376e-01,4.221526905894279480e-02
-2.021520137786865234e-01,1.111464202404022217e-01,1.180096417665481567e-01
-2.293953895568847656e-01,-3.658440336585044861e-02,4.231643676757812500e-01
-5.505347996950149536e-02,-2.222847938537597656e-01,-4.180310070514678955e-01
-1.110093593597412109e-01,2.705666720867156982e-01,9.663177281618118286e-02
8.844126760959625244e-02,-3.053414821624755859e-01,4.345272779464721680e-01
1.579710394144058228e-01,3.248562812805175781e-01,3.927581757307052612e-02
9.520202130079269409e-02,2.571896463632583618e-02,-9.038547277450561523e-01
1.864938735961914062e-01,7.457112520933151245e-02,-7.528027296066284180e-01
8.919250220060348511e-02,2.867159843444824219e-01,4.382147192955017090e-01
2.562834024429321289e-01,-1.195961609482765198e-01,6.467421054840087891e-01
-1.325558274984359741e-01,-1.516780853271484375e-01,-8.523919582366943359e-01
2.411271035671234131e-01,2.058269977569580078e-01,4.829849004745483398e-01
1.174374371767044067e-01,1.335430145263671875e-01,-8.457940816879272461e-01
-3.045272827148437500e-02,1.194514706730842590e-01,-7.439312338829040527e-01
1.806282997131347656e-01,3.006019592285156250e-01,-8.751068264245986938e-02
-5.568166077136993408e-02,1.962835788726806641e-01,-8.351159691810607910e-01
-1.228164657950401306e-01,-1.899181157350540161e-01,5.414396524429321289e-01
2.286128252744674683e-01,-5.811838433146476746e-02,6.969516277313232422e-01
1.857243329286575317e-01,4.246901710303063737e-07,7.187905311584472656e-01
-1.631302833557128906e-01,-1.886517703533172607e-01,-3.235351443290710449e-01
-7.849955558776855469e-02,1.954838782548904419e-01,4.526956081390380859e-01
-5.275690555572509766e-02,-3.172898292541503906e-01,4.824503958225250244e-01
-2.946710586547851562e-02,3.980569168925285339e-02,-7.734167575836181641e-01
3.002943992614746094e-01,-7.090299576520919800e-02,5.897151231765747070e-01
-1.329737156629562378e-01,1.442670822143554688e-01,4.940131902694702148e-01
1.769016981124877930e-01,1.834374964237213135e-01,6.082651615142822266e-01
2.248227894306182861e-01,3.609571456909179688e-01,1.103298962116241455e-01
-5.490028113126754761e-02,2.286229133605957031e-01,-1.607742309570312500e-01
-4.833292961120605469e-02,1.185866147279739380e-01,-5.925186276435852051e-01
9.333533793687820435e-02,1.839060783386230469e-01,-7.823724150657653809e-01
4.403289780020713806e-02,-2.694697119295597076e-02,-8.276934623718261719e-01
-1.240589618682861328e-01,-1.149237677454948425e-01,-6.303176879882812500e-01
1.586455404758453369e-01,3.155725002288818359e-01,3.580950796604156494e-01
1.840928941965103149e-02,-2.147698402404785156e-01,-7.713457942008972168e-01
-1.407264322042465210e-01,6.929159164428710938e-03,-2.324111908674240112e-01
-1.437041759490966797e-01,-2.668637931346893311e-01,-6.242461875081062317e-02
1.858168281614780426e-02,1.933524608612060547e-01,-6.112399101257324219e-01
1.865413188934326172e-01,-7.456959784030914307e-02,3.259582519531250000e-01
-7.376289367675781250e-02,2.747851014137268066e-01,1.691131480038166046e-02
9.205688536167144775e-02,-2.438606023788452148e-01,6.184372901916503906e-01
-2.039446979761123657e-01,-2.044069766998291016e-01,3.245465159416198730e-01
-1.791625022888183594e-01,-2.628479897975921631e-01,2.762814164161682129e-01
-1.419069766998291016e-01,-2.670673429965972900e-01,4.150646924972534180e-01
8.901289850473403931e-02,-2.911503314971923828e-01,5.661604404449462891e-01
-1.209731996059417725e-01,5.299043655395507812e-02,8.560891151428222656e-01
1.812150478363037109e-01,-4.803180694580078125e-03,-2.889025807380676270e-01
-1.211068704724311829e-01,-5.304899439215660095e-02,8.542723655700683594e-01
-9.875396639108657837e-02,-7.644346356391906738e-02,-9.196597337722778320e-01
8.609485626220703125e-02,-2.340688705444335938e-01,2.054110616445541382e-01
-4.657348617911338806e-02,-1.287977695465087891e-01,-9.045852422714233398e-01
9.294898062944412231e-02,1.934936046600341797e-01,-6.667641997337341309e-01
1.766056008636951447e-02,-3.076965808868408203e-01,5.099893212318420410e-01
1.720908731222152710e-01,1.304404735565185547e-01,-7.436633110046386719e-01
1.585023403167724609e-01,-1.511026322841644287e-01,3.304235637187957764e-01
1.807330846786499023e-01,-1.143980026245117188e-02,-1.765594482421875000e-01
-6.065635010600090027e-02,-9.521484375000000000e-03,-6.651723980903625488e-01
-1.386888027191162109e-01,-3.804589062929153442e-02,-8.263659477233886719e-01
-9.997146576642990112e-02,4.051962889661808731e-07,8.984367847442626953e-01
-5.515205860137939453e-02,-2.182064056396484375e-01,-5.242840647697448730e-01
-1.079208850860595703e-01,-1.157043501734733582e-01,-7.496343851089477539e-01
-2.259311378002166748e-01,-4.308319091796875000e-02,2.733483910560607910e-01
8.782418817281723022e-02,3.206703662872314453e-01,3.071496486663818359e-01
9.738063812255859375e-02,-7.744351774454116821e-02,-6.369817852973937988e-01
1.527345180511474609e-01,-1.514748483896255493e-01,2.518331706523895264e-01
5.500459671020507812e-02,-3.168833851814270020e-01,9.909057617187500000e-02
8.209347724914550781e-02,-7.793626189231872559e-02,-5.275326371192932129e-01
1.320695430040359497e-01,3.844268121611094102e-07,8.876646757125854492e-01
1.634630709886550903e-01,-2.492349147796630859e-01,4.986573755741119385e-01
1.766403317451477051e-01,-6.779384613037109375e-02,2.337887585163116455e-01
-2.347016334533691406e-01,-1.095720082521438599e-01,-9.424743242561817169e-03
-1.049327850341796875e-01,-3.858977183699607849e-02,-5.782384872436523438e-01
1.954579353332519531e-01,1.487161368131637573e-01,-2.926470935344696045e-01
1.840096153318881989e-02,-2.157862186431884766e-01,-6.324670314788818359e-01
4.204254224896430969e-02,1.285096257925033569e-01,-9.081674814224243164e-01
1.486539840698242188e-01,1.121209152188384905e-06,-7.074969410896301270e-01
8.336710929870605469e-02,-3.132075369358062744e-01,3.156670928001403809e-01
2.629373073577880859e-01,2.899343073368072510e-01,2.668301463127136230e-01
7.392263412475585938e-02,-3.144315183162689209e-01,2.072018384933471680e-01
2.200937271118164062e-01,7.348810136318206787e-02,1.932031214237213135e-01
-9.777998924255371094e-02,1.161948740482330322e-01,-8.415557742118835449e-01
3.070096969604492188e-01,1.045699264068389311e-06,5.358163118362426758e-01
-2.123688906431198120e-01,1.095716953277587891e-01,4.197302162647247314e-01
-1.942658424377441406e-01,3.715042397379875183e-02,2.210784852504730225e-01
1.974172592163085938e-01,7.421903312206268311e-02,-3.439758121967315674e-01
1.419773101806640625e-01,-1.521690189838409424e-01,1.636535674333572388e-02
1.731233149766921997e-01,-1.162164211273193359e-01,1.226019263267517090e-01
-5.178214609622955322e-02,-3.576447963714599609e-01,3.748053014278411865e-01
2.409515343606472015e-02,-1.018255427479743958e-01,9.222013950347900391e-01
-9.890723228454589844e-02,1.161403357982635498e-01,-8.994750678539276123e-02
1.160495281219482422e-01,-2.311642467975616455e-01,3.102636635303497314e-01
4.222717136144638062e-02,2.584214694797992706e-02,-8.962582349777221680e-01
7.587204128503799438e-02,-5.037725716829299927e-02,9.371727705001831055e-01
7.631240785121917725e-02,5.066964402794837952e-02,9.281020164489746094e-01
-5.420999974012374878e-02,2.571985721588134766e-01,4.180505275726318359e-01
1.256840229034423828e-01,-2.302300184965133667e-01,-6.279571354389190674e-02
1.764496974647045135e-02,3.096320629119873047e-01,3.944824263453483582e-02
-2.042926698923110962e-01,-2.004899978637695312e-01,2.213214039802551270e-01
1.658516973257064819e-01,-2.163450717926025391e-01,6.135148406028747559e-01
2.087338268756866455e-01,2.867847979068756104e-01,3.217649459838867188e-02
-1.161630153656005859e-01,1.153056994080543518e-01,-1.954843103885650635e-01
-1.299371719360351562e-01,1.146394312381744385e-01,-3.006939589977264404e-01
-2.879516594111919403e-02,7.724960893392562866e-02,-9.030609130859375000e-01
-5.521892011165618896e-02,-2.154569625854492188e-01,-5.785165429115295410e-01
2.421600371599197388e-02,-7.677694410085678101e-02,-9.127832651138305664e-01
4.064605757594108582e-02,3.681205669181508711e-07,9.568854570388793945e-01
1.487183570861816406e-01,-1.517340093851089478e-01,-1.929901093244552612e-01
-5.490938946604728699e-02,2.282459735870361328e-01,-8.502776920795440674e-02
-6.058195978403091431e-02,-6.443977355957031250e-03,-5.176901221275329590e-01
-2.051703929901123047e-01,-2.599024176597595215e-01,1.441452056169509888e-01
2.677879333496093750e-01,1.064401658368296921e-06,4.159551858901977539e-01
-3.466735780239105225e-02,-2.474160194396972656e-01,5.909875631332397461e-01
1.864311099052429199e-02,1.857266426086425781e-01,-4.778744280338287354e-01
1.477820873260498047e-01,-7.581891864538192749e-02,-2.190457135438919067e-01
-1.674413681030273438e-01,-1.883037537336349487e-01,-1.916772425174713135e-01
-1.810739040374755859e-01,-1.121659651398658752e-01,-1.126443445682525635e-01
1.845718733966350555e-02,-2.088067531585693359e-01,-4.996435344219207764e-01
2.372002601623535156e-01,1.460224241018295288e-01,-1.100180000066757202e-01
1.019094809889793396e-01,-2.753092534840106964e-02,-7.914019823074340820e-01
-1.198280230164527893e-01,-3.771598339080810547e-01,2.515054345130920410e-01
-1.404540836811065674e-01,1.176524162292480469e-02,-3.439208865165710449e-01
1.486496925354003906e-01,-7.579096406698226929e-02,-1.141451969742774963e-01
-2.306149005889892578e-01,3.656476363539695740e-02,1.164266914129257202e-01
1.552217006683349609e-01,-1.513143479824066162e-01,-8.791778236627578735e-02
-1.873917579650878906e-01,-1.118603572249412537e-01,-2.673706114292144775e-01
2.122912406921386719e-01,1.090864543584757484e-06,3.480578660964965820e-01
-1.690363883972167969e-01,-1.881749927997589111e-01,-6.156066805124282837e-02
-5.910634994506835938e-03,2.013438940048217773e-01,5.238949656486511230e-01
1.802567765116691589e-02,-2.623229026794433594e-01,-3.341171145439147949e-01
-3.929209709167480469e-02,3.964738547801971436e-02,-5.653011798858642578e-01
3.092117235064506531e-02,2.608072161674499512e-01,4.876794815063476562e-01
1.209931373596191406e-01,-2.306848615407943726e-01,9.606505930423736572e-02
-2.004789710044860840e-01,-2.434170246124267578e-01,4.079925268888473511e-02
-1.153228711336851120e-02,-2.682492882013320923e-02,-8.358813524246215820e-01
2.726142406463623047e-01,2.886800765991210938e-01,9.027130156755447388e-02
1.815767288208007812e-01,7.472961395978927612e-02,-6.979531645774841309e-01
-4.328727722167968750e-02,2.782365977764129639e-01,2.094079554080963135e-01
-1.277289986610412598e-01,-2.371985912322998047e-01,-2.363046258687973022e-01
1.920745372772216797e-01,1.100504618989361916e-06,-6.075469776988029480e-02
1.791791804134845734e-02,-2.757658958435058594e-01,-2.319152802228927612e-01
2.814378142356872559e-01,1.776976585388183594e-01,2.280441224575042725e-01
2.745859622955322266e-01,1.436098664999008179e-01,5.448693633079528809e-01
-1.522619575262069702e-01,-7.673207670450210571e-02,-9.136581420898437500e-01
2.758505344390869141e-01,-1.435298770666122437e-01,4.924883842468261719e-01
-5.391262471675872803e-02,-2.694847583770751953e-01,-2.827413976192474365e-01
-8.602996915578842163e-02,-2.408820092678070068e-01,-3.731369972229003906e-01
9.004979580640792847e-02,-2.654256820678710938e-01,-3.407836705446243286e-02
2.466976642608642578e-01,1.454095542430877686e-01,1.409301757812500000e-01
-1.149456501007080078e-01,-1.925416737794876099e-01,-4.116723537445068359e-01
-2.261261940002441406e-01,-1.099867969751358032e-01,2.437374889850616455e-01
-2.364912033081054688e-01,3.647007793188095093e-02,3.187963664531707764e-01
2.399282455444335938e-01,1.458463966846466064e-01,1.568572968244552612e-02
-1.272728443145751953e-01,-2.687247693538665771e-01,-1.423980742692947388e-01
1.565255671739578247e-01,2.709271386265754700e-02,-8.184924125671386719e-01
2.709264755249023438e-01,1.438460350036621094e-01,4.419004619121551514e-01
2.395963668823242188e-01,7.285947352647781372e-02,9.089691191911697388e-02
-5.363711342215538025e-02,-2.808837890625000000e-01,-1.818170100450515747e-01
-2.799316309392452240e-02,-5.007667466998100281e-02,9.466769695281982422e-01
1.094367504119873047e-01,-7.705491036176681519e-02,-4.114986956119537354e-01
8.682752400636672974e-02,3.453962802886962891e-01,8.666778355836868286e-02
-1.717195510864257812e-01,1.126184314489364624e-01,4.880497753620147705e-01
1.141998767852783203e-01,-2.313436120748519897e-01,-1.429406702518463135e-01
-1.881803870201110840e-01,-5.662375316023826599e-02,7.433270215988159180e-01
-5.282286554574966431e-02,-3.145604133605957031e-01,-5.754730105400085449e-02
2.381429672241210938e-01,7.290632277727127075e-02,-9.404296986758708954e-03
1.720537804067134857e-02,-3.642165660858154297e-01,3.249545097351074219e-01
-2.518317699432373047e-01,-1.814911067485809326e-01,1.156985461711883545e-01
1.793915033340454102e-02,2.731299400329589844e-01,-1.327999830245971680e-01
-6.536544859409332275e-02,-1.047340631484985352e-01,8.770942687988281250e-01
2.708220481872558594e-01,1.438527554273605347e-01,2.642327845096588135e-01
1.884467341005802155e-02,1.607058048248291016e-01,-8.185809254646301270e-01
-5.374159291386604309e-02,2.765498161315917969e-01,3.132052421569824219e-01
1.763209700584411621e-02,3.112297058105468750e-01,1.609820574522018433e-01
1.934179663658142090e-01,-1.790403574705123901e-01,6.536098718643188477e-01
-2.351109981536865234e-01,3.649231791496276855e-02,4.220992922782897949e-01
1.778792403638362885e-02,-2.918860912322998047e-01,-1.071398928761482239e-01
1.778714545071125031e-02,2.919340133666992188e-01,2.611953616142272949e-01
1.536189019680023193e-01,3.847854137420654297e-01,1.323666423559188843e-01
1.778837107121944427e-02,-2.917819023132324219e-01,-9.176940657198429108e-03
1.562793254852294922e-01,1.512444019317626953e-01,-6.502721905708312988e-01
9.011927992105484009e-02,-2.637019157409667969e-01,1.148074343800544739e-01
2.039241790771484375e-01,2.226433157920837402e-01,5.097392201423645020e-01
-5.307244509458541870e-02,3.042454719543457031e-01,1.126675382256507874e-01
-6.078124418854713440e-02,-1.467013359069824219e-02,-7.568609714508056641e-01
-5.055989325046539307e-02,-4.081866741180419922e-01,2.005999684333801270e-01
-1.882147789001464844e-02,3.997721895575523376e-02,-4.552987515926361084e-01
1.780610159039497375e-02,2.895808219909667969e-01,4.373071193695068359e-01
-8.826875686645507812e-02,1.946952641010284424e-01,-2.794113159179687500e-01
1.681441068649291992e-01,-1.847805976867675781e-01,4.059960842132568359e-01
8.613589406013488770e-02,3.625650405883789062e-01,1.811828613281250000e-01
1.701481267809867859e-02,-3.878567218780517578e-01,1.553463637828826904e-01
9.675748646259307861e-02,9.899377822875976562e-02,-9.010846018791198730e-01
-7.465887069702148438e-02,-1.957939714193344116e-01,-6.737060546875000000e-01
-1.475691795349121094e-02,1.202106624841690063e-01,6.079327464103698730e-01
-1.179511919617652893e-01,-4.104092121124267578e-01,1.539272964000701904e-01
7.189437747001647949e-02,1.854418963193893433e-01,5.876187086105346680e-01
-5.044378340244293213e-02,-4.130008220672607422e-01,1.070870980620384216e-01
-5.493076518177986145e-02,2.273616790771484375e-01,-2.115869075059890747e-01
-1.827087402343750000e-01,3.920505378118832596e-07,7.935341596603393555e-01
-9.695887565612792969e-02,1.162345781922340393e-01,6.161544919013977051e-01
-2.212040275335311890e-01,1.012277603149414062e-02,1.731262169778347015e-02
-8.072566986083984375e-02,-2.739965319633483887e-01,5.097702145576477051e-01
-2.092752009630203247e-01,-1.444065570831298828e-01,-3.603637591004371643e-02
1.384093761444091797e-01,7.612103968858718872e-02,-4.335229396820068359e-01
1.129112243652343750e-01,-5.140500515699386597e-02,9.052382707595825195e-01
-1.412715762853622437e-01,-2.730607986450195312e-03,-1.773800551891326904e-01
-1.117645204067230225e-02,1.816044896841049194e-01,-8.965258598327636719e-01
9.474764019250869751e-02,1.488606929779052734e-01,6.304969787597656250e-01
9.505460411310195923e-02,-1.412255764007568359e-01,-6.255401372909545898e-01
8.082366734743118286e-02,-8.047990500926971436e-02,-8.362405300140380859e-01
-1.493797302246093750e-01,-3.787363320589065552e-02,5.468713045120239258e-01
1.682590991258621216e-01,1.831970214843750000e-01,-3.205587565898895264e-01
1.736466884613037109e-01,-1.090099811553955078e-01,6.975372135639190674e-02
5.916905403137207031e-02,-2.366797327995300293e-01,-3.661483824253082275e-01
-7.602572441101074219e-02,1.956836134195327759e-01,-6.401733309030532837e-02
2.643952965736389160e-01,1.233806833624839783e-01,5.880703926086425781e-01
-1.279923915863037109e-01,-1.147335022687911987e-01,-4.357180595397949219e-01
-5.506330728530883789e-02,2.219061851501464844e-01,-3.144668638706207275e-01
-3.565073013305664062e-03,4.022302851080894470e-02,-8.736538290977478027e-01
1.533993482589721680e-01,-3.492368012666702271e-02,-3.325545787811279297e-01
-1.276422590017318726e-01,-2.387351989746093750e-01,5.004630684852600098e-01
7.895019650459289551e-02,1.309342682361602783e-01,-8.780972957611083984e-01
-1.324160546064376831e-01,1.541540622711181641e-01,-3.580322116613388062e-02
-5.773496627807617188e-02,-1.181318238377571106e-01,6.262118220329284668e-01
-2.425980567932128906e-02,2.803915739059448242e-01,-1.035400386899709702e-02
-1.010708808898925781e-01,2.716923058032989502e-01,1.506838947534561157e-01
2.778918445110321045e-01,4.437391680767177604e-07,6.388475894927978516e-01
-7.991743087768554688e-02,-3.899282962083816528e-02,-7.871755957603454590e-01
-5.261516571044921875e-02,1.975735276937484741e-01,4.857473671436309814e-01
8.855956792831420898e-02,-1.761605292558670044e-01,6.833131313323974609e-01
1.666194051504135132e-01,-1.152837350964546204e-01,7.135854959487915039e-01
8.942464739084243774e-02,-2.809391021728515625e-01,2.377770990133285522e-01
9.076534956693649292e-02,-2.476699352264404297e-01,1.561218220740556717e-02
-1.315182596445083618e-01,1.700589656829833984e-01,4.616717398166656494e-01
1.017209142446517944e-01,2.419066429138183594e-02,-4.635073840618133545e-01
-1.063446998596191406e-01,-1.157805994153022766e-01,5.574621558189392090e-01
-2.813827432692050934e-02,5.033593624830245972e-02,9.386348724365234375e-01
-1.430015563964843750e-01,1.902767568826675415e-01,3.063171207904815674e-01
-2.149407267570495605e-01,8.062458038330078125e-02,2.873092591762542725e-01
1.302630603313446045e-01,1.185470372438430786e-01,6.629976034164428711e-01
-2.086663246154785156e-01,3.691839426755905151e-02,4.798068106174468994e-01
-1.761496067047119141e-01,-3.744231909513473511e-02,5.135636925697326660e-01
2.553217113018035889e-01,-7.078003883361816406e-02,3.993658423423767090e-01
-1.203873157501220703e-01,3.834076970815658569e-02,-2.481402605772018433e-01
-8.598756790161132812e-02,-1.948794126510620117e-01,-6.131118535995483398e-01
2.158706635236740112e-01,1.203811988234519958e-01,6.345584392547607422e-01
-1.491303443908691406e-01,3.787765279412269592e-02,5.469292998313903809e-01
-1.648890972137451172e-01,-1.129488125443458557e-01,-8.180459141731262207e-01
-1.417724601924419403e-02,-3.283731043338775635e-01,4.794661998748779297e-01
-1.935583502054214478e-01,-1.300192475318908691e-01,4.852392673492431641e-01
1.836103759706020355e-02,2.207419872283935547e-01,-3.921484351158142090e-01
-4.486107826232910156e-02,-3.298264741897583008e-01,1.777282729744911194e-02
6.979675032198429108e-03,-1.890089809894561768e-01,-8.311319351196289062e-01
-5.568543449044227600e-02,-1.961388587951660156e-01,-7.778362631797790527e-01
6.123870611190795898e-02,-1.316954493522644043e-01,-8.686670064926147461e-01
2.253227978944778442e-01,3.561997413635253906e-01,2.066574096679687500e-01
1.735513657331466675e-01,-1.103265285491943359e-01,3.374084532260894775e-01
1.354339122772216797e-01,2.292845994234085083e-01,-2.743392884731292725e-01
-1.955115795135498047e-01,1.114676147699356079e-01,4.564358294010162354e-01
-2.154807746410369873e-01,7.454609870910644531e-02,1.249075308442115784e-01
1.014778614044189453e-01,-1.547825634479522705e-01,-7.231930494308471680e-01
1.853044033050537109e-01,-7.460947334766387939e-02,2.739419639110565186e-01
-1.251508742570877075e-01,-2.828712463378906250e-01,1.538024842739105225e-02
2.385053336620330811e-01,2.307713031768798828e-01,4.514001309871673584e-01
-6.288330256938934326e-02,3.898072122865414713e-07,9.357495307922363281e-01
2.335994690656661987e-01,2.774529457092285156e-01,3.653884828090667725e-01
1.851105690002441406e-01,3.000210225582122803e-01,3.816503882408142090e-01
-2.037456333637237549e-01,-2.066473960876464844e-01,4.290313720703125000e-01
1.005079746246337891e-01,-2.326712310314178467e-01,-2.243792712688446045e-01
-1.019024848937988281e-01,-3.501738011837005615e-01,3.412896692752838135e-01
-1.541702300310134888e-01,-1.294001340866088867e-01,-8.971103429794311523e-01
1.200747489929199219e-01,-1.535824686288833618e-01,-3.831472694873809814e-01
-2.034223526716232300e-01,-2.102804183959960938e-01,3.758441209793090820e-01
-1.421813964843750000e-01,-5.408094450831413269e-02,8.222422599792480469e-01
1.397628784179687500e-01,2.637502849102020264e-01,-1.712057590484619141e-01
2.684996128082275391e-01,-1.440042406320571899e-01,5.991721749305725098e-01
-5.693300068378448486e-02,1.445236206054687500e-01,5.480900406837463379e-01
1.903006248176097870e-02,1.376922130584716797e-01,6.050224304199218750e-01
-2.047276496887207031e-02,-4.096184968948364258e-01,1.309878528118133545e-01
-1.967742890119552612e-01,-2.986069321632385254e-01,1.960144042968750000e-01
1.734669804573059082e-01,1.114888191223144531e-01,-6.345794796943664551e-01
-7.466857880353927612e-02,-3.707875311374664307e-01,3.926444053649902344e-02
-1.557922363281250000e-01,-3.412576392292976379e-02,-3.820397853851318359e-01
-1.788574270904064178e-02,-3.731320500373840332e-01,5.530595779418945312e-02
1.004506275057792664e-01,-7.331371307373046875e-03,-5.440033078193664551e-01
-1.914337426424026489e-01,-3.452293872833251953e-01,1.350173950195312500e-01
1.783661842346191406e-01,3.008951246738433838e-01,-9.728698059916496277e-03
-5.547063052654266357e-02,2.050259113311767578e-01,-3.688116371631622314e-01
1.792326383292675018e-02,-2.750854492187500000e-01,5.961831808090209961e-01
6.596069317311048508e-03,7.668238133192062378e-02,-9.148068428039550781e-01
1.601495742797851562e-01,-1.509962975978851318e-01,1.202758774161338806e-01
1.915693581104278564e-01,2.645437419414520264e-01,4.588396549224853516e-01
1.001590043306350708e-01,-1.456737518310546875e-02,-6.004644632339477539e-01
2.571330070495605469e-01,2.174838185310363770e-01,6.556671112775802612e-02
1.836005784571170807e-02,-2.208638191223144531e-01,-4.181829690933227539e-01
1.715693473815917969e-01,1.376216411590576172e-01,-3.805325329303741455e-01
-1.017330884933471680e-01,1.311585158109664917e-01,-8.753098249435424805e-01
1.907928436994552612e-01,3.736532926559448242e-01,2.008428573608398438e-01
-1.909945607185363770e-01,-2.922466397285461426e-01,8.039879798889160156e-02
-1.371652632951736450e-01,7.001614570617675781e-02,5.946664214134216309e-01
1.087362766265869141e-01,-2.318733781576156616e-01,4.326690733432769775e-02
1.888255029916763306e-02,1.560039520263671875e-01,5.727302432060241699e-01
-1.032676696777343750e-01,-3.861660137772560120e-02,-4.398028552532196045e-01
8.934134244918823242e-02,2.830228805541992188e-01,-1.323129236698150635e-01
-1.448737233877182007e-01,-6.654500961303710938e-02,-8.046483993530273438e-01
-1.555886268615722656e-01,-2.655178308486938477e-01,3.589654564857482910e-01
-2.838945388793945312e-02,2.799238264560699463e-01,4.066921770572662354e-01
1.014517173171043396e-01,-1.368937790393829346e-01,-8.043024539947509766e-01
-1.612634658813476562e-01,-3.768215328454971313e-02,-1.394848674535751343e-01
-2.417578101158142090e-01,-4.062547907233238220e-02,2.138328552246093750e-02
8.388686180114746094e-02,-2.342829406261444092e-01,-3.076144456863403320e-01
-8.658783137798309326e-02,-3.455874621868133545e-01,3.735404014587402344e-01
2.805790901184082031e-01,1.695339679718017578e-01,2.873885929584503174e-01
1.572778224945068359e-01,1.511799544095993042e-01,-7.063683867454528809e-01
9.765029698610305786e-02,-1.054523289203643799e-01,8.659379482269287109e-01
9.058717638254165649e-02,-2.520911693572998047e-01,1.654605120420455933e-01
2.446533180773258209e-02,1.033895835280418396e-01,8.978972434997558594e-01
1.856532096862792969e-01,-7.459820806980133057e-02,1.445226967334747314e-01
-2.206976413726806641e-01,3.672454878687858582e-02,4.105377197265625000e-02
9.385506063699722290e-02,1.710159778594970703e-01,-8.156082034111022949e-01
2.497422099113464355e-01,-1.238648891448974609e-01,4.178729057312011719e-01
2.237852364778518677e-01,1.870315372943878174e-01,5.712002515792846680e-01
-1.110015809535980225e-02,-1.289650052785873413e-01,-9.025080204010009766e-01
-1.367530822753906250e-01,1.907812058925628662e-01,-9.852904826402664185e-03
2.139773368835449219e-01,-1.475226879119873047e-01,4.006549119949340820e-01
-1.057646274566650391e-01,-2.711606919765472412e-01,-1.705041527748107910e-01
-8.199981600046157837e-02,-1.286299228668212891e-01,-9.066598415374755859e-01
2.389175295829772949e-01,2.888743579387664795e-01,5.062246322631835938e-02
9.103002399206161499e-02,2.411184310913085938e-01,5.258866548538208008e-01
-1.085519418120384216e-01,1.022387370467185974e-01,-3.863091468811035156e-01
-2.126548141241073608e-01,1.063549518585205078e-01,3.112924098968505859e-01
-1.992464065551757812e-01,1.112869530916213989e-01,6.702300906181335449e-02
-2.490884363651275635e-01,-1.498241126537322998e-01,1.783659458160400391e-01
-6.367065012454986572e-02,-7.653624564409255981e-02,-9.177252054214477539e-01
-1.196567490696907043e-01,-3.802034854888916016e-01,6.177764758467674255e-02
-4.607635363936424255e-02,1.274235248565673828e-01,-9.216077327728271484e-01
-5.452746152877807617e-02,-2.440755367279052734e-01,-3.882345557212829590e-01
-1.939845085144042969e-02,3.996792063117027283e-02,-8.068606257438659668e-01
-2.036590576171875000e-01,-3.699908033013343811e-02,-3.499664366245269775e-02
-1.268432140350341797e-01,1.915811747312545776e-01,2.282537817955017090e-01
2.171592712402343750e-01,-1.814940571784973145e-01,6.283107995986938477e-01
-1.916871070861816406e-01,-1.863464564085006714e-01,-3.528900071978569031e-02
-9.512400627136230469e-02,2.723658382892608643e-01,4.358673095703125000e-02
6.536101922392845154e-03,3.749582901946268976e-07,9.595021009445190430e-01
-2.038145065307617188e-01,-1.853674203157424927e-01,4.557379186153411865e-01
2.674937248229980469e-01,7.196025550365447998e-02,5.985085964202880859e-01
-1.608956903219223022e-01,4.219656375425984152e-07,8.217825889587402344e-01
1.795297563076019287e-01,-2.800440788269042969e-02,2.099236994981765747e-01
