4.199142456054687500e-01,9.918621799442917109e-07,-1.471911519765853882e-01
-6.498321145772933960e-02,-5.208791047334671021e-02,8.841961622238159180e-01
-2.086334228515625000e-01,-3.691893443465232849e-02,-9.177786111831665039e-01
-4.182837009429931641e-01,1.680537015199661255e-01,8.394012600183486938e-02
1.805300824344158173e-02,-2.589299678802490234e-01,2.650994956493377686e-01
-1.295409351587295532e-01,-2.050983905792236328e-01,-3.171984851360321045e-01
8.887238055467605591e-02,2.946596145629882812e-01,4.366421401500701904e-01
2.380931377410888672e-01,1.078561240319686476e-06,-6.533407568931579590e-01
-5.436260998249053955e-02,2.508680820465087891e-01,-2.093984931707382202e-01
-2.744569778442382812e-01,3.585837408900260925e-02,4.918380677700042725e-01
3.880405426025390625e-01,1.007060745905619115e-06,2.974130213260650635e-01
-2.056171894073486328e-01,1.109788045287132263e-01,-5.545062422752380371e-01
1.984298229217529297e-01,-1.485260128974914551e-01,6.179862618446350098e-01
-2.709183692932128906e-01,-1.799502372741699219e-01,4.027465730905532837e-02
1.662503331899642944e-01,2.108600139617919922e-01,9.224700927734375000e-02
1.629423350095748901e-01,-2.564051151275634766e-01,-5.921691656112670898e-02
-3.600900173187255859e-01,3.447863087058067322e-02,-2.231448292732238770e-01
1.280303895473480225e-01,-1.257769912481307983e-01,-9.419821500778198242e-01
2.457189708948135376e-01,-1.621432304382324219e-01,-3.776623308658599854e-01
-1.240167021751403809e-01,3.029546737670898438e-01,1.863809227943420410e-01
2.284390181303024292e-01,1.762992441654205322e-01,-3.161470890045166016e-01
4.725296050310134888e-02,1.732407510280609131e-01,7.134299278259277344e-01
-1.300106048583984375e-01,-1.967852115631103516e-01,6.181266903877258301e-01
-3.766942024230957031e-02,1.637602448463439941e-01,-7.959832549095153809e-01
3.114316761493682861e-01,-2.400426864624023438e-01,1.932220458984375000e-01
1.936762034893035889e-02,-9.578967094421386719e-02,-5.242895483970642090e-01
-3.697764873504638672e-01,-3.432256728410720825e-02,2.520117163658142090e-01
-1.457989215850830078e-01,2.666265666484832764e-01,5.511343479156494141e-01
2.636606693267822266e-01,1.443148851394653320e-01,5.739327669143676758e-01
-2.677544057369232178e-01,2.948472499847412109e-01,-8.311706036329269409e-02
4.014289379119873047e-01,1.354244649410247803e-01,6.118896231055259705e-02
-2.066925913095474243e-01,-1.734704971313476562e-01,3.818862736225128174e-01
1.903866231441497803e-02,1.366248130798339844e-01,-4.336395263671875000e-01
-3.098776042461395264e-01,2.123764902353286743e-01,3.098254203796386719e-01
-5.628687888383865356e-02,-1.712555885314941406e-01,-8.716094493865966797e-02
-1.372052282094955444e-01,-6.930994987487792969e-02,-7.032110691070556641e-01
-2.346391677856445312e-01,1.828790009021759033e-01,-3.393399119377136230e-01
2.425576895475387573e-01,1.922154426574707031e-01,3.005957007408142090e-01
-1.343836933374404907e-01,5.886470153927803040e-02,6.738530397415161133e-01
2.459826171398162842e-01,-1.596353054046630859e-01,3.847579956054687500e-01
1.767777800559997559e-01,6.590127944946289062e-02,-8.539712429046630859e-01
-2.682864665985107422e-01,-3.595778718590736389e-02,-4.095214605331420898e-01
2.384060621261596680e-01,2.317156791687011719e-01,-1.106619238853454590e-01
3.968575000762939453e-01,-1.357209682464599609e-01,1.459655724465847015e-02
5.898356437683105469e-02,-2.366977185010910034e-01,4.851774573326110840e-01
9.105087816715240479e-02,-2.405779361724853516e-01,-2.611282169818878174e-01
2.692596428096294403e-02,-2.271096706390380859e-01,7.476809024810791016e-01
-3.907854557037353516e-01,-3.398406505584716797e-02,-3.214477375149726868e-02
-5.419065058231353760e-02,2.579824924468994141e-01,-9.319762699306011200e-03
1.197834759950637817e-01,-5.453370884060859680e-02,8.081750869750976562e-01
9.631637483835220337e-02,-1.099219322204589844e-01,-7.487396001815795898e-01
3.214286863803863525e-01,-1.674954891204833984e-01,-1.666125506162643433e-01
1.773497648537158966e-02,-2.984101772308349609e-01,6.406158208847045898e-02
3.338847160339355469e-01,1.032884256346733309e-06,-3.234213292598724365e-01
1.964409649372100830e-02,6.146883964538574219e-02,-6.461877226829528809e-01
-2.164425849914550781e-01,1.104551702737808228e-01,-7.435403466224670410e-01
-1.264346539974212646e-01,2.601189613342285156e-01,3.668038845062255859e-01
-2.885180711746215820e-01,-1.238377094268798828e-01,-1.693768203258514404e-01
-3.959569931030273438e-01,1.698560714721679688e-01,-1.024188175797462463e-01
1.675536632537841797e-01,7.518163323402404785e-02,-5.088869929313659668e-01
-1.272047758102416992e-01,-2.464754581451416016e-01,1.660031080245971680e-01
1.821181923151016235e-02,2.392153739929199219e-01,2.674316465854644775e-01
3.078875541687011719e-01,1.045280669131898321e-06,4.843868911266326904e-01
-2.690900862216949463e-01,2.838430404663085938e-01,8.972564339637756348e-02
1.581375896930694580e-01,-3.225626945495605469e-01,1.605651825666427612e-01
2.920913696289062500e-02,3.074758946895599365e-01,6.080347299575805664e-01
-4.683532565832138062e-02,2.593114599585533142e-02,-8.905960321426391602e-01
3.456959724426269531e-01,1.390210092067718506e-01,-2.009283453226089478e-01
-2.418563812971115112e-01,-6.014908105134963989e-02,6.339333057403564453e-01
1.716569811105728149e-01,-1.364107131958007812e-01,-5.720675587654113770e-01
1.501658558845520020e-01,5.906261131167411804e-02,6.676777601242065430e-01
1.856914162635803223e-02,-1.949090957641601562e-01,-3.965930044651031494e-01
4.416799545288085938e-01,-6.634572148323059082e-02,1.514614820480346680e-01
-2.626860141754150391e-01,-1.806148290634155273e-01,2.151879817247390747e-01
-1.356794089078903198e-01,-9.635186195373535156e-02,-4.693499505519866943e-01
9.233539551496505737e-02,2.087261676788330078e-01,-6.036529317498207092e-02
9.203256666660308838e-02,2.162411212921142578e-01,-2.383074909448623657e-01
-2.193908691406250000e-01,-3.674560040235519409e-02,-5.774267315864562988e-01
-1.087033078074455261e-01,-1.680942177772521973e-01,7.665022611618041992e-01
-2.508726119995117188e-01,1.815685033798217773e-01,4.724395573139190674e-01
-2.025632858276367188e-01,2.601976990699768066e-01,-2.152001857757568359e-01
-3.215979039669036865e-01,-6.809813529253005981e-02,3.873307704925537109e-01
-3.689237833023071289e-01,-1.084043979644775391e-01,1.241317689418792725e-01
1.572108268737792969e-01,2.271729558706283569e-01,6.306924223899841309e-01
-5.420429632067680359e-02,-2.574343681335449219e-01,3.923370242118835449e-01
4.512162208557128906e-01,9.769362350198207423e-07,1.418975833803415298e-02
1.798274181783199310e-02,2.676529884338378906e-01,1.145153790712356567e-01
1.624888330698013306e-01,-2.626495361328125000e-01,2.905880808830261230e-01
-4.158473014831542969e-01,3.358025103807449341e-02,1.300970464944839478e-01
2.512801997363567352e-02,5.312348157167434692e-02,8.521031141281127930e-01
1.733318120241165161e-01,1.133539676666259766e-01,-7.200100421905517578e-01
-3.201751708984375000e-01,1.759738177061080933e-01,-2.280169576406478882e-01
3.343644142150878906e-01,1.397522538900375366e-01,2.080505341291427612e-01
-7.325506210327148438e-02,1.660566478967666626e-01,-6.527920365333557129e-01
4.137861728668212891e-01,1.346270292997360229e-01,-7.822296023368835449e-02
2.451167851686477661e-01,1.678731441497802734e-01,4.369671642780303955e-01
-3.849134445190429688e-01,1.023062765598297119e-01,2.504809498786926270e-01
-1.283139139413833618e-01,-2.268359661102294922e-01,1.576873660087585449e-02
3.413081169128417969e-01,-1.393056958913803101e-01,2.802169620990753174e-01
2.508883476257324219e-01,-2.914953827857971191e-01,6.598998606204986572e-02
-1.310637891292572021e-01,1.781103610992431641e-01,-4.266918897628784180e-01
-2.543592453002929688e-01,-1.086211577057838440e-01,4.967953264713287354e-01
1.930892467498779297e-01,-7.435853034257888794e-02,-8.364639282226562500e-01
-1.470096111297607422e-01,1.138136461377143860e-01,-8.833798170089721680e-01
3.138380050659179688e-01,2.225763797760009766e-01,1.592224091291427612e-02
-1.647605895996093750e-01,-1.885201781988143921e-01,-1.918975859880447388e-01
-1.349048912525177002e-01,-1.100730895996093750e-01,-8.376031517982482910e-01
-3.328256607055664062e-01,1.048257425427436829e-01,3.794796764850616455e-01
2.833366394042968750e-01,-2.149429321289062500e-01,-3.393615782260894775e-02
2.688927650451660156e-01,7.191517204046249390e-02,-4.095700085163116455e-01
-2.243429571390151978e-01,1.221362277865409851e-01,6.073576211929321289e-01
2.086021900177001953e-01,-2.221896946430206299e-01,-1.885644495487213135e-01
3.302970826625823975e-01,1.031386852264404297e-01,3.681112527847290039e-01
2.571663856506347656e-01,1.069466406988794915e-06,6.009650826454162598e-01
-7.485519349575042725e-02,2.393803894519805908e-01,6.529976129531860352e-01
-2.810163497924804688e-01,-1.073317602276802063e-01,-3.065759241580963135e-01
-1.487820148468017578e-01,-1.898101121187210083e-01,4.938841164112091064e-01
-5.493753775954246521e-02,2.270987033843994141e-01,-3.394647240638732910e-01
-5.317801237106323242e-02,2.998778820037841797e-01,4.607813954353332520e-01
1.812513358891010284e-02,-2.500262260437011719e-01,6.028979420661926270e-01
2.141256332397460938e-01,-7.368046790361404419e-02,-4.722402989864349365e-01
-1.247911453247070312e-01,2.892343997955322266e-01,-1.074356064200401306e-01
1.686341017484664917e-01,-1.780335903167724609e-01,4.874386489391326904e-01
6.956744194030761719e-02,-2.074371427297592163e-01,-1.250793486833572388e-01
1.991640403866767883e-02,2.766585350036621094e-02,-5.105123519897460938e-01
7.098388392478227615e-03,-2.752006240189075470e-02,-7.923169136047363281e-01
-3.393774032592773438e-01,2.447027415037155151e-01,1.841696053743362427e-01
-8.723495155572891235e-02,5.478664115071296692e-02,8.003457784652709961e-01
1.483923345804214478e-01,1.687430292367935181e-01,-4.097690582275390625e-01
-2.084927707910537720e-01,-1.532135009765625000e-01,-6.202117726206779480e-02
7.708312571048736572e-02,2.559419535100460052e-02,-9.115494489669799805e-01
-3.651235103607177734e-01,2.417868375778198242e-01,-8.928528055548667908e-03
-5.854688584804534912e-02,-7.777070999145507812e-02,-6.133828759193420410e-01
-1.297871619462966919e-01,-2.007365226745605469e-01,2.983190715312957764e-01
3.408362865447998047e-01,-6.959621608257293701e-02,3.778317272663116455e-01
3.053724765777587891e-01,-1.416247487068176270e-01,-2.786895632743835449e-01
4.168372154235839844e-01,6.714648753404617310e-02,1.532894819974899292e-01
7.404780387878417969e-02,-2.352370172739028931e-01,3.708221316337585449e-01
-4.257798194885253906e-01,1.003296002745628357e-01,-8.629760704934597015e-03
-5.712198093533515930e-02,1.367051601409912109e-01,-5.430105328559875488e-01
-1.160324085503816605e-02,-1.617004126310348511e-01,8.324719667434692383e-01
3.480050563812255859e-01,-2.086722254753112793e-01,8.689819276332855225e-02
1.500787287950515747e-01,-5.902835726737976074e-02,6.687406301498413086e-01
1.619063764810562134e-01,2.706696987152099609e-01,5.199517607688903809e-01
3.705685138702392578e-01,-6.863786280155181885e-02,-2.221383601427078247e-01
1.662833988666534424e-01,2.104012966156005859e-01,2.200808674097061157e-01
-1.980211287736892700e-01,2.710721492767333984e-01,2.646929919719696045e-01
9.575901180505752563e-02,1.237635612487792969e-01,-8.026885986328125000e-01
-5.560335889458656311e-02,-1.995344161987304688e-01,-2.141775488853454590e-01
-3.167300224304199219e-01,3.517725318670272827e-02,-3.260250687599182129e-01
-2.229095548391342163e-01,9.060859680175781250e-03,-6.974377036094665527e-01
4.094317555427551270e-01,-1.027865409851074219e-01,-9.099609404802322388e-02
2.347476482391357422e-01,1.080156494026596192e-06,-7.645776271820068359e-01
-1.239590719342231750e-01,3.039851188659667969e-01,6.399901956319808960e-02
-2.087199985980987549e-01,-1.506564617156982422e-01,-3.789254724979400635e-01
9.399489313364028931e-02,-1.675288677215576172e-01,-8.459789752960205078e-01
1.659847050905227661e-01,2.145178318023681641e-01,3.746609389781951904e-01
1.652179509401321411e-01,-2.250676155090332031e-01,-3.405633568763732910e-01
6.313657760620117188e-02,-1.239783763885498047e-01,-6.194586157798767090e-01
1.810208521783351898e-02,-2.528874874114990234e-01,-3.424285724759101868e-02
-5.457606539130210876e-02,-2.420256137847900391e-01,4.990862905979156494e-01
4.242202639579772949e-02,-5.191498249769210815e-02,8.897142410278320312e-01
2.373011112213134766e-01,1.078938907994597685e-06,-5.462102890014648438e-01
-8.429320901632308960e-02,-1.687612533569335938e-01,-4.095525741577148438e-01
1.849857717752456665e-02,2.036859989166259766e-01,-1.369412243366241455e-01
2.588067054748535156e-01,-2.173215299844741821e-01,2.916842699050903320e-01
2.411440461874008179e-01,2.056655883789062500e-01,-2.147207558155059814e-01
-2.439382076263427734e-01,1.091252267360687256e-01,-4.144198596477508545e-01
-3.178045749664306641e-01,-1.055523306131362915e-01,-5.751220509409904480e-02
-2.866980433464050293e-01,-1.388218402862548828e-01,3.081118762493133545e-01
-3.974039554595947266e-01,3.387741371989250183e-02,-1.254010051488876343e-01
-5.238555744290351868e-02,1.159403473138809204e-01,7.033606767654418945e-01
-1.307066828012466431e-01,1.844468116760253906e-01,-7.542766928672790527e-01
1.749080419540405273e-01,9.164619445800781250e-02,-6.112970113754272461e-01
2.884332239627838135e-01,-3.367188200354576111e-02,-4.101748466491699219e-01
-1.957931518554687500e-01,3.712581470608711243e-02,-8.351580500602722168e-01
-1.943338513374328613e-01,3.125741481781005859e-01,-9.125976823270320892e-03
1.811982132494449615e-02,2.506856918334960938e-01,3.677752614021301270e-01
9.413511306047439575e-02,-1.640429496765136719e-01,-4.557769596576690674e-01
-2.339823246002197266e-01,3.651050105690956116e-02,-4.942013323307037354e-01
2.513821125030517578e-01,-7.247959077358245850e-02,5.233442783355712891e-01
3.009399473667144775e-01,1.053587719798088074e-01,-3.218109607696533203e-01
3.304028511047363281e-01,2.103790789842605591e-01,-8.156127482652664185e-02
2.437541484832763672e-01,1.808373928070068359e-01,1.455453485250473022e-01
-2.096562385559082031e-01,-1.401178836822509766e-01,5.788640975952148438e-01
1.587955057621002197e-01,-3.135001659393310547e-01,3.948089480400085449e-02
1.957141049206256866e-02,-7.049202919006347656e-02,-7.017745971679687500e-01
1.771453768014907837e-02,-3.009960651397705078e-01,1.617349237203598022e-01
-1.158230528235435486e-01,-7.608509063720703125e-02,-9.270828962326049805e-01
-1.575749218463897705e-01,1.795588135719299316e-01,6.482778787612915039e-01
9.310106933116912842e-02,-1.897025108337402344e-01,5.921630859375000000e-01
1.652764827013015747e-01,-2.553733438253402710e-02,-9.150439500808715820e-01
7.002258207648992538e-03,8.140152692794799805e-02,-8.172513246536254883e-01
1.736461967229843140e-01,-1.090211868286132812e-01,-6.924419999122619629e-01
-1.328039467334747314e-01,2.526039071381092072e-02,-9.322781562805175781e-01
-4.037883281707763672e-01,1.692238450050354004e-01,1.781219393014907837e-01
9.122691303491592407e-02,2.362329959869384766e-01,1.666278094053268433e-01
-2.635419368743896484e-01,3.603423386812210083e-02,5.993347167968750000e-01
-2.025171965360641479e-01,-2.204747200012207031e-01,9.197906404733657837e-02
9.249084442853927612e-02,2.048690319061279297e-01,-3.429626524448394775e-01
-5.301089212298393250e-02,3.067924976348876953e-01,5.618592500686645508e-01
2.325412333011627197e-01,-2.875208854675292969e-01,2.132778912782669067e-01
9.613958746194839478e-02,1.143264770507812500e-01,-6.610745191574096680e-01
-1.550869643688201904e-01,-5.898983404040336609e-02,6.699534654617309570e-01
-3.971602916717529297e-01,-3.388134762644767761e-02,6.119415163993835449e-02
-1.681187152862548828e-01,-3.757171332836151123e-02,-7.871685624122619629e-01
4.013785421848297119e-01,-1.499388217926025391e-01,1.488006561994552612e-01
-2.006614804267883301e-01,2.413520812988281250e-01,4.225387573242187500e-01
5.985229462385177612e-02,-7.728143781423568726e-02,-9.022983312606811523e-01
9.158883988857269287e-02,2.272515296936035156e-01,4.096374288201332092e-02
-3.582122325897216797e-01,3.450889140367507935e-02,3.258996605873107910e-01
-3.412816524505615234e-01,2.444870918989181519e-01,-1.054092347621917725e-01
-1.272474527359008789e-01,2.457194328308105469e-01,-2.861251831054687500e-01
-5.726308375597000122e-02,1.308674812316894531e-01,-8.886608481407165527e-01
1.668439209461212158e-01,-2.026829719543457031e-01,3.766009509563446045e-01
1.845186389982700348e-02,2.094676494598388672e-01,-2.902737259864807129e-01
2.142262160778045654e-01,1.194641962647438049e-01,6.487683057785034180e-01
-7.048487663269042969e-02,2.492518723011016846e-01,2.765002250671386719e-01
2.275464534759521484e-01,-7.324788719415664673e-02,-6.024721860885620117e-01
1.649622917175292969e-01,2.285919189453125000e-01,-1.611526459455490112e-01
9.127090126276016235e-02,2.351410388946533203e-01,3.192040920257568359e-01
-3.677747249603271484e-01,2.414865642786026001e-01,8.624572306871414185e-02
-5.371113121509552002e-02,-2.778213024139404297e-01,1.140234321355819702e-01
1.645764559507369995e-01,2.339084148406982422e-01,-9.441833011806011200e-03
-5.415542423725128174e-02,-2.594287395477294922e-01,2.148654162883758545e-01
1.832877285778522491e-02,-2.247476577758789062e-01,-3.139929175376892090e-01
8.801430463790893555e-02,3.159530162811279297e-01,5.340642929077148438e-01
2.416530549526214600e-01,-2.008278369903564453e-01,-2.669692933559417725e-01
-2.060332894325256348e-01,-1.808974742889404297e-01,-2.688632011413574219e-01
-2.910361289978027344e-01,-3.559124469757080078e-02,5.397892594337463379e-01
-3.259918689727783203e-01,-3.502802923321723938e-02,-2.755337357521057129e-01
4.189355373382568359e-01,5.443826580631139223e-07,2.167148590087890625e-01
-1.948159337043762207e-01,3.071479797363281250e-01,1.374035626649856567e-01
8.831300586462020874e-02,-3.085179328918457031e-01,2.102670222520828247e-01
-3.797650337219238281e-01,1.025553122162818909e-01,-1.738677918910980225e-01
-3.286538124084472656e-01,1.050275564193725586e-01,-2.754824757575988770e-01
8.767183870077133179e-02,-3.244347572326660156e-01,1.116897538304328918e-01
-2.741992175579071045e-01,2.042939364910125732e-01,3.931694030761718750e-01
-2.987635135650634766e-01,-1.777023077011108398e-01,1.378347724676132202e-01
3.186053633689880371e-01,1.879835128784179688e-01,9.380218386650085449e-02
3.598480224609375000e-01,6.898341327905654907e-02,-2.472717165946960449e-01
9.704586863517761230e-02,9.183740615844726562e-02,-5.536068677902221680e-01
6.417465209960937500e-02,-1.655295491218566895e-01,7.929663658142089844e-01
-1.358298361301422119e-01,-9.368658065795898438e-02,-5.818032622337341309e-01
-5.900266021490097046e-02,-5.891418457031250000e-02,-7.347137331962585449e-01
8.899492770433425903e-02,-2.916026115417480469e-01,-9.184875525534152985e-03
-2.127928733825683594e-01,-1.846426129341125488e-01,2.972469925880432129e-01
-3.556010723114013672e-01,-1.037241071462631226e-01,3.866424411535263062e-02
9.470844268798828125e-02,-1.498227119445800781e-01,-5.402767658233642578e-01
-2.719470858573913574e-01,2.603135108947753906e-01,-1.596487462520599365e-01
-1.047540232539176941e-01,-1.080853417515754700e-01,8.251675367355346680e-01
1.947828941047191620e-02,8.205151557922363281e-02,-7.275604009628295898e-01
-3.571615219116210938e-01,-3.452581912279129028e-02,-1.755389422178268433e-01
-1.322092264890670776e-01,1.578283309936523438e-01,-5.938805937767028809e-01
2.401914298534393311e-01,-2.147288322448730469e-01,-1.114907786250114441e-01
-1.264040470123291016e-01,2.606539726257324219e-01,4.696060121059417725e-01
2.863290309906005859e-01,7.135314494371414185e-02,5.411502122879028320e-01
9.567979723215103149e-02,1.257357597351074219e-01,-4.632513225078582764e-01
-3.562479019165039062e-01,-1.036928445100784302e-01,2.057607918977737427e-01
3.863730430603027344e-01,6.812843680381774902e-02,2.501458823680877686e-01
-5.838009342551231384e-02,-8.465361595153808594e-02,-4.988745152950286865e-01
-2.137701511383056641e-01,1.105844601988792419e-01,-6.611388921737670898e-01
-2.525522708892822266e-01,1.087085828185081482e-01,5.234116911888122559e-01
8.928360044956207275e-02,2.365141659975051880e-01,6.751204729080200195e-01
-1.282943636178970337e-01,-2.271826267242431641e-01,4.241958558559417725e-01
1.880450248718261719e-01,-1.491961479187011719e-01,-8.687633872032165527e-01
4.504148960113525391e-01,9.773183364814030938e-07,1.051367148756980896e-01
1.686541885137557983e-01,-1.777532100677490234e-01,-4.272015392780303955e-01
-5.702007189393043518e-02,1.409213542938232422e-01,-4.600494205951690674e-01
-1.329946517944335938e-01,1.439013481140136719e-01,-5.145983695983886719e-01
-2.149950563907623291e-01,-8.002424240112304688e-02,-8.501214385032653809e-01
2.382055371999740601e-01,2.336235046386718750e-01,4.104064777493476868e-02
4.454646110534667969e-01,-6.622373312711715698e-02,5.981170386075973511e-02
4.492721557617187500e-01,6.610101461410522461e-02,-3.126556426286697388e-02
-2.097451686859130859e-01,-3.690100833773612976e-02,-4.729607999324798584e-01
-3.987550735473632812e-01,-3.385565057396888733e-02,1.779937744140625000e-01
-5.332078784704208374e-02,2.939598560333251953e-01,1.377279609441757202e-01
-1.313462257385253906e-01,-1.731164455413818359e-01,-1.130786091089248657e-01
2.958514392375946045e-01,-1.035772785544395447e-01,-3.586416244506835938e-01
-5.426663905382156372e-02,-2.548551559448242188e-01,1.555419899523258209e-02
1.849834918975830078e-01,2.244799137115478516e-01,4.601336419582366943e-01
1.847960986196994781e-02,-2.060232162475585938e-01,-1.879016011953353882e-01
1.864478364586830139e-02,1.855361461639404297e-01,-3.718472123146057129e-01
-2.207114696502685547e-01,1.840033680200576782e-01,5.587133765220642090e-01
1.660885214805603027e-01,2.130885124206542969e-01,-2.647866904735565186e-01
-2.710518836975097656e-01,2.676861286163330078e-01,2.155828773975372314e-01
-5.118835344910621643e-02,-2.261134982109069824e-01,7.553520202636718750e-01
2.268037796020507812e-01,-1.466949731111526489e-01,5.298898220062255859e-01
1.075369268655776978e-01,1.161279752850532532e-01,7.004868984222412109e-01
-2.360057830810546875e-01,3.647790104150772095e-02,-5.999957323074340820e-01
1.841752789914608002e-02,2.137298583984375000e-01,-3.483978286385536194e-02
2.440704852342605591e-01,1.778275966644287109e-01,2.238519191741943359e-01
-5.562660098075866699e-02,-1.985900402069091797e-01,-3.437225222587585449e-01
9.160244464874267578e-02,-2.269039154052734375e-01,-3.654855191707611084e-01
-5.472442880272865295e-02,-2.358987331390380859e-01,5.800210237503051758e-01
-3.556736409664154053e-01,1.942999362945556641e-01,2.497802674770355225e-01
-5.483595654368400574e-02,-2.312726974487304688e-01,3.195831179618835449e-01
-3.220224380493164062e-01,3.509198501706123352e-02,4.309307634830474854e-01
7.590484339743852615e-03,2.347561568021774292e-01,6.886738538742065430e-01
4.004778861999511719e-01,-6.767379492521286011e-02,2.484765499830245972e-01
2.344815135002136230e-01,-2.690553665161132812e-01,-9.322204627096652985e-03
1.754320785403251648e-02,3.222644329071044922e-01,4.812255799770355225e-01
1.651063859462738037e-01,2.266118526458740234e-01,2.952688634395599365e-01
-1.256578862667083740e-01,2.738800048828125000e-01,-1.826278716325759888e-01
-5.426836013793945312e-02,2.547836303710937500e-01,3.928008973598480225e-01
-1.990214437246322632e-01,2.598123550415039062e-01,3.421707153320312500e-01
3.189439773559570312e-01,1.407473683357238770e-01,2.831201255321502686e-01
-5.415363982319831848e-02,2.595300674438476562e-01,-1.087377890944480896e-01
-2.027363926172256470e-01,-2.180013656616210938e-01,1.684945672750473022e-01
1.804018765687942505e-02,-2.605714797973632812e-01,4.173135161399841309e-01
1.844438910484313965e-02,2.104125022888183594e-01,-2.131094336509704590e-01
3.988119363784790039e-01,1.649701595306396484e-01,-9.844055399298667908e-03
2.333192825317382812e-01,1.080837591871386394e-06,-4.680319130420684814e-01
2.372347563505172729e-01,2.428600788116455078e-01,-3.458404541015625000e-02
1.675050556659698486e-01,-1.935801506042480469e-01,5.650149583816528320e-01
9.157532453536987305e-02,2.275872230529785156e-01,2.434939593076705933e-01
-2.671645581722259521e-01,2.996952533721923828e-01,1.535095181316137314e-02
-5.982230976223945618e-02,-2.498483657836914062e-02,-8.356215953826904297e-01
-2.829446792602539062e-01,-3.572161123156547546e-02,4.642529189586639404e-01
2.305680662393569946e-01,-3.062946796417236328e-01,1.376721113920211792e-01
4.393684864044189453e-01,-6.642024219036102295e-02,-3.141662478446960449e-02
1.805762015283107758e-02,2.584071159362792969e-01,1.898638904094696045e-01
4.481394290924072266e-01,9.784033636606181972e-07,-7.677520811557769775e-02
-2.017607986927032471e-01,2.289719581604003906e-01,-2.889260947704315186e-01
2.374086380004882812e-01,-7.292998582124710083e-02,6.065740585327148438e-01
-1.962923258543014526e-01,2.905294895172119141e-01,-1.322769075632095337e-01
4.327528476715087891e-01,6.663347035646438599e-02,6.018188223242759705e-02
1.645787805318832397e-01,2.338726520538330078e-01,-8.501587063074111938e-02
3.143823146820068359e-01,7.044889032840728760e-02,4.578477442264556885e-01
2.188935279846191406e-01,7.352679222822189331e-02,-7.703286409378051758e-01
-1.270850002765655518e-01,-2.486071586608886719e-01,9.063170850276947021e-02
1.809161901473999023e-02,2.541868686676025391e-01,4.044677689671516418e-02
3.000011444091796875e-01,-7.091244310140609741e-02,4.608602821826934814e-01
-1.121826190501451492e-02,-1.043123826384544373e-01,8.836722373962402344e-01
8.048736304044723511e-02,-1.068281605839729309e-01,8.445938825607299805e-01
3.999283313751220703e-01,6.769150495529174805e-02,-1.721023470163345337e-01
-1.124557480216026306e-02,3.887657840095926076e-07,8.915146589279174805e-01
-1.242180764675140381e-01,2.993872165679931641e-01,-3.358672931790351868e-02
9.205339103937149048e-02,2.157239913940429688e-01,-1.363296508789062500e-01
1.646502017974853516e-01,-2.328886985778808594e-01,-2.624938786029815674e-01
3.357160091400146484e-01,-6.976126134395599365e-02,-2.988244593143463135e-01
3.469889163970947266e-01,1.026635686685040127e-06,4.011965990066528320e-01
-3.956391811370849609e-01,3.390586003661155701e-02,2.253332436084747314e-01
6.858372688293457031e-02,-2.357668578624725342e-01,6.545513868331909180e-01
1.720316410064697266e-01,-1.312522888183593750e-01,-4.903951883316040039e-01
-4.178557395935058594e-01,3.354790061712265015e-02,-5.481841787695884705e-02
-2.045127302408218384e-01,-1.980068683624267578e-01,1.600616425275802612e-02
-4.112243652343750000e-01,3.365474939346313477e-02,3.762206807732582092e-02
1.918843090534210205e-01,4.387759986457240302e-07,6.597126722335815430e-01
2.160446643829345703e-01,1.473876386880874634e-01,-3.937612771987915039e-01
-3.586007654666900635e-01,1.753246784210205078e-01,-1.664443910121917725e-01
-1.801733374595642090e-01,1.354123204946517944e-01,-8.226269483566284180e-01
1.916065216064453125e-01,2.238376885652542114e-01,5.666583180427551270e-01
-5.347678437829017639e-02,2.875442504882812500e-01,6.439452618360519409e-02
9.016243368387222290e-02,-2.626311779022216797e-01,2.900625467300415039e-01
1.907662302255630493e-02,-1.319124698638916016e-01,-4.616864025592803955e-01
-4.115035533905029297e-01,1.686010062694549561e-01,-3.192840516567230225e-02
-3.770425319671630859e-01,-3.420549258589744568e-02,-1.030178815126419067e-01
-4.304294586181640625e-01,1.001046895980834961e-01,1.062860116362571716e-01
-2.746522426605224609e-01,3.585522249341011047e-02,-4.083535671234130859e-01
9.673057496547698975e-02,9.966135025024414062e-02,-8.705941438674926758e-01
-1.963090449571609497e-01,4.212338069464749424e-07,6.665090322494506836e-01
-2.913677692413330078e-01,1.068310812115669250e-01,4.629693627357482910e-01
-2.879110574722290039e-01,1.288383007049560547e-01,-3.296215832233428955e-01
-1.033793613314628601e-01,4.190084439414931694e-07,8.438431024551391602e-01
-1.584562659263610840e-01,-1.204799786210060120e-01,6.330732107162475586e-01
-5.618071556091308594e-02,1.756651401519775391e-01,-7.277663946151733398e-01
-5.370983108878135681e-02,2.778642177581787109e-01,2.130975276231765747e-01
-2.224862575531005859e-01,3.669573366641998291e-02,-7.688158750534057617e-01
-1.953781843185424805e-01,3.008193969726562500e-01,6.424133479595184326e-02
2.028615474700927734e-01,-7.404354959726333618e-02,-7.474768161773681641e-01
7.966063916683197021e-02,3.914387605163938133e-07,8.584638833999633789e-01
-1.288594752550125122e-01,2.171540260314941406e-01,-3.673394620418548584e-01
-4.125225543975830078e-01,1.009708344936370850e-01,-1.014013662934303284e-01
4.328094422817230225e-02,-2.648692391812801361e-02,-8.562436103820800781e-01
-2.072224617004394531e-01,-1.675124168395996094e-01,-1.396417170763015747e-01
3.188998699188232422e-01,-1.858463287353515625e-01,-8.740783482789993286e-02
4.357035160064697266e-01,6.653836369514465332e-02,-1.002102643251419067e-01
3.172638714313507080e-01,-1.977181434631347656e-01,2.488238513469696045e-01
3.720664978027343750e-01,1.014677764032967389e-06,-2.457324117422103882e-01
-2.098778337240219116e-01,-1.376235485076904297e-01,4.419439733028411865e-01
-1.840023994445800781e-01,1.120243072509765625e-01,-4.787741005420684814e-01
4.212172031402587891e-01,-1.341489851474761963e-01,8.372375369071960449e-02
1.674962639808654785e-01,1.937007904052734375e-01,-3.452591001987457275e-01
-3.494851589202880859e-01,-3.464950621128082275e-02,3.272277712821960449e-01
-4.164168834686279297e-01,1.007824763655662537e-01,1.766809076070785522e-01
3.462381362915039062e-01,1.389860361814498901e-01,1.347042769193649292e-01
2.119152545928955078e-01,1.091043827727844473e-06,-8.292071223258972168e-01
3.091313540935516357e-01,-2.567329406738281250e-01,1.161593571305274963e-01
1.651510149240493774e-01,-2.259931564331054688e-01,-1.359637379646301270e-01
9.153789281845092773e-02,-2.284994125366210938e-01,-1.862057447433471680e-01
-9.418059885501861572e-02,1.772006005048751831e-01,6.726094484329223633e-01
2.180290222167968750e-01,-1.472612023353576660e-01,4.523870646953582764e-01
-8.107757568359375000e-02,7.636226713657379150e-02,-9.212812185287475586e-01
3.779946863651275635e-01,-1.136718019843101501e-01,-1.499540805816650391e-01
-3.044067323207855225e-01,-3.482399135828018188e-02,-3.386683464050292969e-01
-2.814025878906250000e-01,1.791038662195205688e-01,-2.820629775524139404e-01
3.671359121799468994e-01,-1.471635103225708008e-01,2.195487022399902344e-01
-2.025827765464782715e-01,2.197201251983642578e-01,5.058538913726806641e-01
1.291969269514083862e-01,1.762134134769439697e-01,6.827777624130249023e-01
-2.556107044219970703e-01,2.541897892951965332e-01,2.925952076911926270e-01
3.117089271545410156e-01,-2.380309104919433594e-01,4.112121462821960449e-02
2.644464075565338135e-01,-1.008201092481613159e-01,-4.156491756439208984e-01
2.568459510803222656e-01,1.447546780109405518e-01,4.966967701911926270e-01
1.598899215459823608e-01,-2.984347343444824219e-01,2.363317757844924927e-01
-1.892694085836410522e-01,2.577755600214004517e-02,-9.001309871673583984e-01
-1.408910751342773438e-01,-1.904471218585968018e-01,-3.606536611914634705e-02
1.851155795156955719e-02,-2.020576000213623047e-01,-8.598571270704269409e-02
7.815887033939361572e-02,1.680823117494583130e-01,-4.179372787475585938e-01
2.122721672058105469e-01,7.374021410942077637e-02,-6.887124776840209961e-01
2.355934083461761475e-01,5.989297851920127869e-02,6.418973207473754883e-01
-1.775399744510650635e-01,1.192576661705970764e-01,6.519603729248046875e-01
-2.975478172302246094e-01,-1.065321415662765503e-01,-2.299050837755203247e-01
-2.202200293540954590e-01,5.997782573103904724e-02,6.392585039138793945e-01
3.078324794769287109e-01,-1.414659917354583740e-01,3.342159986495971680e-01
-2.860645949840545654e-01,-1.440391540527343750e-01,-9.862365201115608215e-03
-2.798063755035400391e-01,-1.073902770876884460e-01,4.141992032527923584e-01
-1.876993179321289062e-01,-3.725622221827507019e-02,-7.238808870315551758e-01
-2.078807204961776733e-01,1.600904464721679688e-01,-4.041558802127838135e-01
1.816667243838310242e-02,-2.448868751525878906e-01,3.431103527545928955e-01
3.616511821746826172e-01,6.892528384923934937e-02,3.255032300949096680e-01
4.547698795795440674e-02,-8.346271514892578125e-02,-7.746767997741699219e-01
1.301780641078948975e-01,-1.184703707695007324e-01,6.642270088195800781e-01
-8.143615722656250000e-02,-2.557575330138206482e-02,-9.126373529434204102e-01
9.582189470529556274e-02,-1.221852302551269531e-01,-6.873779296875000000e-01
3.192649185657501221e-01,1.831953525543212891e-01,-1.654910296201705933e-01
1.296095252037048340e-01,4.366915504760982003e-07,6.684899330139160156e-01
-1.142922937870025635e-01,1.179259195923805237e-01,6.726214885711669922e-01
-1.314267069101333618e-01,1.716785430908203125e-01,-6.735952496528625488e-01
-1.402470320463180542e-01,2.450943440198898315e-01,6.089161634445190430e-01
2.719848603010177612e-02,1.149403527379035950e-01,7.189089059829711914e-01
-1.295204311609268188e-01,-2.054619789123535156e-01,-2.396188229322433472e-01
3.128829002380371094e-01,1.411384791135787964e-01,-2.530920207500457764e-01
-2.756862342357635498e-01,2.295174598693847656e-01,-2.128765881061553955e-01
8.765395730733871460e-02,5.820007622241973877e-02,6.944894790649414062e-01
1.948945969343185425e-02,-8.061170578002929688e-02,-6.411154270172119141e-01
-3.246002271771430969e-02,1.739584952592849731e-01,7.060277462005615234e-01
-5.554174259305000305e-02,2.021124362945556641e-01,-3.954562246799468994e-01
9.042380750179290771e-02,-2.561514377593994141e-01,-5.911590531468391418e-02
-1.365049481391906738e-01,-8.172678947448730469e-02,-6.418191194534301758e-01
-1.323932111263275146e-01,-1.545686721801757812e-01,5.739747285842895508e-01
1.726369112730026245e-01,-1.229181289672851562e-01,-6.315429806709289551e-01
9.546783566474914551e-02,1.309957504272460938e-01,-7.421380281448364258e-01
-1.152770966291427612e-02,2.681395225226879120e-02,-8.365625143051147461e-01
-5.876994132995605469e-02,-6.852412223815917969e-02,-6.734164357185363770e-01
-2.023589611053466797e-01,-3.702002018690109253e-02,-6.637487411499023438e-01
-1.258532553911209106e-01,2.704164981842041016e-01,2.641519010066986084e-01
5.562543869018554688e-02,-1.236150637269020081e-01,-8.635940551757812500e-01
1.831306703388690948e-02,-2.266972064971923828e-01,5.288318991661071777e-01
-4.814788699150085449e-02,5.330940708518028259e-02,8.462014198303222656e-01
1.778695918619632721e-02,2.920060157775878906e-01,4.114556908607482910e-01
-3.260645866394042969e-01,-1.051527857780456543e-01,2.574502527713775635e-01
-6.822753697633743286e-02,-1.638386249542236328e-01,8.103907108306884766e-01
1.942105963826179504e-02,8.915567398071289062e-02,-4.700222611427307129e-01
9.426639974117279053e-02,-1.607985496520996094e-01,-9.076052904129028320e-01
-1.315637975931167603e-01,1.692526340484619141e-01,-8.168621659278869629e-01
-3.138449192047119141e-01,1.764848530292510986e-01,3.585995435714721680e-01
-3.625119030475616455e-01,1.427825093269348145e-01,2.874100208282470703e-01
-1.329640150070190430e-01,-1.444566249847412109e-01,-4.328765869140625000e-01
3.766775131225585938e-01,1.370217204093933105e-01,-1.505630463361740112e-01
3.244474232196807861e-01,-1.455917358398437500e-01,-2.212066650390625000e-01
-5.500045791268348694e-02,-2.244954109191894531e-01,-3.468475118279457092e-02
1.117150783538818359e-01,2.315845191478729248e-01,9.643981605768203735e-02
3.656728267669677734e-01,-6.879565119743347168e-02,3.248910307884216309e-01
1.739511787891387939e-01,1.048214435577392578e-01,-8.105599880218505859e-01
1.932806968688964844e-01,-7.435236126184463501e-02,-8.947408795356750488e-01
-7.802673429250717163e-02,-9.379333257675170898e-02,-5.609601736068725586e-01
3.466701507568359375e-01,-2.088016867637634277e-01,1.591131538152694702e-01
2.710511684417724609e-01,1.062845626620401163e-06,5.446022152900695801e-01
-9.226655960083007812e-02,2.726894617080688477e-01,5.920457243919372559e-01
-1.305447220802307129e-01,-1.873061656951904297e-01,-3.721423149108886719e-01
-2.089379876852035522e-01,-1.481964588165283203e-01,5.217205882072448730e-01
1.941111683845520020e-02,-9.040808677673339844e-02,-5.816888213157653809e-01
-2.157027721405029297e-01,-1.104909703135490417e-01,-4.196063280105590820e-01
-1.232743784785270691e-01,-5.399851500988006592e-02,8.248157501220703125e-01
-1.684539318084716797e-01,-1.882220208644866943e-01,4.358789026737213135e-01
2.195420265197753906e-01,-7.350587844848632812e-02,-6.590414047241210938e-01
2.437966167926788330e-01,1.804337501525878906e-01,3.813385069370269775e-01
-2.766129970550537109e-01,-3.582363203167915344e-02,5.958317518234252930e-01
9.277033805847167969e-02,-1.979231834411621094e-01,5.359428524971008301e-01
2.743828296661376953e-01,7.173820585012435913e-02,5.966616868972778320e-01
2.940647602081298828e-01,1.423528492450714111e-01,3.866183459758758545e-01
-6.580550968647003174e-02,-1.054391562938690186e-01,8.661687374114990234e-01
2.405952960252761841e-01,2.108869552612304688e-01,9.251037240028381348e-02
1.110946610569953918e-01,-2.529244869947433472e-02,-9.302917718887329102e-01
-1.288188695907592773e-01,-2.178905010223388672e-01,2.447234988212585449e-01
9.593624621629714966e-02,-1.193478107452392578e-01,-8.041802644729614258e-01
8.849372714757919312e-02,3.040497303009033203e-01,5.888804197311401367e-01
-1.961953938007354736e-01,2.916226387023925781e-01,2.125500440597534180e-01
-2.633476257324218750e-01,-1.081863865256309509e-01,-3.597543239593505859e-01
1.980297081172466278e-02,4.176545143127441406e-02,-5.646780133247375488e-01
9.022580087184906006e-02,2.610752582550048828e-01,3.919036686420440674e-01
1.596691608428955078e-01,-1.510273516178131104e-01,-8.206207156181335449e-01
-3.481037914752960205e-01,5.809610001961118542e-07,3.709630966186523438e-01
-1.233428902924060822e-02,-2.868919819593429565e-02,-7.202295064926147461e-01
-3.552899360656738281e-01,1.037391573190689087e-01,-2.238775640726089478e-01
-3.516650199890136719e-01,1.039144843816757202e-01,3.272356986999511719e-01
2.338082790374755859e-01,-7.304603606462478638e-02,-5.473376512527465820e-01
-1.862699985504150391e-01,-1.867837458848953247e-01,-3.203314244747161865e-01
2.430049479007720947e-01,-1.879599094390869141e-01,-3.208169341087341309e-01
-2.041910737752914429e-01,-2.016336917877197266e-01,2.212112396955490112e-01
1.394271850585937500e-02,-2.847182452678680420e-01,2.142864912748336792e-01
-2.908203005790710449e-02,7.801850885152816772e-02,-8.871655464172363281e-01
2.369625568389892578e-01,1.079100343304162379e-06,-7.083663940429687500e-01
-8.715605735778808594e-02,-1.947850584983825684e-01,5.631008744239807129e-01
9.139074385166168213e-02,-2.321510314941406250e-01,4.229388236999511719e-01
-2.880860865116119385e-01,-1.273906230926513672e-01,3.636263906955718994e-01
3.679854869842529297e-01,1.016623741634248290e-06,3.485848903656005859e-01
9.659299999475479126e-02,1.030752658843994141e-01,-6.072903275489807129e-01
-3.392474651336669922e-01,3.481445461511611938e-02,-2.738537490367889404e-01
9.752387553453445435e-02,7.997560501098632812e-02,-5.001003742218017578e-01
-1.353951245546340942e-01,-1.013879776000976562e-01,-5.238839387893676758e-01
2.595318555831909180e-01,1.808431744575500488e-01,-2.598688602447509766e-01
-2.858866155147552490e-01,-1.455047130584716797e-01,2.539361417293548584e-01
1.753134652972221375e-02,3.237364292144775391e-01,5.573738217353820801e-01
2.438166886568069458e-01,-1.802423000335693359e-01,3.284756541252136230e-01
1.670501679182052612e-01,2.581133507192134857e-02,-8.980377912521362305e-01
-5.539180710911750793e-02,-2.082867622375488281e-01,-2.904989421367645264e-01
-5.466027185320854187e-02,2.385523319244384766e-01,-2.866622805595397949e-01
3.963966369628906250e-01,1.003076249617151916e-06,-1.957922279834747314e-01
-1.493920832872390747e-01,-2.510415576398372650e-02,-9.419332742691040039e-01
-5.685120448470115662e-02,1.479253768920898438e-01,-5.956176519393920898e-01
1.863684691488742828e-02,-1.865220069885253906e-01,-1.379647850990295410e-01
-1.333602815866470337e-01,1.374261379241943359e-01,-4.613296389579772949e-01
1.865940093994140625e-01,7.456788420677185059e-02,-5.587408542633056641e-01
-2.882904112339019775e-01,-1.257123947143554688e-01,-1.160449162125587463e-01
1.455886811017990112e-01,-7.557225227355957031e-02,-9.376449584960937500e-01
-4.413509368896484375e-02,2.781406044960021973e-01,6.329844594001770020e-01
-5.604739487171173096e-02,-1.811637878417968750e-01,-1.641332954168319702e-01
-2.125174701213836670e-01,1.079008579254150391e-01,-6.079614162445068359e-01
4.056820273399353027e-01,-1.247420310974121094e-01,-3.671874850988388062e-02
3.928654193878173828e-01,-6.791916489601135254e-02,-1.726812720298767090e-01
2.381985187530517578e-01,1.078510990737413522e-06,-5.993365049362182617e-01
1.741208434104919434e-01,1.024851799011230469e-01,-6.655651926994323730e-01
1.603206396102905273e-01,-2.925038337707519531e-01,-9.197692386806011200e-03
8.815965801477432251e-02,-3.123300075531005859e-01,3.943023458123207092e-02
-1.263859122991561890e-01,2.609820365905761719e-01,-2.338204830884933472e-01
2.395986169576644897e-01,2.203691005706787109e-01,-1.621997058391571045e-01
1.691779792308807373e-01,-1.705408096313476562e-01,4.352194070816040039e-01
-1.676422059535980225e-01,-7.564896345138549805e-02,-9.360593557357788086e-01
3.070750236511230469e-01,1.415132880210876465e-01,3.343316614627838135e-01
1.970903873443603516e-01,2.233059406280517578e-01,5.112562179565429688e-01
-2.517449855804443359e-01,-1.087476164102554321e-01,5.764663815498352051e-01
-2.697019279003143311e-01,2.788031101226806641e-01,1.645617634057998657e-01
2.391660511493682861e-01,-2.244851589202880859e-01,-6.023162603378295898e-02
-9.191146492958068848e-02,-2.302949279546737671e-01,7.230936288833618164e-01
-1.109878532588481903e-02,-5.162829160690307617e-02,8.984733819961547852e-01
3.317091464996337891e-01,6.989041715860366821e-02,-2.993777394294738770e-01
1.835473813116550446e-02,-2.215411663055419922e-01,-2.375692725181579590e-01
-2.255921363830566406e-01,-3.664568066596984863e-02,-5.225021243095397949e-01
-1.949747800827026367e-01,3.053617477416992188e-01,-8.244079351425170898e-02
-2.387468814849853516e-01,3.643373772501945496e-02,-5.459319949150085449e-01
9.216463565826416016e-02,2.129633426666259766e-01,-2.900564372539520264e-01
1.654311269521713257e-01,2.221362590789794922e-01,-2.125698775053024292e-01
1.858409307897090912e-02,1.930534839630126953e-01,-8.632262796163558960e-02
3.479504585266113281e-01,2.086775153875350952e-01,-3.294708207249641418e-02
-2.757067680358886719e-01,1.028284132480621338e-01,-3.741285800933837891e-01
-3.422577381134033203e-01,-3.476595133543014526e-02,-2.250042706727981567e-01
4.222724437713623047e-01,-6.697128713130950928e-02,1.992944329977035522e-01
4.284087941050529480e-02,2.621772885322570801e-02,-8.729498386383056641e-01
-3.794305324554443359e-01,3.416701406240463257e-02,-1.737145930528640747e-01
-1.292551010847091675e-01,-2.101626396179199219e-01,3.489367663860321045e-01
-2.840535044670104980e-01,1.606078147888183594e-01,4.391290247440338135e-01
2.817432880401611328e-01,2.150974422693252563e-01,-1.329025179147720337e-01
-1.761499047279357910e-01,7.948785275220870972e-02,-8.566958904266357422e-01
-2.324252128601074219e-01,3.653558716177940369e-02,-6.550631523132324219e-01
-5.419524013996124268e-02,-2.578203678131103516e-01,4.437055885791778564e-01
1.652432829141616821e-01,2.247228622436523438e-01,4.108398407697677612e-02
1.786632277071475983e-02,-2.821540832519531250e-01,1.536102220416069031e-02
-2.408056557178497314e-01,4.593004234720865497e-07,6.410995721817016602e-01
2.475112825632095337e-01,1.450853347778320312e-01,-3.535476624965667725e-01
1.664972901344299316e-01,2.074596881866455078e-01,1.690530329942703247e-01
-1.263538599014282227e-01,2.615478038787841797e-01,3.157281279563903809e-01
9.253305196762084961e-02,2.038216590881347656e-01,-9.549865499138832092e-03
-1.343243420124053955e-01,7.662162929773330688e-02,-9.159600734710693359e-01
-5.486794933676719666e-02,-2.299604415893554688e-01,2.685958743095397949e-01
-1.347708702087402344e-01,-1.124367713928222656e-01,-8.967376351356506348e-01
9.106992185115814209e-02,-2.401118278503417969e-01,-3.121157884597778320e-01
-1.267191022634506226e-01,2.550795078277587891e-01,4.189889430999755859e-01
-2.808082103729248047e-01,3.575604036450386047e-02,5.422884821891784668e-01
9.199510514736175537e-02,2.171707153320312500e-01,-1.871344000101089478e-01
1.992716938257217407e-01,1.844585686922073364e-01,5.977323055267333984e-01
3.071839809417724609e-01,1.045616158990014810e-06,-3.772637844085693359e-01
1.099493354558944702e-01,-2.912591695785522461e-01,2.527225017547607422e-01
2.359427958726882935e-01,-2.551574707031250000e-01,2.669998109340667725e-01
-3.678264617919921875e-01,3.435398638248443604e-02,2.762362658977508545e-01
-5.448647215962409973e-02,2.457602024078369141e-01,3.430663943290710449e-01
1.819065026938915253e-02,2.418932914733886719e-01,3.180044591426849365e-01
1.647301465272903442e-01,-2.317881584167480469e-01,-2.116689980030059814e-01
2.505948841571807861e-01,-1.157472133636474609e-01,4.742809832096099854e-01
8.817142993211746216e-02,3.120536804199218750e-01,4.838589429855346680e-01
4.019477367401123047e-01,6.762640923261642456e-02,2.012438923120498657e-01
-5.423032119870185852e-02,2.563409805297851562e-01,-1.588122546672821045e-01
1.499049365520477295e-01,1.178578287363052368e-01,6.736721992492675781e-01
1.312576234340667725e-01,7.742193341255187988e-02,-8.993924856185913086e-01
-1.236082613468170166e-01,3.101878166198730469e-01,1.368923932313919067e-01
-6.527648866176605225e-02,4.046422930059634382e-07,8.762181997299194336e-01
5.216193199157714844e-02,-1.234475374221801758e-01,-4.981393218040466309e-01
1.837713569402694702e-01,-1.280528306961059570e-01,-9.137905836105346680e-01
-2.063556760549545288e-01,-1.772692203521728516e-01,-2.170388698577880859e-01
-5.380086600780487061e-02,-2.741088867187500000e-01,1.637548804283142090e-01
-5.292018875479698181e-02,3.105452060699462891e-01,5.094588994979858398e-01
1.752341091632843018e-01,-8.715271949768066406e-02,-7.867870926856994629e-01
2.636859118938446045e-01,-1.339994072914123535e-01,4.235599040985107422e-01
1.739064007997512817e-01,1.803318709135055542e-01,6.402925252914428711e-01
-3.517711162567138672e-01,2.432990819215774536e-01,3.893524035811424255e-02
-5.413642153143882751e-02,2.602148056030273438e-01,-5.897827073931694031e-02
-5.386145040392875671e-02,-2.716300487518310547e-01,6.485778838396072388e-02
-3.279519081115722656e-01,-1.050615087151527405e-01,-9.036865085363388062e-03
2.831571102142333984e-01,-1.430583447217941284e-01,-3.316839635372161865e-01
1.580381542444229126e-01,-3.239316940307617188e-01,8.769042789936065674e-02
-2.667371034622192383e-01,3.032200336456298828e-01,-3.372070193290710449e-02
4.144783020019531250e-01,-6.722252070903778076e-02,-1.244311481714248657e-01
-2.951731681823730469e-01,-1.779922097921371460e-01,8.890441805124282837e-02
-1.244087964296340942e-01,2.960081100463867188e-01,1.528900116682052612e-02
-3.787015080451965332e-01,-4.501485824584960938e-02,1.720428466796875000e-02
3.351655006408691406e-01,6.977900117635726929e-02,4.036093056201934814e-01
1.768612675368785858e-02,-3.044741153717041016e-01,1.126266419887542725e-01
8.779624849557876587e-02,-3.213477134704589844e-01,1.603628545999526978e-01
3.773908615112304688e-01,-1.369771957397460938e-01,-1.032019034028053284e-01
4.120089113712310791e-01,8.770251274108886719e-02,9.835845977067947388e-02
-3.158428966999053955e-01,2.743860781192779541e-01,-7.730102539062500000e-02
-2.137105464935302734e-01,-3.683712705969810486e-02,-8.286639451980590820e-01
4.405522346496582031e-02,-1.230553984642028809e-01,-5.554159283638000488e-01
-4.043669700622558594e-01,1.691771298646926880e-01,3.786346316337585449e-02
-2.764556705951690674e-01,2.231805324554443359e-01,3.489459156990051270e-01
-3.800689429044723511e-02,-1.698164641857147217e-01,-3.964571952819824219e-01
5.982696264982223511e-02,-2.575856447219848633e-02,-9.014178514480590820e-01
-1.265838593244552612e-01,-1.108385920524597168e-01,7.824701070785522461e-01
6.101775169372558594e-02,2.365005016326904297e-01,2.075451612472534180e-01
-3.622217178344726562e-01,2.421154528856277466e-01,-5.663543567061424255e-02
-3.664574623107910156e-01,2.416357696056365967e-01,1.340142786502838135e-01
-1.851422786712646484e-01,-1.119691804051399231e-01,-8.690636754035949707e-01
-4.046266078948974609e-01,-3.376104682683944702e-02,1.307974159717559814e-01
-4.104442596435546875e-01,3.366731479763984680e-02,1.770034730434417725e-01
4.291808977723121643e-02,-1.049902066588401794e-01,8.731236457824707031e-01
-1.413085870444774628e-02,-9.857424348592758179e-02,-4.623386859893798828e-01
-1.248834207653999329e-01,4.466184861939836992e-07,8.021047115325927734e-01
1.626971364021301270e-01,2.597851753234863281e-01,5.752452015876770020e-01
-4.177122116088867188e-01,1.007198020815849304e-01,3.754425048828125000e-02
3.343572914600372314e-01,-1.081906184554100037e-01,-2.632837295532226562e-01
2.778933048248291016e-01,1.433964371681213379e-01,-3.072866797447204590e-01
4.428770542144775391e-01,9.809126595428097062e-07,1.512945592403411865e-01
-3.014068491756916046e-02,1.346714943647384644e-01,-8.318033218383789062e-01
1.809491217136383057e-02,-2.537777423858642578e-01,4.703146219253540039e-01
3.022897243499755859e-01,7.083868980407714844e-02,-3.532611131668090820e-01
1.341326832771301270e-01,-1.829455941915512085e-01,6.133518218994140625e-01
-1.310929805040359497e-01,-1.720318943262100220e-01,7.259142398834228516e-01
-4.183537960052490234e-01,1.680479943752288818e-01,1.303463727235794067e-01
-4.130749702453613281e-01,3.362492844462394714e-02,8.388824015855789185e-02
-8.097015321254730225e-02,2.542921900749206543e-02,-9.217325448989868164e-01
-4.194986820220947266e-01,3.352142870426177979e-02,-8.646850474178791046e-03
6.270004063844680786e-02,5.398360267281532288e-02,8.253232240676879883e-01
2.286491394042968750e-01,-1.465758830308914185e-01,-4.176080226898193359e-01
-4.241888523101806641e-01,1.004065498709678650e-01,-5.470824986696243286e-02
4.360108375549316406e-01,-6.652845442295074463e-02,1.430236827582120895e-02
9.355133026838302612e-02,-7.579211890697479248e-02,-9.331510066986083984e-01
-3.140645027160644531e-01,-1.057332232594490051e-01,3.329629302024841309e-01
2.699153423309326172e-01,1.063387230715306941e-06,-4.347668290138244629e-01
4.460911750793457031e-01,6.620354205369949341e-02,1.423248276114463806e-02
4.493579864501953125e-01,-6.609824299812316895e-02,1.052456647157669067e-01
4.465515613555908203e-01,9.791605179998441599e-07,5.974914506077766418e-02
4.542984962463378906e-01,9.754664915817556903e-07,-3.117278963327407837e-02
3.169524967670440674e-01,-2.012579888105392456e-01,-6.983280181884765625e-03
9.857269376516342163e-02,-5.325201526284217834e-02,8.479744195938110352e-01
1.925942897796630859e-01,-5.950847640633583069e-02,6.538122892379760742e-01
4.325191974639892578e-01,-6.664101779460906982e-02,-7.739990204572677612e-02
-1.337539684027433395e-02,3.098060190677642822e-01,5.937124490737915039e-01
-1.000543162226676941e-01,1.289940029382705688e-01,-9.021222591400146484e-01
2.446685880422592163e-01,1.721372604370117188e-01,5.444892644882202148e-01
-1.647410392761230469e-01,-1.885217577219009399e-01,3.830575346946716309e-01
9.290664643049240112e-02,-1.945338249206542969e-01,-4.233438074588775635e-01
-3.533711135387420654e-01,2.092247009277343750e-01,-1.382223516702651978e-01
-2.487597465515136719e-01,-1.088920161128044128e-01,4.458892643451690674e-01
2.973999977111816406e-01,2.135792374610900879e-01,6.438964605331420898e-02
-2.043972760438919067e-01,1.842542737722396851e-01,5.998358726501464844e-01
4.217352867126464844e-01,1.341140568256378174e-01,-3.173492476344108582e-02
-1.305349469184875488e-01,-1.874792575836181641e-01,-1.638992279767990112e-01
1.886754035949707031e-01,1.102125452234758995e-06,-8.667238950729370117e-01
2.649400234222412109e-01,-2.896741926670074463e-01,1.156097352504730225e-01
2.898925840854644775e-01,3.384221345186233521e-02,-3.996033668518066406e-01
4.261413589119911194e-02,3.859424566599045647e-07,8.821785449981689453e-01
2.923977673053741455e-01,1.856660842895507812e-01,-2.001230716705322266e-01
-2.157605290412902832e-01,7.139539718627929688e-02,-4.753344655036926270e-01
-2.019659429788589478e-01,-1.214805170893669128e-01,6.175708770751953125e-01
3.588626086711883545e-01,-3.598539531230926514e-02,-2.665882110595703125e-01
-1.210353374481201172e-01,-1.920500546693801880e-01,5.273855328559875488e-01
4.179456233978271484e-01,1.343586295843124390e-01,1.445007324218750000e-02
-5.929465964436531067e-02,-4.681539535522460938e-02,-7.980721592903137207e-01
2.408142089843750000e-01,-2.088036537170410156e-01,-2.144268751144409180e-01
1.713190078735351562e-01,1.410644054412841797e-01,-4.339507818222045898e-01
1.294811964035034180e-01,2.546698600053787231e-02,-9.194403886795043945e-01
1.721708625555038452e-01,-1.191246882081031799e-01,6.540671586990356445e-01
3.307676613330841064e-01,4.908642949885688722e-07,4.411973953247070312e-01
-6.815695762634277344e-02,2.754199504852294922e-01,4.280459582805633545e-01
1.286625862121582031e-01,2.299412041902542114e-01,3.895327746868133545e-01
2.003843784332275391e-01,-2.229865640401840210e-01,-2.408917248249053955e-01
3.217276036739349365e-01,-3.471359238028526306e-02,-3.455243110656738281e-01
3.150298818945884705e-02,-1.663550585508346558e-01,-4.393730163574218750e-01
1.627125293016433716e-01,2.595732212066650391e-01,4.703215062618255615e-01
