1.972754001617431641e-01,1.098024654311302584e-06,3.764959573745727539e-01
-1.490121483802795410e-01,7.509431988000869751e-02,-9.475165605545043945e-01
1.869404129683971405e-02,-1.794047355651855469e-01,-2.940835356712341309e-01
-1.232763677835464478e-01,3.160703182220458984e-01,-9.089965373277664185e-03
-6.536514312028884888e-02,4.051922530834417557e-07,8.740112781524658203e-01
1.907148770987987518e-02,1.325678825378417969e-01,-5.715112090110778809e-01
-1.367746442556381226e-01,-7.694840431213378906e-02,1.244921833276748657e-01
2.136106491088867188e-01,-2.217040359973907471e-01,4.136932268738746643e-02
-5.484525114297866821e-02,2.308998107910156250e-01,5.545742511749267578e-01
1.293015480041503906e-01,7.641460746526718140e-02,-8.875121921300888062e-02
1.852621510624885559e-02,-2.001869678497314453e-01,-8.624352812767028809e-01
-5.810990184545516968e-02,-9.583210945129394531e-02,5.594198703765869141e-01
-1.351422071456909180e-01,1.058559417724609375e-01,-2.769143581390380859e-01
1.764854416251182556e-02,3.091394901275634766e-01,2.591601610183715820e-01
-1.352801918983459473e-01,1.034111976623535156e-01,3.380331397056579590e-01
9.870205074548721313e-02,5.073976516723632812e-02,-8.577288389205932617e-01
3.845953941345214844e-02,-1.227847486734390259e-01,-6.134945750236511230e-01
1.874058879911899567e-02,-1.736264228820800781e-01,3.276183903217315674e-01
1.772956848144531250e-01,-1.498898714780807495e-01,5.686900019645690918e-01
1.506545543670654297e-01,7.572632282972335815e-02,1.467080712318420410e-01
-5.778179690241813660e-02,-1.094067096710205078e-01,-8.947570621967315674e-02
1.310348510742187500e-01,7.635872811079025269e-02,5.791131258010864258e-01
-8.245696872472763062e-02,-3.305124491453170776e-02,-4.488897323608398438e-01
1.600566953420639038e-01,-2.961380481719970703e-01,-1.563604772090911865e-01
-1.088473796844482422e-01,1.156595423817634583e-01,-6.301910430192947388e-02
1.983311176300048828e-01,-2.231856286525726318e-01,2.475845217704772949e-01
-6.186917051672935486e-02,5.969929695129394531e-02,-7.395730614662170410e-01
9.384706616401672363e-02,1.712145805358886719e-01,4.076327383518218994e-01
-1.022400856018066406e-01,1.159791350364685059e-01,1.498287916183471680e-01
5.554914474487304688e-02,-1.577464342117309570e-01,1.256527751684188843e-01
1.200485229492187500e-02,1.186368535854853690e-06,-2.315692156553268433e-01
9.633421897888183594e-02,-7.747724652290344238e-02,-4.412469267845153809e-01
-1.364532560110092163e-01,-8.264279365539550781e-02,3.958676159381866455e-01
-1.239663660526275635e-01,6.398750096559524536e-02,5.149468183517456055e-01
-3.493881225585937500e-02,3.971753269433975220e-02,6.605966091156005859e-01
1.877384819090366364e-02,1.694982051849365234e-01,4.197204485535621643e-02
1.294887065887451172e-01,-7.640856504440307617e-02,-7.423931956291198730e-01
9.543991088867187500e-02,-1.316709518432617188e-01,-3.611816465854644775e-02
1.468801498413085938e-02,8.010893315076828003e-02,-3.712731897830963135e-01
5.798888951539993286e-02,-7.487554103136062622e-02,-9.520370960235595703e-01
-5.285525321960449219e-02,2.771529555320739746e-01,4.026666283607482910e-01
1.663780510425567627e-01,-2.090978622436523438e-01,4.017318487167358398e-01
1.414287090301513672e-01,-7.602371275424957275e-02,2.526519596576690674e-01
-1.052837371826171875e-01,2.712151706218719482e-01,1.504193097352981567e-01
8.126342296600341797e-02,3.993141604041738901e-07,8.254377841949462891e-01
4.053640365600585938e-02,1.587134748697280884e-01,2.638708353042602539e-01
-1.094238273799419403e-02,1.271264553070068359e-01,-9.252823591232299805e-01
2.807281352579593658e-02,1.777995824813842773e-01,6.664134263992309570e-01
-1.129789352416992188e-01,1.154596954584121704e-01,-4.384759366512298584e-01
1.888620853424072266e-01,1.102036435440822970e-06,1.600677520036697388e-02
-9.049439430236816406e-02,-1.165472865104675293e-01,2.582757472991943359e-01
-6.031945720314979553e-02,-4.435062408447265625e-03,-8.734911680221557617e-01
9.665124863386154175e-02,-1.016123294830322266e-01,-1.966073513031005859e-01
-6.098593398928642273e-02,2.315735816955566406e-02,-5.797418355941772461e-01
-1.419904232025146484e-01,3.799269720911979675e-02,4.247131198644638062e-02
8.833718299865722656e-02,1.149970444203063380e-06,-6.390472054481506348e-01
1.879910565912723541e-02,-1.663110256195068359e-01,4.616946280002593994e-01
-6.295501440763473511e-02,-1.260406970977783203e-01,-9.387326240539550781e-01
-5.700018629431724548e-02,-1.417613029479980469e-01,4.248260334134101868e-02
6.982421502470970154e-03,-1.082001179456710815e-01,8.234071731567382812e-01
-5.634919553995132446e-02,-1.687061786651611328e-01,-4.012054204940795898e-01
1.581284999847412109e-01,7.548542320728302002e-02,2.771582007408142090e-01
-1.462154388427734375e-01,3.792462125420570374e-02,-1.665802001953125000e-01
-7.287716865539550781e-02,-1.173994019627571106e-01,-2.261679023504257202e-01
1.552717685699462891e-01,-7.557751238346099854e-02,1.203390508890151978e-01
1.890638843178749084e-02,1.530447006225585938e-01,-7.061986923217773438e-01
9.208785742521286011e-02,-6.114406511187553406e-02,6.031596660614013672e-01
-1.227465793490409851e-01,3.457453548908233643e-01,-1.322391033172607422e-01
1.927279494702816010e-02,1.075787544250488281e-01,-1.426727324724197388e-01
-1.229112148284912109e-01,1.149792820215225220e-01,-8.327520489692687988e-01
-1.012372970581054688e-02,-8.090868592262268066e-02,6.729345321655273438e-01
1.974921226501464844e-01,1.097921312975813635e-06,5.087808370590209961e-01
1.301932334899902344e-02,-4.049023985862731934e-02,-7.562408447265625000e-01
-1.407590508460998535e-01,-6.362438201904296875e-03,-3.446676433086395264e-01
1.734035015106201172e-01,1.123623847961425781e-01,4.735963344573974609e-01
1.306846141815185547e-01,-7.637001574039459229e-02,-8.590911626815795898e-01
4.398608207702636719e-02,2.381519824266433716e-01,4.881582558155059814e-01
-7.022857666015625000e-02,1.961516141891479492e-01,3.157748281955718994e-01
1.639801114797592163e-01,-2.421154975891113281e-01,1.412945538759231567e-01
8.324933052062988281e-02,-7.789899408817291260e-02,-3.064181506633758545e-01
-7.322072982788085938e-02,1.173827871680259705e-01,-6.438046097755432129e-01
-3.290653228759765625e-03,-1.207653135061264038e-01,-4.873159825801849365e-01
-1.206638813018798828e-01,3.833631426095962524e-02,2.281356751918792725e-01
1.874057389795780182e-02,-1.736283302307128906e-01,-1.646240204572677612e-01
-1.239159107208251953e-01,-3.828391805291175842e-02,-3.621185198426246643e-02
2.242350578308105469e-01,-1.468607336282730103e-01,3.211474418640136719e-01
1.907721534371376038e-02,-1.318390369415283203e-01,2.270419299602508545e-01
1.120042800903320312e-01,-7.697213441133499146e-02,-5.488104224205017090e-01
-4.399561882019042969e-02,-1.187964156270027161e-01,-8.299304246902465820e-01
-5.092763900756835938e-02,1.184611096978187561e-01,5.703683495521545410e-01
1.898538693785667419e-02,1.432385444641113281e-01,-8.246932625770568848e-01
1.870400905609130859e-01,-2.242805063724517822e-01,-6.117279082536697388e-02
3.285980224609375000e-02,7.952320575714111328e-02,-4.812319874763488770e-01
-1.577851772308349609e-01,-3.773820772767066956e-02,3.034481704235076904e-01
5.995011329650878906e-02,1.574606597423553467e-01,5.687839984893798828e-01
-5.684139952063560486e-02,-1.483013629913330078e-01,1.468215882778167725e-01
1.884600333869457245e-02,1.605410575866699219e-01,1.460195928812026978e-01
-1.327304840087890625e-01,-3.814189136028289795e-02,4.957078397274017334e-01
-5.694734305143356323e-02,1.439301967620849609e-01,-2.193545550107955933e-01
-4.906249046325683594e-02,2.471746206283569336e-01,4.612182453274726868e-02
1.201168820261955261e-01,-1.944025009870529175e-01,4.952044486999511719e-01
5.389189720153808594e-02,-1.578534096479415894e-01,-3.938021659851074219e-01
1.112534999847412109e-01,-2.108023911714553833e-01,3.098837137222290039e-01
-1.933286190032958984e-01,3.716552630066871643e-02,-8.650912046432495117e-01
6.902313232421875000e-02,5.942768603563308716e-02,6.564371585845947266e-01
-8.077979087829589844e-02,1.952998191118240356e-01,4.522692859172821045e-01
-1.536507606506347656e-01,3.780482336878776550e-02,4.104278385639190674e-01
5.239915847778320312e-02,2.373362034559249878e-01,3.462960720062255859e-01
6.034231185913085938e-02,7.863736152648925781e-02,-7.640484571456909180e-01
-5.709331855177879333e-02,1.379201412200927734e-01,-3.260601758956909180e-01
-5.412793159484863281e-02,-3.940835222601890564e-02,-1.730972230434417725e-01
2.024321816861629486e-02,-1.290345191955566406e-02,-4.610754251480102539e-01
1.925090998411178589e-01,-1.507027149200439453e-01,1.658764630556106567e-01
-5.663372576236724854e-02,-1.569056510925292969e-01,3.832083046436309814e-01
-7.792735099792480469e-02,-3.902489319443702698e-02,-2.797357141971588135e-01
1.216302439570426941e-01,-2.419440001249313354e-01,4.909515380859375000e-03
-5.712942034006118774e-02,1.364147663116455078e-01,-5.155636668205261230e-01
3.855228424072265625e-04,-4.028668254613876343e-02,-6.626434326171875000e-01
-1.473400592803955078e-01,2.664520442485809326e-01,-8.859314024448394775e-02
9.488388895988464355e-02,1.454794406890869141e-01,-3.590759262442588806e-02
1.857912540435791016e-01,-7.459378242492675781e-02,4.314584136009216309e-01
1.940712146461009979e-02,9.090423583984375000e-02,-2.511901855468750000e-01
9.491472691297531128e-02,1.447143554687500000e-01,9.473998844623565674e-02
-1.575231552124023438e-03,2.425699532032012939e-01,1.848455816507339478e-01
2.957031130790710449e-02,-1.249636784195899963e-01,5.636730194091796875e-01
1.504828929901123047e-01,1.120337060456222389e-06,1.989987194538116455e-01
1.751142293214797974e-01,8.880710601806640625e-02,3.678115904331207275e-01
-6.749439239501953125e-02,2.754949927330017090e-01,2.621017396450042725e-01
2.433288469910621643e-02,2.572465874254703522e-02,-9.038925170898437500e-01
-8.650994300842285156e-02,-1.167399957776069641e-01,-3.334490954875946045e-01
6.811981089413166046e-03,5.280481651425361633e-02,8.621078729629516602e-01
-8.950638771057128906e-02,-1.165950670838356018e-01,4.774316251277923584e-01
-6.947207450866699219e-02,1.175641193985939026e-01,2.332861274480819702e-01
-1.567807197570800781e-01,3.775439038872718811e-02,-4.299829006195068359e-01
-1.092648506164550781e-02,-4.010441526770591736e-02,-5.428481698036193848e-01
1.284225434064865112e-01,-2.525871433317661285e-02,-9.323663711547851562e-01
-1.008415222167968750e-01,1.160467788577079773e-01,4.325744509696960449e-02
1.979472637176513672e-01,-1.485571563243865967e-01,4.829910099506378174e-01
5.804657936096191406e-02,7.871136069297790527e-02,-6.764721274375915527e-01
-5.259256064891815186e-02,3.240995407104492188e-01,8.747894316911697388e-02
-9.123253822326660156e-02,3.881050646305084229e-02,-4.974349737167358398e-01
1.881833560764789581e-02,-1.639752388000488281e-01,-6.149658188223838806e-02
-1.129591464996337891e-01,1.154606565833091736e-01,4.453262090682983398e-01
6.475829984992742538e-03,-1.753765493631362915e-01,-9.515005350112915039e-01
-1.482884883880615234e-01,3.789120912551879883e-02,1.467987000942230225e-01
-1.318619251251220703e-01,2.682050466537475586e-01,6.934600323438644409e-02
1.005495116114616394e-01,4.895448684692382812e-03,-7.513616681098937988e-01
9.673118591308593750e-03,1.187480393127771094e-06,-3.436630070209503174e-01
-7.962250709533691406e-02,2.501379549503326416e-01,-3.949310258030891418e-02
1.059210300445556641e-01,-7.716823369264602661e-02,-1.162194833159446716e-01
9.398541599512100220e-02,-1.677577495574951172e-01,5.977877378463745117e-01
9.639604389667510986e-02,1.079626083374023438e-01,2.027645856142044067e-01
1.236572265625000000e-01,-7.659654319286346436e-02,-6.582964658737182617e-01
3.717803955078125000e-02,-1.589320003986358643e-01,4.444580152630805969e-02
1.645312309265136719e-01,-7.527904212474822998e-02,-9.710388258099555969e-03
-5.392730608582496643e-02,1.788764297962188721e-01,6.552956104278564453e-01
-1.884388923645019531e-02,3.997685760259628296e-02,-8.070409893989562988e-01
-5.258088558912277222e-02,3.245828151702880859e-01,1.843066364526748657e-01
-1.043157577514648438e-01,3.859971836209297180e-02,-8.087063431739807129e-01
-1.384982615709304810e-01,-4.641389846801757812e-02,4.425750672817230225e-02
1.327633857727050781e-02,1.185762243949284311e-06,-1.482916176319122314e-01
-1.273152828216552734e-01,-3.822914138436317444e-02,2.009869366884231567e-01
-1.404625624418258667e-01,-1.160454750061035156e-02,-9.032357335090637207e-01
-9.949065744876861572e-02,1.282674521207809448e-01,-9.111222028732299805e-01
1.720242500305175781e-01,7.503752410411834717e-02,4.194671660661697388e-02
-1.350747048854827881e-01,1.070516109466552734e-01,-3.578582704067230225e-01
6.730499211698770523e-03,-5.217380449175834656e-02,8.816806077957153320e-01
1.692209243774414062e-01,-7.512789219617843628e-02,3.283987343311309814e-01
-1.261091232299804688e-01,1.148245856165885925e-01,-1.417285054922103882e-01
9.386584907770156860e-02,1.707484722137451172e-01,4.880792200565338135e-01
1.892567798495292664e-02,1.506502628326416016e-01,-6.184722855687141418e-02
-5.681331828236579895e-02,1.494925022125244141e-01,-1.140783652663230896e-01
-5.566130578517913818e-02,-1.971256732940673828e-01,-8.930462598800659180e-01
-1.293792724609375000e-01,3.819588944315910339e-02,-6.241332739591598511e-02
1.770310401916503906e-01,-7.487614452838897705e-02,5.406488180160522461e-01
-1.414715349674224854e-01,6.259441375732421875e-03,-2.617288231849670410e-01
1.689324378967285156e-01,1.111539631892810576e-06,-6.136382743716239929e-02
1.828325726091861725e-02,2.303974628448486328e-01,6.081576347351074219e-01
9.435025602579116821e-02,1.587278842926025391e-01,3.299734294414520264e-01
1.744172573089599609e-01,1.108924266191024799e-06,1.192944273352622986e-01
1.259548664093017578e-01,-2.119891643524169922e-01,7.665587961673736572e-02
1.823511123657226562e-01,1.105141109292162582e-06,3.002267479896545410e-01
2.130999565124511719e-01,-1.475792974233627319e-01,4.008086919784545898e-01
2.116262912750244141e-01,-1.476744115352630615e-01,2.455148249864578247e-01
9.310106933116912842e-02,-1.897089481353759766e-01,4.043957293033599854e-01
1.350250244140625000e-01,4.549380321350326994e-07,5.919629335403442383e-01
-1.589453220367431641e-01,3.771951794624328613e-02,3.032980263233184814e-01
-5.688134953379631042e-02,1.466605663299560547e-01,-9.782409295439720154e-03
9.633402526378631592e-02,-1.094837188720703125e-01,2.026354968547821045e-01
1.525170803070068359e-01,1.119367084356781561e-06,-8.507330417633056641e-01
1.143662929534912109e-01,-2.110536545515060425e-01,-6.904540956020355225e-02
-8.010375499725341797e-02,2.515722252428531647e-02,-9.386138916015625000e-01
1.604827344417572021e-01,-2.902686595916748047e-01,-8.290008455514907837e-02
6.846666336059570312e-02,-4.138361662626266479e-02,-8.040753006935119629e-01
1.712381839752197266e-01,-2.258127778768539429e-01,-1.395233124494552612e-01
-5.693420395255088806e-02,1.444621086120605469e-01,-8.539016246795654297e-01
-8.365935832262039185e-02,-1.005643531680107117e-01,-4.209790229797363281e-01
-5.720574781298637390e-02,1.332569122314453125e-01,-7.123379111289978027e-01
-1.277114823460578918e-02,1.187519058585166931e-01,6.598799228668212891e-01
1.216850280761718750e-01,1.134068952524103224e-06,-1.153942868113517761e-01
1.790293119847774506e-02,2.776098251342773438e-01,4.141381680965423584e-01
6.346416473388671875e-02,-1.572356969118118286e-01,-2.272515743970870972e-01
-6.411457061767578125e-02,3.924744948744773865e-02,5.952404737472534180e-01
-7.594823837280273438e-03,-4.015810415148735046e-02,-8.413561582565307617e-01
-9.912109375000000000e-02,-3.868340700864791870e-02,5.585640072822570801e-01
-1.218521595001220703e-01,-1.150304973125457764e-01,3.352905213832855225e-01
-5.963666737079620361e-02,-3.268384933471679688e-02,6.613082885742187500e-01
1.324681043624877930e-01,-1.205544173717498779e-01,6.319336891174316406e-01
-5.663781985640525818e-02,-1.567535400390625000e-01,3.036312758922576904e-01
6.847858428955078125e-02,-1.569120734930038452e-01,-8.830218315124511719e-01
-1.078155450522899628e-02,-7.521098107099533081e-02,-9.452884197235107422e-01
6.720876693725585938e-02,-1.569940298795700073e-01,-1.182830780744552612e-01
-5.422506108880043030e-02,2.565586566925048828e-01,4.698539674282073975e-01
1.918911933898925781e-02,2.405564785003662109e-01,2.668542563915252686e-01
-5.333890393376350403e-02,2.932381629943847656e-01,3.358407616615295410e-01
-6.143343448638916016e-02,4.167127609252929688e-02,-6.736941337585449219e-01
1.935548521578311920e-02,-9.729623794555664062e-02,-6.940319538116455078e-01
1.776884123682975769e-02,2.942717075347900391e-01,3.355962932109832764e-01
1.938084512948989868e-02,-9.416580200195312500e-02,-8.120537996292114258e-01
-5.721009522676467896e-02,1.330888271331787109e-01,-4.073348939418792725e-01
1.844715774059295654e-01,6.385102123022079468e-02,5.191192626953125000e-01
1.390488147735595703e-01,-2.130462229251861572e-01,1.947247236967086792e-01
-5.305664241313934326e-02,3.049156665802001953e-01,1.520751882344484329e-02
-1.064674854278564453e-01,3.378110527992248535e-01,-6.918792426586151123e-02
9.505367279052734375e-02,-1.412487030029296875e-01,6.868804991245269775e-02
1.978476531803607941e-02,-4.400682449340820312e-02,6.290166974067687988e-01
1.016165167093276978e-01,-2.158164978027343750e-02,-5.796808004379272461e-01
4.782772064208984375e-02,7.904072850942611694e-02,-5.922561287879943848e-01
-5.657043308019638062e-02,-1.595237255096435547e-01,-2.966799736022949219e-01
1.644189357757568359e-01,7.528267800807952881e-02,-3.560851886868476868e-02
-6.678054481744766235e-02,5.352844297885894775e-02,8.395097255706787109e-01
1.346039772033691406e-02,-1.215755417943000793e-01,-5.487365722656250000e-01
-4.881548881530761719e-02,-3.949394822120666504e-02,5.989789962768554688e-01
-1.709682941436767578e-01,1.126547753810882568e-01,-8.743850588798522949e-01
8.795666694641113281e-02,1.150151888396067079e-06,6.463047862052917480e-01
-9.102535247802734375e-02,-3.881385177373886108e-02,-9.014923125505447388e-02
-5.718254297971725464e-02,-1.341993808746337891e-01,-1.674575805664062500e-01
5.507445335388183594e-02,7.880716025829315186e-02,-9.172991514205932617e-01
-1.049406528472900391e-01,-3.858964517712593079e-02,-3.848333656787872314e-01
-7.967567443847656250e-02,-1.170705780386924744e-01,-1.006988529115915298e-02
-8.478332310914993286e-02,-5.324696749448776245e-02,8.481112718582153320e-01
1.401220709085464478e-01,1.275189816951751709e-01,5.239690542221069336e-01
1.949563026428222656e-01,7.429835945367813110e-02,4.297497570514678955e-01
9.360137581825256348e-02,2.528655529022216797e-02,-9.306902885437011719e-01
-4.528625309467315674e-02,7.519499212503433228e-02,-9.454730749130249023e-01
4.285141080617904663e-02,3.880923600263486151e-07,8.731664419174194336e-01
-1.127157211303710938e-01,1.154724210500717163e-01,2.827163636684417725e-01
2.791142463684082031e-02,2.397107332944869995e-01,5.488148331642150879e-01
6.189224123954772949e-02,-5.328806862235069275e-02,8.469003438949584961e-01
-1.044229120016098022e-01,4.232381911606353242e-07,8.271250724792480469e-01
9.652792662382125854e-02,-1.046791076660156250e-01,-4.949954152107238770e-01
-1.408645957708358765e-01,-4.492998123168945312e-03,-8.436349034309387207e-01
2.384948730468750000e-02,-2.521364390850067139e-02,-9.355987310409545898e-01
1.933059692382812500e-01,-1.616754531860351562e-01,1.072592139244079590e-01
-7.834124565124511719e-02,-1.171351224184036255e-01,-8.786407113075256348e-01
-5.623340606689453125e-03,-4.018986597657203674e-02,-6.022149324417114258e-01
9.627030044794082642e-02,-1.110653877258300781e-01,-6.052660942077636719e-01
-2.988052368164062500e-02,2.453145980834960938e-01,1.021572872996330261e-01
1.889408975839614868e-01,-1.015713214874267578e-01,2.792715430259704590e-01
1.889275573194026947e-02,-1.547372341156005859e-01,1.724920570850372314e-01
-5.740365013480186462e-02,-1.250517368316650391e-01,2.012112438678741455e-01
-5.782356485724449158e-02,1.076781749725341797e-01,-8.077026009559631348e-01
1.384935379028320312e-01,-2.130014002323150635e-01,2.537741065025329590e-01
2.139596939086914062e-01,-2.216702103614807129e-01,1.178161576390266418e-01
1.002567932009696960e-01,1.215934753417968750e-02,-8.097668290138244629e-01
-9.970641136169433594e-02,1.161016896367073059e-01,5.031449794769287109e-01
-7.797098159790039062e-02,1.171530187129974365e-01,-5.853558182716369629e-01
-2.094960212707519531e-02,-3.994292765855789185e-02,-8.985302448272705078e-01
-8.674907684326171875e-02,2.733142971992492676e-01,2.057034224271774292e-01
1.663777828216552734e-01,-7.521952688694000244e-02,5.979667305946350098e-01
-1.453399658203125000e-01,-3.793872520327568054e-02,4.388293325901031494e-01
7.664680480957031250e-03,8.033531904220581055e-02,-4.290173351764678955e-01
1.630707085132598877e-01,-2.546339035034179688e-01,6.550537049770355225e-02
-1.005229949951171875e-01,-1.160621792078018188e-01,6.989898532629013062e-02
1.900780759751796722e-02,1.404552459716796875e-01,1.998544335365295410e-01
6.226158142089843750e-02,7.857549935579299927e-02,-8.232232332229614258e-01
1.891266554594039917e-02,1.522657871246337891e-01,-7.635686993598937988e-01
1.650833487510681152e-01,-2.269248962402343750e-01,3.209454417228698730e-01
1.674037724733352661e-01,-1.949744224548339844e-01,4.572100639343261719e-01
-1.358854025602340698e-01,9.269213676452636719e-02,3.942217826843261719e-01
-1.269407272338867188e-01,1.147843599319458008e-01,-2.211300581693649292e-01
1.356987953186035156e-01,1.525724828243255615e-01,4.414851367473602295e-01
-1.037695407867431641e-01,-1.159051656723022461e-01,1.497329622507095337e-01
1.906871795654296875e-02,7.996772974729537964e-02,-3.145556449890136719e-01
1.425499916076660156e-01,-7.598756253719329834e-02,-6.209075823426246643e-02
-1.434059143066406250e-01,3.796988725662231445e-02,4.662713408470153809e-01
8.254051208496093750e-03,1.188157057185890153e-06,-4.003167748451232910e-01
-7.899427413940429688e-02,1.954439431428909302e-01,5.085433721542358398e-01
2.078802585601806641e-01,1.092967863769445103e-06,4.534558057785034180e-01
7.283949851989746094e-02,-7.823453843593597412e-02,-3.901431262493133545e-01
5.782556533813476562e-02,-1.575995385646820068e-01,-3.377191126346588135e-01
1.893668808043003082e-02,-1.492836475372314453e-01,-8.225781321525573730e-01
-5.685082450509071350e-02,-1.479411125183105469e-01,4.384155273437500000e-01
1.888922229409217834e-02,1.551239490509033203e-01,-8.793340921401977539e-01
9.548650681972503662e-02,1.305325031280517578e-01,2.538934350013732910e-01
4.066371917724609375e-02,7.927165925502777100e-02,-5.365716218948364258e-01
1.092576980590820312e-02,1.186883082482381724e-06,-2.874368131160736084e-01
-6.986570358276367188e-02,1.961809098720550537e-01,5.956896543502807617e-01
-1.125930715352296829e-02,3.892436666319554206e-07,8.895372152328491211e-01
1.142230182886123657e-01,-2.649295628070831299e-01,-1.608152389526367188e-01
6.045484542846679688e-02,1.574281156063079834e-01,6.260834932327270508e-01
8.994317054748535156e-02,-7.768324762582778931e-02,-2.514126598834991455e-01
2.046823054552078247e-01,-2.010796666145324707e-01,-9.196519851684570312e-03
1.027526557445526123e-01,-4.977512359619140625e-02,-4.974957108497619629e-01
1.038820743560791016e-01,1.142558062383614015e-06,-6.921069025993347168e-01
-7.959938049316406250e-02,1.953951269388198853e-01,3.970233201980590820e-01
-5.627015605568885803e-02,-1.719360351562500000e-01,-8.439422249794006348e-01
9.384581446647644043e-02,-1.712217330932617188e-01,2.756893932819366455e-01
1.896639354526996613e-02,1.455960273742675781e-01,-6.519015431404113770e-01
1.428532600402832031e-01,-7.597780227661132812e-02,1.734506189823150635e-01
1.933576352894306183e-02,9.974408149719238281e-02,-1.966067403554916382e-01
1.116906702518463135e-01,-7.625732570886611938e-02,-9.234902858734130859e-01
1.876689307391643524e-02,-1.703786849975585938e-01,4.074618518352508545e-01
-5.762410163879394531e-02,-3.935202211141586304e-02,-2.273529022932052612e-01
9.629856795072555542e-02,-1.103565692901611328e-01,-6.907973885536193848e-01
5.051088333129882812e-02,2.375193387269973755e-01,4.304226636886596680e-01
9.349397569894790649e-02,-1.799662113189697266e-01,5.401232838630676270e-01
1.823463439941406250e-01,-7.470479607582092285e-02,4.855068922042846680e-01
7.072265446186065674e-02,-1.217185780405998230e-01,6.138812303543090820e-01
2.357940562069416046e-02,-1.245119646191596985e-01,-9.576795101165771484e-01
-1.594493389129638672e-01,3.771138936281204224e-02,-3.760748207569122314e-01
-9.388375282287597656e-02,-3.876779600977897644e-02,-3.320849537849426270e-01
9.529969841241836548e-02,1.351683139801025391e-01,1.477181911468505859e-01
-1.680004894733428955e-01,2.527907304465770721e-02,-9.310779571533203125e-01
2.092554569244384766e-01,-2.221263498067855835e-01,1.949307173490524292e-01
-2.838470414280891418e-02,2.539167553186416626e-02,-9.239166975021362305e-01
-1.882098317146301270e-01,7.687252759933471680e-02,-9.107626676559448242e-01
-1.410098075866699219e-01,2.671689987182617188e-01,1.644256524741649628e-02
1.891177892684936523e-02,-1.523759365081787109e-01,5.187670588493347168e-01
-5.738702043890953064e-02,1.257395744323730469e-01,-4.630099236965179443e-01
9.494328498840332031e-02,1.552025377750396729e-01,1.669189333915710449e-02
-1.059663295745849609e-01,1.157988980412483215e-01,9.633300453424453735e-02
-5.710890144109725952e-02,1.372342109680175781e-01,-6.221649050712585449e-02
-5.701898038387298584e-02,1.409840583801269531e-01,-2.724972367286682129e-01
1.615114212036132812e-01,7.537637650966644287e-02,9.403686225414276123e-02
-1.373550891876220703e-01,-3.806738182902336121e-02,2.529900968074798584e-01
-5.431914329528808594e-02,1.182970628142356873e-01,6.270877122879028320e-01
7.533233612775802612e-02,-2.501278556883335114e-02,-9.476331472396850586e-01
-1.341631412506103516e-01,3.811880946159362793e-02,-9.832763113081455231e-03
-4.559722915291786194e-02,-1.763532161712646484e-01,-9.428796768188476562e-01
1.618533134460449219e-01,-7.536535710096359253e-02,6.806823611259460449e-02
1.618235111236572266e-01,1.114929432333156001e-06,2.503375113010406494e-01
-5.687883123755455017e-02,1.467647552490234375e-01,-1.665682941675186157e-01
-1.458733081817626953e-01,2.666181623935699463e-01,-3.610198944807052612e-02
-1.615679264068603516e-01,-3.767726197838783264e-02,3.558215200901031494e-01
1.888862252235412598e-02,-1.551983356475830078e-01,-9.744567796587944031e-03
-1.627485752105712891e-01,3.765823692083358765e-02,3.556420803070068359e-01
1.883613690733909607e-02,-1.617138385772705078e-01,2.765994071960449219e-01
-5.680641904473304749e-02,-1.497607231140136719e-01,9.448791295289993286e-02
9.503526240587234497e-02,-1.417126655578613281e-01,1.634673960506916046e-02
-1.496484279632568359e-01,3.786930069327354431e-02,9.447722882032394409e-02
-1.496381759643554688e-01,3.786947578191757202e-02,-2.187875360250473022e-01
-1.427087783813476562e-01,3.798111900687217712e-02,-1.143890321254730225e-01
-5.637995153665542603e-02,-1.674222946166992188e-01,-3.483773767948150635e-01
1.686128973960876465e-01,-1.783258914947509766e-01,5.143673419952392578e-01
-1.061856746673583984e-01,3.856958448886871338e-02,5.569204688072204590e-01
1.776227951049804688e-01,-7.485705614089965820e-02,3.799062967300415039e-01
6.495361216366291046e-03,7.551234215497970581e-02,-9.389938116073608398e-01
-1.591417789459228516e-01,3.771634772419929504e-02,-8.192080259323120117e-01
1.880507729947566986e-02,1.656212806701660156e-01,9.382598847150802612e-02
-9.707885235548019409e-02,2.718182504177093506e-01,-9.998607635498046875e-02
-9.684143215417861938e-02,7.496309280395507812e-02,-9.502637386322021484e-01
1.828544139862060547e-01,1.104901116377732251e-06,6.742187589406967163e-02
9.175430238246917725e-02,6.092264130711555481e-02,6.100287437438964844e-01
1.878027245402336121e-02,1.686487197875976562e-01,-9.688720107078552246e-03
1.616177856922149658e-01,-2.746431827545166016e-01,-3.399963304400444031e-02
-1.562511920928955078e-01,3.776292130351066589e-02,-3.234771788120269775e-01
1.915457285940647125e-02,1.222364902496337891e-01,-5.185217261314392090e-01
1.871048845350742340e-02,-1.773803234100341797e-01,-2.421737611293792725e-01
7.671447843313217163e-02,-1.272261589765548706e-01,-9.240301847457885742e-01
-7.977390289306640625e-02,-1.170658171176910400e-01,-2.798129320144653320e-01
-1.499752998352050781e-01,-3.786403685808181763e-02,9.446410834789276123e-02
-1.056017875671386719e-01,-1.158165037631988525e-01,4.192675650119781494e-01
-9.750213474035263062e-02,2.341378778219223022e-01,8.541870117187500000e-02
9.582667797803878784e-02,-1.220734119415283203e-01,-1.419189423322677612e-01
1.780038140714168549e-02,2.903394699096679688e-01,2.118460088968276978e-01
1.876449398696422577e-02,-1.706588268280029297e-01,-1.130218505859375000e-01
9.594456106424331665e-02,-1.191480159759521484e-01,-8.635265827178955078e-01
-5.787277221679687500e-02,-1.280868053436279297e-01,5.152128934860229492e-01
-1.549530029296875000e-02,-4.003080353140830994e-02,-4.844302237033843994e-01
8.747386932373046875e-02,7.776284217834472656e-02,-1.171151697635650635e-01
9.569060802459716797e-02,-1.254501342773437500e-01,2.544381618499755859e-01
9.311241656541824341e-02,-1.894342899322509766e-01,3.518212735652923584e-01
6.562519073486328125e-02,-1.570962369441986084e-01,-1.726196259260177612e-01
-5.277841538190841675e-02,3.164267539978027344e-01,2.338531464338302612e-01
9.524149447679519653e-02,-1.365945339202880859e-01,1.476290822029113770e-01
1.879153400659561157e-02,-1.673023700714111328e-01,-4.280105531215667725e-01
-1.366351842880249023e-01,-7.940888404846191406e-02,2.867816090583801270e-01
-1.818054169416427612e-02,2.954053580760955811e-01,1.082766056060791016e-01
9.551984816789627075e-02,-1.296875476837158203e-01,-8.876281231641769409e-02
6.084012985229492188e-02,-1.574050188064575195e-01,-2.822583019733428955e-01
1.882253773510456085e-02,-1.634538173675537109e-01,9.391295909881591797e-02
1.238610744476318359e-01,7.658995687961578369e-02,2.279177755117416382e-01
-1.230231821537017822e-01,3.205554485321044922e-01,3.931243717670440674e-02
1.774349957704544067e-01,5.685639381408691406e-02,3.173168897628784180e-01
-9.446692466735839844e-02,1.163551285862922668e-01,-1.000823918730020523e-02
-5.252457410097122192e-02,3.269016742706298828e-01,1.356713771820068359e-01
-6.091678515076637268e-02,2.029633522033691406e-02,-8.199050426483154297e-01
-1.374938897788524628e-02,2.551616728305816650e-01,5.312393903732299805e-01
1.867583207786083221e-02,-1.816821098327636719e-01,-3.724664151668548584e-01
-1.407413482666015625e-01,-6.676197052001953125e-03,-4.296475052833557129e-01
9.392623603343963623e-02,1.246638000011444092e-01,5.682059526443481445e-01
-4.619872942566871643e-02,-7.670929282903671265e-02,-9.141677618026733398e-01
-3.717498853802680969e-02,-3.325457125902175903e-02,-4.358599185943603516e-01
-4.726394638419151306e-02,-5.233060196042060852e-02,8.765665292739868164e-01
1.624850034713745117e-01,-2.627019882202148438e-01,1.553619373589754105e-02
4.198638722300529480e-02,1.283383667469024658e-01,-9.102890491485595703e-01
9.775526076555252075e-02,-7.420921325683593750e-02,-8.194277882575988770e-01
9.320043027400970459e-02,-1.872429847717285156e-01,4.579098522663116455e-01
-1.486244201660156250e-01,-3.788580000400543213e-02,1.467776447534561157e-01
1.213395595550537109e-01,-2.968815863132476807e-01,-1.279989629983901978e-01
4.180450364947319031e-02,-1.787101775407791138e-01,-9.220899343490600586e-01
-5.550193786621093750e-02,-3.938621282577514648e-02,-1.186209097504615784e-01
9.646280854940414429e-02,-1.062881946563720703e-01,-7.498782277107238770e-01
-6.075590476393699646e-02,1.364040374755859375e-02,-5.191766023635864258e-01
-1.368611156940460205e-01,7.540631294250488281e-02,1.245712265372276306e-01
7.923412322998046875e-02,1.562162637710571289e-01,2.869421243667602539e-01
-1.462411880493164062e-01,3.436994850635528564e-01,-8.900543302297592163e-02
1.312286853790283203e-01,-2.124149501323699951e-01,1.354119777679443359e-01
-5.881714820861816406e-02,1.180794909596443176e-01,-7.650225758552551270e-01
4.376998916268348694e-02,5.356456339359283447e-02,8.385480642318725586e-01
1.735178679227828979e-01,1.107919216156005859e-01,4.189709424972534180e-01
2.036852948367595673e-02,2.845907211303710938e-02,-8.223471045494079590e-01
-5.732204765081405640e-02,1.284158229827880859e-01,-9.196917414665222168e-01
1.185842901468276978e-01,1.180798113346099854e-01,-5.893874168395996094e-02
2.827423065900802612e-02,1.194870695471763611e-01,6.484537124633789062e-01
-6.183834746479988098e-02,5.840516090393066406e-02,-8.010556101799011230e-01
-1.378684043884277344e-01,5.755901336669921875e-02,2.619168162345886230e-01
7.482004165649414062e-02,7.817069441080093384e-02,-8.793472051620483398e-01
1.800770498812198639e-02,2.646033763885498047e-01,4.680474698543548584e-01
1.073355674743652344e-01,-7.712262868881225586e-02,-7.785604596138000488e-01
-1.347645372152328491e-01,1.125462055206298828e-01,-9.270492196083068848e-01
1.302072107791900635e-01,2.560974285006523132e-02,-9.105805158615112305e-01
-1.269592251628637314e-02,1.769306361675262451e-01,6.754112243652343750e-01
-5.816221237182617188e-02,-1.181111782789230347e-01,-4.485452175140380859e-01
-5.678698047995567322e-02,-1.505825519561767578e-01,-2.450314313173294067e-01
6.715178489685058594e-02,1.160072429229330737e-06,-5.872839093208312988e-01
1.772729456424713135e-01,-1.226547881960868835e-01,5.993654727935791016e-01
-1.836466789245605469e-02,1.200849851556995418e-06,-4.620623588562011719e-01
1.180169582366943359e-01,-7.677833735942840576e-02,-6.033285260200500488e-01
-2.784088067710399628e-02,-1.243948414921760559e-01,-9.591015577316284180e-01
-7.078123092651367188e-02,3.914002701640129089e-02,-6.150530576705932617e-01
-1.338533610105514526e-01,1.286885738372802734e-01,-8.906341195106506348e-01
3.261901810765266418e-02,2.751259505748748779e-01,3.771994113922119141e-01
-1.315649449825286865e-01,2.502467110753059387e-02,-9.469076395034790039e-01
5.788469314575195312e-02,-1.575957387685775757e-01,-6.442077457904815674e-02
-1.401195079088211060e-01,-1.769256591796875000e-02,1.721954345703125000e-02
1.197543144226074219e-01,-2.114886045455932617e-01,3.701229691505432129e-01
1.131052970886230469e-01,1.540305018424987793e-01,3.639041185379028320e-01
9.634762257337570190e-02,1.091642379760742188e-01,-8.953125029802322388e-02
-1.519143581390380859e-01,5.432880811895302031e-07,4.345986843109130859e-01
8.002448081970214844e-02,1.561652570962905884e-01,5.358499288558959961e-01
-8.596587181091308594e-02,1.233084617524582427e-06,-8.410229086875915527e-01
1.649252027273178101e-01,-2.291023731231689453e-01,2.182833850383758545e-01
-5.716303735971450806e-02,-1.350240707397460938e-01,2.532806396484375000e-01
-1.396300792694091797e-01,2.634978294372558594e-02,1.822186261415481567e-01
1.923928260803222656e-01,7.438097149133682251e-02,4.834022521972656250e-01
-9.167289733886718750e-02,-1.164902597665786743e-01,-3.873672485351562500e-01
1.788374483585357666e-01,3.754115104675292969e-02,7.183868438005447388e-02
5.056640505790710449e-02,1.236997023224830627e-01,5.831331014633178711e-01
5.902695655822753906e-02,7.867976278066635132e-02,6.254743933677673340e-01
-8.018422126770019531e-02,1.170459687709808350e-01,5.353274345397949219e-01
1.904703676700592041e-02,-1.355853080749511719e-01,-4.609701335430145264e-01
1.749041676521301270e-01,-1.988909542560577393e-01,-3.632473945617675781e-02
5.042433738708496094e-02,1.580754220485687256e-01,1.259161382913589478e-01
-1.049041748046875000e-01,2.525894045829772949e-01,-6.889404356479644775e-02
-3.025146387517452240e-02,-1.081760600209236145e-01,8.237786293029785156e-01
1.339239478111267090e-01,-6.097150221467018127e-02,6.084524393081665039e-01
-8.396673202514648438e-02,1.168629974126815796e-01,-4.994540214538574219e-01
1.590347290039062500e-01,6.255091726779937744e-02,5.594586133956909180e-01
-1.363283246755599976e-01,8.484268188476562500e-02,2.861379981040954590e-01
1.657949835062026978e-01,-2.636704444885253906e-01,-1.719150543212890625e-01
-2.951217629015445709e-02,5.279364064335823059e-02,8.623995780944824219e-01
1.115725040435791016e-01,-2.108281254768371582e-01,-1.088806148618459702e-02
9.965181350708007812e-02,-7.737031579017639160e-02,-1.699417084455490112e-01
-2.383351325988769531e-02,1.197716370224952698e-01,-8.062548637390136719e-01
9.634005278348922729e-02,-1.093342304229736328e-01,-5.495846271514892578e-01
6.122279167175292969e-02,1.573785692453384399e-01,-3.723968565464019775e-02
-8.182096481323242188e-02,3.896214812994003296e-02,-5.555309653282165527e-01
1.953217200934886932e-02,-7.538104057312011719e-02,-7.589691281318664551e-01
-1.350996494293212891e-01,1.066119670867919922e-01,-4.124267399311065674e-01
-5.740235373377799988e-02,-1.251232624053955078e-01,-3.619933873414993286e-02
5.898223817348480225e-02,2.539477683603763580e-02,-9.239944219589233398e-01
1.823941022157669067e-01,4.672155000662314706e-07,5.404497385025024414e-01
-1.361799836158752441e-01,8.747315406799316406e-02,-8.155825734138488770e-01
-1.317040920257568359e-01,3.300000727176666260e-01,-4.621005058288574219e-02
-5.678314715623855591e-02,-1.507236957550048828e-01,-4.311645328998565674e-01
-9.488739073276519775e-02,3.034412264823913574e-01,1.587193012237548828e-01
-1.529819965362548828e-01,3.781559690833091736e-02,-2.710672020912170410e-01
-5.234265327453613281e-02,3.943711519241333008e-02,-7.070858478546142578e-01
1.218397617340087891e-01,1.534668356180191040e-01,4.989593327045440674e-01
1.455371081829071045e-01,-1.963806152343750000e-01,-6.744217872619628906e-02
2.358520403504371643e-02,-7.477796077728271484e-02,-9.541085958480834961e-01
-1.372005939483642578e-01,6.939244270324707031e-02,4.536454677581787109e-01
-2.783417701721191406e-02,3.983200341463088989e-02,-7.739279270172119141e-01
1.847553253173828125e-02,-4.057815298438072205e-02,-8.191796541213989258e-01
-1.406109333038330078e-01,3.801491484045982361e-02,-4.600350856781005859e-01
1.932146772742271423e-02,-1.015183925628662109e-01,5.860432386398315430e-01
1.795251369476318359e-01,-2.250091880559921265e-01,2.757708728313446045e-01
1.744534522294998169e-01,9.790968894958496094e-02,5.042586922645568848e-01
1.969988271594047546e-02,5.456209182739257812e-02,-3.928897082805633545e-01
-1.630082130432128906e-01,1.130397841334342957e-01,-9.070715308189392090e-01
-1.228054761886596680e-01,2.694142162799835205e-01,-1.211869716644287109e-01
2.396392822265625000e-02,-1.220835819840431213e-01,-5.804354548454284668e-01
-1.372982114553451538e-01,-6.767368316650390625e-02,4.260885417461395264e-01
1.909588836133480072e-02,-1.295213699340820312e-01,-5.169335603713989258e-01
3.725123405456542969e-02,7.938165217638015747e-02,-8.013656139373779297e-01
-5.199480056762695312e-02,2.772504687309265137e-01,2.914199829101562500e-01
-7.152435183525085449e-02,2.766282856464385986e-01,-5.749559402465820312e-02
-4.369688034057617188e-02,-1.982934772968292236e-01,-8.622939586639404297e-01
-1.245336756110191345e-01,2.937955856323242188e-01,8.881255984306335449e-02
9.949358552694320679e-02,-3.107953071594238281e-02,-8.036083579063415527e-01
-1.358925104141235352e-01,9.256601333618164062e-02,-4.424124062061309814e-01
-5.710935965180397034e-02,1.372563838958740234e-01,-5.705273151397705078e-01
7.097959518432617188e-03,-4.039483517408370972e-02,-7.242571711540222168e-01
1.907308958470821381e-02,1.323516368865966797e-01,-8.859405666589736938e-02
-1.209046840667724609e-01,-3.833243623375892639e-02,5.257726907730102539e-01
1.901363879442214966e-01,-1.180367469787597656e-01,2.516509890556335449e-01
1.204726696014404297e-01,-7.669917494058609009e-02,2.282427996397018433e-01
-6.486749649047851562e-02,2.757925093173980713e-01,3.728561401367187500e-01
1.941669732332229614e-02,-8.964419364929199219e-02,-7.252761721611022949e-01
-1.353331506252288818e-01,1.024732589721679688e-01,-1.699240058660507202e-01
1.509418487548828125e-01,1.120118213293608278e-06,-8.789550513029098511e-02
9.675686806440353394e-02,9.900903701782226562e-02,5.871136188507080078e-01
-1.272444725036621094e-01,1.147696748375892639e-01,-3.278210461139678955e-01
1.917630061507225037e-02,1.195569038391113281e-01,-8.034832477569580078e-01
7.794237136840820312e-02,1.562996059656143188e-01,7.062102854251861572e-02
9.597897529602050781e-02,1.146326553680410143e-06,6.156859993934631348e-01
-1.357943713665008545e-01,-9.431529045104980469e-02,3.665902614593505859e-01
1.930006220936775208e-02,1.041758060455322266e-01,-4.670937955379486084e-01
-1.260943561792373657e-01,-6.508587300777435303e-02,4.808726310729980469e-01
1.770735532045364380e-01,6.183290481567382812e-02,-1.015899609774351120e-02
-1.375767141580581665e-01,-6.274008750915527344e-02,7.102966308593750000e-02
3.654479980468750000e-03,-1.211012229323387146e-01,-8.152050375938415527e-01
1.930131204426288605e-02,-1.040205955505371094e-01,-6.634130477905273438e-01
1.247625350952148438e-01,-2.118929177522659302e-01,-9.853118658065795898e-02
-5.189681053161621094e-02,1.976315081119537354e-01,2.905224561691284180e-01
2.930140495300292969e-02,7.963791489601135254e-02,-1.749224811792373657e-01
-7.667970657348632812e-02,-1.172154843807220459e-01,-9.097836017608642578e-01
1.227111816406250000e-01,-2.117273062467575073e-01,1.822387613356113434e-02
6.450510025024414062e-02,7.850318402051925659e-02,-7.331970334053039551e-01
1.640064716339111328e-01,-1.507474333047866821e-01,5.995080471038818359e-01
1.693160086870193481e-01,-1.686446666717529297e-01,5.437472462654113770e-01
3.576803207397460938e-02,2.389488667249679565e-01,2.928552329540252686e-01
-3.641326725482940674e-02,2.598775327205657959e-01,4.948370456695556641e-01
1.777384057641029358e-02,2.936341762542724609e-01,2.858203053474426270e-01
3.653049468994140625e-03,-4.033932462334632874e-02,-6.932940483093261719e-01
-1.364370137453079224e-01,8.291745185852050781e-02,4.234182536602020264e-01
-5.711600184440612793e-02,1.369526386260986328e-01,-6.263482570648193359e-01
-6.402873992919921875e-02,1.966521590948104858e-01,6.258982419967651367e-01
-8.897566795349121094e-02,1.166207268834114075e-01,1.775302141904830933e-01
1.853837445378303528e-02,-1.987283229827880859e-01,-9.216561913490295410e-01
-4.638290405273437500e-02,-1.186809390783309937e-01,5.428051352500915527e-01
-9.078454971313476562e-02,-1.165332272648811340e-01,1.773971468210220337e-01
9.868867695331573486e-02,5.107188224792480469e-02,-8.882174491882324219e-01
-5.853629112243652344e-02,-1.180930808186531067e-01,-1.185967996716499329e-01
1.925228163599967957e-02,-1.100544929504394531e-01,-6.333132982254028320e-01
-1.403468698263168335e-01,-1.365399360656738281e-02,-4.000851213932037354e-01
-1.076688766479492188e-01,-1.157165393233299255e-01,2.833139002323150635e-01
3.793406486511230469e-02,2.387388497591018677e-01,5.179087519645690918e-01
-5.506100505590438843e-02,2.219736576080322266e-01,5.835882425308227539e-01
1.579150408506393433e-01,4.596576559379172977e-07,5.721368789672851562e-01
-6.880950927734375000e-02,2.753461003303527832e-01,3.169482350349426270e-01
1.994061470031738281e-01,-1.484629809856414795e-01,1.952603161334991455e-01
-2.706527709960937500e-03,-4.023685678839683533e-02,-6.322888135910034180e-01
-6.086620688438415527e-02,1.818513870239257812e-02,-5.492864847183227539e-01
6.543850898742675781e-02,1.571065336465835571e-01,9.805297851562500000e-02
1.917511969804763794e-01,-1.402711868286132812e-01,2.242138683795928955e-01
-9.764790534973144531e-02,-1.162012442946434021e-01,4.481826722621917725e-01
-9.628057479858398438e-02,1.162674054503440857e-01,2.576556205749511719e-01
-5.875587463378906250e-02,2.481145858764648438e-01,1.780487038195133209e-02
1.138904094696044922e-01,-2.110152393579483032e-01,3.397030532360076904e-01
-5.463423579931259155e-02,2.396299839019775391e-01,5.259599089622497559e-01
1.630778312683105469e-01,1.114331325879902579e-06,1.718731671571731567e-01
4.985928535461425781e-02,-1.581136137247085571e-01,7.143981754779815674e-02
1.347632408142089844e-01,-2.127002477645874023e-01,1.649810820817947388e-01
-7.392168045043945312e-02,1.958534270524978638e-01,5.661892294883728027e-01
-7.195544242858886719e-02,2.493944913148880005e-01,-1.073822006583213806e-02
1.929018348455429077e-01,-1.561152935028076172e-01,1.366085857152938843e-01
-9.935927391052246094e-02,3.368897438049316406e-01,-9.807464480400085449e-02
-7.063913345336914062e-02,1.175076439976692200e-01,-6.734207272529602051e-01
1.181707382202148438e-01,-7.677339017391204834e-02,-8.916808664798736572e-02
-8.364200592041015625e-03,-4.014569520950317383e-02,-5.724059939384460449e-01
-7.721590995788574219e-02,2.743939757347106934e-01,2.337560951709747314e-01
8.332214318215847015e-03,2.577024996280670166e-01,5.116249322891235352e-01
-1.133821010589599609e-01,-1.154401972889900208e-01,3.906686305999755859e-01
1.004680991172790527e-01,6.908416748046875000e-03,-7.207021713256835938e-01
-1.229581832885742188e-01,1.149770021438598633e-01,-8.904662728309631348e-02
-1.500619500875473022e-01,3.473965227603912354e-01,-1.209518909454345703e-01
3.589153289794921875e-03,1.190381453852751292e-06,-4.294958412647247314e-01
1.822648011147975922e-02,2.374455928802490234e-01,5.794741511344909668e-01
-3.943848609924316406e-02,2.462414056062698364e-01,7.423644512891769409e-02
1.316268444061279297e-01,-7.633965462446212769e-02,-8.885778784751892090e-01
-1.113843917846679688e-01,-3.848582506179809570e-02,-6.288696080446243286e-02
-6.070566549897193909e-02,1.156187057495117188e-02,-4.897854626178741455e-01
-2.107667922973632812e-02,-3.994087502360343933e-02,-8.675256371498107910e-01
1.679807752370834351e-01,-1.870296001434326172e-01,4.855500757694244385e-01
1.283178329467773438e-01,-2.121799588203430176e-01,1.059805303812026978e-01
1.022854372859001160e-01,-3.818106651306152344e-02,-5.245174765586853027e-01
1.512231826782226562e-01,7.570800930261611938e-02,-6.186218187212944031e-02
-2.038598060607910156e-02,2.443939745426177979e-01,1.298934966325759888e-01
-1.339543312788009644e-01,1.268947124481201172e-01,-8.613879084587097168e-01
1.130483150482177734e-01,-2.109472751617431641e-01,2.806768715381622314e-01
-5.690746754407882690e-02,1.455802917480468750e-01,-8.831420540809631348e-01
1.440920829772949219e-01,1.123384436141350307e-06,-9.133456349372863770e-01
-1.403003782033920288e-01,-1.448869705200195312e-02,-8.711028695106506348e-01
1.240942478179931641e-01,-2.118389457464218140e-01,4.741149768233299255e-02
1.078710556030273438e-01,-2.105292975902557373e-01,-3.986846655607223511e-02
-1.373991817235946655e-01,6.587171554565429688e-02,1.521655172109603882e-01
-7.566618919372558594e-02,1.172645092010498047e-01,-6.144543290138244629e-01
9.662026911973953247e-02,-1.023805141448974609e-01,-8.396441340446472168e-01
-1.330590248107910156e-02,-4.006607457995414734e-02,-5.135275125503540039e-01
9.584571421146392822e-02,-1.216013431549072266e-01,-8.926000595092773438e-01
-1.373083889484405518e-01,-6.749320030212402344e-02,1.520642042160034180e-01
-5.763756483793258667e-02,-1.153621673583984375e-01,2.286810278892517090e-01
-8.704447746276855469e-02,3.887799009680747986e-02,-5.262475609779357910e-01
1.899619400501251221e-02,-1.418969631195068359e-01,1.997323632240295410e-01
9.633608907461166382e-02,-1.094398498535156250e-01,-7.198803424835205078e-01
-1.939120292663574219e-01,3.715612366795539856e-02,-8.941476345062255859e-01
-1.375494003295898438e-01,3.806424885988235474e-02,4.946987926959991455e-01
-9.610223770141601562e-02,2.722550034523010254e-01,1.779290735721588135e-01
1.761285364627838135e-01,7.484507560729980469e-02,3.424181938171386719e-01
-1.095175743103027344e-02,2.434791475534439087e-01,1.574536114931106567e-01
9.919171035289764404e-02,3.858184814453125000e-02,-8.314626812934875488e-01
-8.012938499450683594e-02,1.170486137270927429e-01,-5.564971566200256348e-01
-1.392824649810791016e-01,-3.803632408380508423e-02,4.670872390270233154e-01
-1.358782052993774414e-01,-9.282970428466796875e-02,3.123196363449096680e-01
4.901809617877006531e-02,1.797129660844802856e-01,6.466842889785766602e-01
-8.363464474678039551e-02,-1.340062171220779419e-01,4.235079288482666016e-01
7.747173309326171875e-03,2.416659891605377197e-01,2.120782434940338135e-01
-6.126653030514717102e-02,3.474760055541992188e-02,-6.418762207031250000e-01
9.627475589513778687e-02,-1.109547615051269531e-01,-6.620086431503295898e-01
1.917994022369384766e-01,-1.489538848400115967e-01,5.110995173454284668e-01
4.795265197753906250e-02,2.377673983573913574e-01,4.590627849102020264e-01
1.019239500164985657e-01,-2.921056747436523438e-02,-5.519778132438659668e-01
-1.143000125885009766e-01,2.701940536499023438e-01,1.231607049703598022e-01
-5.402703583240509033e-02,2.647793292999267578e-01,4.423284828662872314e-01
5.902886390686035156e-02,-1.575219184160232544e-01,-8.559094071388244629e-01
-7.691144943237304688e-02,1.956121176481246948e-01,5.371673703193664551e-01
1.013443470001220703e-01,-1.482820510864257812e-02,-6.075665354728698730e-01
9.568129479885101318e-02,1.256990432739257812e-01,1.747637838125228882e-01
7.411813735961914062e-02,7.819332182407379150e-02,-8.492938280105590820e-01
-1.086535453796386719e-01,1.156689226627349854e-01,4.736392199993133545e-01
-8.450126647949218750e-02,1.168371587991714478e-01,-3.685089200735092163e-02
9.562178701162338257e-02,-1.271581649780273438e-01,1.746563613414764404e-01
-1.513152122497558594e-01,-3.784245625138282776e-02,4.108361601829528809e-01
1.866751909255981445e-02,-1.826457977294921875e-01,-8.398419022560119629e-01
-6.774973869323730469e-02,-1.176474243402481079e-01,-8.520764112472534180e-01
1.288888454437255859e-01,-7.642790675163269043e-02,-7.138146758079528809e-01
6.015682220458984375e-02,-1.574491113424301147e-01,-9.168203473091125488e-01
1.704495251178741455e-01,-2.008430808782577515e-01,4.287705421447753906e-01
1.554806232452392578e-01,-7.557077705860137939e-02,2.774716019630432129e-01
-1.545023918151855469e-02,-4.003153368830680847e-02,-4.559173583984375000e-01
6.131291389465332031e-02,7.860607653856277466e-02,-7.047689557075500488e-01
-8.213329315185546875e-02,1.169516891241073608e-01,-5.278664827346801758e-01
-1.192116737365722656e-01,-3.835970908403396606e-02,2.282748371362686157e-01
-5.696994811296463013e-02,-1.430244445800781250e-01,4.664227068424224854e-01
1.562168598175048828e-01,1.117602892009017523e-06,-8.788955211639404297e-01
1.443212032318115234e-01,7.593047618865966797e-02,2.523422241210937500e-01
1.802842617034912109e-01,1.106126660488371272e-06,-3.534820303320884705e-02
-1.171216964721679688e-01,1.152593046426773071e-01,4.172503650188446045e-01
5.471014976501464844e-02,7.881890237331390381e-02,-6.482943296432495117e-01
1.690077781677246094e-02,8.003762364387512207e-02,-3.428436219692230225e-01
5.199241638183593750e-02,2.373756915330886841e-01,4.021270573139190674e-01
7.636165618896484375e-02,-7.812101393938064575e-02,-3.620599210262298584e-01
-2.853298187255859375e-02,3.982074186205863953e-02,6.330413818359375000e-01
2.035045623779296875e-01,-1.481985002756118774e-01,4.552664160728454590e-01
8.984088897705078125e-03,1.187808948088786565e-06,-3.719320595264434814e-01
-6.385162472724914551e-02,-1.787831485271453857e-01,-9.214377403259277344e-01
-1.485600471496582031e-01,3.788683935999870300e-02,4.382293522357940674e-01
1.380269527435302734e-01,1.126276515606150497e-06,-8.264901638031005859e-01
2.119398117065429688e-02,7.989923655986785889e-02,-2.863995432853698730e-01
9.626436978578567505e-02,-1.112053394317626953e-01,-6.335015892982482910e-01
5.130386352539062500e-02,7.892870157957077026e-02,-6.202261447906494141e-01
9.362385421991348267e-02,-1.767361164093017578e-01,5.681070089340209961e-01
6.230211257934570312e-02,1.573089212179183960e-01,5.968449115753173828e-01
-1.252541542053222656e-01,1.148659363389015198e-01,3.617227077484130859e-01
1.420364379882812500e-01,7.600412517786026001e-02,1.735107451677322388e-01
1.883393526077270508e-02,-1.620385646820068359e-01,4.895229935646057129e-01
2.031801640987396240e-02,-2.218866348266601562e-02,-4.339447021484375000e-01
9.368959814310073853e-02,1.751220226287841797e-01,4.603097438812255859e-01
1.973262801766395569e-02,-5.047941207885742188e-02,6.563680768013000488e-01
1.032042503356933594e-02,1.187171733363356907e-06,-3.155010938644409180e-01
-1.417416483163833618e-01,1.104497909545898438e-02,-2.340866029262542725e-01
4.428124427795410156e-02,7.915505021810531616e-02,-5.643746852874755859e-01
-5.704092979431152344e-02,-1.400582790374755859e-01,1.736166328191757202e-01
-1.412194222211837769e-01,1.803874969482421875e-03,-2.893664538860321045e-01
-8.026576042175292969e-02,1.953413337469100952e-01,4.802593886852264404e-01
9.593310952186584473e-02,-1.194393634796142578e-01,-6.271758675575256348e-02
5.618667602539062500e-02,-1.577053070068359375e-01,-3.656432926654815674e-01
-6.028175354003906250e-02,1.180086508393287659e-01,2.068801820278167725e-01
1.271095275878906250e-01,-7.648526132106781006e-02,2.010827660560607910e-01
1.659176349639892578e-01,-2.154371738433837891e-01,3.745101988315582275e-01
7.983064651489257812e-02,-7.800920307636260986e-02,-3.341546654701232910e-01
-1.409834772348403931e-01,-2.386569976806640625e-03,-3.170101940631866455e-01
-1.405448764562606812e-01,-1.015663146972656250e-02,-3.723486363887786865e-01
1.008718535304069519e-01,-3.110647201538085938e-03,-6.638177633285522461e-01
-5.722388625144958496e-02,1.325066089630126953e-01,-8.286639451980590820e-01
3.697419166564941406e-02,7.939058542251586914e-02,-5.088378787040710449e-01
-5.686807632446289062e-02,1.181737482547760010e-01,5.976316928863525391e-01
