9.757627546787261963e-02,-7.866501808166503906e-02,-3.893206715583801270e-01
6.761474534869194031e-03,1.047731935977935791e-01,8.764604330062866211e-01
-2.624523639678955078e-01,1.082297116518020630e-01,2.147634774446487427e-01
-8.092040568590164185e-02,1.775255501270294189e-01,-9.325248003005981445e-01
2.380049228668212891e-01,-1.459721326828002930e-01,1.667083650827407837e-01
1.082916259765625000e-01,1.543411314487457275e-01,4.466029405593872070e-01
-2.389439493417739868e-01,1.895430088043212891e-01,-1.910671889781951904e-01
-2.190325260162353516e-01,3.675137832760810852e-02,5.842469930648803711e-01
-9.889587014913558960e-02,-1.188800111413002014e-01,-4.232978820800781250e-02
1.008861064910888672e-01,-7.733051478862762451e-02,-7.513509988784790039e-01
1.704325377941131592e-01,-1.532707214355468750e-01,6.025961041450500488e-01
7.989358901977539062e-02,1.561737358570098877e-01,9.747070074081420898e-02
-5.688630789518356323e-02,-1.464436054229736328e-01,3.315325975418090820e-01
-1.356482505798339844e-01,3.809487819671630859e-02,-5.708230733871459961e-01
2.399639785289764404e-01,-2.168934345245361328e-01,-1.368990987539291382e-01
-2.103805541992187500e-02,1.626870185136795044e-01,-3.486248552799224854e-01
9.822205454111099243e-02,6.265091896057128906e-02,-1.454653888940811157e-01
1.450686603784561157e-01,7.530234009027481079e-02,-9.432253837585449219e-01
-1.239597797393798828e-01,-3.828320652246475220e-02,-8.315203785896301270e-01
-1.344404965639114380e-01,1.182894706726074219e-01,1.652191206812858582e-02
5.586862564086914062e-02,7.878155261278152466e-02,6.552427411079406738e-01
1.845622211694717407e-01,-4.128050804138183594e-02,3.588143885135650635e-01
-5.598451197147369385e-02,1.837654113769531250e-01,2.740618884563446045e-01
-5.788896977901458740e-02,-1.049728393554687500e-01,5.572930574417114258e-01
9.968519955873489380e-02,2.634334564208984375e-02,-5.686632990837097168e-01
-2.081361413002014160e-01,1.572155952453613281e-01,4.113644361495971680e-01
9.644775837659835815e-02,-1.066617965698242188e-01,1.658966019749641418e-02
-1.372525542974472046e-01,-6.848216056823730469e-02,1.520022600889205933e-01
-1.425179690122604370e-01,2.479767799377441406e-02,-2.636648416519165039e-01
2.366668730974197388e-02,-7.503574341535568237e-02,-9.487789869308471680e-01
1.943923346698284149e-02,-8.691787719726562500e-02,-2.246041893959045410e-01
-5.677402764558792114e-02,1.511008739471435547e-01,-1.662612855434417725e-01
-5.623076483607292175e-02,1.735658645629882812e-01,5.142181515693664551e-01
-1.692075729370117188e-01,-3.755416721105575562e-02,4.343813955783843994e-01
1.667852401733398438e-01,7.520638406276702881e-02,2.238003462553024292e-01
1.901402510702610016e-02,-1.396834850311279297e-01,1.735992431640625000e-01
1.543912887573242188e-01,1.118473392125451937e-06,5.183047652244567871e-01
2.747850120067596436e-01,-1.144070625305175781e-01,-1.092437747865915298e-02
-5.863331258296966553e-02,7.419490814208984375e-02,-7.301144003868103027e-01
-2.803125381469726562e-01,1.791918575763702393e-01,-3.393401950597763062e-02
-1.422973629087209702e-02,3.309831395745277405e-02,-4.467043876647949219e-01
1.166722774505615234e-01,7.682168483734130859e-02,-3.560378849506378174e-01
9.498386830091476440e-02,-1.429874897003173828e-01,4.666722118854522705e-01
-1.424944400787353516e-01,1.140320375561714172e-01,-4.330541789531707764e-01
-1.620299816131591797e-01,3.766981512308120728e-02,-1.134515330195426941e-01
1.888062618672847748e-02,1.562428474426269531e-01,-3.571563586592674255e-02
1.421096324920654297e-01,-7.600176334381103516e-02,-1.406817585229873657e-01
-1.732010841369628906e-01,3.748982399702072144e-02,3.014511168003082275e-01
1.494755744934082031e-01,1.120817387345596217e-06,9.447173774242401123e-02
-2.591848373413085938e-03,-4.023871198296546936e-02,-6.618542075157165527e-01
9.401338547468185425e-02,1.670875549316406250e-01,3.024493455886840820e-01
-5.611264705657958984e-02,1.784641742706298828e-01,1.191217005252838135e-01
1.694779098033905029e-01,-1.664149761199951172e-01,3.030871450901031494e-01
-7.987548410892486572e-02,2.508547715842723846e-02,-9.430664777755737305e-01
1.962132565677165985e-02,6.431388854980468750e-02,-2.539626955986022949e-01
-4.896774142980575562e-02,4.086202523012616439e-07,8.177353143692016602e-01
1.263825893402099609e-01,7.650868594646453857e-02,-9.869079105556011200e-03
1.576545238494873047e-01,1.116917360377556179e-06,-2.442224025726318359e-01
1.925551518797874451e-02,-1.097059249877929688e-01,-8.944121748208999634e-02
-6.127106398344039917e-02,3.493523597717285156e-02,6.794320344924926758e-01
-2.067939341068267822e-01,1.723253726959228516e-01,1.198721304535865784e-01
9.895554184913635254e-02,4.444217681884765625e-02,-8.294830322265625000e-01
-5.977416783571243286e-02,-2.697658538818359375e-02,-1.475176960229873657e-01
1.006816104054450989e-01,5.439122393727302551e-02,8.126330375671386719e-01
9.109359234571456909e-02,-6.048387289047241211e-02,6.236405372619628906e-01
-1.717431545257568359e-01,-3.751330822706222534e-02,1.612731814384460449e-02
-1.073431968688964844e-02,-4.010751470923423767e-02,-3.435610830783843994e-01
1.425635814666748047e-01,-7.598713040351867676e-02,1.997729390859603882e-01
-1.345236897468566895e-01,1.168155670166015625e-01,2.021716237068176270e-01
-2.130174636840820312e-02,8.126899600028991699e-02,-8.514425754547119141e-01
1.920863240957260132e-02,-1.155257225036621094e-01,-8.343908786773681641e-01
-5.700648948550224304e-02,-1.415123939514160156e-01,6.864470988512039185e-02
-1.332944333553314209e-01,1.385927200317382812e-01,-2.997222840785980225e-01
-1.345108151435852051e-01,1.170437335968017578e-01,6.112625002861022949e-01
1.649644374847412109e-01,7.526507973670959473e-02,3.554431200027465820e-01
-5.766142532229423523e-02,1.144044399261474609e-01,-5.203649997711181641e-01
1.972007565200328827e-02,-5.203747749328613281e-02,-5.338305830955505371e-01
-1.695106029510498047e-01,3.754928335547447205e-02,1.195617616176605225e-01
-2.096755206584930420e-01,1.398839950561523438e-01,5.235645771026611328e-01
9.612714499235153198e-02,1.146349906921386719e-01,5.553329586982727051e-01
1.280858516693115234e-01,1.131016801991790999e-06,-4.624172747135162354e-01
-1.394091546535491943e-01,-3.027725219726562500e-02,5.465989708900451660e-01
-1.753387451171875000e-01,1.726443022489547729e-01,-7.057312130928039551e-02
-5.591376498341560364e-02,1.867094039916992188e-01,4.047103822231292725e-01
1.985056400299072266e-01,-1.485211253166198730e-01,4.297573864459991455e-01
-2.068796306848526001e-01,1.713607311248779297e-01,3.028384447097778320e-01
1.895061880350112915e-01,-1.093592643737792969e-01,7.612426578998565674e-02
9.784301370382308960e-02,-7.203841209411621094e-02,-6.151537895202636719e-01
-1.361212283372879028e-01,-8.852458000183105469e-02,2.585961818695068359e-01
2.748105525970458984e-01,-1.146502494812011719e-01,-1.275598108768463135e-01
1.864955015480518341e-02,1.849277019500732422e-01,1.960876435041427612e-01
-5.688231438398361206e-02,-1.466381549835205078e-01,4.386584460735321045e-01
-1.414931714534759521e-01,6.653785705566406250e-03,-7.251876592636108398e-01
1.480746418237686157e-01,-2.562998421490192413e-02,-9.092770814895629883e-01
-2.261943817138671875e-01,4.603457450866699219e-02,4.763020277023315430e-01
1.923510134220123291e-01,-1.485259532928466797e-01,-6.990447640419006348e-02
-2.553925514221191406e-01,1.085711717605590820e-01,4.047088697552680969e-02
4.151550307869911194e-02,2.540670335292816162e-02,-9.232815504074096680e-01
-1.244051456451416016e-01,1.149070262908935547e-01,-8.619274497032165527e-01
2.016292698681354523e-02,-2.917766571044921875e-03,-7.834780812263488770e-01
9.565140306949615479e-02,-1.264300346374511719e-01,3.614144921302795410e-01
-1.468818187713623047e-01,1.138198226690292358e-01,-1.929650902748107910e-01
-3.671526908874511719e-02,8.176580071449279785e-02,-6.126751303672790527e-01
2.427805662155151367e-01,-1.900949478149414062e-01,4.182861372828483582e-02
1.543972492218017578e-01,1.118470549954508897e-06,-6.174651905894279480e-02
9.645342826843261719e-02,1.146100316873344127e-06,-6.942526102066040039e-01
9.703849256038665771e-02,-9.199571609497070312e-02,-2.783004641532897949e-01
2.036986351013183594e-01,-7.401657104492187500e-02,2.717651426792144775e-01
-5.610257387161254883e-02,1.788692474365234375e-01,-8.414288163185119629e-01
-1.333998888731002808e-01,1.367249488830566406e-01,4.682769775390625000e-01
1.610679626464843750e-01,7.539068162441253662e-02,4.629571437835693359e-01
1.888508908450603485e-02,-1.556370258331298828e-01,2.773181200027465820e-01
-1.358902454376220703e-01,-9.261679649353027344e-02,3.668490648269653320e-01
-1.335461884737014771e-01,1.341328620910644531e-01,3.605224490165710449e-01
2.999465912580490112e-02,-1.267573088407516479e-01,5.358804464340209961e-01
-1.371393203735351562e-01,3.807085379958152771e-02,-3.796597123146057129e-01
-5.962137132883071899e-02,-3.331661224365234375e-02,-7.424178719520568848e-01
2.007991261780261993e-02,-7.368803024291992188e-03,6.679199337959289551e-01
-5.692593008279800415e-02,-1.448044776916503906e-01,2.258575409650802612e-01
1.858226396143436432e-02,1.932976245880126953e-01,3.509594500064849854e-01
9.677766263484954834e-02,-9.847497940063476562e-02,1.232900992035865784e-01
-2.906310930848121643e-02,-2.599810622632503510e-02,-8.862754106521606445e-01
-6.753005832433700562e-02,1.082011461257934570e-01,8.233112096786499023e-01
-2.758726775646209717e-01,2.279832363128662109e-01,-1.110464483499526978e-01
-6.008052825927734375e-02,-1.432037353515625000e-02,-2.592428624629974365e-01
1.942484378814697266e-01,-7.432116568088531494e-02,5.636599659919738770e-01
-5.643168464303016663e-02,1.652817726135253906e-01,1.617492549121379852e-02
1.857909187674522400e-02,1.936230659484863281e-01,4.562911987304687500e-01
1.035177707672119141e-01,1.546492129564285278e-01,2.033987343311309814e-01
-2.585699558258056641e-01,1.084174886345863342e-01,3.414160013198852539e-01
-2.056716233491897583e-01,1.849558353424072266e-01,1.609710603952407837e-02
-6.047161296010017395e-02,1.878499984741210938e-03,-5.167474150657653809e-01
1.939010620117187500e-02,9.299802780151367188e-02,-1.167898550629615784e-01
1.568360328674316406e-01,1.117307647291454487e-06,-3.764459192752838135e-01
1.893563941121101379e-02,-1.494140625000000000e-01,1.628051698207855225e-02
9.852933883666992188e-02,-7.740648090839385986e-02,-8.407473564147949219e-01
1.849808990955352783e-01,-4.704499244689941406e-02,4.466491639614105225e-01
-5.617232620716094971e-02,1.759948730468750000e-01,-4.265264868736267090e-01
-5.645935982465744019e-02,1.641368865966796875e-01,-2.698226869106292725e-01
1.868810653686523438e-01,7.455864548683166504e-02,-8.678472638130187988e-01
7.894439622759819031e-03,-6.119619682431221008e-02,6.018253564834594727e-01
4.354873672127723694e-02,3.944069817407580558e-07,8.466963768005371094e-01
2.000238932669162750e-02,1.701045036315917969e-02,-5.994073152542114258e-01
1.936846785247325897e-02,-9.563136100769042969e-02,-7.234747409820556641e-01
-1.318049430847167969e-01,-3.815679997205734253e-02,-8.862304687500000000e-02
-6.014819815754890442e-02,-1.153254508972167969e-02,-6.008856296539306641e-01
1.698831915855407715e-01,-1.608347892761230469e-01,5.182424783706665039e-01
1.889763027429580688e-02,-1.541318893432617188e-01,3.835622966289520264e-01
1.965663954615592957e-02,-5.991196632385253906e-02,-4.198193252086639404e-01
9.550157189369201660e-02,-1.301410198211669922e-01,2.539355456829071045e-01
-1.359922438859939575e-01,-9.080958366394042969e-02,7.021179050207138062e-02
-1.239702701568603516e-01,3.828303515911102295e-02,-4.632797241210937500e-01
-1.389645487070083618e-01,3.815340995788574219e-02,-8.019308447837829590e-01
-7.614959776401519775e-02,4.720423305570875527e-07,6.057496070861816406e-01
1.905556395649909973e-02,1.345267295837402344e-01,5.779778957366943359e-01
-2.265166044235229492e-01,4.966187477111816406e-02,3.894402980804443359e-01
1.914275437593460083e-02,1.237032413482666016e-01,-4.088439941406250000e-01
-2.342412173748016357e-01,1.366095542907714844e-01,-1.284304708242416382e-01
-1.397047042846679688e-01,3.802952170372009277e-02,-8.852022886276245117e-01
9.785538166761398315e-02,7.174921035766601562e-02,-2.261920124292373657e-01
-5.695949867367744446e-02,1.434156894683837891e-01,-6.205383315682411194e-02
-1.340748667716979980e-01,1.247665882110595703e-01,1.220352128148078918e-01
1.449985504150390625e-01,7.590863853693008423e-02,1.208663880825042725e-01
-1.383152455091476440e-01,4.964327812194824219e-02,-6.503341794013977051e-01
9.600064158439636230e-02,-1.177635192871093750e-01,-6.276183575391769409e-02
1.770105361938476562e-01,1.107687694457126781e-06,2.487115412950515747e-01
9.448569267988204956e-02,-1.553497314453125000e-01,5.733366012573242188e-01
-1.338033676147460938e-01,1.295742988586425781e-01,2.808383107185363770e-01
-5.734350532293319702e-02,-1.275279521942138672e-01,1.481185853481292725e-01
-1.734840869903564453e-01,3.748526424169540405e-02,-9.669494815170764923e-03
9.820648282766342163e-02,-6.301927566528320312e-02,-5.318496823310852051e-01
1.875860244035720825e-02,1.713907718658447266e-01,4.193786531686782837e-02
1.694017201662063599e-01,-1.674640178680419922e-01,2.242080569267272949e-01
-1.102020218968391418e-02,1.280359178781509399e-01,-9.140161275863647461e-01
-2.013101130723953247e-01,2.340490818023681641e-01,-1.356585621833801270e-01
1.901052147150039673e-02,-1.401183605194091797e-01,9.485106915235519409e-02
2.411089837551116943e-01,-2.059991359710693359e-01,-3.514892607927322388e-02
-1.433489322662353516e-01,1.139907017350196838e-01,-1.144769266247749329e-01
-1.638731956481933594e-01,3.764011338353157043e-02,1.978903114795684814e-01
-2.202970981597900391e-01,1.102687492966651917e-01,6.115584969520568848e-01
1.569073200225830078e-01,1.117273654926975723e-06,-1.658020019531250000e-01
1.599512100219726562e-01,1.115822215069783852e-06,1.721029579639434814e-01
1.443307399749755859e-01,1.123270635616790969e-06,1.631530746817588806e-02
-5.755410715937614441e-02,1.188268661499023438e-01,5.819651484489440918e-01
-1.433801949024200439e-01,4.007267951965332031e-02,6.216073632240295410e-01
-2.296500205993652344e-01,8.493089675903320312e-02,1.331204175949096680e-01
-2.078524976968765259e-01,1.604032516479492188e-01,1.989389061927795410e-01
1.891177333891391754e-02,-1.523246765136718750e-01,4.644616544246673584e-01
9.664443880319595337e-02,-1.017811298370361328e-01,-1.965933144092559814e-01
-1.359744369983673096e-01,-9.112501144409179688e-02,4.773124456405639648e-01
-5.619249865412712097e-02,1.751604080200195312e-01,1.969659328460693359e-01
-2.328525483608245850e-01,1.209788322448730469e-01,-4.009613022208213806e-02
1.858575455844402313e-02,1.927959918975830078e-01,2.729226648807525635e-01
1.694215685129165649e-01,-1.671907901763916016e-01,1.459832787513732910e-01
9.444060921669006348e-02,-7.651268690824508667e-02,-9.182543754577636719e-01
1.307995617389678955e-01,-1.190358921885490417e-01,6.554641723632812500e-01
1.507596969604492188e-01,-7.572294771671295166e-02,-3.581665083765983582e-02
-1.561269760131835938e-01,3.776492178440093994e-02,-1.920074373483657837e-01
1.994865015149116516e-02,2.366304397583007812e-02,-5.113391280174255371e-01
-1.657152175903320312e-01,-3.761043399572372437e-02,3.287646472454071045e-01
1.001393795013427734e-01,1.144342718362167943e-06,5.863612294197082520e-01
-6.048186495900154114e-02,2.302646636962890625e-03,-4.021301269531250000e-01
-2.472784519195556641e-01,1.089636757969856262e-01,4.461826980113983154e-01
1.927157305181026459e-02,1.077129840850830078e-01,-3.301443457603454590e-01
1.865725964307785034e-02,1.839196681976318359e-01,1.188107281923294067e-01
-2.553269863128662109e-01,1.812088936567306519e-01,6.552550941705703735e-02
-4.766708239912986755e-02,5.277703702449798584e-02,8.627166748046875000e-01
6.403838843107223511e-02,1.175281479954719543e-01,-7.048344612121582031e-02
1.970030553638935089e-02,5.449151992797851562e-02,-1.730547994375228882e-01
1.388829052448272705e-01,6.322921067476272583e-02,5.384105443954467773e-01
2.573640346527099609e-01,-1.447228491306304932e-01,9.032317996025085449e-02
7.772155851125717163e-02,7.739100605249404907e-02,-9.000973701477050781e-01
9.405664354562759399e-02,1.660141944885253906e-01,3.819167912006378174e-01
1.583950519561767578e-01,1.116564249059592839e-06,-8.486028909683227539e-01
2.094597816467285156e-01,-1.310559958219528198e-01,-1.316149830818176270e-01
-1.613090038299560547e-01,-3.768142685294151306e-02,2.242382764816284180e-01
9.846477210521697998e-02,5.662798881530761719e-02,-4.486669898033142090e-01
-1.404479984194040298e-02,9.797651320695877075e-02,-4.746944904327392578e-01
-8.068603277206420898e-02,-1.292818635702133179e-01,4.967141151428222656e-01
-1.358715742826461792e-01,-2.584391273558139801e-02,-8.960633277893066406e-01
-1.142981052398681641e-01,1.153958886861801147e-01,-9.259777665138244629e-01
-5.940556526184082031e-02,-4.222655296325683594e-02,-8.298003673553466797e-01
-2.275007814168930054e-01,6.073975563049316406e-02,2.752459645271301270e-01
-5.893279239535331726e-02,6.178712844848632812e-02,-7.932015657424926758e-01
7.515838742256164551e-02,-2.495502494275569916e-02,-9.512182474136352539e-01
-1.627454757690429688e-01,-3.765827789902687073e-02,9.395080059766769409e-02
7.876920700073242188e-02,1.154532810687669553e-06,-7.578833103179931641e-01
2.096428871154785156e-01,-1.478024125099182129e-01,3.491860926151275635e-01
9.566977620124816895e-02,1.259849071502685547e-01,1.645568758249282837e-02
-2.022848874330520630e-01,2.230794429779052734e-01,-3.483276441693305969e-02
1.002855077385902405e-01,1.144671440124511719e-02,-6.305053830146789551e-01
-5.781104415655136108e-02,-1.081967353820800781e-01,-8.952117711305618286e-02
2.010284923017024994e-02,4.540443420410156250e-03,-7.208251953125000000e-01
1.526493728160858154e-01,-6.003950536251068115e-02,6.373713016510009766e-01
1.820733547210693359e-01,2.540039643645286560e-02,-9.235413074493408203e-01
-1.114513874053955078e-01,-1.155335754156112671e-01,3.097726404666900635e-01
1.711320877075195312e-01,1.110490757127990946e-06,4.073165655136108398e-01
-1.329644322395324707e-01,1.444315910339355469e-01,-3.790411353111267090e-01
1.191644668579101562e-01,-7.674134522676467896e-02,6.931091099977493286e-02
2.018351666629314423e-02,-5.473375320434570312e-03,-8.456854224205017090e-01
-1.554608345031738281e-02,-4.002999141812324524e-02,-2.035238593816757202e-01
8.080551028251647949e-02,1.072492301464080811e-01,8.380626440048217773e-01
9.914085268974304199e-02,3.985071182250976562e-02,-5.083923339843750000e-01
9.044933319091796875e-02,1.554925143718719482e-01,5.055453181266784668e-01
1.909969151020050049e-01,-1.298811435699462891e-01,1.826232858002185822e-02
-4.547607153654098511e-02,7.550936937332153320e-02,-9.389737844467163086e-01
-1.691773980855941772e-01,5.243559257905872073e-07,5.027146339416503906e-01
1.881437897682189941e-01,-9.059572219848632812e-02,1.621151715517044067e-01
-1.993751525878906250e-01,5.999222025275230408e-02,6.388249397277832031e-01
1.950997486710548401e-02,-7.811832427978515625e-02,-3.069192469120025635e-01
-1.858022212982177734e-01,1.733195334672927856e-01,-1.305844038724899292e-01
1.956201530992984772e-02,-7.165813446044921875e-02,-6.147711277008056641e-01
-1.215469837188720703e-01,-1.150452569127082825e-01,1.649230904877185822e-02
1.096026599407196045e-01,2.495274879038333893e-02,-9.513742923736572266e-01
4.275100678205490112e-02,5.231767147779464722e-02,8.772238492965698242e-01
2.148299217224121094e-01,-7.365777343511581421e-02,3.998815715312957764e-01
9.869491308927536011e-02,-5.089879035949707031e-02,-4.497189223766326904e-01
-5.834368243813514709e-02,8.615970611572265625e-02,-6.685320734977722168e-01
1.854139268398284912e-01,-5.301213264465332031e-02,5.063990950584411621e-01
-5.688369274139404297e-02,-1.465637683868408203e-01,-9.783020243048667908e-03
-2.870578765869140625e-01,1.786473095417022705e-01,-1.571017354726791382e-01
-1.142115592956542969e-01,-1.154000610113143921e-01,4.177600145339965820e-01
-9.806289523839950562e-02,6.158701330423355103e-02,5.893769264221191406e-01
2.985506057739257812e-01,-1.420649737119674683e-01,-5.807220190763473511e-02
-1.340550333261489868e-01,1.251156330108642578e-01,5.256092548370361328e-01
1.916552148759365082e-02,-1.208245754241943359e-01,-8.921966552734375000e-01
-6.031908839941024780e-02,-4.462480545043945312e-03,-3.444827198982238770e-01
-1.432007998228073120e-01,3.689479827880859375e-02,-3.219961524009704590e-01
-2.853393554687500000e-02,2.552481181919574738e-02,-9.156527519226074219e-01
9.904646873474121094e-02,-7.738981395959854126e-02,-6.938641071319580078e-01
-5.982948467135429382e-02,-2.468776702880859375e-02,-6.855572462081909180e-01
1.867950707674026489e-02,1.812093257904052734e-01,5.123953223228454590e-01
1.024179533123970032e-01,-4.146933555603027344e-02,-7.961660623550415039e-01
7.322764396667480469e-02,7.822202891111373901e-02,5.932446122169494629e-01
-2.268190085887908936e-01,5.306553840637207031e-02,3.320251405239105225e-01
1.055283546447753906e-01,7.718089222908020020e-02,-6.306579709053039551e-02
-1.003654003143310547e-01,-1.160698160529136658e-01,2.034811377525329590e-01
-5.550567433238029480e-02,-6.145591288805007935e-02,5.934752225875854492e-01
-1.157300472259521484e-01,-3.841580823063850403e-02,-7.755270004272460938e-01
1.161136627197265625e-01,-7.683969289064407349e-02,-3.291451930999755859e-01
2.004895359277725220e-02,1.121187210083007812e-02,-6.595053076744079590e-01
-2.088650465011596680e-01,1.490128040313720703e-01,4.669335782527923584e-01
2.693997025489807129e-01,-1.877192109823226929e-01,-1.746942996978759766e-01
1.927753537893295288e-02,-1.069722175598144531e-01,-7.782998681068420410e-01
1.936943642795085907e-02,-9.558224678039550781e-02,-1.433880627155303955e-01
1.983569189906120300e-02,-3.768515586853027344e-02,-4.800570607185363770e-01
1.694411188364028931e-01,-1.669213771820068359e-01,3.824633657932281494e-01
-2.622866630554199219e-02,8.142779767513275146e-02,-5.511660575866699219e-01
7.086608558893203735e-02,-1.219652146100997925e-01,6.100593805313110352e-01
6.507873535156250000e-03,-2.522891014814376831e-02,-9.344879388809204102e-01
-2.086736112833023071e-01,1.511678695678710938e-01,2.524688541889190674e-01
-2.869109995663166046e-02,1.792840510606765747e-01,-9.170156717300415039e-01
-2.074758410453796387e-01,1.646494865417480469e-01,3.567059338092803955e-01
2.228050231933593750e-01,-1.469530165195465088e-01,2.187677025794982910e-01
9.638500958681106567e-02,-1.082186698913574219e-01,-1.427456587553024292e-01
-6.303405761718750000e-02,-2.526610344648361206e-02,-9.320236444473266602e-01
-1.412905007600784302e-01,3.052234649658203125e-03,-1.495028585195541382e-01
9.625574946403503418e-02,-1.114263534545898438e-01,1.758145093917846680e-01
9.761105477809906006e-02,7.780551910400390625e-02,-2.799404859542846680e-01
8.705019950866699219e-02,1.557118892669677734e-01,1.509149074554443359e-01
-1.307282447814941406e-01,3.817415237426757812e-02,-5.167202353477478027e-01
-1.310873031616210938e-02,-4.006926342844963074e-02,-2.872219681739807129e-01
-2.287348955869674683e-01,7.463741302490234375e-02,1.901019215583801270e-01
-1.771371364593505859e-01,3.742640465497970581e-02,4.063192605972290039e-01
9.557525068521499634e-02,-1.283128261566162109e-01,3.074761927127838135e-01
1.631808280944824219e-01,7.532257586717605591e-02,4.089196622371673584e-01
-1.333804726600646973e-01,1.370663642883300781e-01,4.139324724674224854e-01
9.470266848802566528e-02,-1.499657630920410156e-01,5.197042822837829590e-01
-6.259643286466598511e-02,1.253228485584259033e-01,-9.476245641708374023e-01
-5.688393861055374146e-02,-1.465535163879394531e-01,3.849014341831207275e-01
-6.069495901465415955e-02,1.111912727355957031e-02,-4.608676135540008545e-01
9.536615014076232910e-02,-1.335012912750244141e-01,4.142346084117889404e-01
-2.174637317657470703e-01,3.677665069699287415e-02,5.310316085815429688e-01
1.574740409851074219e-01,1.117003421313711442e-06,-3.232665956020355225e-01
2.246456146240234375e-01,-7.334138453006744385e-02,3.205896019935607910e-01
1.342852115631103516e-01,7.625397294759750366e-02,4.262695088982582092e-02
1.667318344116210938e-01,7.520812004804611206e-02,3.024069070816040039e-01
-5.590020120143890381e-02,1.872823238372802734e-01,4.576644897460937500e-01
1.889145933091640472e-02,-1.548979282379150391e-01,3.302560448646545410e-01
-1.345253437757492065e-01,1.167864799499511719e-01,-3.637359663844108582e-02
1.900366134941577911e-02,-1.409697532653808594e-01,-3.594848513603210449e-02
-1.335255205631256104e-01,1.344985961914062500e-01,-2.470291107892990112e-01
1.741282939910888672e-01,1.109062054638343398e-06,3.275369107723236084e-01
-1.342473924160003662e-01,1.217207908630371094e-01,6.931091099977493286e-02
-1.674573421478271484e-01,-3.758236393332481384e-02,3.814205825328826904e-01
-5.688984692096710205e-02,-1.463088989257812500e-01,2.784939408302307129e-01
1.701492667198181152e-01,-1.571707725524902344e-01,9.441039711236953735e-02
1.505193710327148438e-01,-7.573069632053375244e-02,2.516784667968750000e-01
-5.594190582633018494e-02,1.855454444885253906e-01,3.522302210330963135e-01
1.889399625360965729e-02,-1.545829772949218750e-01,2.248614430427551270e-01
1.857975870370864868e-02,1.936085224151611328e-01,4.033987224102020264e-01
-1.632523536682128906e-01,-3.765011951327323914e-02,-3.561248630285263062e-02
1.468195915222167969e-01,-7.584995776414871216e-02,-8.809539675712585449e-02
-1.751649379730224609e-01,3.745818138122558594e-02,3.537527322769165039e-01
1.505970954895019531e-01,7.572819292545318604e-02,1.728808581829071045e-01
-5.693430826067924500e-02,1.444869041442871094e-01,-1.143212839961051941e-01
-2.532832622528076172e-01,1.086731851100921631e-01,3.934078812599182129e-01
-6.856203079223632812e-03,-4.017000645399093628e-02,-7.202261090278625488e-01
-1.639797687530517578e-01,-3.763840347528457642e-02,2.763580381870269775e-01
-2.531309127807617188e-01,1.086805760860443115e-01,2.660876512527465820e-01
-5.661577731370925903e-02,1.576480865478515625e-01,-2.180773913860321045e-01
-1.653623580932617188e-01,3.761612251400947571e-02,-6.146575883030891418e-02
1.558778285980224609e-01,1.117764554692257661e-06,-1.137353479862213135e-01
-1.712429523468017578e-01,3.752137348055839539e-02,2.493612617254257202e-01
-1.727190017700195312e-01,3.749759122729301453e-02,6.772552430629730225e-02
1.132686138153076172e-01,1.540199369192123413e-01,2.560674846172332764e-01
-5.627088248729705811e-02,1.719460487365722656e-01,6.775908917188644409e-02
1.689577102661132812e-01,1.111527581088012084e-06,4.611559808254241943e-01
-1.366790682077407837e-01,-7.864212989807128906e-02,2.054098397493362427e-01
2.684164047241210938e-01,-1.440096050500869751e-01,4.027282446622848511e-02
1.948243007063865662e-02,8.153748512268066406e-02,6.194046139717102051e-01
-5.936489999294281006e-02,4.390954971313476562e-02,6.292049884796142578e-01
2.403957545757293701e-01,-2.127852439880371094e-01,-8.605285733938217163e-02
-1.152206398546695709e-02,3.983280407737765927e-07,8.519514799118041992e-01
-8.907890319824218750e-02,1.946298629045486450e-01,-8.765658140182495117e-01
1.332859992980957031e-01,-7.628617435693740845e-02,-2.203955054283142090e-01
-2.017230391502380371e-01,2.294032573699951172e-01,-8.529418706893920898e-02
2.047715187072753906e-01,-1.481167674064636230e-01,2.720617651939392090e-01
-1.012213230133056641e-01,-1.160283982753753662e-01,9.652404487133026123e-02
2.906179726123809814e-01,-1.620658785104751587e-01,-1.136565208435058594e-02
-2.714691162109375000e-01,1.799057573080062866e-01,1.548492442816495895e-02
-2.643003463745117188e-01,1.081403046846389771e-01,1.646206676959991455e-01
-2.622234821319580078e-01,1.082407608628273010e-01,9.004546701908111572e-02
-9.909530729055404663e-02,-6.223547831177711487e-02,5.692594051361083984e-01
1.875903904438018799e-01,-8.297991752624511719e-02,2.193487435579299927e-01
-2.866954803466796875e-01,1.786765754222869873e-01,-8.308532834053039551e-02
-2.404563426971435547e-01,1.092936471104621887e-01,4.998710453510284424e-01
1.946346275508403778e-02,-8.389210700988769531e-02,-6.689864993095397949e-01
-2.061864584684371948e-01,1.791613101959228516e-01,6.779541075229644775e-02
-2.326643466949462891e-01,1.096705347299575806e-01,5.546289086341857910e-01
-1.361589729785919189e-01,-8.785581588745117188e-02,-3.681518509984016418e-02
-5.992553755640983582e-02,-2.071428298950195312e-02,-2.031332403421401978e-01
1.242370605468750000e-01,1.132852048613131046e-06,-5.180688500404357910e-01
-9.480714797973632812e-03,1.619412004947662354e-01,-4.040045142173767090e-01
1.955749839544296265e-02,-7.216525077819824219e-02,-3.625103533267974854e-01
1.845856010913848877e-01,-4.160666465759277344e-02,3.014324903488159180e-01
-9.884881973266601562e-02,1.161431670188903809e-01,-4.963775575160980225e-01
1.331565380096435547e-01,-7.629034668207168579e-02,1.640106178820133209e-02
-2.762801945209503174e-01,2.246270179748535156e-01,-1.621926873922348022e-01
-1.200233399868011475e-01,4.864683660343871452e-07,5.772038698196411133e-01
1.696534454822540283e-01,-1.639978885650634766e-01,4.633543193340301514e-01
1.736398339271545410e-01,-1.201409474015235901e-01,6.383192539215087891e-01
-8.347988128662109375e-03,1.618680953979492188e-01,-8.795346021652221680e-01
7.181365787982940674e-02,-6.183025240898132324e-02,5.819047689437866211e-01
-1.796351522207260132e-01,1.206650212407112122e-01,6.301518678665161133e-01
-9.746093302965164185e-02,7.544278353452682495e-02,-9.403467178344726562e-01
6.609439849853515625e-03,-4.038695618510246277e-02,-5.758459568023681641e-01
-5.792841315269470215e-02,1.033701896667480469e-01,-5.787100195884704590e-01
1.834738105535507202e-01,7.675997912883758545e-02,-9.130802154541015625e-01
4.142594337463378906e-02,1.586560904979705811e-01,5.443966388702392578e-01
-1.977966278791427612e-01,1.879160702228546143e-01,-1.722919940948486328e-01
-5.614885315299034119e-02,1.769661903381347656e-01,-3.733209073543548584e-01
-1.651000976562500000e-02,-4.001445323228836060e-02,-1.481179744005203247e-01
-5.630404874682426453e-02,1.705737113952636719e-01,-3.215527236461639404e-01
1.119105815887451172e-01,7.697517424821853638e-02,-4.110729992389678955e-01
-5.863877013325691223e-02,-7.396912574768066406e-02,-1.177438348531723022e-01
-1.491105556488037109e-01,1.137120351195335388e-01,-3.514202833175659180e-01
8.001998811960220337e-02,5.313124135136604309e-02,8.517373800277709961e-01
2.182171642780303955e-01,-1.886572390794754028e-01,-1.630849838256835938e-01
2.935252189636230469e-01,-1.423892825841903687e-01,-1.564593464136123657e-01
-1.358596794307231903e-02,-1.263286769390106201e-01,5.425283908843994141e-01
-5.710748583078384399e-02,1.373221874237060547e-01,-8.269781470298767090e-01
-9.801483154296875000e-02,-3.870123997330665588e-02,-1.165579184889793396e-01
5.965113639831542969e-02,1.574799865484237671e-01,4.404022172093391418e-02
-1.384724229574203491e-01,4.685831069946289062e-02,-7.097064256668090820e-01
3.011989593505859375e-01,-1.418940573930740356e-01,-1.069064289331436157e-01
9.632043540477752686e-02,1.098318099975585938e-01,-3.645141422748565674e-02
1.912885159254074097e-02,1.254293918609619141e-01,-8.885284513235092163e-02
2.742145359516143799e-01,-1.089792251586914062e-01,-6.905822455883026123e-02
-2.882742881774902344e-02,1.205838884743570816e-06,-8.535406589508056641e-01
-5.910718813538551331e-02,-5.455946922302246094e-02,-8.864923119544982910e-01
3.661775588989257812e-02,1.174632188849500380e-06,6.308888196945190430e-01
-1.002964749932289124e-01,1.259126663208007812e-01,5.488202571868896484e-01
1.111595630645751953e-01,1.541560590267181396e-01,3.371044993400573730e-01
-1.122344937175512314e-02,5.220820754766464233e-02,8.804843425750732422e-01
-1.641635894775390625e-01,-3.763543441891670227e-02,4.891256690025329590e-01
1.642942428588867188e-02,8.005281537771224976e-02,-2.035302668809890747e-01
-1.507575511932373047e-01,-3.785143420100212097e-02,1.728015094995498657e-01
-1.088836602866649628e-02,-7.595573365688323975e-02,-9.298932552337646484e-01
1.190214529633522034e-01,1.285300999879837036e-01,5.083043575286865234e-01
9.756067395210266113e-02,7.906270027160644531e-02,-8.478100299835205078e-01
1.819951087236404419e-01,5.941152572631835938e-03,-8.791763186454772949e-01
1.161000728607177734e-01,-7.684012502431869507e-02,1.488659679889678955e-01
1.928181052207946777e-01,-1.549575328826904297e-01,-1.106201112270355225e-02
-1.202144622802734375e-01,1.151097267866134644e-01,-4.644943177700042725e-01
-1.443880498409271240e-01,5.793833732604980469e-02,-4.116052091121673584e-01
2.011035084724426270e-01,-1.186204329133033752e-01,-4.766154289245605469e-02
2.046587467193603516e-01,-7.398559898138046265e-02,4.808328151702880859e-01
6.316280364990234375e-02,1.161974523711251095e-06,-7.925225496292114258e-01
1.928135938942432404e-02,-1.064975261688232422e-01,-9.279507398605346680e-01
-2.112429738044738770e-01,1.204976066946983337e-01,-8.888959884643554688e-03
-6.489515304565429688e-03,-4.017590358853340149e-02,-4.006521403789520264e-01
-1.100733280181884766e-01,-1.156002581119537354e-01,2.561773657798767090e-01
-2.948028407990932465e-02,1.054172143340110779e-01,8.664400577545166016e-01
9.515174478292465210e-02,-1.388151645660400391e-01,6.331909298896789551e-01
-1.264538764953613281e-01,3.824302181601524353e-02,-9.203033447265625000e-01
-5.559124797582626343e-02,2.000241279602050781e-01,-8.919225931167602539e-01
9.517591446638107300e-02,1.382331848144531250e-01,6.877593696117401123e-02
1.826934814453125000e-01,-7.469361275434494019e-02,6.212425231933593750e-01
-2.105918228626251221e-01,1.295742988586425781e-01,5.814504623413085938e-01
-2.306035906076431274e-01,9.566450119018554688e-02,7.582335919141769409e-02
4.300063848495483398e-02,1.051921322941780090e-01,8.699285984039306641e-01
1.265316009521484375e-01,1.131757926486898214e-06,-8.305127024650573730e-01
1.013616472482681274e-01,-1.526451110839843750e-02,-7.271118164062500000e-01
1.360862255096435547e-01,1.127201926465204451e-06,5.498925447463989258e-01
9.740682691335678101e-02,-8.286213874816894531e-02,-8.766872882843017578e-01
-5.759902670979499817e-02,-1.274810433387756348e-01,5.245993137359619141e-01
-5.666771903634071350e-02,1.554992198944091797e-01,5.455361604690551758e-01
1.102020218968391418e-01,-2.508915215730667114e-02,-9.429086446762084961e-01
-1.374699324369430542e-01,-6.463146209716796875e-02,-6.421172618865966797e-02
-1.404017060995101929e-01,-1.268243789672851562e-02,-7.798095345497131348e-01
8.243083953857421875e-02,7.792539149522781372e-02,-9.050597995519638062e-02
1.940966770052909851e-02,9.056997299194335938e-02,-2.782482802867889404e-01
9.733053296804428101e-02,-8.475542068481445312e-02,-7.861377000808715820e-01
-1.486921310424804688e-01,1.137322559952735901e-01,-2.718450725078582764e-01
1.792953014373779297e-01,-1.497608125209808350e-01,5.682003498077392578e-01
2.460294812917709351e-01,-1.591889858245849609e-01,1.207369938492774963e-01
-1.426326930522918701e-01,2.682995796203613281e-02,5.887258648872375488e-01
8.223938941955566406e-02,-7.793154567480087280e-02,-5.839449763298034668e-01
-1.158367916941642761e-01,-2.537367679178714752e-02,-9.252240657806396484e-01
2.260203361511230469e-01,-1.318570226430892944e-01,-1.627517640590667725e-01
1.018157526850700378e-01,-2.652597427368164062e-02,-7.608239650726318359e-01
1.445306390523910522e-01,2.501651458442211151e-02,-9.473516941070556641e-01
-1.360028833150863647e-01,-9.062075614929199219e-02,3.126061856746673584e-01
-1.469219923019409180e-01,-6.435701251029968262e-02,5.034664869308471680e-01
5.826171860098838806e-02,-7.522731274366378784e-02,-9.447644948959350586e-01
-4.790067672729492188e-02,8.212635666131973267e-02,-8.290734887123107910e-01
7.545837014913558960e-02,2.505473047494888306e-02,-9.450302124023437500e-01
1.105795279145240784e-01,7.549895346164703369e-02,-9.391690492630004883e-01
1.290941238403320312e-02,8.016627281904220581e-02,-1.483905017375946045e-01
1.988529227674007416e-02,3.152799606323242188e-02,-4.529229700565338135e-01
-2.043550014495849609e-01,3.698786348104476929e-02,4.278311133384704590e-01
-1.117274761199951172e-01,-1.155202388763427734e-01,4.730303883552551270e-01
-1.405014991760253906e-01,3.801668435335159302e-02,-7.674694657325744629e-01
9.660284966230392456e-02,-1.028060913085937500e-01,6.980773806571960449e-02
4.084381088614463806e-02,-2.499561011791229248e-02,-9.487936496734619141e-01
-1.394538730382919312e-01,2.947402000427246094e-02,-8.351898193359375000e-01
-2.788223326206207275e-01,2.036890983581542969e-01,-6.089294329285621643e-02
-2.294445037841796875e-02,1.628100425004959106e-01,-4.349636733531951904e-01
-5.654766783118247986e-02,1.604657173156738281e-01,-4.562377929687500000e-01
1.909258365631103516e-01,-1.490102559328079224e-01,4.844641089439392090e-01
-5.733430385589599609e-02,-1.279089450836181641e-01,-6.246215850114822388e-02
-8.776211738586425781e-02,-3.886643424630165100e-02,5.894619822502136230e-01
2.000607922673225403e-02,1.653409004211425781e-02,-9.000430107116699219e-01
1.257569789886474609e-01,-7.652885466814041138e-02,-2.743185460567474365e-01
-1.407247483730316162e-01,-6.970405578613281250e-03,-9.343109279870986938e-02
-2.315964102745056152e-01,1.068468093872070312e-01,1.812591589987277985e-02
-1.128301620483398438e-01,-1.154668852686882019e-01,3.636150956153869629e-01
1.415405273437500000e-01,1.124601112678647041e-06,-4.327233731746673584e-01
1.006139069795608521e-01,3.290176391601562500e-03,-6.621200442314147949e-01
1.173498630523681641e-01,1.136136120294395369e-06,-5.751662850379943848e-01
-1.219808906316757202e-01,-6.296268105506896973e-02,5.467393398284912109e-01
-5.878186598420143127e-02,6.804919242858886719e-02,-7.614617943763732910e-01
9.997709840536117554e-02,1.909947395324707031e-02,-5.993694663047790527e-01
-1.574841290712356567e-01,5.990156531333923340e-02,6.416689157485961914e-01
-1.338869333267211914e-01,1.280937194824218750e-01,-1.681079119443893433e-01
-1.418855488300323486e-01,1.359391212463378906e-02,-2.062118500471115112e-01
8.518066257238388062e-03,9.902747720479965210e-02,-4.528841972351074219e-01
2.013197168707847595e-02,9.062290191650390625e-04,-7.519769072532653809e-01
1.833901703357696533e-01,2.514624595642089844e-02,-8.545428514480590820e-01
-1.533164978027343750e-01,-3.781021386384963989e-02,5.186097621917724609e-01
-5.848701670765876770e-02,8.022952079772949219e-02,-6.991433501243591309e-01
2.456619143486022949e-01,-1.138334646821022034e-01,-1.466042995452880859e-01
-1.432844549417495728e-01,5.124256290400808211e-07,5.519278049468994141e-01
-2.096595764160156250e-01,3.690240159630775452e-02,6.137742400169372559e-01
2.034983634948730469e-01,-1.307676434516906738e-01,-1.012759357690811157e-01
-3.093743324279785156e-02,8.157956600189208984e-02,-5.816613435745239258e-01
-5.820276960730552673e-02,9.198999404907226562e-02,-6.382659673690795898e-01
-2.349037677049636841e-01,1.440672874450683594e-01,-1.582955867052078247e-01
-1.341033279895782471e-01,1.242606639862060547e-01,5.813917517662048340e-01
9.940709918737411499e-02,3.324460983276367188e-02,-5.383474826812744141e-01
2.007499895989894867e-02,7.978677749633789062e-03,-6.900060772895812988e-01
1.857010275125503540e-01,-5.696082115173339844e-02,5.367698669433593750e-01
2.444990873336791992e-01,-1.737446784973144531e-01,9.401153028011322021e-02
2.019508555531501770e-02,-6.928443908691406250e-03,-8.153442144393920898e-01
-8.402752876281738281e-02,-1.168600693345069885e-01,1.778945922851562500e-01
9.736731648445129395e-02,8.386063575744628906e-02,-3.336956799030303955e-01
-2.233624458312988281e-02,8.130233734846115112e-02,-5.210909843444824219e-01
-1.802258491516113281e-01,1.729596704244613647e-01,-1.004956066608428955e-01
2.002460695803165436e-02,1.423430442810058594e-02,-8.698351979255676270e-01
9.888625890016555786e-02,4.616856575012207031e-02,-4.787759184837341309e-01
-2.336951941251754761e-01,1.304636001586914062e-01,-9.881255775690078735e-02
-1.357827186584472656e-01,-9.452152252197265625e-02,4.213854968547821045e-01
1.901584416627883911e-01,-1.183400154113769531e-01,4.727844148874282837e-02
-5.941523239016532898e-02,-4.182696342468261719e-02,-7.996951341629028320e-01
2.990112267434597015e-02,3.161195293068885803e-02,-5.386109352111816406e-01
9.716929495334625244e-02,8.877468109130859375e-02,-3.876949846744537354e-01
2.002465352416038513e-02,1.422810554504394531e-02,-6.293103098869323730e-01
9.788578003644943237e-02,-7.097029685974121094e-02,-4.182424843311309814e-01
-1.722967624664306641e-01,1.724479794502258301e-01,-4.080566391348838806e-02
1.851776838302612305e-01,-4.975938796997070312e-02,4.763787686824798584e-01
4.698228836059570312e-02,1.582975387573242188e-01,1.702484115958213806e-02
1.998205669224262238e-02,1.953506469726562500e-02,-5.697845220565795898e-01
1.889698058366775513e-01,-1.019694805145263672e-01,1.048532053828239441e-01
-1.409118175506591797e-01,3.801007196307182312e-02,-6.814996004104614258e-01
-1.428513079881668091e-01,3.071379661560058594e-02,-2.927102744579315186e-01
-2.028441429138183594e-02,1.626383811235427856e-01,-8.524267673492431641e-01
-8.421897888183593750e-03,-4.014477506279945374e-02,-7.497888207435607910e-01
-1.062684059143066406e-01,1.157842800021171570e-01,-8.385821580886840820e-01
1.848156154155731201e-01,-4.476928710937500000e-02,4.171661138534545898e-01
-5.779336765408515930e-02,1.089279651641845703e-01,-5.493927001953125000e-01
-1.143026351928710938e-02,8.095080405473709106e-02,-8.792440891265869141e-01
-2.331700772047042847e-01,1.245532035827636719e-01,-6.936187297105789185e-02
-6.062571331858634949e-02,8.222818374633789062e-03,-4.316540360450744629e-01
2.745016813278198242e-01,-1.117112636566162109e-01,-9.826171398162841797e-02
-1.435678452253341675e-01,4.339742660522460938e-02,-3.515453934669494629e-01
9.691070020198822021e-02,9.519147872924804688e-02,-8.722155690193176270e-01
-5.753055587410926819e-02,1.198012828826904297e-01,-4.916149675846099854e-01
-1.252150535583496094e-01,-3.826298564672470093e-02,-8.607391119003295898e-01
2.739514410495758057e-01,-1.064760684967041016e-01,-3.993652388453483582e-02
-2.101183980703353882e-01,1.348984241485595703e-01,5.523359775543212891e-01
-4.909515380859375000e-03,-4.020136594772338867e-02,-6.909228563308715820e-01
-1.421964168548583984e-01,1.910138130187988281e-02,-2.348376363515853882e-01
1.846768707036972046e-01,-4.286336898803710938e-02,3.878970146179199219e-01
-2.301218956708908081e-01,9.024262428283691406e-02,1.045165956020355225e-01
-2.262807190418243408e-01,4.700660705566406250e-02,4.472238123416900635e-01
1.885197907686233521e-01,-9.577822685241699219e-02,1.335052400827407837e-01
8.563232421875000000e-02,7.782220095396041870e-02,-2.518624961376190186e-01
1.909955218434333801e-02,-1.290664672851562500e-01,-6.241577118635177612e-02
-1.411223411560058594e-01,3.800668194890022278e-02,-7.384622097015380859e-01
9.441375732421875000e-05,-4.028198495507240295e-02,-6.329980492591857910e-01
-1.355445086956024170e-01,-9.874176979064941406e-02,-9.994811378419399261e-03
-1.399376839399337769e-01,-2.091383934020996094e-02,-8.075466752052307129e-01
-1.409077793359756470e-01,-3.727674484252929688e-03,-7.522997856140136719e-01
-6.040006875991821289e-02,-1.100063323974609375e-03,-3.732180595397949219e-01
-2.291878461837768555e-01,7.972931861877441406e-02,1.616452038288116455e-01
-5.951815471053123474e-02,-3.758716583251953125e-02,-7.709997296333312988e-01
-5.667244270443916321e-02,1.553213596343994141e-01,-3.573913499712944031e-02
1.993671618402004242e-02,2.514433860778808594e-02,-4.825018346309661865e-01
-2.280591726303100586e-01,6.702470779418945312e-02,2.470687776803970337e-01
2.686228752136230469e-01,-2.163696885108947754e-01,-1.336886584758758545e-01
-5.922419950366020203e-02,-4.974865913391113281e-02,-8.576306104660034180e-01
1.878344118595123291e-01,-8.633589744567871094e-02,1.907174587249755859e-01
-1.513023376464843750e-01,-3.784265741705894470e-02,-6.183593720197677612e-02
1.874155998229980469e-01,-8.057355880737304688e-02,2.480499148368835449e-01
1.897528581321239471e-02,1.444921493530273438e-01,-6.200927495956420898e-02
-6.023802235722541809e-02,-7.785320281982421875e-03,-3.159146010875701904e-01
-1.415832638740539551e-01,8.249521255493164062e-03,-1.777713000774383545e-01
-2.266605198383331299e-01,5.128145217895507812e-02,3.606951832771301270e-01
-9.186387062072753906e-02,-1.164810359477996826e-01,1.236736997961997986e-01
-1.486561298370361328e-01,1.137340068817138672e-01,-4.050106704235076904e-01
-5.972486361861228943e-02,-2.901673316955566406e-02,-7.139404416084289551e-01
3.155946731567382812e-03,-4.033131897449493408e-02,-6.043344140052795410e-01
-2.282923460006713867e-01,6.965637207031250000e-02,2.185009717941284180e-01
-2.269908040761947632e-01,5.499958992004394531e-02,3.034152090549468994e-01
1.895379461348056793e-02,-1.471598148345947266e-01,4.926382303237915039e-01
9.601008892059326172e-02,-1.175224781036376953e-01,-9.908752515912055969e-03
-5.993480607867240906e-02,-2.033090591430664062e-02,-6.572598218917846680e-01
1.920447498559951782e-02,-1.159889698028564453e-01,-8.639990091323852539e-01
1.002836227416992188e-01,-7.734994590282440186e-02,-7.224261164665222168e-01
1.210198402404785156e-01,1.134386138801346533e-06,-5.464544296264648438e-01
1.559078693389892578e-01,7.555699348449707031e-02,4.910452067852020264e-01
1.099982261657714844e-01,-7.703681290149688721e-02,-3.570348918437957764e-01
-5.906875804066658020e-02,5.616116523742675781e-02,-8.250958323478698730e-01
-1.368179470300674438e-01,-7.618165016174316406e-02,1.245315521955490112e-01
1.045374870300292969e-01,1.545834094285964966e-01,4.748861491680145264e-01
-1.292800903320312500e-01,1.146712154150009155e-01,-8.900359869003295898e-01
-2.034536451101303101e-01,2.099215984344482422e-01,-9.554138407111167908e-03
-2.092591226100921631e-01,1.445770263671875000e-01,4.951055943965911865e-01
-4.150438308715820312e-02,1.640077233314514160e-01,-2.941015660762786865e-01
1.844681352376937866e-01,-3.998446464538574219e-02,3.298943936824798584e-01
1.701350212097167969e-01,7.509841024875640869e-02,-8.447869420051574707e-01
-6.004123389720916748e-02,-1.594591140747070312e-02,-6.290389895439147949e-01
-1.384635567665100098e-01,4.702877998352050781e-02,-6.219750642776489258e-01
-6.015906110405921936e-02,-1.107096672058105469e-02,-2.875039577484130859e-01
-6.025482341647148132e-02,-7.090568542480468750e-03,-5.727917551994323730e-01
-9.289741516113281250e-03,-4.013078659772872925e-02,-3.719345033168792725e-01
-1.410043239593505859e-01,-2.017498016357421875e-03,-1.213934272527694702e-01
-6.036331132054328918e-02,-2.620697021484375000e-03,-5.447478890419006348e-01
9.471980482339859009e-02,1.495578289031982422e-01,1.206674203276634216e-01
-6.058107316493988037e-02,6.407260894775390625e-03,-4.887802004814147949e-01
1.907196044921875000e-01,-7.443492114543914795e-02,5.917294025421142578e-01
7.040095329284667969e-02,1.567862629890441895e-01,7.084106653928756714e-02
9.703993797302246094e-02,-7.745449244976043701e-02,-6.656701564788818359e-01
-2.261341810226440430e-01,4.536390304565429688e-02,5.055390596389770508e-01
3.073835372924804688e-02,1.593457609415054321e-01,-1.028289739042520523e-02
-1.388764381408691406e-02,1.622255742549896240e-01,-3.761276304721832275e-01
1.644542217254638672e-01,1.113675011765735690e-06,4.890010058879852295e-01
-1.096911430358886719e-01,-1.156187206506729126e-01,6.963195651769638062e-02
1.958227902650833130e-02,-6.916093826293945312e-02,-3.905444145202636719e-01
-6.000239774584770203e-02,-1.753425598144531250e-02,-2.311221212148666382e-01
-1.200294494628906250e-02,-4.008707776665687561e-02,-3.153286576271057129e-01
9.579495340585708618e-02,-1.228606700897216797e-01,2.015014588832855225e-01
2.412348687648773193e-01,-2.048013210296630859e-01,-1.633074879646301270e-01
1.923302933573722839e-02,-1.125149726867675781e-01,-8.058602809906005859e-01
1.990902423858642578e-02,-2.858185768127441406e-02,-4.534634351730346680e-01
-1.038110256195068359e-01,-3.860785067081451416e-02,-7.501428127288818359e-01
1.308450698852539062e-01,-7.636485248804092407e-02,1.743341088294982910e-01
-1.406192779541015625e-02,-4.005390405654907227e-02,-2.592279016971588135e-01
-1.363984346389770508e-01,-8.361363410949707031e-02,9.727355837821960449e-02
-6.667281687259674072e-02,5.344216525554656982e-02,8.421859741210937500e-01
1.932299695909023285e-02,-1.013469696044921875e-01,-7.508410215377807617e-01
1.832091808319091797e-01,-1.495082378387451172e-01,5.400519967079162598e-01
-2.084913849830627441e-01,1.532185077667236328e-01,4.390264749526977539e-01
-1.339672654867172241e-01,1.266655921936035156e-01,4.977042973041534424e-01
-5.984947085380554199e-02,-2.386140823364257812e-02,-1.752676367759704590e-01
-1.342647671699523926e-01,1.213998794555664062e-01,-8.914245665073394775e-02
-5.569855868816375732e-02,1.955959796905517578e-01,-8.643810749053955078e-01
1.953388005495071411e-02,-7.515120506286621094e-02,-3.346380591392517090e-01
1.941573806107044220e-02,-8.981657028198242188e-02,-6.961926221847534180e-01
-5.599721148610115051e-02,1.832396984100341797e-01,4.852094948291778564e-01
9.808035939931869507e-02,-6.614875793457031250e-02,-5.595123171806335449e-01
-1.487183570861816406e-02,-4.004085436463356018e-02,-2.313323915004730225e-01
2.142753601074218750e-01,-1.475034505128860474e-01,2.452307045459747314e-01
1.977655105292797089e-02,-4.502654075622558594e-02,-5.069274902343750000e-01
-1.340705901384353638e-01,1.248428821563720703e-01,5.533877611160278320e-01
-1.355979442596435547e-01,-9.779500961303710938e-02,4.333068802952766418e-02
1.951175369322299957e-02,-7.784438133239746094e-02,-6.418487429618835449e-01
9.833718836307525635e-02,-5.978298187255859375e-02,-5.042730569839477539e-01
1.961327344179153442e-02,-6.531357765197753906e-02,-5.877468585968017578e-01
1.948621496558189392e-02,-8.106780052185058594e-02,-2.793456912040710449e-01
1.941057667136192322e-02,9.045696258544921875e-02,6.456558108329772949e-01
9.717176109552383423e-02,-8.869552612304687500e-02,-3.058169484138488770e-01
-1.609039306640625000e-02,-4.002122208476066589e-02,-1.757891774177551270e-01
1.799607276916503906e-02,8.000230789184570312e-02,-2.311315834522247314e-01
9.847097843885421753e-02,-5.644845962524414062e-02,-4.767700135707855225e-01
1.860854960978031158e-02,1.900172233581542969e-01,4.836643934249877930e-01
-2.225567549467086792e-01,6.061426922678947449e-02,6.195133924484252930e-01
-2.970671653747558594e-02,1.632463932037353516e-01,-3.212402164936065674e-01
1.270420551300048828e-01,1.131514522967336234e-06,-4.899761974811553955e-01
9.690658003091812134e-02,-9.527611732482910156e-02,-2.509298622608184814e-01
1.090149879455566406e-01,1.542944163084030151e-01,4.190505743026733398e-01
-1.376700401306152344e-01,-6.107568740844726562e-02,1.796603351831436157e-01
1.947321891784667969e-01,-1.487645953893661499e-01,4.570055902004241943e-01
-2.366940975189208984e-01,1.094756275415420532e-01,5.271049141883850098e-01
-2.077980339527130127e-01,1.610212326049804688e-01,3.839297294616699219e-01
1.946273446083068848e-02,-8.400082588195800781e-02,-2.519100904464721680e-01
9.445662051439285278e-02,-1.560647487640380859e-01,6.007848978042602539e-01
-1.248593330383300781e-01,3.826871886849403381e-02,-4.358407557010650635e-01
-1.357371956110000610e-01,-9.532785415649414062e-02,4.488049149513244629e-01
1.191031932830810547e-01,7.674333453178405762e-02,-3.629943728446960449e-02
2.080743312835693359e-01,-7.387552410364151001e-02,4.536529481410980225e-01
1.941571198403835297e-02,-8.981966972351074219e-02,-1.974200457334518433e-01
2.022476196289062500e-01,-1.482796221971511841e-01,4.027105569839477539e-01
9.677512943744659424e-02,-9.853768348693847656e-02,-2.236965894699096680e-01
-5.690736696124076843e-02,-1.456136703491210938e-01,4.659103155136108398e-01
-1.340305805206298828e-01,1.255514621734619141e-01,2.279998660087585449e-01
1.212730407714843750e-01,-7.667338103055953979e-02,-3.015972971916198730e-01
-1.358358711004257202e-01,-9.358000755310058594e-02,3.940765261650085449e-01
-2.771740555763244629e-01,2.172694206237792969e-01,-8.604095131158828735e-02
1.543231010437011719e-01,1.118505906561040320e-06,-4.035626053810119629e-01
1.972689852118492126e-02,5.120849609375000000e-02,-1.460342407226562500e-01
-1.149029731750488281e-01,-1.153666153550148010e-01,4.449635148048400879e-01
1.890403591096401215e-02,-1.533372402191162109e-01,4.372964501380920410e-01
1.695663630962371826e-01,-1.651930809020996094e-01,4.362185597419738770e-01
9.834425896406173706e-02,5.961108207702636719e-02,-1.185021921992301941e-01
1.966572366654872894e-02,-5.878424644470214844e-02,-5.607684254646301270e-01
1.933394931256771088e-02,9.996938705444335938e-02,-3.041503727436065674e-01
1.939244754612445831e-02,-9.270763397216796875e-02,-1.703503429889678955e-01
-1.359459012746810913e-01,-9.163069725036621094e-02,3.396948277950286865e-01
9.592422097921371460e-02,1.196706295013427734e-01,-9.899902157485485077e-03
9.809943288564682007e-02,6.568646430969238281e-02,-1.723968535661697388e-01
1.297271251678466797e-01,-7.640089094638824463e-02,-2.472625672817230225e-01
-1.333858966827392578e-01,3.813133016228675842e-02,-5.436846613883972168e-01
-2.827941812574863434e-02,1.263540983200073242e-01,-9.348324537277221680e-01
-2.020182162523269653e-01,2.260808944702148438e-01,-1.615408360958099365e-01
1.697108745574951172e-01,1.111168444367649499e-06,1.973699927330017090e-01
9.797751903533935547e-02,6.871914863586425781e-02,-1.993035823106765747e-01
9.651412069797515869e-02,-1.050078868865966797e-01,-1.696121245622634888e-01
9.748933464288711548e-02,8.083295822143554688e-02,-3.068142533302307129e-01
