4 0.255469 0.626316 0.067187 0.200000
3 0.796875 0.528947 0.075000 0.036842
3 0.026562 0.528947 0.050000 0.047368
3 0.666406 0.525000 0.067187 0.044737
3 0.500781 0.539474 0.057813 0.110526
1 0.509375 0.409211 0.003125 0.018421
1 0.472656 0.409211 0.004687 0.018421
1 0.429688 0.409211 0.003125 0.018421
1 0.152344 0.394737 0.007812 0.021053
1 0.614062 0.384211 0.006250 0.021053
1 0.119531 0.385526 0.007812 0.023684
1 0.633594 0.371053 0.007812 0.026316
1 0.071875 0.371053 0.009375 0.026316
1 0.653906 0.355263 0.007812 0.031579